9.999962951403638112e-01 9.999981643131261588e-01 9.999948942095927551e-01 9.999938826999061892e-01 9.999970083852792735e-01 9.999939281604686148e-01 9.999939639252165557e-01 9.999948542422681941e-01 9.999970725872916466e-01 9.999959827267582702e-01
9.999968773577915249e-01 9.999991425938438150e-01 9.999984696885365620e-01 9.999955686802952659e-01 9.999986301264884858e-01 9.999976239206395112e-01 9.999966100779217326e-01 9.999953064526898583e-01 9.999986318308010658e-01 9.999981139334723768e-01
9.999964543877726264e-01 9.999988405420353610e-01 9.999947807095977970e-01 9.999973674350504105e-01 9.999937950863363456e-01 9.999926723433623099e-01 9.999965273174928893e-01 9.999956134559447873e-01 9.999954935600354755e-01 9.999957949414057801e-01
9.999925324361808032e-01 9.999985585988757641e-01 9.999989547226146858e-01 9.999991933054838134e-01 9.999961452321826094e-01 9.999979519991203381e-01 9.999958928764307586e-01 9.999968786729257486e-01 9.999953548357369826e-01 9.999960120278980069e-01
9.999864003790889244e-01 9.999956652402546275e-01 9.999957651380690926e-01 9.999962077606269206e-01 9.999949352928545476e-01 9.999951755020978217e-01 9.999971310028267224e-01 9.999977548859393384e-01 9.999961654919479193e-01 9.999940728198298823e-01
9.999979504908905747e-01 9.999955353528698909e-01 9.999976358622004735e-01 9.999979396630714890e-01 9.999955902527348783e-01 9.999985386362791884e-01 9.999982488574657991e-01 9.999985826772982422e-01 9.999979230987853240e-01 9.999967100773007322e-01
9.999968499391302945e-01 9.999909493424621321e-01 9.999952862835311818e-01 9.999960054386224373e-01 9.999985340993197136e-01 9.999963948438540529e-01 9.999965354271139750e-01 9.999972362332592013e-01 9.999928103775334032e-01 9.999942568507868002e-01
9.999980652995005270e-01 9.999954766898707659e-01 9.999981977449889925e-01 9.999978860434403094e-01 9.999976498996269170e-01 9.999968318563519087e-01 9.999941073306569672e-01 9.999955695986965098e-01 9.999951679976397667e-01 9.999948409927487125e-01
9.999979611367914023e-01 9.999959543630099201e-01 9.999987628826341179e-01 9.999975098921857208e-01 9.999932705842017322e-01 9.999959302160917884e-01 9.999985855786154287e-01 9.999944616862498359e-01 9.999964744631567592e-01 9.999941896099449057e-01
9.999973674388398237e-01 9.999973736548732894e-01 9.999930756777026808e-01 9.999951354009358750e-01 9.999964359478191733e-01 9.999928550781912451e-01 9.999945872748818854e-01 9.999970168457651409e-01 9.999978627157792843e-01 9.999978583029801582e-01
9.999970959986699270e-01 9.999944147813655260e-01 9.999977274552732665e-01 9.999971032178240904e-01 9.999973685150899128e-01 9.999981290574848636e-01 9.999966297595185294e-01 9.999975200352290150e-01 9.999976951637643552e-01 9.999966913692278636e-01
9.999971598779797688e-01 9.999973211727347655e-01 9.999918808918814017e-01 9.999968482691499183e-01 9.999955762285454020e-01 9.999901107776398845e-01 9.999940037139151139e-01 9.999837589287957629e-01 9.999954527940831950e-01 9.999966870517745798e-01
9.999973901662138065e-01 9.999943578380252607e-01 9.999969183168356812e-01 9.999980718849045269e-01 9.999954950119276376e-01 9.999977090273758362e-01 9.999964940710091010e-01 9.999978817017147747e-01 9.999940792451733618e-01 9.999990243564517156e-01
9.999987515583435016e-01 9.999915088908698513e-01 9.999979260414184612e-01 9.999969415618795709e-01 9.999982493220694879e-01 9.999956946018087045e-01 9.999961889437705143e-01 9.999941764227830987e-01 9.999976305582927161e-01 9.999986733801794481e-01
9.999987600701230051e-01 9.999969636823420327e-01 9.999972941696492201e-01 9.999973989545063446e-01 9.999971948057058135e-01 9.999950281681976305e-01 9.999972480102492511e-01 9.999972498251948894e-01 9.999980603004714474e-01 9.999970372078704761e-01
9.999953455597653251e-01 9.999974255306264270e-01 9.999968247472154070e-01 9.999983354370330924e-01 9.999983445982730812e-01 9.999982116633145957e-01 9.999969199058630354e-01 9.999967820069391999e-01 9.999951205031729629e-01 9.999956312632625188e-01
9.999974440675462040e-01 9.999985814404478424e-01 9.999965423647371177e-01 9.999980249345201688e-01 9.999985697515436645e-01 9.999964628986287574e-01 9.999990912517726649e-01 9.999985168931048163e-01 9.999970763078835922e-01 9.999949005460956331e-01
9.999982254988645236e-01 9.999982480411060415e-01 9.999942585688222918e-01 9.999969394662686639e-01 9.999964971686153836e-01 9.999986682238350966e-01 9.999940962251905319e-01 9.999959094248461744e-01 9.999993921680949693e-01 9.999952573359305319e-01
9.999994795088278376e-01 9.999974770292487936e-01 9.999976293851978726e-01 9.999956657224087220e-01 9.999984433023053620e-01 9.999973732091553824e-01 9.999974531051883941e-01 9.999974498993928762e-01 9.999971816926707113e-01 9.999969675384799972e-01
9.999954188990575199e-01 9.999965248212091540e-01 9.999980477728684924e-01 9.999988242283081030e-01 9.999959133748566042e-01 9.999963618183504988e-01 9.999967539441906306e-01 9.999927658404270669e-01 9.999969876283691939e-01 9.999963037954011646e-01
9.999987779725602044e-01 9.999885486097404019e-01 9.999974413434384868e-01 9.999948802298581629e-01 9.999971868072020653e-01 9.999947450193934495e-01 9.999948635584930967e-01 9.999971771806969167e-01 9.999983926687605607e-01 9.999976150521696638e-01
9.999977016087165937e-01 9.999902584845585807e-01 9.999978048071923586e-01 9.999961061023409092e-01 9.999978071327182416e-01 9.999928759939035183e-01 9.999987100610442381e-01 9.999962110601118281e-01 9.999976004430399801e-01 9.999943016593889622e-01
9.999971293848639586e-01 9.999974816781772580e-01 9.999980899471182516e-01 9.999983145768586157e-01 9.999979139525786431e-01 9.999965342177199457e-01 9.999980920178018762e-01 9.999985472457235680e-01 9.999971436687713489e-01 9.999984396287303623e-01
9.999965790819091982e-01 9.999945760997496214e-01 9.999973308395057048e-01 9.999979592413426044e-01 9.999975065123175577e-01 9.999944859478342440e-01 9.999943783297779998e-01 9.999976344977030696e-01 9.999983839391449747e-01 9.999958422667396540e-01
9.999985024414137502e-01 9.999987041964467638e-01 9.999971364574152810e-01 9.999953627672036882e-01 9.999935524073274573e-01 9.999970710751066028e-01 9.999952236765946578e-01 9.999978237179624196e-01 9.999969422691796783e-01 9.999974307638537230e-01
9.999954997228096554e-01 9.999983745043767858e-01 9.999976477245047235e-01 9.999963973436891695e-01 9.999922623029466884e-01 9.999975603210849995e-01 9.999950165744314612e-01 9.999953240315223590e-01 9.999841500741717404e-01 9.999984388408675873e-01
9.999969951418694603e-01 9.999949089329058793e-01 9.999974132009761263e-01 9.999962150743640921e-01 9.999979501762064071e-01 9.999971361487995924e-01 9.999960914086049035e-01 9.999986375665179672e-01 9.999975367040820906e-01 9.999955435815814919e-01
9.999973884461612617e-01 9.999795324062797919e-01 9.999978718559738855e-01 9.999976449258586308e-01 9.999983579549700519e-01 9.999912231827320364e-01 9.999984608943524034e-01 9.999972960129541732e-01 9.999967302574345185e-01 9.999938038468065837e-01
9.999964377465092591e-01 9.999964498399637192e-01 9.999943106219816302e-01 9.999970921765699572e-01 9.999989450898070231e-01 9.999679042955654795e-01 9.999945928311052556e-01 9.999994331401103054e-01 9.999953226457525268e-01 9.999946022546395419e-01
9.999939634230716745e-01 9.999981298654950779e-01 9.999984565990056584e-01 9.999968978713751344e-01 9.999918889245337228e-01 9.999978901168009582e-01 9.999900504078048646e-01 9.999971332457116002e-01 9.999947593385826172e-01 9.999970188620082023e-01
9.999956947087884629e-01 9.999972326296785452e-01 9.999964727153609623e-01 9.999970477552491133e-01 9.999956402859999649e-01 9.999969783611879492e-01 9.999980530498748799e-01 9.999554364988232358e-01 9.999973281984421147e-01 9.999950061747839847e-01
9.999984269721100549e-01 9.999949366472512535e-01 9.999935580542026470e-01 9.999973173838497820e-01 9.999968125002701713e-01 9.999977668463047031e-01 9.999970534670932221e-01 9.999952406444271302e-01 9.999967951299578717e-01 9.999966064742744631e-01
9.999920740165707533e-01 9.999924723347524136e-01 9.999968964645152836e-01 9.999965037162072967e-01 9.999953842946274207e-01 9.999940952108176129e-01 9.999955801053441728e-01 9.999948652153746176e-01 9.999984466974157771e-01 9.999977274050420029e-01
9.999967252659682782e-01 9.999978540387899351e-01 9.999974246896292662e-01 9.999969684994238772e-01 9.999991769368948846e-01 9.999981990216755268e-01 9.999861671147893816e-01 9.999953261446964392e-01 9.999941434830552645e-01 9.999965670671417950e-01
9.999979433236650950e-01 9.999974140404281897e-01 9.999933465820990408e-01 9.999977488708841067e-01 9.999987352952863784e-01 9.999965442996271436e-01 9.999982740930903891e-01 9.999973363208108923e-01 9.999936837917206001e-01 9.999987511304191390e-01
9.999948805441950528e-01 9.999943972682903137e-01 9.999986916901335565e-01 9.999968614774222830e-01 9.999962112638061118e-01 9.999991220861015329e-01 9.999981388144558725e-01 9.999882952850734918e-01 9.999971256356430249e-01 9.999985890168384683e-01
9.999976937168472135e-01 9.999965333025886416e-01 9.999949745180105598e-01 9.999938395839604866e-01 9.999974289225254109e-01 9.999839084245795151e-01 9.999976793115453733e-01 9.999976190806455500e-01 9.999962994911075764e-01 9.999967600012916735e-01
9.999916883906446730e-01 9.999993416654429090e-01 9.999982284855922776e-01 9.999975302117807274e-01 9.999987553289243492e-01 9.999988745124275269e-01 9.999986817214677748e-01 9.999949798241007937e-01 9.999969425303600890e-01 9.999963892006259458e-01
9.999974419619021004e-01 9.999972116421298463e-01 9.999970726807239085e-01 9.999710591257932046e-01 9.999974168934032681e-01 9.999905743413031178e-01 9.999992750313750900e-01 9.999983685706764769e-01 9.999761604343221366e-01 9.999954979671235034e-01
9.999986189169137729e-01 9.999955959421519269e-01 9.999988822886701767e-01 9.999959104168926194e-01 9.999991359567496074e-01 9.999985474256528617e-01 9.999926013833312366e-01 9.999980438041963238e-01 9.999989361874415117e-01 9.999947624341343211e-01
9.999958953315525312e-01 9.999945012907979214e-01 9.999981673559622530e-01 9.999960323765697545e-01 9.999981150433677746e-01 9.999961264435645036e-01 9.999977733047041850e-01 9.999965020880954292e-01 9.999940934702530315e-01 9.999977354427660448e-01
9.999977714191428113e-01 9.999986571265845336e-01 9.999977362628790223e-01 9.999789606864806224e-01 9.999973810868609814e-01 9.999970317387563146e-01 9.999974720278186346e-01 9.999979838404901011e-01 9.999968977895784539e-01 9.999980753565721470e-01
9.999929659338974153e-01 9.999932919128586839e-01 9.999951486369671461e-01 9.999942048813889039e-01 9.999980004167320358e-01 9.999832179034516821e-01 9.999983685237550102e-01 9.999986407991523496e-01 9.999967614355818046e-01 9.999942382612302394e-01
9.999940112391851876e-01 9.999961784416495636e-01 9.999804182068933178e-01 9.999977253759598783e-01 9.999966528297337121e-01 9.999968137372675647e-01 9.999963015015225221e-01 9.999980553751456336e-01 9.999958273057548697e-01 9.999972260021936510e-01
9.999985558934454399e-01 9.999705121388101636e-01 9.999953273107555773e-01 9.999979391563824649e-01 9.999988145398224226e-01 9.999985236756301354e-01 9.999938160613814908e-01 9.999919128630898602e-01 9.999929953408677186e-01 9.999968778550336612e-01
9.999969501422055762e-01 9.999979170852038024e-01 9.999912793349703399e-01 9.999970829331540356e-01 9.999961364190955715e-01 9.999976207418218577e-01 9.999953874866063241e-01 9.999957939162203990e-01 9.999939747927424349e-01 9.999940928919770489e-01
9.999974764899763890e-01 9.999922052486531765e-01 9.999983590833986247e-01 9.999933761191335257e-01 9.999946573988953702e-01 9.999961751457674408e-01 9.999948208874746003e-01 9.999980791176749095e-01 9.999968166386913326e-01 9.999965411289593042e-01
9.999977458972283406e-01 9.999971251309324183e-01 9.999973424583997739e-01 9.999967384183994223e-01 9.999971080710281512e-01 9.999984868267302041e-01 9.999968961836250836e-01 9.999980757907184215e-01 9.999953344523273557e-01 9.999852172447144527e-01
9.999959032068721498e-01 9.999972763489344274e-01 9.999935826005244000e-01 9.999972103851074712e-01 9.999955654589931520e-01 9.999963133712900243e-01 9.999947650372853492e-01 9.999980086278270619e-01 9.999979873759220483e-01 9.999960436497911109e-01
9.999985069685155548e-01 9.999973342771505402e-01 9.999968713538420761e-01 9.999957017591019071e-01 9.999856648511380453e-01 9.999913709289487418e-01 9.999816142303989963e-01 9.999966675045092179e-01 9.999979493682681353e-01 9.999951926367588451e-01
9.999949818156660397e-01 9.999976126935876675e-01 9.999970124334173205e-01 9.999958254751296627e-01 9.999984840601269243e-01 9.999963562011142670e-01 9.999910607712017008e-01 9.999806961056101340e-01 9.999943787143019680e-01 9.999979680037307528e-01
9.999958198166014611e-01 9.999952849683976241e-01 9.999964968062132753e-01 9.999970761885197401e-01 9.999959823590905961e-01 9.999983395209087744e-01 9.999962629714261864e-01 9.999969667240795612e-01 9.999966358033218761e-01 9.999963177416393290e-01
9.999952382274693852e-01 9.999979503854949936e-01 9.999948218888533580e-01 9.999829424467865380e-01 9.999922317639380331e-01 9.999942356815949562e-01 9.999969532340641232e-01 9.999935825284849145e-01 9.999978126799938805e-01 9.999982780158341855e-01
9.999976002030606104e-01 9.999974908330592216e-01 9.999982652250368753e-01 9.999962960511122878e-01 9.999948839329498851e-01 9.999965909546046916e-01 9.999973724640434103e-01 9.999978723963472982e-01 9.999981344472294031e-01 9.999981545624833101e-01
9.999974829849438418e-01 9.999948288311422129e-01 9.999983609748360758e-01 9.999950836499446050e-01 9.999965072689571688e-01 9.999971757082979362e-01 9.999980117364812848e-01 9.999958396568816577e-01 9.999978099290417477e-01 9.999901442758754033e-01
9.999978690532368431e-01 9.999991056794764743e-01 9.999950124873768775e-01 9.999983303477758545e-01 9.999942531870622542e-01 9.999983336613466056e-01 9.999986799857663033e-01 9.999978799633261195e-01 9.999980584271416229e-01 9.999991996955526208e-01
9.999981196496370295e-01 9.999984126943455287e-01 9.999972892653481438e-01 9.999972978087647846e-01 9.999980614559533798e-01 9.999938988580582278e-01 9.999970968767755153e-01 9.999970381078896464e-01 9.999988468235467831e-01 9.999976998752390100e-01
9.999953231999082481e-01 9.999964792922959589e-01 9.999908639411966282e-01 9.999975443513954287e-01 9.999966640733287671e-01 9.999988546054294769e-01 9.999973817334720794e-01 9.999971610246186637e-01 9.999969899773344384e-01 9.999935804378020654e-01
9.999963714228464751e-01 9.999923065655496046e-01 9.999971043461758358e-01 9.999982435572364325e-01 9.999989581154253848e-01 9.999963380482237429e-01 9.999977587125956635e-01 9.999971391847631841e-01 9.999970999212418610e-01 9.999978023828600682e-01
9.999965760983053897e-01 9.999984035542951455e-01 9.999977003421025579e-01 9.999977529684556110e-01 9.999948283511957969e-01 9.999970906771116219e-01 9.999981500673496004e-01 9.999978065804380201e-01 9.999830154016745576e-01 9.999949753282872944e-01
9.999975843057723468e-01 9.999978517003769163e-01 9.999984484691554210e-01 9.999953571905123573e-01 9.999971454510351299e-01 9.999972179262174299e-01 9.999981287489444481e-01 9.999960399588553317e-01 9.999972603603753951e-01 9.999977089115070772e-01
9.999955927812420597e-01 9.999962476677975998e-01 9.999976179561888001e-01 9.999967574232211387e-01 9.999966893588355665e-01 9.999976820479451467e-01 9.999952886250186301e-01 9.999974277108206744e-01 9.999966749649626951e-01 9.999909976816611090e-01
9.999985189231903604e-01 9.999937339486144605e-01 9.999977124749815927e-01 9.999934260151418508e-01 9.999972111134443065e-01 9.999984523732440289e-01 9.999898623164306111e-01 9.999936816476633350e-01 9.999974583855326671e-01 9.999961846332243720e-01
9.999969774889196916e-01 9.999964184732917927e-01 9.999910468207562353e-01 9.999963601864370055e-01 9.999980043912062300e-01 9.999964975445158055e-01 9.999977937649536797e-01 9.999972582155287615e-01 9.999964547962465478e-01 9.999955274032373831e-01
9.999984722821253502e-01 9.999970580538893872e-01 9.999983574883658521e-01 9.999972242362096253e-01 9.999975941290046855e-01 9.999963065716663824e-01 9.999982460443873622e-01 9.999982474429978119e-01 9.999960377271197576e-01 9.999977760427486428e-01
9.999958337384617924e-01 9.999987669469150298e-01 9.999972069781777329e-01 9.999968099669905852e-01 9.999977324274719193e-01 9.999975924553516915e-01 9.999978589613773838e-01 9.999974185684357142e-01 9.999968393130843625e-01 9.999986790871507880e-01
9.999967380632166503e-01 9.999961915444920413e-01 9.999978203355033290e-01 9.999948557765052648e-01 9.999955017840284066e-01 9.999934379562596121e-01 9.999928385654427432e-01 9.999931877250636258e-01 9.999946996916201369e-01 9.999970972828068350e-01
9.999970463695607714e-01 9.999930934351192180e-01 9.999983334643327559e-01 9.999932795195113355e-01 9.999963513786557234e-01 9.999978777147118247e-01 9.999981522873522266e-01 9.999975295606263748e-01 9.999964225749747859e-01 9.999982449530639972e-01
9.999834670966410988e-01 9.999961065888742784e-01 9.999983862681738334e-01 9.999959006722447530e-01 9.999967690412817634e-01 9.999970654846576101e-01 9.999987666054834801e-01 9.999976029678974143e-01 9.999983954173701228e-01 9.999988419977241527e-01
9.999941549664967955e-01 9.999964379982501095e-01 9.999945372443417302e-01 9.999976079843340138e-01 9.999976624483135623e-01 9.999977588077103574e-01 9.999982014581738632e-01 9.999946950263354228e-01 9.999971144327879369e-01 9.999982774740908686e-01
9.999961686295127938e-01 9.999936904655780667e-01 9.999984811430006060e-01 9.999980630924143465e-01 9.999977569900869723e-01 9.999984152056471398e-01 9.999943159291017070e-01 9.999968796100114909e-01 9.999942261531441501e-01 9.999975012225064130e-01
9.999977078353180504e-01 9.999959807507277088e-01 9.999983946741813901e-01 9.999959309795550810e-01 9.999996775011887884e-01 9.999961811697729575e-01 9.999970859414100133e-01 9.999975396543602235e-01 9.999964091381191578e-01 9.999931461001360100e-01
9.999959107439851946e-01 9.999978163462962533e-01 9.999987180408805854e-01 9.999943718862008835e-01 9.999970164151420482e-01 9.999978455923372866e-01 9.999978986785175161e-01 9.999932020563800927e-01 9.999972995331222192e-01 9.999980481511124841e-01
9.999964627097595038e-01 9.999975705324067876e-01 9.999939072133481321e-01 9.999973471838946582e-01 9.999979663727517343e-01 9.999903499176738819e-01 9.999967482301884703e-01 9.999974372692651547e-01 9.999969743293265489e-01 9.999985172943361977e-01
9.999978614291190615e-01 9.999945265375095316e-01 9.999988354603204233e-01 9.999976419280313111e-01 9.999984697023417413e-01 9.999980662253750152e-01 9.999966751192878034e-01 9.999947914618217970e-01 9.999967582504527552e-01 9.999982374666792628e-01
9.999985971171365673e-01 9.999906174129643555e-01 9.999982324445041426e-01 9.999985788932173048e-01 9.999970429628877167e-01 9.999978436300119844e-01 9.999954642952519901e-01 9.999943376398980899e-01 9.999946707705781312e-01 9.999971281249393495e-01
9.999951243847641225e-01 9.999966162908031642e-01 9.999963651930661168e-01 9.999936957330405329e-01 9.999963478203351963e-01 9.999973024978491276e-01 9.999981473367259843e-01 9.999991451746711446e-01 9.999932585867049584e-01 9.999969555595268345e-01
9.999956600337182033e-01 9.999952844910798833e-01 9.999981451657119491e-01 9.999951772382881243e-01 9.999970660876199569e-01 9.999973721725441411e-01 9.999989220851046579e-01 9.999949154705954912e-01 9.999970634271291292e-01 9.999886615461239803e-01
9.999978965660002439e-01 9.999968573544707473e-01 9.999972324159187576e-01 9.999985416926843174e-01 9.999971656758295246e-01 9.999866157270110856e-01 9.999958639836946661e-01 9.999986566410445921e-01 9.999976774954306702e-01 9.999973410740981006e-01
9.999953594114506794e-01 9.999946720010070011e-01 9.999965433603618115e-01 9.999964666669735047e-01 9.999959727986814650e-01 9.999987413364576083e-01 9.999947714240660090e-01 9.999903642103479262e-01 9.999945191799056721e-01 9.999797228730005205e-01
9.999989647271382287e-01 9.999981122517808130e-01 9.999989437947631732e-01 9.999979740644511228e-01 9.999982566880756263e-01 9.999957792806620782e-01 9.999963968737350939e-01 9.999975863131987941e-01 9.999930397788365788e-01 9.999974997100508078e-01
9.999929269529354015e-01 9.999943070373696896e-01 9.999983848702564959e-01 9.999869581128385532e-01 9.999938961319891906e-01 9.999975181017911607e-01 9.999954786287464925e-01 9.999979191094449105e-01 9.999985671579937341e-01 9.999980685169830297e-01
9.999971463623616996e-01 9.999979137296824971e-01 9.999964433416380638e-01 9.999979672060502756e-01 9.999921218707663595e-01 9.999939584831690764e-01 9.999965036344792280e-01 9.999983383815834737e-01 9.999964222063755237e-01 9.999938758485243939e-01
9.999951109361392421e-01 9.999975217472116817e-01 9.999983334626896259e-01 9.999961905195282608e-01 9.999936989166954282e-01 9.999975978784255704e-01 9.999982706068494265e-01 9.999957978829692173e-01 9.999966661305803584e-01 9.999962878702060021e-01
9.999952798607589788e-01 9.999955838803494812e-01 9.999985856395735562e-01 9.999924847590904164e-01 9.999976506173221535e-01 9.999963435418275370e-01 9.999977803220193584e-01 9.999979834343027951e-01 9.999981760687169929e-01 9.999965459329406281e-01
9.999980546441340490e-01 9.999968307798520195e-01 9.999957830778057888e-01 9.999960200068395144e-01 9.999955995895394301e-01 9.999975823273401510e-01 9.999948344649611798e-01 9.999973313077500370e-01 9.999982149882283844e-01 9.999987977202965395e-01
9.999960389063070609e-01 9.999964164630753549e-01 9.999955332534156138e-01 9.999964055999729373e-01 9.999981422526876829e-01 9.999952151576967374e-01 9.999971084512849773e-01 9.999982020412566674e-01 9.999988577208684948e-01 9.999926463736961146e-01
9.999989263788022775e-01 9.999979906809109975e-01 9.999968014731411836e-01 9.999925807114752319e-01 9.999973860789959090e-01 9.999951445214767531e-01 9.999950352528510500e-01 9.999959788595137455e-01 9.999979306343672603e-01 9.999959755762115599e-01
9.999951058091092193e-01 9.999966111031274307e-01 9.999988023176138441e-01 9.999933922904005179e-01 9.999985294778118705e-01 9.999946298814463841e-01 9.999927198808378215e-01 9.999964382738031343e-01 9.999848722681343727e-01 9.999977249487089770e-01
9.999981117561337340e-01 9.999959686629247280e-01 9.999966000176493397e-01 9.999960598294473924e-01 9.999947490369742731e-01 9.999978164884499865e-01 9.999935570629234771e-01 9.999968607108600249e-01 9.999977181912662605e-01 9.999960588842811138e-01
9.999948656534317637e-01 9.999978066194373794e-01 9.999980345746950494e-01 9.999965679719495792e-01 9.999887929738637826e-01 9.999970212895283872e-01 9.999812017228106864e-01 9.999978062672135737e-01 9.999977975656021423e-01 9.999958065413585562e-01
9.999937217751456719e-01 9.999974400200076774e-01 9.999938039633257114e-01 9.999919176695201140e-01 9.999979375084829814e-01 9.999935994324309352e-01 9.999959877329420710e-01 9.999955045589233871e-01 9.999978291453763823e-01 9.999978264095042979e-01
9.999986696014409038e-01 9.999955334403018981e-01 9.999962760767774350e-01 9.999976014393469059e-01 9.999901278923406522e-01 9.999919659497554791e-01 9.999950003017143985e-01 9.999956681189772212e-01 9.999972328188490023e-01 9.999941918529304807e-01
9.999939914406856811e-01 9.999959021930329151e-01 9.999982297567228118e-01 9.999953271878986305e-01 9.999963224205329348e-01 9.999967297014230594e-01 9.999974404574429876e-01 9.999982209769823216e-01 9.999981051436993562e-01 9.999975769704991801e-01
9.999956426875421522e-01 9.999972730388767550e-01 9.999980735889001382e-01 9.999947088670273487e-01 9.999968518241322268e-01 9.999972331289984639e-01 9.999968150608071760e-01 9.999972528514209369e-01 9.999952508437091048e-01 9.999978371671760513e-01
9.999982555960544861e-01 9.999965429754192892e-01 9.999968193375693426e-01 9.999963040261998781e-01 9.999977660623824427e-01 9.999980021197725222e-01 9.999944298719395386e-01 9.999973586985915208e-01 9.999962937461887025e-01 9.999963423709309351e-01
9.999951429192855956e-01 9.999967385289144639e-01 9.999971142181491857e-01 9.999980376099064650e-01 9.999877649627104681e-01 9.999985717767382321e-01 9.999865359369201068e-01 9.999856063695851116e-01 9.999882371975267192e-01 9.999841818638369739e-01
9.999988799612485879e-01 9.999976023274860237e-01 9.999928544294941490e-01 9.999984398289888388e-01 9.999970262917742270e-01 9.999963986554792905e-01 9.999973412705036591e-01 9.999969047169416925e-01 9.999946073441454697e-01 9.999975025129609341e-01
9.999919411362063748e-01 9.999967016000932407e-01 9.999956434674548422e-01 9.999972016780610540e-01 9.999988319832275874e-01 9.999976509503212263e-01 9.999940487592055005e-01 9.999969394420326063e-01 9.999969120023203262e-01 9.999976837863319146e-01
9.999976310404646851e-01 9.999957085194840500e-01 9.999987607757441221e-01 9.999922398142259139e-01 9.999988133916585253e-01 9.999984109153416956e-01 9.999979457331084065e-01 9.999946731497302288e-01 9.999977641314173882e-01 9.999990826759453943e-01
