9.996864313299623772e-01 9.997570821949948172e-01 9.997100252441516455e-01 9.997193439356063527e-01 9.996994087359843961e-01 9.998631021477736303e-01 9.998172920859024204e-01 9.997114244804171657e-01 9.997815102351220728e-01 9.997652169381429088e-01
9.998101123277565172e-01 9.998017485547118222e-01 9.998773121148227805e-01 9.998033106939483439e-01 9.998161738798254650e-01 9.997401957635195791e-01 9.998204232559663174e-01 9.998483232505407381e-01 9.998138757476033867e-01 9.998326864661082336e-01
9.997929669556669952e-01 9.997174593004416465e-01 9.997510509983481564e-01 9.997070055763923602e-01 9.998105656328907243e-01 9.997722672936476540e-01 9.998556083101375336e-01 9.997730753867036801e-01 9.996746704230282665e-01 9.997501984127091790e-01
9.997365304271065289e-01 9.997731395170771362e-01 9.997646018702409654e-01 9.998166699903818788e-01 9.998685868122981768e-01 9.996541984496388755e-01 9.998138529499481786e-01 9.998778556573314491e-01 9.997773989800057270e-01 9.997636873690178838e-01
9.996831171140765360e-01 9.998869947769314370e-01 9.997915721107981657e-01 9.996687706832019238e-01 9.998126799778239704e-01 9.998558968141968428e-01 9.997891749788579974e-01 9.997596082089471592e-01 9.997267080105183279e-01 9.997663932282476740e-01
9.998484435286315586e-01 9.997356872597671362e-01 9.997522294449888713e-01 9.998525675942963042e-01 9.997648347054213236e-01 9.998620797414302652e-01 9.998262602738146043e-01 9.998307254730197657e-01 9.997158564409595050e-01 9.998514343247529856e-01
9.998578228160875936e-01 9.998630120011734457e-01 9.997948950889861131e-01 9.997821381255180828e-01 9.998055335098746665e-01 9.998130599022954090e-01 9.997251216318056022e-01 9.996717503371537195e-01 9.997549102599134763e-01 9.997272001252541784e-01
9.997772519487844178e-01 9.998111853675936134e-01 9.996871326432750227e-01 9.998456074201153010e-01 9.997391573442732104e-01 9.998623960436557878e-01 9.995208292040362874e-01 9.996693198354271725e-01 9.998732318095689964e-01 9.997572365140071637e-01
9.998421914529675991e-01 9.998608902409400478e-01 9.998149898862005447e-01 9.997932103115215741e-01 9.998266995711816429e-01 9.997588836523136901e-01 9.997260249794481801e-01 9.997290543839391086e-01 9.998339832060869625e-01 9.998161117934413200e-01
9.997982621891151611e-01 9.998209886220399412e-01 9.997823825724411195e-01 9.997548596213594596e-01 9.998013903549139991e-01 9.998059006214986555e-01 9.997846931180670582e-01 9.997574294182332011e-01 9.997593360042761335e-01 9.998137296969361598e-01
9.997398995221493667e-01 9.996897604207362065e-01 9.997586039398050906e-01 9.997639501410512386e-01 9.997414848467663928e-01 9.997923631268075262e-01 9.997317642974622443e-01 9.998721420640027668e-01 9.998215569546363701e-01 9.998325163025664208e-01
9.998625682118338354e-01 9.997945083361486907e-01 9.997628234455242513e-01 9.997416861634327301e-01 9.997386936539298663e-01 9.998089018807891915e-01 9.997848010691586795e-01 9.997928326537780519e-01 9.996205301453656711e-01 9.998725088140011374e-01
9.998635571415640522e-01 9.997177309969401682e-01 9.997621911428226094e-01 9.998565843355523564e-01 9.998967287755392563e-01 9.998482818848836162e-01 9.997986222685507629e-01 9.998213796091193206e-01 9.997786028921353818e-01 9.997414880563285644e-01
9.998464397561561690e-01 9.997754636035017795e-01 9.997946106229084196e-01 9.998213686780679232e-01 9.997248040471775621e-01 9.998528218477021889e-01 9.998126934167878010e-01 9.997519355077911785e-01 9.997801586409178487e-01 9.998023145414901558e-01
9.998892942583846866e-01 9.998353026946804611e-01 9.998423061720506100e-01 9.998233065280172083e-01 9.998457321273945819e-01 9.997834816389418178e-01 9.998190468689368560e-01 9.997564216149965599e-01 9.997941851784984957e-01 9.997955828894758978e-01
9.998400581668407394e-01 9.998415587405991012e-01 9.997006184887120561e-01 9.998417734954609948e-01 9.998772214404787473e-01 9.997903278203362776e-01 9.998274742739636789e-01 9.997422514698933727e-01 9.997432045145114854e-01 9.998293508090270176e-01
9.998207891100333589e-01 9.997720996652564862e-01 9.997209066860960336e-01 9.997462396561910269e-01 9.996690724491184010e-01 9.998523768440468196e-01 9.999003921333766698e-01 9.998133456092941351e-01 9.998921771871532860e-01 9.996971900232889396e-01
9.998215861856400988e-01 9.996878245548554975e-01 9.997651002956299271e-01 9.998523891618830151e-01 9.998024131036603590e-01 9.997188843835291827e-01 9.998269376015889165e-01 9.998210631253550140e-01 9.997664655305164016e-01 9.996599388251147245e-01
9.997452025262001385e-01 9.997996212498428958e-01 9.997896422778176362e-01 9.998361402801961839e-01 9.998155495340734777e-01 9.997142835559349461e-01 9.998722387455282190e-01 9.997999617287874896e-01 9.997945280610524010e-01 9.997907432286344820e-01
9.998212496266860594e-01 9.997919137063603356e-01 9.998283683412558798e-01 9.997986334770061490e-01 9.999154862043591052e-01 9.998193254937318697e-01 9.997719280253746232e-01 9.997401731775086287e-01 9.997813623557525453e-01 9.997830270359310267e-01
9.998544369492166073e-01 9.997856534380749061e-01 9.998079305144612627e-01 9.997420550688964624e-01 9.998535601554290331e-01 9.998580110674165633e-01 9.998036762316249160e-01 9.997750802333260634e-01 9.997616164279766737e-01 9.997867972714269413e-01
9.998067359374327445e-01 9.997718706036772263e-01 9.996188976923092717e-01 9.998058195711012619e-01 9.996794921669108769e-01 9.997923395488903520e-01 9.998952843719309813e-01 9.996850262977290402e-01 9.999063915462974572e-01 9.997329070092103587e-01
9.997397350607816202e-01 9.997378470167881392e-01 9.998537109349294738e-01 9.998420967081809163e-01 9.998153128694824421e-01 9.997385805743769227e-01 9.997713094588723814e-01 9.997820776781800589e-01 9.997447737044673488e-01 9.996835688988968682e-01
9.997283701366915798e-01 9.997713849390624796e-01 9.998261688623649723e-01 9.998010018921648090e-01 9.999505770429083507e-01 9.998327360853849211e-01 9.997658689199916404e-01 9.998692828696394974e-01 9.997087395409730570e-01 9.998638217528427186e-01
9.997816864954927052e-01 9.998410910170626442e-01 9.997652314063452117e-01 9.998612703633202869e-01 9.998645487155389810e-01 9.996708404387826263e-01 9.998422211728248410e-01 9.998215747209879822e-01 9.998446996515759633e-01 9.998130639938603847e-01
9.998497531078449629e-01 9.997327506400918162e-01 9.998207216891047411e-01 9.998500990712220204e-01 9.998285007776879230e-01 9.997253939693260261e-01 9.997534705534806276e-01 9.998551525625704040e-01 9.998471690313232019e-01 9.997487914700433631e-01
9.997834348114074121e-01 9.998410604310808969e-01 9.998002643177839044e-01 9.998050301502946491e-01 9.998013414673788679e-01 9.997165401027764409e-01 9.998418221335769740e-01 9.997692098769142000e-01 9.996938470187108905e-01 9.998171576912358027e-01
9.998502405130049731e-01 9.998291297892739626e-01 9.998694965285169767e-01 9.997564705618335879e-01 9.997364905645967914e-01 9.996859428619980781e-01 9.998261673692876439e-01 9.997586403003506650e-01 9.997208654225081537e-01 9.997281290138189114e-01
9.997811878330280511e-01 9.996787627518172181e-01 9.998283403665015889e-01 9.996918257538024433e-01 9.997229013351695004e-01 9.997839546469742267e-01 9.998460398081263634e-01 9.998965707272107206e-01 9.997606815768445010e-01 9.998143846431083448e-01
9.997911454939553133e-01 9.998660896079237803e-01 9.997799652216527999e-01 9.998044994090846682e-01 9.998651769121987831e-01 9.997978525007582551e-01 9.997784759624552819e-01 9.998396012588596227e-01 9.997676487218793984e-01 9.997407332108587674e-01
9.998432728193790142e-01 9.998157393098892065e-01 9.997548271497391781e-01 9.997495971538716830e-01 9.997810646501499310e-01 9.997145750999740788e-01 9.998153052706615362e-01 9.998319984121347703e-01 9.998157190315367648e-01 9.997931008721560042e-01
9.997928407578536847e-01 9.998215565488394185e-01 9.997489428503588682e-01 9.997921887780499839e-01 9.996807552700274213e-01 9.997988084814819487e-01 9.996731202801942828e-01 9.998586520477684703e-01 9.997310855681071917e-01 9.998598747975515622e-01
9.998235830292314663e-01 9.998656746693146413e-01 9.996613621962225915e-01 9.996758322778537265e-01 9.997433775836667147e-01 9.997443739793696604e-01 9.997886784931575566e-01 9.998277507553274823e-01 9.997360747747087162e-01 9.997731495056765283e-01
9.997974392787669640e-01 9.997349633056208384e-01 9.997251341304435046e-01 9.997968230451032001e-01 9.997861148952499333e-01 9.997550331288427294e-01 9.998711135967618402e-01 9.998145554119095557e-01 9.998542802375440797e-01 9.997404842817634307e-01
9.998369877324883026e-01 9.998540688865975579e-01 9.998152097333043997e-01 9.997664993657179311e-01 9.997460095320909179e-01 9.998085075439716585e-01 9.997418123803791801e-01 9.996352913718932198e-01 9.998386529650984400e-01 9.998720924318058589e-01
9.997565401873182989e-01 9.998539034345451659e-01 9.997928570513787694e-01 9.996938885264622376e-01 9.998059394985882031e-01 9.998328182043925150e-01 9.997829033974954260e-01 9.998095826245884110e-01 9.997594772546114505e-01 9.997299424991457073e-01
9.998742164367415697e-01 9.997298721176334224e-01 9.997962211980253588e-01 9.998241964889088562e-01 9.998313147041546500e-01 9.997278360200503311e-01 9.998223981439429142e-01 9.998171422329129587e-01 9.998195852325297839e-01 9.998362043439985580e-01
9.996547020978209241e-01 9.997185412048357200e-01 9.997415974527590343e-01 9.998768758349771968e-01 9.997166844963202292e-01 9.997876766398593462e-01 9.998546804674686150e-01 9.997115447967890312e-01 9.998134510740794845e-01 9.997585933904298283e-01
9.998701801915331755e-01 9.998674269530488656e-01 9.996316686572362942e-01 9.997758187857523904e-01 9.998009768131576047e-01 9.996711086564961102e-01 9.997770448197037529e-01 9.997695191667024250e-01 9.997685113037038107e-01 9.997940152880868681e-01
9.997814185584801283e-01 9.996981494462702234e-01 9.997556094885984290e-01 9.998610159412835152e-01 9.998731919616179464e-01 9.998678206550860592e-01 9.996594717366925620e-01 9.997799581237326594e-01 9.998094212699262240e-01 9.997436395267108589e-01
9.997609462137140302e-01 9.997407471701154069e-01 9.998745714521287686e-01 9.997936220881683544e-01 9.998493098648414401e-01 9.996804762363552532e-01 9.998057738315813125e-01 9.997702354219272225e-01 9.997247669918889468e-01 9.996959118542776412e-01
9.997196842080116053e-01 9.997816930500237342e-01 9.997838866634021215e-01 9.997198553637691720e-01 9.997009706268379370e-01 9.998559973812157775e-01 9.997595676539278164e-01 9.998041965900749117e-01 9.997625585603252540e-01 9.998060350698113607e-01
9.997938330030035070e-01 9.997249152596863198e-01 9.996469755988267591e-01 9.997785573567612438e-01 9.999052543345929855e-01 9.998292156092296601e-01 9.998469651128932822e-01 9.997873263743456418e-01 9.998705126676524779e-01 9.997469148837428987e-01
9.997789613381594664e-01 9.997871685597410352e-01 9.997900691989424216e-01 9.996817135104715257e-01 9.997923630698525299e-01 9.998619656808250822e-01 9.998476943476345413e-01 9.997105547808777803e-01 9.998692302583909175e-01 9.998316719661107799e-01
9.997967214417438075e-01 9.996669042701828989e-01 9.997869877605630728e-01 9.998047609849887163e-01 9.998447381950319457e-01 9.997543530801129563e-01 9.998180855158079750e-01 9.997091647385909496e-01 9.998386731425442653e-01 9.998328285893001155e-01
9.997242765863025848e-01 9.997450691455549432e-01 9.997098822807992669e-01 9.998411500657881090e-01 9.996602644512059266e-01 9.997450059902077690e-01 9.998207269325979363e-01 9.997761816634880283e-01 9.997160211485220938e-01 9.997358167887872016e-01
9.998091651911952260e-01 9.997011974775319443e-01 9.997170860866105846e-01 9.998671216318534283e-01 9.997183391063586555e-01 9.997027687511772509e-01 9.998697375060429104e-01 9.997699539487848730e-01 9.998064057513917913e-01 9.997392265817827139e-01
9.998202780484045649e-01 9.997788279707677805e-01 9.998039863731328358e-01 9.998393695297066452e-01 9.998438082782463709e-01 9.996815660723975538e-01 9.998560019464283188e-01 9.997570195821599004e-01 9.996735676682643179e-01 9.998163366060809354e-01
9.997725604828548995e-01 9.998652217279440091e-01 9.997303261243181138e-01 9.997869530470504529e-01 9.998413974325165432e-01 9.998541508711444870e-01 9.999083292465731354e-01 9.997262400120726644e-01 9.998365906615354071e-01 9.997341427174208928e-01
9.997754311307038844e-01 9.998554115215071425e-01 9.997806132781955624e-01 9.997706083207031913e-01 9.997765310802919636e-01 9.998480102124129854e-01 9.997562107671582599e-01 9.997805187065900157e-01 9.997245701100990756e-01 9.996931032094821257e-01
9.997324782960923528e-01 9.996455602390025286e-01 9.997733529494402527e-01 9.998098815142871798e-01 9.997951551192763020e-01 9.998500143562719655e-01 9.997650789063425858e-01 9.997682991640844952e-01 9.997018295464009663e-01 9.998684335446834659e-01
9.997960988457232911e-01 9.998051940520462644e-01 9.998696953875270133e-01 9.997081288931904952e-01 9.997581383033193880e-01 9.998738515081986300e-01 9.996770209330709811e-01 9.997500670757800689e-01 9.997493042179301792e-01 9.997604657030987330e-01
9.997980932248065056e-01 9.998289511345478386e-01 9.997392799028184118e-01 9.998279458361523098e-01 9.998438010621218952e-01 9.997252608991471501e-01 9.997009562202557875e-01 9.997560347519572899e-01 9.997852681020421572e-01 9.996362097449803530e-01
9.996024805780555633e-01 9.997878729151865596e-01 9.998189943479106612e-01 9.998118106859321674e-01 9.997730871038483791e-01 9.998318066308051755e-01 9.998314168977817662e-01 9.998235277368391349e-01 9.997673032156577655e-01 9.998032435727344236e-01
9.997161993817136327e-01 9.996130101632321185e-01 9.997916114765093010e-01 9.997888096473261932e-01 9.998313591386760457e-01 9.998109902801008975e-01 9.998045839579237093e-01 9.997579782594915310e-01 9.998036017947747878e-01 9.996054871988510060e-01
9.997167464320285690e-01 9.998248819858339687e-01 9.998017591317515107e-01 9.998667070517957001e-01 9.996943952014180068e-01 9.997105803128710777e-01 9.998521554840721359e-01 9.997295936779005965e-01 9.998188343388725308e-01 9.997842615031325986e-01
9.998243532330759464e-01 9.996307017295895658e-01 9.997775769693780790e-01 9.997935248851349543e-01 9.998091923501053468e-01 9.997793383575241943e-01 9.997596289330134001e-01 9.998106115148855944e-01 9.998581268067129324e-01 9.995920913218212522e-01
9.998138587234052244e-01 9.998379907567671587e-01 9.998062709269062154e-01 9.997880465150948970e-01 9.998221209749337257e-01 9.997574837666438619e-01 9.997814209171149713e-01 9.997592320762217488e-01 9.996582492387467989e-01 9.997634555673882151e-01
9.997483700337516099e-01 9.997721351491893893e-01 9.997839560830187322e-01 9.997856692330048256e-01 9.996962431263797244e-01 9.998188996983687904e-01 9.998465590571226080e-01 9.996116522845062136e-01 9.998595932326785896e-01 9.998613059244383372e-01
9.997792574539047239e-01 9.997471982684241754e-01 9.996300916796341252e-01 9.998059515036452627e-01 9.997646904357808673e-01 9.998157091819511733e-01 9.997794654463640907e-01 9.997893969521608470e-01 9.998232225075306401e-01 9.997894193357822479e-01
9.997944570574099910e-01 9.998695144647194999e-01 9.997893216332652822e-01 9.998046087516331282e-01 9.997787978227606898e-01 9.997708939698101149e-01 9.998144518868899988e-01 9.997013874023360502e-01 9.998617398969772418e-01 9.997600946500715402e-01
9.997213919843049856e-01 9.997622341568144222e-01 9.998546722177792390e-01 9.997901685024258578e-01 9.998017341500954336e-01 9.998442679851234915e-01 9.997708200502370968e-01 9.998332995936870526e-01 9.997699432434077327e-01 9.998087983927277378e-01
9.998069225051413600e-01 9.997402063258249427e-01 9.998229484672623846e-01 9.998579604799543441e-01 9.998434992955896883e-01 9.997839181384594598e-01 9.996508242494873686e-01 9.997097159141512535e-01 9.998072031370421886e-01 9.996197733571945410e-01
9.998127268071738127e-01 9.998585260318695322e-01 9.998468299090869094e-01 9.997657455081154776e-01 9.997174635077068494e-01 9.996844685992412050e-01 9.997321672611754195e-01 9.997563189570619624e-01 9.997601889745488801e-01 9.997336870068294079e-01
9.997540078114581785e-01 9.997559716049926326e-01 9.998305409841882208e-01 9.997949524851775793e-01 9.997045960741627324e-01 9.999104624009826914e-01 9.997389148719600938e-01 9.998462340000244808e-01 9.997806596736431572e-01 9.995962098352297875e-01
9.997519977463199536e-01 9.997193274682159014e-01 9.998056369754972916e-01 9.997034130818488462e-01 9.998172214453397988e-01 9.998424226778925838e-01 9.998831495843675254e-01 9.998691920697322377e-01 9.997797630107826405e-01 9.997207647975082656e-01
9.998316030675050703e-01 9.996647678676389148e-01 9.997996140759142225e-01 9.997971663838247647e-01 9.997524301260157786e-01 9.997814414701934327e-01 9.997508137912962667e-01 9.998056842550746559e-01 9.997364058718154478e-01 9.997672057530272438e-01
9.997712616726847079e-01 9.997647499891688661e-01 9.998121291017462164e-01 9.997328033521079016e-01 9.997020652748891401e-01 9.997972820379923409e-01 9.997706292240806647e-01 9.998160796091269953e-01 9.998627558840569307e-01 9.998324525320844147e-01
9.998028052746928962e-01 9.997516475287456794e-01 9.998322679369494592e-01 9.998077612976543627e-01 9.998343665765124788e-01 9.998421799383317987e-01 9.998273166161284475e-01 9.997978170057946201e-01 9.997912999671972889e-01 9.998439628301775128e-01
9.998261827973214944e-01 9.997776383103833542e-01 9.997528781967234268e-01 9.997436270943502734e-01 9.997714268011460570e-01 9.998354839765225544e-01 9.997836927474472724e-01 9.997650444303300965e-01 9.998434329556508127e-01 9.997375717507716031e-01
9.998502932275606936e-01 9.997617594785950246e-01 9.998213179579048537e-01 9.997643125894182248e-01 9.997219563465716829e-01 9.997833764194429262e-01 9.997397549636914960e-01 9.998686956594284858e-01 9.997455483670637522e-01 9.997671835738831669e-01
9.997131133857821705e-01 9.997863376491809007e-01 9.997344294257236585e-01 9.998536471329628750e-01 9.997614429060166508e-01 9.997202808334630930e-01 9.997193936482305920e-01 9.997438190304787087e-01 9.996783054399573931e-01 9.997079520983853662e-01
9.998499161401109836e-01 9.997773699802976477e-01 9.997438341078206392e-01 9.997611232173688744e-01 9.997437637255169873e-01 9.997206019169564417e-01 9.998254406209953205e-01 9.998355662652558262e-01 9.998005002051830736e-01 9.996975124679098323e-01
9.997336553711455576e-01 9.997603665820076202e-01 9.996963221884203055e-01 9.998305003101277677e-01 9.998000541372542571e-01 9.998183497913064599e-01 9.997748315297326771e-01 9.998240424370432589e-01 9.998539906004859645e-01 9.998446877406617084e-01
9.998113473816884200e-01 9.997185533549133307e-01 9.998677699083318160e-01 9.997059654614824931e-01 9.996919534249121275e-01 9.997811881113928267e-01 9.997894236587219208e-01 9.997896327186995835e-01 9.998237605434504571e-01 9.998365235037721677e-01
9.997924480220045096e-01 9.998405202198261676e-01 9.998660900723472800e-01 9.996907048723865374e-01 9.997423398275111506e-01 9.998795360860086578e-01 9.997927188556874345e-01 9.998883988687490287e-01 9.999023747987204613e-01 9.997938960909661388e-01
9.998155478912441607e-01 9.998486825077141926e-01 9.997909518271349549e-01 9.997512564613312280e-01 9.997005206441197389e-01 9.997892487039943266e-01 9.997645503555051549e-01 9.998535529818010081e-01 9.998570182576167475e-01 9.997840702384419576e-01
9.997147571636411101e-01 9.998199468704128678e-01 9.998679208802522256e-01 9.996486895311751386e-01 9.997296588867139455e-01 9.998192880042072739e-01 9.997469361412522071e-01 9.996971390846203231e-01 9.998190489485117016e-01 9.997511882794040128e-01
9.998284195349085302e-01 9.996496191560444444e-01 9.998288280664845429e-01 9.997000060973411095e-01 9.997898969313238071e-01 9.996496327509722946e-01 9.997633026551123736e-01 9.996485174199509771e-01 9.998552414729661164e-01 9.997929988471693230e-01
9.998061099173052302e-01 9.995870414022919315e-01 9.998002885361642056e-01 9.997866815521728734e-01 9.998324329616897765e-01 9.997497297371311653e-01 9.998446051223204289e-01 9.997948161750348506e-01 9.998093124535527565e-01 9.997844356764894469e-01
9.997309951660214855e-01 9.997676350339872453e-01 9.998394970814683536e-01 9.997401607678129132e-01 9.997585899840983892e-01 9.998241664948533947e-01 9.997853859445667846e-01 9.997366211466158781e-01 9.998244366687966123e-01 9.996898741954607370e-01
9.998270582205925905e-01 9.997538633695817190e-01 9.998299328106134976e-01 9.997139565502868308e-01 9.998339972147017862e-01 9.998016436131801354e-01 9.997895207230702574e-01 9.997973519436283985e-01 9.998581567903755962e-01 9.997789078420440401e-01
9.998767961788175285e-01 9.997902626025627626e-01 9.997345178346364047e-01 9.995596281499803393e-01 9.998197420041589067e-01 9.998923929654128795e-01 9.996678158467330322e-01 9.996822814034006521e-01 9.997754953028185065e-01 9.997661659083522112e-01
9.998359984596241201e-01 9.998215497229375748e-01 9.998770229097992956e-01 9.996944878156535097e-01 9.997468889592601160e-01 9.996739616000338557e-01 9.998225621464047475e-01 9.997137797156803174e-01 9.998286128827283958e-01 9.998221986570146047e-01
9.998168512790169826e-01 9.998061501855237676e-01 9.997797211960927077e-01 9.997601645291759320e-01 9.997998210778857864e-01 9.998163718485487683e-01 9.997741696629354191e-01 9.997213188179452370e-01 9.997262056555573650e-01 9.996989523347418194e-01
9.997801991902381946e-01 9.997956273222849966e-01 9.997058245248220398e-01 9.997380358477706563e-01 9.997943362889014640e-01 9.997903660242797308e-01 9.997203277178043912e-01 9.998698881484512357e-01 9.997188885270901215e-01 9.997626708873512680e-01
9.996755572849621574e-01 9.998560280146705503e-01 9.998017146243308728e-01 9.997574088608308651e-01 9.998575088102166220e-01 9.997805162739635820e-01 9.998131307486338715e-01 9.996990638902558679e-01 9.999128442980892428e-01 9.997668605968174083e-01
9.998373322559319654e-01 9.997448003708919728e-01 9.997762696012013617e-01 9.998175456381214188e-01 9.997519384855408919e-01 9.997412234603895165e-01 9.998485981524155575e-01 9.997758896771045123e-01 9.997306337147126021e-01 9.997531754605447629e-01
9.997096313104735232e-01 9.998254281407572552e-01 9.996512166503400687e-01 9.997243263362580734e-01 9.997809492927274277e-01 9.997069356786580929e-01 9.997917975334936758e-01 9.998466588500066754e-01 9.998682158608966919e-01 9.996945922417034280e-01
9.996654684002721503e-01 9.998122575480777874e-01 9.998119992761345109e-01 9.998650247375120426e-01 9.997273699162096960e-01 9.998296755251000478e-01 9.996573491846796333e-01 9.997371294214901782e-01 9.997367346617005435e-01 9.998748282089929829e-01
9.998156367888898499e-01 9.996904050621763238e-01 9.997690657070136266e-01 9.997779530449441010e-01 9.997573151240937150e-01 9.997774895460072031e-01 9.996957018878211976e-01 9.997810524941543875e-01 9.997188005600171623e-01 9.998317489623248511e-01
9.997302373922899443e-01 9.998607032248750803e-01 9.997840996434304017e-01 9.997248786400961817e-01 9.997891135745726743e-01 9.998269722030769247e-01 9.997642377256363844e-01 9.997983687950195986e-01 9.997429204090314547e-01 9.998222994834724542e-01
9.997356336517411179e-01 9.998425529811740819e-01 9.997404614146355728e-01 9.998223973820642430e-01 9.997506152326101070e-01 9.996933925384371422e-01 9.998004591887020842e-01 9.997978765745769714e-01 9.997843256815333035e-01 9.998747349518322114e-01
9.997354873154017385e-01 9.997915431238754147e-01 9.998308008069292097e-01 9.998723087297435308e-01 9.998135560049387083e-01 9.998257113022653852e-01 9.998166350098871558e-01 9.998044172906607185e-01 9.998716361431970734e-01 9.997082131401343608e-01
9.997033761755491632e-01 9.997580265285427314e-01 9.997870549409729746e-01 9.997360170754561182e-01 9.997662367578987741e-01 9.998489967748669383e-01 9.998224007860421203e-01 9.997818603131874982e-01 9.997322658457108435e-01 9.998509341465126044e-01
9.997441541818531396e-01 9.998054972645538108e-01 9.997848552178458803e-01 9.997961933262626832e-01 9.996956187061526444e-01 9.998738520773718941e-01 9.998978416124399970e-01 9.998096454333464944e-01 9.997912435213407445e-01 9.997904928742732400e-01
9.998042858812086209e-01 9.998040081835091186e-01 9.998673129621058475e-01 9.997173745482554885e-01 9.997462513204276036e-01 9.997647716600682744e-01 9.998282209484394834e-01 9.997803708106718368e-01 9.998600888379592933e-01 9.997594090094976682e-01
9.998138579226114597e-01 9.997629484557259971e-01 9.997187610815864156e-01 9.997649050796270087e-01 9.998149264507729672e-01 9.998125363095327067e-01 9.998510663533783926e-01 9.998228675114260167e-01 9.998501902694921784e-01 9.997683481150664297e-01
9.997820313491943001e-01 9.997730384245392399e-01 9.998458978927690088e-01 9.997735649640702160e-01 9.997255205685039448e-01 9.998553213376929483e-01 9.998022954019818442e-01 9.997908641240559335e-01 9.997598471243405172e-01 9.997238745221568301e-01
9.998194492614154161e-01 9.997212400839090574e-01 9.997794131377241156e-01 9.998328783736268877e-01 9.998275868272953337e-01 9.998499435693172233e-01 9.997822086481256143e-01 9.997339896339535459e-01 9.998179742228541222e-01 9.998549579381810215e-01
