9.998956106076930528e-01 9.999302805300838148e-01 9.998926284967829536e-01 9.999247048085926348e-01 9.999156158054496313e-01 9.999443093431080731e-01 9.999546831528758339e-01 9.999077639461985134e-01 9.998989082582034893e-01 9.999314884205761089e-01
9.999506833737481504e-01 9.998802839023207545e-01 9.999310736948049394e-01 9.998717905726105526e-01 9.998020805773762953e-01 9.998907324749528591e-01 9.999438038294962139e-01 9.998825554772031721e-01 9.998328712727141410e-01 9.998436504108790812e-01
9.998862716467632472e-01 9.999505238845027844e-01 9.999602313593275449e-01 9.998733875640525293e-01 9.999461003615746080e-01 9.998924729174293313e-01 9.999222770927589377e-01 9.999029570930469957e-01 9.998943966570243980e-01 9.998432479175319854e-01
9.999214630069117593e-01 9.999131681615092138e-01 9.999047667045051213e-01 9.998973817733132208e-01 9.999084983315037478e-01 9.998346669442581547e-01 9.998990717306287523e-01 9.999272948216820778e-01 9.998610629127540061e-01 9.998822703136266421e-01
9.999384556508112976e-01 9.999180394225911650e-01 9.998989336797275973e-01 9.999285630020815496e-01 9.999507570254854150e-01 9.998884418949959274e-01 9.998920131238453468e-01 9.998817246256773705e-01 9.999018313313382533e-01 9.999272912698291549e-01
9.998371228731378624e-01 9.999592035456125183e-01 9.997938783530286866e-01 9.998582324251795717e-01 9.998353918070468360e-01 9.998721556456078297e-01 9.998428003268510222e-01 9.999309328706791344e-01 9.998497118090114988e-01 9.999561955258418067e-01
9.999315544340164896e-01 9.999471618466150291e-01 9.999617264371351011e-01 9.999484545760661813e-01 9.999581450497116997e-01 9.999462174624962341e-01 9.999428982975651081e-01 9.999194781469576965e-01 9.999720866353039028e-01 9.999067382813219274e-01
9.998964743246415710e-01 9.999546532058705139e-01 9.998778589799478533e-01 9.999649321487210640e-01 9.999126811380107949e-01 9.999213380250469019e-01 9.999161887614740341e-01 9.999258467917920834e-01 9.999485285387701428e-01 9.999639749987461190e-01
9.998895674908722109e-01 9.998961826642877027e-01 9.999493893634960884e-01 9.999115326574076201e-01 9.999282052174884861e-01 9.999066713614419566e-01 9.999138545396163424e-01 9.999771439396228923e-01 9.999135396912823825e-01 9.998304890142932777e-01
9.998884922406019449e-01 9.999472846778080237e-01 9.997920514829687910e-01 9.999461080328633233e-01 9.999361154789306871e-01 9.998975362619840768e-01 9.999334299696156503e-01 9.998905803836393158e-01 9.999197231953572684e-01 9.999150811911974301e-01
9.999320707476271330e-01 9.998852568742907510e-01 9.999098391463712154e-01 9.997627640021912176e-01 9.999231838935924710e-01 9.999471192287442411e-01 9.999495683179142613e-01 9.998763074363473669e-01 9.999588312536392687e-01 9.999478065356472989e-01
9.999583567563019582e-01 9.998319878658107340e-01 9.999452916002268266e-01 9.999119396624873701e-01 9.999015011846933421e-01 9.999408121752216827e-01 9.998313116665615841e-01 9.998486082285384935e-01 9.999652543379250469e-01 9.999179790892378517e-01
9.998926826023644132e-01 9.999155323398561945e-01 9.998184884887422186e-01 9.998830760123753603e-01 9.998598015101579639e-01 9.998658614616922069e-01 9.999030942764003393e-01 9.998987491077524492e-01 9.998806600732115246e-01 9.999611125396385969e-01
9.999238663382754577e-01 9.999134856453862907e-01 9.999454015369745319e-01 9.999095980573272646e-01 9.998098382951567942e-01 9.997305798062465776e-01 9.998589713310804816e-01 9.999149904338817674e-01 9.999708921401458950e-01 9.998887822649907831e-01
9.998481928591814727e-01 9.998859493348438710e-01 9.999488439456585276e-01 9.998332578669003601e-01 9.999441379133992003e-01 9.998993055368836647e-01 9.996411160698484011e-01 9.998825512489388778e-01 9.999122443945562821e-01 9.998985769229462583e-01
9.998651872481262304e-01 9.998914449654618952e-01 9.998805521821205744e-01 9.999417598517925665e-01 9.998669488304252617e-01 9.999283126265970933e-01 9.998549633821820493e-01 9.999138841244330500e-01 9.999002758848624106e-01 9.998774933615675042e-01
9.999346837735275662e-01 9.998933480028434628e-01 9.998962215579132451e-01 9.998416640348016804e-01 9.999240751739310040e-01 9.998764030951680093e-01 9.998888855519427743e-01 9.999172171983160551e-01 9.999113862330768487e-01 9.998792059068949412e-01
9.999102377195733249e-01 9.999401702731794961e-01 9.999195847991380059e-01 9.999138156678890610e-01 9.997807004026368904e-01 9.999218050833913463e-01 9.998981293157018779e-01 9.998882705034680685e-01 9.998995736821645330e-01 9.998494125072691086e-01
9.997779806252925505e-01 9.999297344670778909e-01 9.999323940914224274e-01 9.998987614562609982e-01 9.999181911087778873e-01 9.998999791370983825e-01 9.998958453167913207e-01 9.998379697810926281e-01 9.998463999717356332e-01 9.998604291140780198e-01
9.999032112827638263e-01 9.998222548351295424e-01 9.999328031165501951e-01 9.998682709097070909e-01 9.999222439094056503e-01 9.998230225960936801e-01 9.998723492551698788e-01 9.999332850231371639e-01 9.999083682212988045e-01 9.999354532935830209e-01
9.999069027286994205e-01 9.999459324340804756e-01 9.998739775528604490e-01 9.999199142777237537e-01 9.998026895437580608e-01 9.999325077611032064e-01 9.998695250279655555e-01 9.998796960290703417e-01 9.998589497962312445e-01 9.998758430295304755e-01
9.999188367450250192e-01 9.998968810474576641e-01 9.998957350817467837e-01 9.998925220882847187e-01 9.999137348408874137e-01 9.999189492196416396e-01 9.998708257711016456e-01 9.998273954134456742e-01 9.999333209713602288e-01 9.999311568423271401e-01
9.999220695014104932e-01 9.999071773465574298e-01 9.998438711482781072e-01 9.998311353318332095e-01 9.998114739465424616e-01 9.998295793998285275e-01 9.998238719483365511e-01 9.999384878567256774e-01 9.998012793003284715e-01 9.998748545520269593e-01
9.999730348839132033e-01 9.998937904649870534e-01 9.999161275554362405e-01 9.998956411982200532e-01 9.998976296951622711e-01 9.998569281144457088e-01 9.998730670195083992e-01 9.998535496580873705e-01 9.999258547246649975e-01 9.999379735887200527e-01
9.999453163366540664e-01 9.999404818548168761e-01 9.998898089326455629e-01 9.999122461234171144e-01 9.998925846680428720e-01 9.999427356369765540e-01 9.998937200361757149e-01 9.999056909127624904e-01 9.998812745043094141e-01 9.999248178148063548e-01
9.998330548622434977e-01 9.999046918460375855e-01 9.998877959973230256e-01 9.999317818611738184e-01 9.997837967743711252e-01 9.999471103665389382e-01 9.999480995014560225e-01 9.998636013256442245e-01 9.999413860476589200e-01 9.998904605178861038e-01
9.999434778128177825e-01 9.999413272985427925e-01 9.999070474136516617e-01 9.998972288970287003e-01 9.998853379402831143e-01 9.999219714494491651e-01 9.999436240927838115e-01 9.998794226952643083e-01 9.998754344737806887e-01 9.999424495118929279e-01
9.998729720283241473e-01 9.998996199316012579e-01 9.999421604230087635e-01 9.998733354605329193e-01 9.999007715171872590e-01 9.999363060194170760e-01 9.997875778955861437e-01 9.999426257152183029e-01 9.998799937859308429e-01 9.999436425340996193e-01
9.999463938738025748e-01 9.998577566626207780e-01 9.998968729508466158e-01 9.999081624516990008e-01 9.997984380594404641e-01 9.999666219562337588e-01 9.999070396686180473e-01 9.999275349401728352e-01 9.998679236387095770e-01 9.998381587658987657e-01
9.999213926348674564e-01 9.999285422058910022e-01 9.999366627478388780e-01 9.999321721239788907e-01 9.998931980853456025e-01 9.997990266694570805e-01 9.998869724812144977e-01 9.998852906139933383e-01 9.999078397759119108e-01 9.999051432932690719e-01
9.999291744514335889e-01 9.999066679152387449e-01 9.998442612751913261e-01 9.998470263537052594e-01 9.998575119665225053e-01 9.998484578132441625e-01 9.998955146769405999e-01 9.998574378190788758e-01 9.998848846154414494e-01 9.999081451879650029e-01
9.999038821926173881e-01 9.999357631765641852e-01 9.999274012478635010e-01 9.999661963724175706e-01 9.999329040729677542e-01 9.998878674430473623e-01 9.999277453285374540e-01 9.998529767414576774e-01 9.998822208168655079e-01 9.998682242399424824e-01
9.998692639938296933e-01 9.997899561017937753e-01 9.999131631651352325e-01 9.999101964321159830e-01 9.999275993109444371e-01 9.999320415469270529e-01 9.999024518332289002e-01 9.998601010162585512e-01 9.999181209470624498e-01 9.998059567640413814e-01
9.999065471737748068e-01 9.999408445906706744e-01 9.999025640604648490e-01 9.998406263256558457e-01 9.998231256947999190e-01 9.999164247554771512e-01 9.998482815668363610e-01 9.999394869505395800e-01 9.999258506800092761e-01 9.998741351471822636e-01
9.999238532954624059e-01 9.998880687972228065e-01 9.998375287137766243e-01 9.998522991640439450e-01 9.998294375697970304e-01 9.999120726323031949e-01 9.999268532709072455e-01 9.999071071450927883e-01 9.998731684264012820e-01 9.998674880042518476e-01
9.999255239924966787e-01 9.999553882891779599e-01 9.999383188247692456e-01 9.999232204824635151e-01 9.999213772171617887e-01 9.998683246755590837e-01 9.999023676013651940e-01 9.999381513599722160e-01 9.999441483464216462e-01 9.998215245777948290e-01
9.999049072229312385e-01 9.998285391852349546e-01 9.999355336791161397e-01 9.999549752501334376e-01 9.998961224063734887e-01 9.998971575199875339e-01 9.999249510653684947e-01 9.998542683483915283e-01 9.998794512809504598e-01 9.999220074814161308e-01
9.998866111763541342e-01 9.999195080271713332e-01 9.999299380908719392e-01 9.998523921038932061e-01 9.999022963287818033e-01 9.998201966293002174e-01 9.999371140125865587e-01 9.999209408103049146e-01 9.998813721912794827e-01 9.999234704156790832e-01
9.998757265478563916e-01 9.998968704693115273e-01 9.999026362525202938e-01 9.999020663635934669e-01 9.998135099090353917e-01 9.999266988140129708e-01 9.999364822504465122e-01 9.999132481510326631e-01 9.999355266409314380e-01 9.999285907398248741e-01
9.998863848020218548e-01 9.998351663333500117e-01 9.998601544257794682e-01 9.998509229038190504e-01 9.998837198025417594e-01 9.998611996372583910e-01 9.999344666940392923e-01 9.998824072352703318e-01 9.998909114012467514e-01 9.999046497507600995e-01
9.998515494878236209e-01 9.999259947731895526e-01 9.999302927834065047e-01 9.998695834551091233e-01 9.998240030817849844e-01 9.999261795835459044e-01 9.998596129182506509e-01 9.998959561760701886e-01 9.999330601698255272e-01 9.999399939681749006e-01
9.999453190377044498e-01 9.998260923423566426e-01 9.999038959055519538e-01 9.999019671761755212e-01 9.998848636578474558e-01 9.998722781369763224e-01 9.998731584524975791e-01 9.999117003594280018e-01 9.998748259698305718e-01 9.999211052959162682e-01
9.999165817957890168e-01 9.998821492093026286e-01 9.999588225484691284e-01 9.998756301309119632e-01 9.998718875357747171e-01 9.998693659378065091e-01 9.999215017986642362e-01 9.999312374984135054e-01 9.999158609221355798e-01 9.999046157405026003e-01
9.998381323696309275e-01 9.999092764421982915e-01 9.998771846505594141e-01 9.998496678058022002e-01 9.999344052463964294e-01 9.998949341755516418e-01 9.998729352880452170e-01 9.998619835367110742e-01 9.999354939799366404e-01 9.999430230941671605e-01
9.999462748104764875e-01 9.999038181531034741e-01 9.998858402577008864e-01 9.999270399090768313e-01 9.998985601349305030e-01 9.998836444482727126e-01 9.998969449065973070e-01 9.999380479203147098e-01 9.998476399705031881e-01 9.997716480609556422e-01
9.999384090042086060e-01 9.998892547054485380e-01 9.999327787378136101e-01 9.998919665735386264e-01 9.999514146437273876e-01 9.999055169053149283e-01 9.997814111691362138e-01 9.999110213627397936e-01 9.999583523932147333e-01 9.999095333187755230e-01
9.999028382374064439e-01 9.999264994355515634e-01 9.999412755851138090e-01 9.999371148762521422e-01 9.997881248955077238e-01 9.999386925468617404e-01 9.999235498679580614e-01 9.998817470137546515e-01 9.998784731080366806e-01 9.999152012438321524e-01
9.998847818963799705e-01 9.999182520446759925e-01 9.999195938963829633e-01 9.999665036317418876e-01 9.998661994264457231e-01 9.998764218221724009e-01 9.999130757494532062e-01 9.998952788364445787e-01 9.998775944758985235e-01 9.999402747615346865e-01
9.997967753884213771e-01 9.998557275189321469e-01 9.999218217480192461e-01 9.998687974138984469e-01 9.999051768383754313e-01 9.999108515129526698e-01 9.999309651874621618e-01 9.999279919182376686e-01 9.999281514395375048e-01 9.999066728456351694e-01
9.998901073400829898e-01 9.999266693901684988e-01 9.999138228811843554e-01 9.999428280098136002e-01 9.999310542356490972e-01 9.998974870605663590e-01 9.998866203421521437e-01 9.999284170387281456e-01 9.998712023142030114e-01 9.999541342289541834e-01
9.999477242971662738e-01 9.999343409161077778e-01 9.999822621970938519e-01 9.998961280244174077e-01 9.999277198413034640e-01 9.999246820407095004e-01 9.999134421137264583e-01 9.998575033263147338e-01 9.999396590528326634e-01 9.998057226930758823e-01
9.998891119153757723e-01 9.999091205636219115e-01 9.998703298745039714e-01 9.998972716064126187e-01 9.999253395101213027e-01 9.999232793794859964e-01 9.999410977136159451e-01 9.999214233659712292e-01 9.999337529369759503e-01 9.999460213972196643e-01
9.998820830772433554e-01 9.998508653968339877e-01 9.998831744656515585e-01 9.999487140337485203e-01 9.999355436671241160e-01 9.999113207003944570e-01 9.998561162580916761e-01 9.998176489078342000e-01 9.998863569428568798e-01 9.999558897361187082e-01
9.999243610539497729e-01 9.999117107837001139e-01 9.999103962522926103e-01 9.998601031186487020e-01 9.998947068564771889e-01 9.998256644862020259e-01 9.999202459818965494e-01 9.999320403204020602e-01 9.998568484876139140e-01 9.998996377442527228e-01
9.999135586506908702e-01 9.999222853501534836e-01 9.998135598106762112e-01 9.998728245659128655e-01 9.998739026310500266e-01 9.998001835789686043e-01 9.999158097570246539e-01 9.998781777391374526e-01 9.999047204507276465e-01 9.998531996877036976e-01
9.998798717079721010e-01 9.998926767332684262e-01 9.998675867775633774e-01 9.997704782991699846e-01 9.999198056187188488e-01 9.998853018683243610e-01 9.998536097260771749e-01 9.998295680142980091e-01 9.999544694362345609e-01 9.998803132544997752e-01
9.998511135814776019e-01 9.998093650415178502e-01 9.998122392540305103e-01 9.998797197611513088e-01 9.999483039669946338e-01 9.999048164928878712e-01 9.998527130981561539e-01 9.998894244957812205e-01 9.998909932435194881e-01 9.999105571622142197e-01
9.999422009104673714e-01 9.999608655863234663e-01 9.999023355306784211e-01 9.999441564579345521e-01 9.999172058420822129e-01 9.999222122827940984e-01 9.999444598245034177e-01 9.999182599060895127e-01 9.999081357729883157e-01 9.998241988489151577e-01
9.998756836891552480e-01 9.999034404582930469e-01 9.998846433008009571e-01 9.999476093294281664e-01 9.999248075030651162e-01 9.998567790413098733e-01 9.998791219619866943e-01 9.999107650282756943e-01 9.999711902467142144e-01 9.999324874414857733e-01
9.999132760036452128e-01 9.999156312301795690e-01 9.999181006474674449e-01 9.999013418921025576e-01 9.998560559799705150e-01 9.998865511861214639e-01 9.999248848412021218e-01 9.999167581578642938e-01 9.998868772382041303e-01 9.998412473236071296e-01
9.999109530873993013e-01 9.998538851387960280e-01 9.998676738453776691e-01 9.999389079974771999e-01 9.998538567210785155e-01 9.999641565858217174e-01 9.998853693014221333e-01 9.999635926115313378e-01 9.998726658961936131e-01 9.999285456105055925e-01
9.999502126903024868e-01 9.999620014104256827e-01 9.998404804034637383e-01 9.999338151107651784e-01 9.999334413148631695e-01 9.998957886615490454e-01 9.998571694830051815e-01 9.999178273189541777e-01 9.997968142613735676e-01 9.999312103977533450e-01
9.998649863723997333e-01 9.999157222205170559e-01 9.999655301847681921e-01 9.998016124196983379e-01 9.999186977530228893e-01 9.998845485435443603e-01 9.998864953744276418e-01 9.998411818627651604e-01 9.999408355237621171e-01 9.999033816481669446e-01
9.998864408742056398e-01 9.999208546482865057e-01 9.998835036590449921e-01 9.999219785072510636e-01 9.998825440794951724e-01 9.999129407035552974e-01 9.999011859313120532e-01 9.999163928155125891e-01 9.999021830050786042e-01 9.999212571826059381e-01
9.999164554280111084e-01 9.999831947635486884e-01 9.999400816882783039e-01 9.999000757559927122e-01 9.998914551143229801e-01 9.998841780415598235e-01 9.998837613551955217e-01 9.998847812297168014e-01 9.999333862243775517e-01 9.999323972516774850e-01
9.998833477834602190e-01 9.998585334222606091e-01 9.999128870541815761e-01 9.999090154717316103e-01 9.998940261760291826e-01 9.999038932181855133e-01 9.999268609664078156e-01 9.999316601089220935e-01 9.999297047545753214e-01 9.999262954835823614e-01
9.998884082369202675e-01 9.999432923735325218e-01 9.999000203299860390e-01 9.998816990595800203e-01 9.997995090997149337e-01 9.998609304745417203e-01 9.998990036570194473e-01 9.999595508798037047e-01 9.999385703406535875e-01 9.999065762199056406e-01
9.998759725530930176e-01 9.998987337992353286e-01 9.998900323996710027e-01 9.998855908344465027e-01 9.999112730440652408e-01 9.998912024923400921e-01 9.999464946744072158e-01 9.998714735724480995e-01 9.999209560586354018e-01 9.999202437609073790e-01
9.997864745475556481e-01 9.999082239101599878e-01 9.998832001386114277e-01 9.998397897830841874e-01 9.998684964919226648e-01 9.998749930953311216e-01 9.998503955726564252e-01 9.999522831048488491e-01 9.999492333885313666e-01 9.999313357044008477e-01
9.999267982018382739e-01 9.998787966233482205e-01 9.998742698010278929e-01 9.998947173674270772e-01 9.998579911712772716e-01 9.998772015938226509e-01 9.999531547196465198e-01 9.999001117214798562e-01 9.998920776179346381e-01 9.998769067041126668e-01
9.999441911951331141e-01 9.998356899038162160e-01 9.999322670759838161e-01 9.998571131618794183e-01 9.999313392586444138e-01 9.999088310283689163e-01 9.999039234934290477e-01 9.998174686592481430e-01 9.999557590150147668e-01 9.999001086769402358e-01
9.999219227908900942e-01 9.998559894437197837e-01 9.999464147790474433e-01 9.998344941084942317e-01 9.999093449408215095e-01 9.998619340638701392e-01 9.999211292453379363e-01 9.999226236097450426e-01 9.999220624441331751e-01 9.999203255457717043e-01
9.997902212405551658e-01 9.999291794373009745e-01 9.998828097654872682e-01 9.999325086186777733e-01 9.998916214315897166e-01 9.999052256234383096e-01 9.999050956030571813e-01 9.998820605614484602e-01 9.998140498864938053e-01 9.998359298044552368e-01
9.998841336595207796e-01 9.999093519793974538e-01 9.998589684793056653e-01 9.999136295051471723e-01 9.999174816644444963e-01 9.998572035584829543e-01 9.999288172797853314e-01 9.999052506404921825e-01 9.998278823327773068e-01 9.999196016683348232e-01
9.999652157353767779e-01 9.998943361741048363e-01 9.999469619040766144e-01 9.998837215228387754e-01 9.998343484256374536e-01 9.998436554092581252e-01 9.998476585154359997e-01 9.998908619983490897e-01 9.999353536148539723e-01 9.998935856457423776e-01
9.999529873716626049e-01 9.999694376267264095e-01 9.999437864329597803e-01 9.999243225623085651e-01 9.999502984350442381e-01 9.998847528755988590e-01 9.998484573920092267e-01 9.998786275478793728e-01 9.999423600177770322e-01 9.998401212176365460e-01
9.998081140896232233e-01 9.999135199577648958e-01 9.998383916935872362e-01 9.998796693710219063e-01 9.998181509111724319e-01 9.999172150772936973e-01 9.999187849522389593e-01 9.997980719768783109e-01 9.999252133719477298e-01 9.998626806080731511e-01
9.998858806975096103e-01 9.999146127283942143e-01 9.999119825091797864e-01 9.998768129499131518e-01 9.998944162856998608e-01 9.998626691523326837e-01 9.999553740380917599e-01 9.999324282534751696e-01 9.999562422409046247e-01 9.999215505204253063e-01
9.999078745398318757e-01 9.999381352862565242e-01 9.999674802868918633e-01 9.999240992872783229e-01 9.999202275466897438e-01 9.999004607483699125e-01 9.999568612628578768e-01 9.999066748078848654e-01 9.999216683371221492e-01 9.999330137600359603e-01
9.999316097537258585e-01 9.998099276458132234e-01 9.997921878654834060e-01 9.999108445447202342e-01 9.998837324923566250e-01 9.999052356854580825e-01 9.998599950913656942e-01 9.999513479124142457e-01 9.998606156006819567e-01 9.999047241968926913e-01
9.998440982453454806e-01 9.999401493827656529e-01 9.999592688108506211e-01 9.999476663717277169e-01 9.999025981158210508e-01 9.999263438035583818e-01 9.999061786926563000e-01 9.999128565845372130e-01 9.999092321291637164e-01 9.999257818517534036e-01
9.998818656061407850e-01 9.998796811717738375e-01 9.999500493393748135e-01 9.999155097340365339e-01 9.999616781679226962e-01 9.999498085064549846e-01 9.999696705022930177e-01 9.999084880496126315e-01 9.999594116296142143e-01 9.998915994481778480e-01
9.999142311557530638e-01 9.998960211100846873e-01 9.999105892606590107e-01 9.999090724034029876e-01 9.999115691067396172e-01 9.998580916108310568e-01 9.999256918502954505e-01 9.998875426237151531e-01 9.998882580833152733e-01 9.999236581830838189e-01
9.999354283426420409e-01 9.999083764617507919e-01 9.998974862567192590e-01 9.999099523164701742e-01 9.999220983934398177e-01 9.998817696737367644e-01 9.998620283185087887e-01 9.999147307288240860e-01 9.999331931204505919e-01 9.999217523709836852e-01
9.999288194646952510e-01 9.998552461759014909e-01 9.998697088703462077e-01 9.999282054742996140e-01 9.998392764025332280e-01 9.999008163420433082e-01 9.998981387990019121e-01 9.998388075784866436e-01 9.999371361012651116e-01 9.998835192889767853e-01
9.999136850356731276e-01 9.999166221740358740e-01 9.998969159955061192e-01 9.999175358495616672e-01 9.999448681956524254e-01 9.998819061659390828e-01 9.999153658657664590e-01 9.998441791869540074e-01 9.999044447516749479e-01 9.998043316859055452e-01
9.998575861513545604e-01 9.999508625560598052e-01 9.999077616615781317e-01 9.998478295726515030e-01 9.999249957050948545e-01 9.999049608334007466e-01 9.999719072632133887e-01 9.999739326353528357e-01 9.999031484421045946e-01 9.999499186681133356e-01
9.999170920534321549e-01 9.999148390641839912e-01 9.998878575567876625e-01 9.999324128538099599e-01 9.999260261931590676e-01 9.998803562449988247e-01 9.998835287285612328e-01 9.998954060157906332e-01 9.999459552806158058e-01 9.999377290004370922e-01
9.998533748647658870e-01 9.999170943173675274e-01 9.999403914868197907e-01 9.999061823249678627e-01 9.998759191031063587e-01 9.999126693579386549e-01 9.998737959975027012e-01 9.999008814771817022e-01 9.998596052150700020e-01 9.999353326618298787e-01
9.999025341832449287e-01 9.998978860869264240e-01 9.999294495047750253e-01 9.999387566784374570e-01 9.998647668542817168e-01 9.999176749013423127e-01 9.998967352824318366e-01 9.999474640638663647e-01 9.999520185324095589e-01 9.998626881575972680e-01
9.998025477971796970e-01 9.999066756820116364e-01 9.999536282159152689e-01 9.999254190178178403e-01 9.999047370592851758e-01 9.999480052669467156e-01 9.999182897154920147e-01 9.998993982244852585e-01 9.999087769389767288e-01 9.998931001011072128e-01
9.998603605786674509e-01 9.999404968961084217e-01 9.999582513194393840e-01 9.999316276810749082e-01 9.998872341007569720e-01 9.999241661391955471e-01 9.999297783612677293e-01 9.998506823188263448e-01 9.997868761824036943e-01 9.999181269845723863e-01
9.999321385905205473e-01 9.999097671036389912e-01 9.999227872377127735e-01 9.999444104965923286e-01 9.998790910874902904e-01 9.999331267764707265e-01 9.999613963106164238e-01 9.999095104709507797e-01 9.999089284744787642e-01 9.998723827844546719e-01
9.999281752674603618e-01 9.999455077174739248e-01 9.999098807984496684e-01 9.998837903580527486e-01 9.998934493933483436e-01 9.999414643534949576e-01 9.999151547622434633e-01 9.999291104254262041e-01 9.999498318422394005e-01 9.998467233498743445e-01
9.999354713398194150e-01 9.999398692661999322e-01 9.999185170637012732e-01 9.998686860184209380e-01 9.998749185657005434e-01 9.998915863641585355e-01 9.999307166797156698e-01 9.998887858203679979e-01 9.998945972751949185e-01 9.998265552665938083e-01
9.998866633175103047e-01 9.999034504047177307e-01 9.999128299187955982e-01 9.999283225076122106e-01 9.999657465947426882e-01 9.998556042403284883e-01 9.998886319002705525e-01 9.999517214647346552e-01 9.998823540064805115e-01 9.999086672374212226e-01
9.998621766048387816e-01 9.998730918267991763e-01 9.999295193628573442e-01 9.999208067151106327e-01 9.998624385527276059e-01 9.998967548188389953e-01 9.998838448440589000e-01 9.998267951514081542e-01 9.998970884514705171e-01 9.999347316877787994e-01
9.997026561821608093e-01 9.998968694719241324e-01 9.999092960124336127e-01 9.999575604472275003e-01 9.997806270051944333e-01 9.999006134580901151e-01 9.998339063101305824e-01 9.999441966817208538e-01 9.999428418834402921e-01 9.998071020195393732e-01
9.999311386313618488e-01 9.999495722901632355e-01 9.997798140264470002e-01 9.999585312076137988e-01 9.998243443134813280e-01 9.998667586051535050e-01 9.999209557621666633e-01 9.998767367467825684e-01 9.999281411805200914e-01 9.998071724152629569e-01
9.999346344490084304e-01 9.999202330806877814e-01 9.999250452071616335e-01 9.999139920555858430e-01 9.998163319399443472e-01 9.999178485858613019e-01 9.998707641491074716e-01 9.999167807471992520e-01 9.998694833195554965e-01 9.998695328602584809e-01
