9.933956076311808436e-01 9.978639545356469132e-01 9.994342704819615397e-01 9.963804402629651280e-01 9.993378208583926225e-01 9.866240893917971322e-01 9.980964101811726774e-01 9.971897470945134678e-01 9.989149140131651228e-01 9.945869301273927432e-01
9.989869710571095407e-01 9.980925207234110363e-01 9.978802001072015759e-01 9.952964922084822641e-01 9.945095664825986947e-01 9.988799814223987550e-01 9.987061083538580908e-01 9.982910532859841091e-01 9.988606284122565349e-01 9.979182358570075628e-01
9.983913251069629347e-01 9.992972428600458423e-01 9.944989416794175474e-01 9.978681597000711445e-01 9.992462338008728517e-01 9.969344905177580651e-01 9.983241901451525013e-01 9.983523697538806418e-01 9.995620996066936215e-01 9.865610047230511936e-01
9.988659584151753368e-01 9.995974220213278416e-01 9.989266615401520832e-01 9.988365464226904855e-01 9.990527000207485298e-01 9.984653508824878898e-01 9.985613191751664397e-01 9.989742711899107785e-01 9.991477775710516651e-01 9.980808650316943531e-01
9.968301307528637523e-01 9.947425736986397204e-01 9.953599782151271169e-01 9.981343876315583730e-01 9.938328042206341362e-01 9.978932534457969350e-01 9.986201626497207551e-01 9.985941314817248227e-01 9.994657691668265009e-01 9.907245052400748264e-01
9.988526208364427728e-01 9.988626055414603355e-01 9.961466414191441077e-01 9.984349366429484673e-01 9.951280897103808032e-01 9.989931790690614877e-01 9.992268480502378702e-01 9.957885144714950787e-01 9.987509007566841568e-01 9.989554757660327189e-01
9.988721883152118508e-01 9.985603003915997089e-01 9.983586176030905257e-01 9.951214104440206931e-01 9.986166684204164090e-01 9.944820961461730002e-01 9.987196702855184460e-01 9.992136191971209280e-01 9.984518536434178193e-01 9.989142956630059356e-01
9.985566167967997453e-01 9.992348567965637640e-01 9.990470824485341295e-01 9.991569644123063920e-01 9.991002909508471808e-01 9.975178002448776837e-01 9.980083177432175212e-01 9.989046121344604678e-01 9.994056033881600909e-01 9.992280205722868791e-01
9.996813926671331840e-01 9.994740270489664846e-01 9.996477757989430390e-01 9.975360928162495533e-01 9.992718418456285612e-01 9.994114384824881459e-01 9.989018272272214283e-01 9.989304588143175234e-01 9.987473149799631633e-01 9.993324353846878561e-01
9.996387560629752533e-01 9.993307544434680834e-01 9.968571011204288013e-01 9.979573329098226919e-01 9.983246528020427446e-01 9.982984607303893032e-01 9.958761778850973023e-01 9.994267927720504874e-01 9.993134887840859903e-01 9.963070145643563302e-01
9.987273568985064465e-01 9.918784102816080583e-01 9.980123478883882182e-01 9.814555410524749002e-01 9.974470386921375775e-01 9.991360541389797678e-01 9.931041319788210808e-01 9.976022203026693180e-01 9.994526267477287229e-01 9.988548529909481166e-01
9.991080522476134540e-01 9.982585233893096488e-01 9.976141848787034583e-01 9.986638239632704694e-01 9.981046787351763871e-01 9.988766681923725299e-01 9.980105708989132074e-01 9.985771793822202369e-01 9.897736008691121468e-01 9.969320724737501527e-01
9.992367370478852928e-01 9.992375406408658955e-01 9.986313447080713557e-01 9.996427376094919603e-01 9.994702663000188947e-01 9.988346432533610209e-01 9.991785801663563005e-01 9.992412458457357038e-01 9.994377834145531381e-01 9.993306940781682135e-01
9.993886428018462498e-01 9.980897284304580674e-01 9.987362786634872425e-01 9.985910641918334107e-01 9.976700007387360181e-01 9.981007770201467677e-01 9.985449969158456396e-01 9.992658469213532291e-01 9.994541063498330047e-01 9.978841305190607747e-01
9.973509337852125567e-01 9.994594918452793797e-01 9.990824585531322688e-01 9.995474444493291921e-01 9.993640514447605927e-01 9.960322021325541675e-01 9.982652687676292214e-01 9.976011688596235771e-01 9.975220617186413286e-01 9.988674389060467895e-01
9.983802424352723470e-01 9.991338462423522415e-01 9.979292377082534804e-01 9.978620125763767446e-01 9.886345978596310369e-01 9.898007193099709333e-01 9.992150211426279460e-01 9.985068616840678812e-01 9.977816705820256038e-01 9.980484648085876653e-01
9.982783825685077606e-01 9.990664820525106959e-01 9.982720964557785237e-01 9.992318108673964305e-01 9.982474981063309549e-01 9.977792528858510090e-01 9.984060194226613838e-01 9.972974395904798950e-01 9.995643506619500407e-01 9.983290999488313444e-01
9.974138804140456616e-01 9.991418503877069757e-01 9.985483604293193816e-01 9.975292865246606633e-01 9.989905539767418574e-01 9.988783023278676731e-01 9.983801099669854517e-01 9.958873501178867604e-01 9.982386224791931495e-01 9.983935600687496859e-01
9.972818441726774008e-01 9.919693309166989215e-01 9.985589419855703808e-01 9.957283118216804230e-01 9.990066843739531244e-01 9.959976782339117207e-01 9.995067099747892980e-01 9.982330752454765532e-01 9.953243495664565454e-01 9.983765181313893899e-01
9.994208248746683232e-01 9.979738263798543230e-01 9.974221208079785406e-01 9.984866867285723258e-01 9.995769623385809544e-01 9.941439405065070067e-01 9.986184722812579961e-01 9.979445321576148054e-01 9.978387767751547566e-01 9.976575691341580399e-01
9.980917498101223861e-01 9.983134498515408017e-01 9.976461554141399235e-01 9.972869500624134131e-01 9.987299627454544471e-01 9.982430939870368114e-01 9.980195367983800692e-01 9.933910229373131839e-01 9.930709665840095068e-01 9.986305803434168959e-01
9.993809198719000308e-01 9.994527449902884664e-01 9.988727753750876737e-01 9.994773614721402799e-01 9.987846029392944969e-01 9.990946946912701021e-01 9.966851157317189180e-01 9.992711220993409915e-01 9.990237638166244993e-01 9.992844699234844086e-01
9.988217416986643338e-01 9.980796683328063690e-01 9.986878266402740012e-01 9.988928398954040055e-01 9.971655432946118225e-01 9.989605138470337709e-01 9.992448082688543121e-01 9.966447327116059185e-01 9.996200491328112170e-01 9.984417054987552165e-01
9.975857559806411423e-01 9.986178211299863161e-01 9.991544046683430436e-01 9.900941259901121505e-01 9.985692412249813632e-01 9.926134379776938577e-01 9.989226131411761411e-01 9.982986268378585271e-01 9.935141558150631935e-01 9.984929459506619587e-01
9.987373512121641150e-01 9.979543106708806954e-01 9.985361876930203273e-01 9.987637408204251832e-01 9.982328863978072730e-01 9.990797310381235308e-01 9.977222352671408778e-01 9.988208548056501934e-01 9.991335234031606394e-01 9.956787298570429767e-01
9.982935507903625272e-01 9.962375286571447663e-01 9.987505260050419942e-01 9.987625479937709549e-01 9.990202906979295250e-01 9.983826881202160219e-01 9.978553112814194659e-01 9.967241472790900891e-01 9.990673236950640135e-01 9.984433065799374063e-01
9.993334860565273869e-01 9.959962216219795383e-01 9.994298306348294858e-01 9.974701821489376785e-01 9.968763336766376382e-01 9.959299242231098859e-01 9.985040062643960601e-01 9.991820134117399554e-01 9.978671994290211344e-01 9.979290575239805339e-01
9.971073518058954921e-01 9.981001077623825601e-01 9.985889255934793374e-01 9.974634578274677033e-01 9.988719607296114855e-01 9.984540667860453134e-01 9.988331531922960416e-01 9.984961200177168150e-01 9.977216931422241419e-01 9.986799701764478288e-01
9.968623322746333892e-01 9.986257499199614474e-01 9.993173207920366119e-01 9.991806009936241573e-01 9.989634761401168239e-01 9.988809837308079143e-01 9.967309839631263158e-01 9.952448961454987142e-01 9.983904425336724842e-01 9.993448279927292788e-01
9.961922086483951944e-01 9.989709732631238959e-01 9.978154592938692780e-01 9.989542621988786175e-01 9.989539356383317914e-01 9.931907683195262404e-01 9.911784999579150712e-01 9.983297569740592348e-01 9.977624851718538412e-01 9.982867287014183244e-01
9.990383129290155706e-01 9.990976469064261067e-01 9.988715757571750009e-01 9.977495143993256876e-01 9.993541749129717378e-01 9.942729338820761598e-01 9.983947191480063710e-01 9.994762966583019548e-01 9.989818340270071317e-01 9.976948743035588540e-01
9.970974064394384495e-01 9.983838580303303623e-01 9.987183408397790618e-01 9.988907895676383264e-01 9.983227014713329517e-01 9.978022421920040852e-01 9.989837240980036226e-01 9.985739958448608400e-01 9.980854345337061284e-01 9.973182864011362891e-01
9.959796150878983401e-01 9.983623556732683646e-01 9.988158928377683932e-01 9.983942357315797045e-01 9.984687383395965954e-01 9.989227014176376152e-01 9.987221540119179952e-01 9.987738750009282906e-01 9.974225637891571683e-01 9.981835576659687792e-01
9.990575910194574583e-01 9.988229237938349714e-01 9.990568192123844282e-01 9.988944202836155251e-01 9.983595164660825638e-01 9.990354222537741746e-01 9.906929266965154302e-01 9.979185597370553440e-01 9.992506469891876408e-01 9.991489577580202619e-01
9.987860457753360288e-01 9.973004155246847358e-01 9.969454310488218285e-01 9.950420388883254308e-01 9.980530326920509232e-01 9.993397702335835575e-01 9.983323174668997657e-01 9.963734471562862849e-01 9.994226243958845846e-01 9.989706557894644234e-01
9.992683032514471098e-01 9.986748548657834457e-01 9.975439043657693405e-01 9.984031097366029561e-01 9.957381951264423492e-01 9.950996402318127432e-01 9.976759880970641481e-01 9.986875670541095484e-01 9.988562442580889433e-01 9.982630420674987182e-01
9.992063146383248773e-01 9.985800392537229619e-01 9.991327568252110769e-01 9.991122295539486275e-01 9.986419092992397939e-01 9.964137806274725451e-01 9.963555688659507803e-01 9.972115124412787024e-01 9.991516876978457917e-01 9.980518489092474743e-01
9.984291407914046568e-01 9.976999491716210811e-01 9.993601884456385642e-01 9.985086053777758597e-01 9.991584222813368887e-01 9.975943867302305978e-01 9.963132034615388433e-01 9.936671588827928892e-01 9.988934237702292718e-01 9.986981683683610056e-01
9.985956376827178627e-01 9.987525452692096462e-01 9.950242426045665667e-01 9.945866193640608977e-01 9.976889640410042670e-01 9.981239334670388708e-01 9.979495377557109359e-01 9.983031680837994859e-01 9.985428447080800796e-01 9.981939352425691636e-01
9.979469985153849310e-01 9.976710546068672247e-01 9.988027633698397523e-01 9.989123861095372536e-01 9.985582556603842530e-01 9.990074043453993635e-01 9.990168155140582984e-01 9.993873933622057226e-01 9.991205086288768022e-01 9.994180342513133697e-01
9.946672824865395723e-01 9.936010169286999538e-01 9.985389654188907560e-01 9.992560757911693736e-01 9.994617845309973214e-01 9.989848794685771693e-01 9.993258715994657315e-01 9.995683986691344947e-01 9.993095095711455045e-01 9.986186184158097889e-01
9.885116188621306810e-01 9.988790778260075998e-01 9.963705036390155811e-01 9.990183337607672076e-01 9.977652566310093452e-01 9.991790771884656586e-01 9.931880212886252668e-01 9.980926655717848872e-01 9.972064830528158952e-01 9.969266680359886168e-01
9.943328193927293279e-01 9.973717673526683036e-01 9.986409579957948868e-01 9.993421109172831995e-01 9.986629723656639257e-01 9.991194042110792539e-01 9.988004338527862735e-01 9.986908272055925462e-01 9.984350372081380875e-01 9.991830670864314534e-01
9.988429950369454025e-01 9.945154513207015157e-01 9.925649900856245988e-01 9.985131082363708499e-01 9.978138312909298202e-01 9.977212773051158390e-01 9.971416870612274108e-01 9.983263529815047388e-01 9.962736105337581805e-01 9.994748222318519115e-01
9.993766401998767090e-01 9.994940017504228003e-01 9.997066454580959549e-01 9.986097892189148562e-01 9.984494303416171501e-01 9.994695813227492120e-01 9.971045478623711267e-01 9.990402514477244589e-01 9.940660758901087579e-01 9.995028006981666602e-01
9.979376537855463303e-01 9.902062588631999063e-01 9.978398115272638647e-01 9.978034541382803102e-01 9.993521898978453555e-01 9.986248359785858675e-01 9.935881753561108809e-01 9.963645939137758534e-01 9.951752613923534607e-01 9.820043365955719583e-01
9.982004075857269232e-01 9.989984427098620445e-01 9.976700857179668924e-01 9.947939648610765184e-01 9.974020233134484048e-01 9.990429780803551374e-01 9.988958180084659411e-01 9.989037873000863321e-01 9.993481868915423671e-01 9.987506712523389618e-01
9.985389904622677948e-01 9.967581123697319967e-01 9.966284319430408489e-01 9.992328763348390375e-01 9.990128340430403098e-01 9.984660642214427950e-01 9.971914452295874698e-01 9.990813483717629895e-01 9.991183104642160639e-01 9.984282199805672997e-01
9.992361529537941989e-01 9.976249682169968658e-01 9.976092301745276281e-01 9.993291790692402365e-01 9.964599872660874214e-01 9.982432361940736243e-01 9.984212884717007519e-01 9.984557757933893996e-01 9.963504551422092126e-01 9.993693262525764620e-01
9.993109165119717918e-01 9.963825583937019337e-01 9.987245127542386802e-01 9.970622964657572807e-01 9.976964824652571062e-01 9.989251236445290116e-01 9.992847727602566232e-01 9.974609923038875170e-01 9.983155408774263551e-01 9.984712825081305532e-01
9.980358340523954874e-01 9.979850496819028249e-01 9.985561303468976080e-01 9.991514161118774107e-01 9.988524687442245087e-01 9.993898116320760749e-01 9.985848684616352999e-01 9.978349985637039454e-01 9.976825409459256777e-01 9.972397454747736756e-01
9.988059177183125081e-01 9.991689657271560776e-01 9.987640526089478499e-01 9.990196392330152886e-01 9.983910391376022986e-01 9.979900647735522323e-01 9.990483672923718972e-01 9.977226461003458891e-01 9.979946321985162516e-01 9.986418527213630769e-01
9.952564144846547389e-01 9.979754245464591556e-01 9.974516383150877630e-01 9.972568761429833062e-01 9.992014103834598870e-01 9.991810229143881505e-01 9.980894968410278789e-01 9.965600198098981677e-01 9.920840458338133772e-01 9.981418371735860662e-01
9.967081601038455529e-01 9.962976688728761854e-01 9.988778937685754977e-01 9.984680499488556293e-01 9.958893544287128474e-01 9.995427770806089018e-01 9.984253687663149357e-01 9.990487302729584851e-01 9.980248914749060285e-01 9.981076751921141854e-01
9.979475657648646525e-01 9.986798073796079311e-01 9.989738539219659152e-01 9.978898765549386596e-01 9.985566848032403353e-01 9.921533257576431453e-01 9.991331911864854698e-01 9.990571393302463132e-01 9.989019182294376353e-01 9.993306064209690476e-01
9.975202754702746644e-01 9.990520152997419689e-01 9.993028813737260263e-01 9.985630715033542160e-01 9.993723892653495477e-01 9.978412940997876124e-01 9.980501646514456926e-01 9.986588681103040210e-01 9.989466437016644162e-01 9.985647890417451711e-01
9.989167309651066917e-01 9.978530044277208466e-01 9.986777258527982370e-01 9.986406026184322382e-01 9.986989951400910837e-01 9.984425353783740187e-01 9.984219497322940340e-01 9.986360461769736574e-01 9.988562378184473456e-01 9.992212204433231770e-01
9.986850669546888382e-01 9.988596377401374182e-01 9.970450309900418251e-01 9.996649723172131852e-01 9.989915599932668311e-01 9.993719638788296500e-01 9.985006540968366373e-01 9.974356848531593656e-01 9.991858120209290428e-01 9.995426414806070081e-01
9.995488275488931817e-01 9.981142845410171383e-01 9.992414807403910970e-01 9.987767078684667288e-01 9.980719200420946624e-01 9.995185180007959413e-01 9.987296163803607296e-01 9.995439128224105074e-01 9.983555761850581023e-01 9.977784625105259320e-01
9.964860828229460399e-01 9.989698318713454706e-01 9.993303865394097540e-01 9.984284117310129325e-01 9.985839358401635835e-01 9.989079838635679387e-01 9.988325572703748989e-01 9.989991945365620518e-01 9.972845165405053169e-01 9.955122589440750236e-01
9.992998404428441450e-01 9.993415953920650185e-01 9.918834303298393884e-01 9.986780848218689277e-01 9.989197406564261916e-01 9.985263248232031374e-01 9.983878961765814131e-01 9.977261720337531337e-01 9.995266332891600269e-01 9.993132131293656073e-01
9.981528745928267554e-01 9.991800561340670184e-01 9.984148486042873083e-01 9.990853439446246709e-01 9.915862057251105810e-01 9.982282318363046025e-01 9.983989993087752923e-01 9.988814221039490349e-01 9.991988474554830413e-01 9.989299997184833968e-01
9.990704127211759156e-01 9.984474581693580930e-01 9.988846330750362768e-01 9.981988704180390082e-01 9.992526773434347032e-01 9.987639667729418802e-01 9.974879169005884672e-01 9.989634912986850024e-01 9.989887774096397610e-01 9.993017784585944696e-01
9.964615915287812209e-01 9.967153656131395589e-01 9.985700255305390849e-01 9.986957006605275966e-01 9.988122885540973162e-01 9.990545773233008298e-01 9.985418039346012353e-01 9.980484914731505564e-01 9.986650592739225729e-01 9.990006018928228038e-01
9.976775938552959744e-01 9.973913214517947656e-01 9.987907693276829590e-01 9.992131124799850106e-01 9.994249915930732975e-01 9.955875501899953406e-01 9.985774645654790227e-01 9.992829391676427697e-01 9.984842952186754328e-01 9.980540861573742317e-01
9.988151064673427282e-01 9.986905440351432350e-01 9.994035705740004216e-01 9.959775524160854321e-01 9.930499835131820774e-01 9.983901322077131102e-01 9.988076391770203122e-01 9.969268394424943835e-01 9.985074992502129820e-01 9.979713984752484057e-01
9.958873306517362911e-01 9.975508121525848981e-01 9.987745835712050768e-01 9.995123448491793905e-01 9.994017931397956023e-01 9.971903043222859475e-01 9.967325460904423728e-01 9.992846331209452870e-01 9.981010740954906479e-01 9.972092690867532250e-01
9.994332965304348892e-01 9.991905225308418403e-01 9.991144287501214638e-01 9.983352271523873167e-01 9.959060945549811361e-01 9.988718305477296555e-01 9.970571670364245520e-01 9.980653813069559899e-01 9.993419588137578691e-01 9.928677164455502746e-01
9.942925279777324876e-01 9.983136399473020450e-01 9.992595731700666395e-01 9.987112482788242929e-01 9.991243341399049793e-01 9.959224286521177749e-01 9.979831276815217533e-01 9.987838319353035121e-01 9.987288144286284863e-01 9.985626830285425637e-01
9.986748720142194502e-01 9.988134915090779442e-01 9.972317620173095642e-01 9.988912608892460687e-01 9.979154074378007167e-01 9.875639987273059361e-01 9.913378924701564676e-01 9.989467262173289397e-01 9.981158693832081763e-01 9.990975399754143949e-01
9.987257456054997595e-01 9.952732457511529462e-01 9.980001906819839785e-01 9.983419748265159877e-01 9.977985664515593989e-01 9.991249858693324049e-01 9.992477363303815530e-01 9.956333707964406532e-01 9.991973287401888504e-01 9.924224100116325609e-01
9.973828963148460014e-01 9.992401640761631176e-01 9.990646280735605567e-01 9.983059429971024024e-01 9.983281237869963132e-01 9.975682746365930331e-01 9.991257892842667632e-01 9.967759198027695833e-01 9.987824292095276446e-01 9.965647155107547617e-01
9.990861755019223578e-01 9.991310018083148226e-01 9.977707035315575013e-01 9.974389455815376726e-01 9.991529838487467341e-01 9.994484091954398686e-01 9.992633003782690482e-01 9.985632596336299072e-01 9.994903155513874538e-01 9.987800199120555611e-01
9.972820228566637857e-01 9.994828685059911066e-01 9.984546778983611759e-01 9.973040255232465956e-01 9.994404883120255878e-01 9.995416800605377849e-01 9.975471753556061083e-01 9.977561105249664886e-01 9.921844319014269109e-01 9.988051336741666786e-01
9.953882652334610226e-01 9.983264719268576393e-01 9.994672335455135892e-01 9.978613705490129160e-01 9.980441223270731799e-01 9.877857296426225675e-01 9.984319575656722678e-01 9.983908302565860371e-01 9.984904618479414351e-01 9.981810871212827285e-01
9.952681646614615074e-01 9.975682262556135882e-01 9.975790614107069576e-01 9.980006369968897895e-01 9.973584722674222469e-01 9.967337591248606188e-01 9.991793757041429469e-01 9.921991593446936042e-01 9.984914884084739040e-01 9.984627141272647277e-01
9.987525947177715580e-01 9.987894179313048237e-01 9.993585121906732871e-01 9.978881469623338552e-01 9.964849323527575908e-01 9.987080618321669823e-01 9.978196764969405885e-01 9.980086203675700984e-01 9.995207630048655867e-01 9.995464785853779288e-01
9.982737821111555832e-01 9.963648565327823947e-01 9.986459291311110542e-01 9.970010393637203094e-01 9.969495741318006310e-01 9.981795814930856103e-01 8.454070981120204165e-01 9.946151174484036961e-01 9.984145637841215226e-01 9.919441975986029725e-01
9.941328596743923551e-01 9.954408546327383478e-01 9.962847975526066824e-01 9.976458451843692732e-01 9.987105479533224806e-01 9.994011065301541263e-01 9.984375994039836888e-01 9.986935796932993048e-01 9.990921654140967334e-01 9.971474656782033374e-01
9.983629078127230771e-01 9.987511950698396701e-01 9.993482580220265366e-01 9.992260908421785048e-01 9.991580717195333028e-01 9.989338303126533702e-01 9.984989041633816065e-01 9.989222111932775094e-01 9.982626293765824999e-01 9.974085616948560329e-01
9.985331011285877301e-01 9.981736035068778934e-01 9.987924946089763445e-01 9.990004407118175944e-01 9.973447550810080608e-01 9.990121573546892897e-01 9.981092778108135999e-01 9.970185827286115465e-01 9.953780860149525900e-01 9.989422598349454452e-01
9.984876729632528036e-01 9.990077718851863020e-01 9.991375533656273733e-01 9.943200591666391253e-01 9.987424192954430513e-01 9.964346625868415464e-01 9.961452330406029843e-01 9.980562539708380809e-01 9.986045490968995519e-01 9.991786400667437285e-01
9.978754192583273452e-01 9.981116548078357020e-01 9.993128892263943852e-01 9.987754326074586020e-01 9.986904091415368390e-01 9.963609379305108371e-01 9.980951626652784237e-01 9.978040368318463749e-01 9.990239144481565248e-01 9.990193391424746494e-01
9.956624152983849507e-01 9.982563474729302389e-01 9.984998151292391322e-01 9.990860713739926346e-01 9.981996752765960323e-01 9.989177142898221229e-01 9.980678427450774270e-01 9.976348093759304092e-01 9.958670045404740545e-01 9.991855335250627856e-01
9.978377847340449414e-01 9.996317233074918374e-01 9.991544917421554262e-01 9.993777432544000972e-01 9.989474366810455752e-01 9.980439578615190044e-01 9.988293085051194176e-01 9.971931514390987017e-01 9.989314668953854781e-01 9.992824341252461995e-01
9.982254868099135203e-01 9.976033394788745845e-01 9.969814122399492939e-01 9.993584049769480560e-01 9.982598802083402223e-01 9.965880475583475118e-01 9.986588658233782612e-01 9.991897355683346804e-01 9.977087130476803845e-01 9.979498709236114262e-01
9.997191723820761933e-01 9.972860521002785417e-01 9.992217650557539965e-01 9.995566408947305082e-01 9.995184551951896701e-01 9.965836709521591619e-01 9.996353884917695831e-01 9.986076868768277714e-01 9.995781405993300339e-01 9.994691590636418654e-01
9.985116835684466619e-01 9.993126970788017704e-01 9.988969448046236543e-01 9.956971241474418255e-01 9.989750753800892280e-01 9.993460386950712149e-01 9.989973844062568498e-01 9.920206511332060328e-01 9.991785342622629962e-01 9.985284272337890954e-01
9.974046413980725001e-01 9.986092381370603732e-01 9.982485233460901553e-01 9.965035434745668219e-01 9.994034941725223886e-01 9.982810286771711672e-01 9.922784957438378628e-01 9.976706366395923231e-01 9.853673746078217555e-01 9.986784266248830422e-01
9.989814218584454064e-01 9.960943556323991199e-01 9.961752005881018279e-01 9.992746508911246606e-01 9.992231043140774593e-01 9.933729825709400885e-01 9.989446471772399638e-01 9.992390735869717266e-01 9.988138226088191240e-01 9.994574143642996900e-01
9.784560156450056168e-01 9.996311202855281408e-01 9.984932536252313362e-01 9.992821895221249973e-01 9.971122251540613934e-01 9.990124172795155078e-01 9.986282707830547167e-01 9.992635298079525219e-01 9.954274004537857490e-01 9.945828203775567422e-01
9.991197476517721388e-01 9.990107198963277257e-01 9.973413506321496813e-01 9.988639743771794421e-01 9.989661756950295457e-01 9.986271518889549004e-01 9.984656210374529550e-01 9.973434422999721827e-01 9.980676870479530116e-01 9.989212083004218590e-01
9.993103701831558272e-01 9.859340391439780360e-01 9.972177366218445416e-01 9.989646545074331030e-01 9.976419291207481166e-01 9.953280489957900823e-01 9.989184551079827168e-01 9.991566823200752623e-01 9.968507229109717649e-01 9.947993046597591871e-01
9.973894039914743548e-01 9.986213056845861802e-01 9.988236721200886015e-01 9.980494073784018649e-01 9.993097372161017233e-01 9.976600020123714829e-01 9.987826087746330961e-01 9.993827752758689398e-01 9.988038079325988194e-01 9.981240414798906446e-01
9.992716739606822829e-01 9.977515254387957500e-01 9.975972508145506401e-01 9.964420421292177199e-01 9.965564169650692472e-01 9.953199431926850194e-01 9.991171314147392346e-01 9.988652249153180396e-01 9.982387248900299603e-01 9.979641767149327602e-01
9.968762607476419069e-01 9.979568522708928136e-01 9.966735224100199408e-01 9.991758701017011690e-01 9.983883381134438517e-01 9.994734102598334946e-01 9.990612000396676962e-01 9.973874235784967457e-01 9.983006212028013859e-01 9.978250689658075823e-01
9.990164250714684835e-01 9.992415512251312526e-01 9.962512653076895930e-01 9.963474468177800913e-01 9.991117950323776808e-01 9.990711938217515797e-01 9.992600674413371076e-01 9.994018706298143373e-01 9.981614589858904818e-01 9.991276108266466949e-01
9.961344873018829205e-01 9.987886486694824706e-01 9.990576104037706129e-01 9.983256278981267329e-01 9.984581882355855198e-01 9.959824263757836027e-01 9.989378881965048640e-01 9.981306608769241473e-01 9.990852996787581430e-01 9.991130001874010125e-01
9.987415161328396795e-01 9.995035991018430543e-01 9.994328040213718012e-01 9.983511184180033915e-01 9.961127332326157324e-01 9.983830049086340752e-01 9.959273618502957337e-01 9.988755665427146990e-01 9.986648776061067823e-01 9.985225713477003939e-01
9.991867435960233301e-01 9.992762354489944654e-01 9.994946874658358071e-01 9.989371894161016563e-01 9.960548204699160024e-01 9.874180638814668010e-01 9.992692946235737228e-01 9.966440396810640756e-01 9.990471591219809433e-01 9.983006321983771691e-01
