9.999363997277168625e-01 9.999220477755972336e-01 9.999252712860401404e-01 9.999163188921044165e-01 9.998870260745532645e-01 9.999202172623218310e-01 9.999009274332696373e-01 9.999316464003884519e-01 9.999589994108808444e-01 9.999113473748293401e-01
9.999237262770548362e-01 9.999441809772217082e-01 9.999685019637044592e-01 9.999572041678419509e-01 9.999130771891617808e-01 9.999686306794580704e-01 9.999050913385540973e-01 9.999253932672982348e-01 9.999208749167667332e-01 9.999497228450543451e-01
9.999315422469507997e-01 9.999180549192526746e-01 9.999345970440771669e-01 9.998972203382570090e-01 9.999276121477612689e-01 9.999054886518077279e-01 9.999374725412705223e-01 9.999175464116716316e-01 9.999093270240081432e-01 9.999293143770914272e-01
9.999315245049592571e-01 9.999262052351741703e-01 9.999192198685474819e-01 9.999348362191096129e-01 9.999335836182302595e-01 9.999427516739285426e-01 9.999575501277268019e-01 9.999307756088081645e-01 9.999193199765250561e-01 9.999456476612903488e-01
9.999424577286122329e-01 9.999262271628364118e-01 9.999560096072234172e-01 9.999374776327233372e-01 9.999532760905900375e-01 9.999399197669749384e-01 9.998995396106125089e-01 9.999460820429522112e-01 9.999162795805782711e-01 9.999478617320782803e-01
9.999373160476178191e-01 9.999125705364397820e-01 9.998884024020471273e-01 9.999283921551409549e-01 9.999260542185439693e-01 9.999271718170912315e-01 9.999370638973112957e-01 9.999500550073427974e-01 9.998916652130371840e-01 9.999440674114801197e-01
9.999529397284597776e-01 9.999370137570369188e-01 9.999341242921955253e-01 9.999430801216095954e-01 9.999564203939083074e-01 9.999185490325548376e-01 9.999449902287069758e-01 9.999293295777939017e-01 9.999010894617652578e-01 9.999476711472882196e-01
9.999358389918112655e-01 9.999616667051576258e-01 9.999251371557733581e-01 9.999534295081976554e-01 9.999330710931312316e-01 9.999151250087502385e-01 9.999236185326693116e-01 9.999574092623975119e-01 9.999458681477120248e-01 9.998892623607087415e-01
9.999225742870924138e-01 9.999264564073364614e-01 9.999411594789566760e-01 9.999367059478272424e-01 9.999464367162014256e-01 9.999625470002300176e-01 9.999420506393772445e-01 9.999115255963166859e-01 9.999560142242434058e-01 9.999495032069218858e-01
9.999517473883349217e-01 9.998929474188580357e-01 9.999377279387019479e-01 9.998854990164458556e-01 9.999444704567718167e-01 9.999340527800878453e-01 9.999303659275763367e-01 9.999160090804868339e-01 9.999313947316404994e-01 9.999112274026428215e-01
9.998881856364209009e-01 9.999139572706592372e-01 9.999211727780030756e-01 9.999312264539341744e-01 9.999489998264919910e-01 9.999235967192010577e-01 9.999404769492363787e-01 9.999431506041039919e-01 9.999182727883842992e-01 9.999370101955400436e-01
9.999574447489323337e-01 9.999143214485710640e-01 9.999542283123746822e-01 9.999509314714494224e-01 9.999358743939226191e-01 9.999375630571450957e-01 9.999088136385343439e-01 9.999529555617541199e-01 9.999411752014688570e-01 9.999388776051028049e-01
9.999496956163670403e-01 9.998958962366962799e-01 9.999175973796349259e-01 9.998705947930762727e-01 9.999245357971132675e-01 9.999498050052226805e-01 9.999387295495852923e-01 9.999598346119482617e-01 9.999266728934098625e-01 9.999234930080650452e-01
9.999102943625091111e-01 9.999445006839464689e-01 9.999729747454410012e-01 9.999566350191120279e-01 9.998717329927881980e-01 9.999314083333966652e-01 9.999431894362755813e-01 9.999364824310080779e-01 9.999247608668295761e-01 9.999251339603208999e-01
9.999605946063259143e-01 9.998976432472475029e-01 9.999540433500079262e-01 9.999134610070414819e-01 9.998962521914630530e-01 9.999458911841184738e-01 9.999150438082053949e-01 9.999622631463321865e-01 9.998420664698191018e-01 9.999259478996171957e-01
9.999087970144466819e-01 9.999188279889219544e-01 9.999443935462182242e-01 9.999065467465104717e-01 9.999292811420408267e-01 9.999034740810676114e-01 9.998980626872109312e-01 9.999074909664121824e-01 9.999324560459603717e-01 9.999131669780064735e-01
9.999576037745435686e-01 9.999064581074751379e-01 9.999573610637074728e-01 9.999692454535693553e-01 9.999058666100455461e-01 9.999547302254880865e-01 9.999274923269995119e-01 9.999630341388375809e-01 9.999337386543695194e-01 9.999403411955050114e-01
9.999275963293023928e-01 9.999347763420740609e-01 9.999146979271654745e-01 9.999284441742538609e-01 9.999562935426798971e-01 9.999347541439130849e-01 9.998983115633286456e-01 9.999275610126878711e-01 9.999399839517051358e-01 9.999268828855157887e-01
9.998906993332743465e-01 9.999517908390507248e-01 9.999316960140095523e-01 9.999249046715550371e-01 9.999509608140982886e-01 9.999442396815033662e-01 9.999273485544587503e-01 9.999280935230655531e-01 9.999011671688712299e-01 9.999244122359619569e-01
9.999331639122269744e-01 9.999568525938214991e-01 9.999269490444515629e-01 9.999440330763147422e-01 9.998932736347457828e-01 9.999233174298334248e-01 9.998834587757498005e-01 9.999434237148665527e-01 9.999357129078690898e-01 9.999460438931487838e-01
9.998715010287581029e-01 9.999328317791963405e-01 9.999213309885740530e-01 9.999308737936837277e-01 9.999691003696117297e-01 9.999180911965529495e-01 9.999165013452336881e-01 9.999235959238952365e-01 9.999352181263994055e-01 9.999431557609956833e-01
9.999248701694931629e-01 9.999389527025863700e-01 9.999451245181186776e-01 9.999402098700574948e-01 9.998986087724893723e-01 9.999426253136027842e-01 9.998847979389371421e-01 9.999596449739512893e-01 9.999455681214393099e-01 9.999618574016070349e-01
9.998929465222450297e-01 9.999388320470874447e-01 9.999343551455526224e-01 9.999415057302261101e-01 9.999075888108307497e-01 9.999549885683394201e-01 9.999016033114838109e-01 9.999340808278158743e-01 9.999082473147390404e-01 9.999670145287931078e-01
9.999525475727915058e-01 9.999517823051525811e-01 9.999394294356080959e-01 9.999433743202075231e-01 9.999351786050861834e-01 9.999588371902363715e-01 9.999366680945660502e-01 9.999268310889595224e-01 9.999228358872760403e-01 9.999316984695396648e-01
9.999425138069686358e-01 9.999398995551191938e-01 9.999523386939693781e-01 9.998885436393740722e-01 9.999260478533347207e-01 9.999091777744841814e-01 9.998845257605299963e-01 9.999261263538536948e-01 9.999535846343258205e-01 9.999106820317207323e-01
9.999183136976148578e-01 9.998879044955557571e-01 9.999321829956145935e-01 9.999426576437033809e-01 9.999460065073449977e-01 9.999104327771117795e-01 9.999407703314648899e-01 9.999236615810869200e-01 9.999109324607952098e-01 9.999179408560352478e-01
9.999512291581056367e-01 9.999295336970195347e-01 9.999217712519921086e-01 9.999097759677895159e-01 9.999411147131918032e-01 9.998898379114089519e-01 9.999195077617292204e-01 9.999523943904022882e-01 9.999171077670495622e-01 9.999329629271758169e-01
9.998959385022188062e-01 9.999349832843942298e-01 9.999675900482845048e-01 9.998975679595979438e-01 9.999392514377055674e-01 9.999155655534923692e-01 9.999499263648978786e-01 9.999542002608374780e-01 9.999376832925753744e-01 9.999451777026688859e-01
9.999306726649532795e-01 9.999389406419225690e-01 9.998954857325005330e-01 9.999070193370979132e-01 9.999359824132666441e-01 9.999236512020778234e-01 9.999649671596844147e-01 9.999451585941881993e-01 9.999506516385724408e-01 9.999217298299281076e-01
9.999361225680063470e-01 9.999487160478841563e-01 9.999576314891384099e-01 9.999372104702579644e-01 9.999350344320003803e-01 9.999411658167686179e-01 9.999166840886430929e-01 9.999349059255454586e-01 9.999232624483700427e-01 9.999065117041369133e-01
9.999051986686072757e-01 9.999158088314784587e-01 9.999559636330836998e-01 9.999258913016140227e-01 9.999124584635841195e-01 9.999281886994870749e-01 9.999214133958016504e-01 9.999544649068180524e-01 9.999544650402890644e-01 9.999337484688934907e-01
9.999309906600386544e-01 9.998873044997589332e-01 9.999285544214288057e-01 9.999327725608799788e-01 9.998774252779701888e-01 9.999438141226058008e-01 9.999429236089123485e-01 9.999139468388559271e-01 9.999195300371782613e-01 9.999249793588393942e-01
9.999591908712044397e-01 9.999458503207526716e-01 9.999014096358618264e-01 9.999357851847667789e-01 9.999417690613343623e-01 9.999560117489978417e-01 9.999569101840003471e-01 9.999398270513736309e-01 9.999509857088002551e-01 9.998908616797846927e-01
9.999204065801509111e-01 9.999154961361453875e-01 9.999234592959267420e-01 9.999556606464750086e-01 9.999484830886925524e-01 9.999172941475490406e-01 9.999381011317209911e-01 9.999516155697265596e-01 9.999262551978372882e-01 9.999213049344048976e-01
9.999344689741577197e-01 9.999606122573656553e-01 9.999180255749956503e-01 9.999148813827144489e-01 9.999275144896290213e-01 9.999176557607308835e-01 9.999227584318772788e-01 9.999290989542671815e-01 9.999269951365485909e-01 9.999402687557528147e-01
9.999535474359955156e-01 9.999424660801050635e-01 9.999385400396708645e-01 9.999542536453129848e-01 9.999099558302102508e-01 9.999455799451730798e-01 9.999051212665684973e-01 9.998939143075529223e-01 9.999392290590624066e-01 9.999229373849217728e-01
9.999123585337623688e-01 9.999385342784692376e-01 9.999582262740442928e-01 9.999142495416710741e-01 9.999460642297783863e-01 9.999530322449561304e-01 9.999102678055045157e-01 9.999405690057121543e-01 9.999408429036551471e-01 9.999537999595501381e-01
9.999003356374681628e-01 9.999269591447933481e-01 9.999373708875322064e-01 9.999106983336675247e-01 9.999145465846223102e-01 9.999501100013754584e-01 9.999370067418769104e-01 9.999059578142177607e-01 9.999167722397571678e-01 9.999275761737904666e-01
9.999466215075230036e-01 9.999412181100295616e-01 9.998968636640912511e-01 9.999158166449920726e-01 9.999385121113329999e-01 9.999171719986628126e-01 9.999317481826054399e-01 9.999046368835374787e-01 9.999385393082441675e-01 9.999618675497183862e-01
9.999373646431203300e-01 9.999524584773958891e-01 9.999468518467772293e-01 9.999264086918983052e-01 9.999418451396365759e-01 9.999197109324261534e-01 9.999209319530486528e-01 9.999101710776198138e-01 9.999449346002650119e-01 9.999085421390918604e-01
9.999637292807274092e-01 9.999495349033384883e-01 9.999460531805952623e-01 9.999389497544890482e-01 9.999316998571098347e-01 9.999349216360566839e-01 9.999653471279522643e-01 9.999331753471977224e-01 9.999373586550541759e-01 9.999022443343332789e-01
9.999476784989580480e-01 9.999237177778461660e-01 9.999046155831280425e-01 9.998959628210073447e-01 9.999340197464264834e-01 9.999007634353100915e-01 9.999320425723159378e-01 9.999374193263256272e-01 9.999509925666731913e-01 9.999077555038544673e-01
9.999335596020031414e-01 9.999353995690587471e-01 9.999040849433442624e-01 9.999071576454441335e-01 9.999658355089426909e-01 9.999511434977286228e-01 9.998725227031217688e-01 9.999376554465413403e-01 9.999448730712524602e-01 9.999423343221276461e-01
9.999034685383917376e-01 9.999155572741104114e-01 9.999333748315494264e-01 9.999517395301839029e-01 9.999136289897972985e-01 9.999125462696171196e-01 9.999285772068895461e-01 9.999450144620674052e-01 9.999397100604636712e-01 9.999381757316707642e-01
9.999347807079638217e-01 9.998955033149139471e-01 9.998962500518228103e-01 9.999359278626305247e-01 9.999346373132023125e-01 9.999353875407512859e-01 9.999161056681457049e-01 9.999225090577393837e-01 9.999143557136993543e-01 9.999632998494346614e-01
9.999518997599108339e-01 9.999200981432602164e-01 9.998965567319912928e-01 9.999109380478390374e-01 9.999309012079893311e-01 9.999472911486301241e-01 9.999330563455900434e-01 9.999270909313510147e-01 9.999551689147760936e-01 9.999446109166048036e-01
9.998951909976031560e-01 9.999322818558651349e-01 9.999503287475186575e-01 9.999138115436237984e-01 9.999478130444638957e-01 9.999045514128672707e-01 9.998840313564577587e-01 9.999446545468522185e-01 9.999554232436376200e-01 9.999332984475637343e-01
9.999415442734488346e-01 9.999287198108445240e-01 9.998857024278759997e-01 9.999330263785843886e-01 9.999058514262834096e-01 9.999207318718880133e-01 9.999179005108151941e-01 9.999618098085336637e-01 9.999422327855940207e-01 9.999260044136385472e-01
9.999045207623417086e-01 9.998952752775771557e-01 9.999543880290950870e-01 9.999304812296840872e-01 9.998941199769962873e-01 9.999512481454274626e-01 9.999203036240824627e-01 9.998769235731881366e-01 9.999166985172747157e-01 9.999509775936774592e-01
9.999258060792142189e-01 9.999516520825514343e-01 9.999500528645424158e-01 9.999409727324033437e-01 9.999415094623358424e-01 9.999481094696317518e-01 9.999411378662349525e-01 9.999348418055370447e-01 9.999195748544256190e-01 9.999575010801348141e-01
9.999616934854242967e-01 9.999089918347968675e-01 9.999433621318074561e-01 9.999356006751555226e-01 9.999400312253975409e-01 9.999123923731171315e-01 9.999257571549967638e-01 9.999314493794828618e-01 9.999136191573212429e-01 9.999307301540586446e-01
9.999146776765726052e-01 9.999312089347878185e-01 9.999337687575428069e-01 9.999065597994755139e-01 9.999431055813757796e-01 9.999257733233746226e-01 9.999245756724308709e-01 9.999300096182969222e-01 9.999157618585443608e-01 9.999400229911720173e-01
9.999061449325066242e-01 9.999098750369330713e-01 9.999453049801020343e-01 9.999446249560288713e-01 9.999351580565910558e-01 9.999296384047781094e-01 9.999394958008713807e-01 9.999208287562538766e-01 9.999312663141468605e-01 9.999504274325646813e-01
9.999334733269812370e-01 9.999438671867727502e-01 9.999201729968894004e-01 9.999636470919235354e-01 9.999522433016629908e-01 9.999293185565395481e-01 9.999289346928302846e-01 9.998764402072795043e-01 9.999539530249966779e-01 9.999309100363985570e-01
9.999232549430234762e-01 9.999407136347385761e-01 9.999305904790342092e-01 9.998845823685347245e-01 9.999518755985600249e-01 9.999252299814723743e-01 9.998992114620294247e-01 9.999076219625981921e-01 9.998976856657640910e-01 9.999260380435328610e-01
9.999427332250259148e-01 9.999288197639053521e-01 9.999395678434306323e-01 9.999226331144056568e-01 9.999604375133873679e-01 9.999125831324606750e-01 9.999232581877233184e-01 9.999228383137495069e-01 9.999231100239238668e-01 9.999117269702846311e-01
9.999396520006378353e-01 9.999294864391049531e-01 9.999255172157428539e-01 9.999198506502051664e-01 9.999065416734225220e-01 9.999100097939850329e-01 9.998975883831090483e-01 9.999372996490843990e-01 9.999510603725721980e-01 9.999242321023145141e-01
9.999043383405227248e-01 9.999323579977927867e-01 9.999674426030259466e-01 9.999067612118652804e-01 9.999397338708611027e-01 9.999205022800184972e-01 9.999471963479213965e-01 9.999550817035395278e-01 9.999590229435886268e-01 9.999211566837176157e-01
9.999451081871081337e-01 9.999178607397738450e-01 9.999094507318159186e-01 9.999464686214528664e-01 9.998818301717246060e-01 9.999665462998454935e-01 9.999202861651879104e-01 9.999030557242449824e-01 9.999233875771954549e-01 9.999429340058947346e-01
9.999315786156810493e-01 9.999028984387317021e-01 9.999117015741337822e-01 9.998873910705812218e-01 9.999589300679635473e-01 9.998980947143298881e-01 9.998834250796598822e-01 9.999651943773093521e-01 9.999597354516394088e-01 9.999553632414105442e-01
9.999436705377012791e-01 9.999094306378649710e-01 9.999237761126058555e-01 9.999471504420867074e-01 9.999203504499328821e-01 9.999506740392842818e-01 9.999423208885742653e-01 9.999146557160802917e-01 9.999516437317913509e-01 9.999169492599406794e-01
9.999426400542998916e-01 9.999308192268399065e-01 9.999409582427325471e-01 9.999533992491589363e-01 9.999032480826894886e-01 9.999353064469947983e-01 9.999121709310765382e-01 9.999200851046425864e-01 9.999231162495384462e-01 9.999418663757186909e-01
9.999232696152976496e-01 9.999585666425093722e-01 9.999182792019369881e-01 9.999301093621268954e-01 9.999192811849270113e-01 9.999192567305278390e-01 9.999394808533066392e-01 9.999134099488947713e-01 9.999063026066054016e-01 9.999562016116108065e-01
9.999418381034197445e-01 9.998995277519524549e-01 9.999297379987147627e-01 9.999099080234182813e-01 9.998861127862551657e-01 9.999316798620464519e-01 9.999426116271071807e-01 9.999432092502643643e-01 9.999212716972557535e-01 9.998885245770374741e-01
9.999225779925488000e-01 9.999217495612108264e-01 9.999606030074884577e-01 9.999323677751164041e-01 9.999508396991516612e-01 9.999410674236425267e-01 9.999266163722695389e-01 9.999080155944547466e-01 9.999097893577960638e-01 9.999500896442277131e-01
9.999385256931810906e-01 9.999581984054660699e-01 9.999083787778838550e-01 9.999328956373801924e-01 9.999350741823024302e-01 9.999019079876990679e-01 9.999423509697912271e-01 9.999552279327551529e-01 9.999421379200077453e-01 9.999614483370987683e-01
9.999423748176420323e-01 9.999295207358013249e-01 9.999449368821395900e-01 9.999492301805360528e-01 9.999471824766456018e-01 9.999583449193503171e-01 9.999254715467051913e-01 9.999526356141836825e-01 9.999350863653472254e-01 9.999262714601411250e-01
9.999369080121996989e-01 9.999562925821228188e-01 9.999429843320494227e-01 9.999497549882699898e-01 9.999452777153164940e-01 9.999469045943295553e-01 9.999443912465604267e-01 9.999542500565834491e-01 9.999518730158741819e-01 9.999402035724679338e-01
9.999386458921464271e-01 9.999549899436703804e-01 9.999423072420611236e-01 9.999386624760211451e-01 9.999457450351580956e-01 9.999533293856230909e-01 9.999029617563580663e-01 9.999366965691820486e-01 9.999559425198507601e-01 9.999154192634285288e-01
9.999487862236204894e-01 9.999246316482908181e-01 9.999341883701355904e-01 9.999575390336743475e-01 9.999485082027882443e-01 9.999237794811690616e-01 9.998972591164216883e-01 9.999169725218468585e-01 9.999424098741759304e-01 9.999033728821102862e-01
9.999448100965431241e-01 9.999186521638124825e-01 9.999156363624939203e-01 9.999084030523124333e-01 9.999621780379355229e-01 9.999313025201632676e-01 9.999280599867923502e-01 9.999220900791705446e-01 9.999248329310896910e-01 9.999456839554687893e-01
9.999124832556840481e-01 9.999259571835152904e-01 9.999153257846582488e-01 9.999328286548853084e-01 9.999138107771269324e-01 9.999641904180862628e-01 9.999034080395230450e-01 9.999336431265763991e-01 9.999040566956481912e-01 9.998930037437653295e-01
9.999396124729494906e-01 9.999397186629599421e-01 9.999414069824765772e-01 9.999359419337194854e-01 9.999390329747137596e-01 9.998607474714896748e-01 9.998835210053083067e-01 9.999109636538274781e-01 9.999289201176122521e-01 9.999361855282512535e-01
9.999361231672895256e-01 9.999346740488526120e-01 9.999400856707159058e-01 9.998837419629275081e-01 9.999253889286869867e-01 9.999261183599452707e-01 9.999305521566732580e-01 9.998962608341025460e-01 9.999548027576292686e-01 9.999430248455608572e-01
9.999199297433313260e-01 9.999119737406276798e-01 9.999168854391036199e-01 9.999332895426576995e-01 9.999610626839668948e-01 9.999050326810197120e-01 9.999399952319248941e-01 9.999364562405913537e-01 9.999482427140108376e-01 9.998793726890203848e-01
9.999239178817305174e-01 9.999401583810414440e-01 9.998961608607980223e-01 9.999623664954698787e-01 9.999504247692346803e-01 9.999361794652625868e-01 9.999495936933127105e-01 9.999436806131193345e-01 9.999440680717242014e-01 9.999297017261676856e-01
9.999229548644857912e-01 9.999150279250175188e-01 9.999134305874438633e-01 9.999134302972043642e-01 9.999404377826263124e-01 9.999296089829926570e-01 9.999563458406508509e-01 9.999431260596765014e-01 9.999192692610452404e-01 9.999243994619815279e-01
9.998722836341894515e-01 9.999559350250015743e-01 9.999134312643928046e-01 9.999391228520501107e-01 9.999646457597940463e-01 9.999392087884200198e-01 9.999283547439702380e-01 9.999372818775649208e-01 9.999453763210287560e-01 9.999361428526952755e-01
9.999046351935606536e-01 9.999279351581021880e-01 9.999165717967529732e-01 9.999477468814760295e-01 9.999316863711045222e-01 9.999414888953418457e-01 9.999271904599055238e-01 9.999049821729800724e-01 9.999622672815379198e-01 9.999343498138966169e-01
9.999074093011239839e-01 9.999366168759490359e-01 9.999291646125136879e-01 9.999328111987255685e-01 9.999558416743296041e-01 9.999284987904663025e-01 9.999371311017962727e-01 9.999089232569753349e-01 9.999418277796636723e-01 9.999380972459270822e-01
9.999582354328541145e-01 9.999323493739240565e-01 9.999325361340872798e-01 9.999493512850309296e-01 9.999246948652458222e-01 9.999099743561685738e-01 9.999248250528639526e-01 9.999453114321787961e-01 9.999336730660659533e-01 9.999292385098742519e-01
9.999267988696511900e-01 9.999152146788582440e-01 9.999277165247650867e-01 9.999370598326124959e-01 9.999402215910201397e-01 9.998928195726749513e-01 9.999524297723857424e-01 9.999524077657574450e-01 9.999440386565294769e-01 9.998975607382724062e-01
9.999357081977381378e-01 9.998847973865999661e-01 9.999548247391658595e-01 9.999393327236250073e-01 9.999599440158173369e-01 9.999397931023612518e-01 9.999374737994034534e-01 9.998675150593577809e-01 9.999225515174733347e-01 9.999315125169987439e-01
9.999221266271389741e-01 9.999197993192291412e-01 9.999427056220523413e-01 9.998633395958220760e-01 9.999250610264284189e-01 9.999512007949029613e-01 9.999527992380521368e-01 9.999317602740553923e-01 9.999055980197963933e-01 9.999386127627242216e-01
9.999424173785605996e-01 9.999461023964322237e-01 9.999195941684181355e-01 9.999324523751936811e-01 9.999543761549465337e-01 9.999032854638032486e-01 9.999361839798066587e-01 9.999362180129774957e-01 9.999469216941480054e-01 9.999428601488407065e-01
9.999180096017755703e-01 9.999212170889189011e-01 9.999502035524641119e-01 9.998973565835171939e-01 9.999373173089149969e-01 9.999215072099286727e-01 9.999365116452780811e-01 9.999405816932861457e-01 9.998967014669496445e-01 9.999468127066671874e-01
9.999322147603768585e-01 9.999579596402543569e-01 9.998901173894616523e-01 9.999340982582207715e-01 9.999284051423062980e-01 9.999410200625751255e-01 9.999554866303508316e-01 9.999485824577973858e-01 9.999527201782426600e-01 9.999485087302709685e-01
9.999252555913646923e-01 9.999216532809978020e-01 9.999257939512508075e-01 9.999422983588369673e-01 9.999291480318629466e-01 9.999314005444125408e-01 9.998713440322636314e-01 9.999326063382424357e-01 9.999334269534364550e-01 9.999262337708439974e-01
9.999317883113815197e-01 9.999345745517216333e-01 9.999454100383063926e-01 9.999151941735683335e-01 9.999583113209284946e-01 9.999073519245428310e-01 9.999422471053408534e-01 9.998863092078986714e-01 9.999110713680106066e-01 9.999023568567831921e-01
9.999313901070201460e-01 9.999283901130991969e-01 9.999198468865366785e-01 9.999621652131697180e-01 9.999070141424059033e-01 9.999059949893895904e-01 9.999325703710427726e-01 9.999209934168058478e-01 9.999181328061360619e-01 9.999045251731570882e-01
9.999187043349910820e-01 9.999312499518296926e-01 9.999458759017939569e-01 9.998756987921036954e-01 9.999304579157671791e-01 9.999371956560201280e-01 9.999278863745126866e-01 9.999464256172247989e-01 9.999227715741378919e-01 9.999250995983441914e-01
9.999507425338916011e-01 9.999365453497622847e-01 9.999424046719255221e-01 9.999208548279154840e-01 9.999169048234615165e-01 9.999361430708699761e-01 9.998778556865871581e-01 9.998674161231071444e-01 9.999306788889427144e-01 9.999325223601892576e-01
9.998900004574740041e-01 9.999623210206270985e-01 9.999230595169835700e-01 9.999272357115193133e-01 9.999328029641556537e-01 9.998871287941528685e-01 9.999344235032709971e-01 9.999587581655087209e-01 9.999391595891022888e-01 9.999333486411862149e-01
9.999388799891810731e-01 9.999433937011590334e-01 9.999426504128401394e-01 9.999058383205133849e-01 9.999148323143183248e-01 9.999423255145922784e-01 9.999207948001336277e-01 9.999162499659673964e-01 9.999534367706197635e-01 9.999398432189218200e-01
9.999489558105040254e-01 9.999052419359454325e-01 9.999360817451674599e-01 9.999502912398531285e-01 9.999403747030698453e-01 9.999441299779860959e-01 9.999279084267784778e-01 9.999253201357146681e-01 9.999348693153566892e-01 9.999324935183731000e-01
9.999417584942322801e-01 9.999514840550651762e-01 9.999419224693268937e-01 9.999250311326987051e-01 9.999488776245054611e-01 9.999359462097592299e-01 9.999535440192436342e-01 9.999375215291227414e-01 9.999643222101206597e-01 9.999504043579972024e-01
9.999429845802413341e-01 9.999309855551656856e-01 9.999197475511277799e-01 9.999068143783638174e-01 9.999455794553770982e-01 9.999395262928884032e-01 9.999300658353843518e-01 9.999438588739720801e-01 9.999442778773677265e-01 9.999226186084653190e-01
9.999273644411169615e-01 9.999314722491058349e-01 9.999338040032789143e-01 9.999210000167861878e-01 9.999520084925375141e-01 9.999309952303733207e-01 9.999230496357628395e-01 9.999117784953724941e-01 9.998902950570789372e-01 9.998730617246694985e-01
9.999448080834527630e-01 9.998987027565540142e-01 9.999346206945158855e-01 9.999542412209331266e-01 9.999315696518435992e-01 9.999288871877901608e-01 9.999198772511522781e-01 9.999215456655010659e-01 9.999215739155663529e-01 9.999020626466331718e-01
9.999386807729804261e-01 9.999595647878516402e-01 9.999439789150471602e-01 9.999482361933184071e-01 9.999287422570709571e-01 9.998965692154144769e-01 9.999254651250422121e-01 9.999540695724290496e-01 9.999431367460286380e-01 9.999112843313150423e-01
