9.999287984506780580e-01 9.999942343975082304e-01 9.999102572101201680e-01 9.996747790100728448e-01 9.997945698154896421e-01 9.999842587047913511e-01 9.999322599165596515e-01 9.999553755535941502e-01 9.999672592435309149e-01 9.999821971954990785e-01
9.999934227185475200e-01 9.999651603619647000e-01 9.999721986361975734e-01 9.999722810621060054e-01 9.999816001693055956e-01 9.999738046895310095e-01 9.999155138096340600e-01 9.999706496739039219e-01 9.999471846144484255e-01 9.999569429730118530e-01
9.999773785153101002e-01 9.999879968056224477e-01 9.999282218840637171e-01 9.999609932291517733e-01 9.999759337227651645e-01 9.999623106444868181e-01 9.999509783814577446e-01 9.999851435756828000e-01 9.999726801404676957e-01 9.999572131128626751e-01
9.999591556165089434e-01 9.999487133683812035e-01 9.999359171152244485e-01 9.999907456236879488e-01 9.999941248951539352e-01 9.999820623770609984e-01 9.999916703718404465e-01 9.999922028891582437e-01 9.999842147790581892e-01 9.999916480540235186e-01
9.999810940288690331e-01 9.999528955263725649e-01 9.999791188066748937e-01 9.999766910841905165e-01 9.999789970519609161e-01 9.999703228516318987e-01 9.999855212902649670e-01 9.999655934968573190e-01 9.999701517096031278e-01 9.999908899387591754e-01
9.999779238663470959e-01 9.999845652480048308e-01 9.999468093965515614e-01 9.999151543276693088e-01 9.999789378310141030e-01 9.999696916123154145e-01 9.999875647845377635e-01 9.999783048412409503e-01 9.999882830049021676e-01 9.999806561572956998e-01
9.999787653463166892e-01 9.999080839749272531e-01 9.999314325369669243e-01 9.999709796744639112e-01 9.999684290080124160e-01 9.999859365009372558e-01 9.999086625282391783e-01 9.999751288115455994e-01 9.999680469445236808e-01 9.999577015199107022e-01
9.999799771674141580e-01 9.999717185357268612e-01 9.999756497264377098e-01 9.999896498694746949e-01 9.999556367266870804e-01 9.998757071869656121e-01 9.999753613465949265e-01 9.999537345913893649e-01 9.999881549768825373e-01 9.999852551688042102e-01
9.998527674764098316e-01 9.999451988742844577e-01 9.999764455982632638e-01 9.999593329792294538e-01 9.999885360555145208e-01 9.999709103796612375e-01 9.999271698159679644e-01 9.998469682531786473e-01 9.999663544676710147e-01 9.999590310057484555e-01
9.999505129474272058e-01 9.999812185210807947e-01 9.999675800378468038e-01 9.999740835728483379e-01 9.999819733671400090e-01 9.999642343334008698e-01 9.999713461419541538e-01 9.999935675664254342e-01 9.998868283559717574e-01 9.999748879076827413e-01
9.999772495235886849e-01 9.999657256925240656e-01 9.999671573138497749e-01 9.999865651275873235e-01 9.999620502010947432e-01 9.999631145348638617e-01 9.999911356427679809e-01 9.999812171813873274e-01 9.999853067967895415e-01 9.999901031443176880e-01
9.999869029321034608e-01 9.999594968010859786e-01 9.999727717218422907e-01 9.999828212742259970e-01 9.999427577092221409e-01 9.999717065738416011e-01 9.999463516979556488e-01 9.999863158840149868e-01 9.999772847576846591e-01 9.999600697591262133e-01
9.999823807191722258e-01 9.999899927813014067e-01 9.999322937221494234e-01 9.999574183010265793e-01 9.999644602398494175e-01 9.999814527322666846e-01 9.999732636637884697e-01 9.999516097097921330e-01 9.999393970577220569e-01 9.999466160714710616e-01
9.997444637402618239e-01 9.999331604601187085e-01 9.999561701419684701e-01 9.999569545603075316e-01 9.999740205622420497e-01 9.999690858773822022e-01 9.999266929036337848e-01 9.999606321275960052e-01 9.999976865186013253e-01 9.999478828470481639e-01
9.999708509894261743e-01 9.999846162509005154e-01 9.999711837479194898e-01 9.999927542507749401e-01 9.999657705025402077e-01 9.999870201863567676e-01 9.999423313065549657e-01 9.998965401586970003e-01 9.999848411371818901e-01 9.999720616376910343e-01
9.999739485085457069e-01 9.999898253257176739e-01 9.999600292752865993e-01 9.999511246683145949e-01 9.999698051831180656e-01 9.999630632592665380e-01 9.999601379360913977e-01 9.999511861432753834e-01 9.999896630899647310e-01 9.999700999853731176e-01
9.999575931726275568e-01 9.999940285638474480e-01 9.999879357055342366e-01 9.999564872081844191e-01 9.999635562648873099e-01 9.999568611631355353e-01 9.999585420650601852e-01 9.999790901575951185e-01 9.999622926863934724e-01 9.999516027214908620e-01
9.999514530765200027e-01 9.999811928662503124e-01 9.999800822338930084e-01 9.999742541839826693e-01 9.999594425670149667e-01 9.999569960242365996e-01 9.999570940163986510e-01 9.999707220633855531e-01 9.999539288310925755e-01 9.999910463519444681e-01
9.999689750498537144e-01 9.999928172660689230e-01 9.999759951444470163e-01 9.999617566708998151e-01 9.999584795317161268e-01 9.999777712844757360e-01 9.999815257503423815e-01 9.999240436231662255e-01 9.999527629939841677e-01 9.999617831716763883e-01
9.999813652459712543e-01 9.999868162333707122e-01 9.999401614726804999e-01 9.999657389345646408e-01 9.999626487632102823e-01 9.999790537765619325e-01 9.999846709848222437e-01 9.999647149118037204e-01 9.999862105032469861e-01 9.999459882814010214e-01
9.999563163887762451e-01 9.999916962670888365e-01 9.999812577729461083e-01 9.999869738158283505e-01 9.998449779041603813e-01 9.999609161565375937e-01 9.999468476699550079e-01 9.999938676501908263e-01 9.999672914971867721e-01 9.999616879744498421e-01
9.999605114852948562e-01 9.999532192421576315e-01 9.999437466114686757e-01 9.999633626193881186e-01 9.999165737601491966e-01 9.999902722667666222e-01 9.999406715333386542e-01 9.999914373614273710e-01 9.999797023389860318e-01 9.999515181083173943e-01
9.999842870085290381e-01 9.999690387053420393e-01 9.999621402136688042e-01 9.999452137015344411e-01 9.999794855407726502e-01 9.999839173319196028e-01 9.999842980848543395e-01 9.999506217785287809e-01 9.999768400528971091e-01 9.999613795458363041e-01
9.999551980698156983e-01 9.999689058217857696e-01 9.999801250420191634e-01 9.999890877502305431e-01 9.999127548547529498e-01 9.999856954392558617e-01 9.999694808953569769e-01 9.999823192180045117e-01 9.999875109397409201e-01 9.999528231211156637e-01
9.999799166239394799e-01 9.999692407666530558e-01 9.999656329755847173e-01 9.999859062854066227e-01 9.999657591738708717e-01 9.999837291282066554e-01 9.999272461246216936e-01 9.999201059076913145e-01 9.999829421844881328e-01 9.999787053469327835e-01
9.999857416697865986e-01 9.999613355376668622e-01 9.999569844846004640e-01 9.999637168530844944e-01 9.999054648900354003e-01 9.999929830824479948e-01 9.999807901791194498e-01 9.999638379571168523e-01 9.999500215121620572e-01 9.999649494624475166e-01
9.999735037640951063e-01 9.999125411546951891e-01 9.999176798840962999e-01 9.999141810038474354e-01 9.999286205491526580e-01 9.999629700262482324e-01 9.999346911160891249e-01 9.999502703270337634e-01 9.999554118727719265e-01 9.999031276254168876e-01
9.999706672190387113e-01 9.999946799717280843e-01 9.999942851546560485e-01 9.999788082423667346e-01 9.999202825709125886e-01 9.999877803285994737e-01 9.999649092165379116e-01 9.999708113850200863e-01 9.999937740824719201e-01 9.999073021770160663e-01
9.999503702177041653e-01 9.999831295360548378e-01 9.999549531646838574e-01 9.998952049236976558e-01 9.999959739143029491e-01 9.999731271316095738e-01 9.999769430704961160e-01 9.999679735850293127e-01 9.999679393873894817e-01 9.999389630023793885e-01
9.999536964097571756e-01 9.999802268173559883e-01 9.999574280233793910e-01 9.999887924177046639e-01 9.999422608419623604e-01 9.999797989446890245e-01 9.999749790038973130e-01 9.999850674608028456e-01 9.999678544236079158e-01 9.999672868210738308e-01
9.998880352814361050e-01 9.999945333117011836e-01 9.999640435879550981e-01 9.999778429851804429e-01 9.999832323866134631e-01 9.999783653708003150e-01 9.999637145908822911e-01 9.999461738678190326e-01 9.999845407517267137e-01 9.999574938171350569e-01
9.999543197603780742e-01 9.999120993657459877e-01 9.999939389125203082e-01 9.999790552629423956e-01 9.998784902671136177e-01 9.999781445381402678e-01 9.999372233040412228e-01 9.999589433058521104e-01 9.999742659051386040e-01 9.999415708886277843e-01
9.999284310157173783e-01 9.999734063026872732e-01 9.999804628862762890e-01 9.999376592538781194e-01 9.999644463521023541e-01 9.999502433172123839e-01 9.999746228170797169e-01 9.999589008014545533e-01 9.999323088514173730e-01 9.999256728600789401e-01
9.999719810320691904e-01 9.999550188296688624e-01 9.999343567321844484e-01 9.999368076156547325e-01 9.998576467215058994e-01 9.999755880212489734e-01 9.999602477948823509e-01 9.998510637459420147e-01 9.999916228654777139e-01 9.999801046902112578e-01
9.999787459401137113e-01 9.999671699382165491e-01 9.999940783175130798e-01 9.999805981911371600e-01 9.999939302639164751e-01 9.999747841611666965e-01 9.999648619705046038e-01 9.999895192510711572e-01 9.998861840517531130e-01 9.999864185897153757e-01
9.999241271633328987e-01 9.999871806458728862e-01 9.999826376519046489e-01 9.999086464061791579e-01 9.999649089982123318e-01 9.998899140689481158e-01 9.999617690794541103e-01 9.999621708766059935e-01 9.999588910004845177e-01 9.998883031696571555e-01
9.999786898183026240e-01 9.999760610588822596e-01 9.999736063183586321e-01 9.999388883012620965e-01 9.999819553680564521e-01 9.999910082242770004e-01 9.999857888393626215e-01 9.999559885377844459e-01 9.999326151760276060e-01 9.999831347529943848e-01
9.999794204777544548e-01 9.999899012455516489e-01 9.999792719452312850e-01 9.999791049713738778e-01 9.999465307918801171e-01 9.999701442634496562e-01 9.999772589479267726e-01 9.999649164347080843e-01 9.999882571907766637e-01 9.999824618125355835e-01
9.999522628882739905e-01 9.999763424684826596e-01 9.999728314205330593e-01 9.999725841305832086e-01 9.999776784609861746e-01 9.999592435695893178e-01 9.999908978846970831e-01 9.999877843874325212e-01 9.999813063008214931e-01 9.999760544084190794e-01
9.999769999783552077e-01 9.999612009568890070e-01 9.999711924771499394e-01 9.999705951373929480e-01 9.999862340069153310e-01 9.999615636701144616e-01 9.999736213064264190e-01 9.999192845118726192e-01 9.999549708704861262e-01 9.999677393840575856e-01
9.999822700510430096e-01 9.999611771795025028e-01 9.999798395843995102e-01 9.999832507402524051e-01 9.999730443068245433e-01 9.999640908906638481e-01 9.999898470665306016e-01 9.999787402017455973e-01 9.999888563270310504e-01 9.999802784920818199e-01
9.999731375168249281e-01 9.999627378144830825e-01 9.999751575728154096e-01 9.999891139000978146e-01 9.999783789493252861e-01 9.999692033530266366e-01 9.999240229265224933e-01 9.999638469307332578e-01 9.999728492279694736e-01 9.999218562884307770e-01
9.999965984755132542e-01 9.999793201632530826e-01 9.999961323425079485e-01 9.999744836759879574e-01 9.999596032103477139e-01 9.999902447273221195e-01 9.999910555046562788e-01 9.999821868330244223e-01 9.999773804028271318e-01 9.999870023368293559e-01
9.999738137756736256e-01 9.999803702825101892e-01 9.999784486410440154e-01 9.999873742067747484e-01 9.999876183896240223e-01 9.999808013121758155e-01 9.999629312566177264e-01 9.999700327301124236e-01 9.999864760251746532e-01 9.999610471517347277e-01
9.999797154041951686e-01 9.999792828499663999e-01 9.999784216773025536e-01 9.999563160873035095e-01 9.999930966605010685e-01 9.998990921576843549e-01 9.999849759219551215e-01 9.999597290232623559e-01 9.999853965391115596e-01 9.999806390540862955e-01
9.999205180845603946e-01 9.999941317284407605e-01 9.999570260148756828e-01 9.999212311193560465e-01 9.999612206523372793e-01 9.999527895614980233e-01 9.999835547568406424e-01 9.999576983438818178e-01 9.999182195811284757e-01 9.999697962614139124e-01
9.999894491940058971e-01 9.999722250151740210e-01 9.999897910896817788e-01 9.999675065712061439e-01 9.999591187428874539e-01 9.999916785406088859e-01 9.999531808914019493e-01 9.999362791395924877e-01 9.999520187140067407e-01 9.999759765945642753e-01
9.999893216216088065e-01 9.999665686281676846e-01 9.999241039597976943e-01 9.999109395223667596e-01 9.999642544615152673e-01 9.999744313165697118e-01 9.996042755283455206e-01 9.999373571393120885e-01 9.999663585201951088e-01 9.999434515056471184e-01
9.999516505063297256e-01 9.999725512931940674e-01 9.999612365774649403e-01 9.999732174886344360e-01 9.999128041220145535e-01 9.999022090613588487e-01 9.999960790831343704e-01 9.999459700303183762e-01 9.999653635338513480e-01 9.999892916090153960e-01
9.999618662019654769e-01 9.999316894489690410e-01 9.999741881648523956e-01 9.999651315366147042e-01 9.999795694262731960e-01 9.999670868667615009e-01 9.999302759108651406e-01 9.999899584334986935e-01 9.999452759842253347e-01 9.999396727573359733e-01
9.999669269700612872e-01 9.999623380928672756e-01 9.999710254132424536e-01 9.999494940745318194e-01 9.999489913130039653e-01 9.999810076303597972e-01 9.999902597791643366e-01 9.999725753289632202e-01 9.999659351997948198e-01 9.999810724614625057e-01
9.999422200446240749e-01 9.999752839943164551e-01 9.998937445051302442e-01 9.999682434120750196e-01 9.999816423873064686e-01 9.999777670118241701e-01 9.999076227122758453e-01 9.999831857047397632e-01 9.999302999043259144e-01 9.999519959967820837e-01
9.999856779831165499e-01 9.999762813961917685e-01 9.999724846592670247e-01 9.998764654000237284e-01 9.999739420722152383e-01 9.999892518229721583e-01 9.999830164100296237e-01 9.999298206617640572e-01 9.999317594861333314e-01 9.999617831750799990e-01
9.999714561616794839e-01 9.999046672746776387e-01 9.999681716742686577e-01 9.999529455579038162e-01 9.999700837002224452e-01 9.999261788614592916e-01 9.998936924013555050e-01 9.999826060164961339e-01 9.999359327464024672e-01 9.999882726818694056e-01
9.999957964963361867e-01 9.999664756956271328e-01 9.999668799006715680e-01 9.999605549498621349e-01 9.999605485620639556e-01 9.999922680539181652e-01 9.999783538563852270e-01 9.999689251585496264e-01 9.999818833652122096e-01 9.999700042188264248e-01
9.999185764933253839e-01 9.998870458210434853e-01 9.999771472650056392e-01 9.999731041313959512e-01 9.999295063293568431e-01 9.999482751045508655e-01 9.999203560398781665e-01 9.999772615648017116e-01 9.999760551512877349e-01 9.999701612583907773e-01
9.999100922836273719e-01 9.999132113730623272e-01 9.999646010871352519e-01 9.999744362446035817e-01 9.999587852710730695e-01 9.999876264902841649e-01 9.999903210327628633e-01 9.999203983674976870e-01 9.999247604567865766e-01 9.999753261767264645e-01
9.999745666070367633e-01 9.999567195497728322e-01 9.999748008008724209e-01 9.999207065822838247e-01 9.999502703002958182e-01 9.999538694598816280e-01 9.999819274783029455e-01 9.999821837026818816e-01 9.999399087118092666e-01 9.999502782068494522e-01
9.999905206153733017e-01 9.999438555633262116e-01 9.999667998010085546e-01 9.999594806770178979e-01 9.999813813449972555e-01 9.999541996261683829e-01 9.999906356545568142e-01 9.999762289282827510e-01 9.999576100035411086e-01 9.999619214244170884e-01
9.999632812697062390e-01 9.999398074162404448e-01 9.999313994623330037e-01 9.999589705385588667e-01 9.999083769307933744e-01 9.999673286563959262e-01 9.999250323755951575e-01 9.999572703678099028e-01 9.999386416256549337e-01 9.999310702852228783e-01
9.999907405167312024e-01 9.999960453368116342e-01 9.999814668888004077e-01 9.999710346129569993e-01 9.999785203859269389e-01 9.999562385998541636e-01 9.999822626314242013e-01 9.999674751530212014e-01 9.999867365430359367e-01 9.999874955007893584e-01
9.999559884502214890e-01 9.999640681284653887e-01 9.999663213066739553e-01 9.999786672035251289e-01 9.999454687696837096e-01 9.999574740857437583e-01 9.999667172105758395e-01 9.999461133400857626e-01 9.999889312860374968e-01 9.999519411564039562e-01
9.999697583814127766e-01 9.999861203250330899e-01 9.999624063495445858e-01 9.999782374416588127e-01 9.999537900030383009e-01 9.999772210787793991e-01 9.999721522050866174e-01 9.999815706063170939e-01 9.999314694957707195e-01 9.999621707638342016e-01
9.999767183952579241e-01 9.999600652015289137e-01 9.999667480740898062e-01 9.999886590486199989e-01 9.999592957810933269e-01 9.999028560524924059e-01 9.999585543006808130e-01 9.999811319941716015e-01 9.999472445074608640e-01 9.999939824521315579e-01
9.999692458644097171e-01 9.999292482614928756e-01 9.999416616887997211e-01 9.999899262612435002e-01 9.999807827286819606e-01 9.999770291732323901e-01 9.999860122791446315e-01 9.999737056028179527e-01 9.999858280454163584e-01 9.999920280975348463e-01
9.999899127946092481e-01 9.999541053858800321e-01 9.999793168296117196e-01 9.999809638532429767e-01 9.999884211286441671e-01 9.999870691285233093e-01 9.999663589930851693e-01 9.999969015711156484e-01 9.999470679634160364e-01 9.999325582749215569e-01
9.999783354016015258e-01 9.999787810812742483e-01 9.999856067926824466e-01 9.999445922576798429e-01 9.999824893851178009e-01 9.999902055980355309e-01 9.999586647621304669e-01 9.999712083542577901e-01 9.999821883269223166e-01 9.999600205088510219e-01
9.999759037022799557e-01 9.999902739460208023e-01 9.999410717583361308e-01 9.999960565569968596e-01 9.999743757967143321e-01 9.999404604235321292e-01 9.999798165225114444e-01 9.999483813484433270e-01 9.999825277446320326e-01 9.999677722301304472e-01
9.999729773027891122e-01 9.999623660066282449e-01 9.999543950409464088e-01 9.999690800609866148e-01 9.999672309986121777e-01 9.999463167140750786e-01 9.999618577380108286e-01 9.999707977275794635e-01 9.999776634140556952e-01 9.999810445855054075e-01
9.997078719760763565e-01 9.998807197567066707e-01 9.999723739111493481e-01 9.997116600578649370e-01 9.999824815462626804e-01 9.999922320527421249e-01 9.998926451742551347e-01 9.999665341759732540e-01 9.999572032644044040e-01 9.999837857011087960e-01
9.999726870116441013e-01 9.999641097063137751e-01 9.999261763128870495e-01 9.999268279739513821e-01 9.999902471658520531e-01 9.999182708904125194e-01 9.999236968602154274e-01 9.999905986542775294e-01 9.999754172013307629e-01 9.999270441190135639e-01
9.999842200802864234e-01 9.999679867188842053e-01 9.999711205180793483e-01 9.999522556555741071e-01 9.999787505384696296e-01 9.999854297120013280e-01 9.999535450400006686e-01 9.999859341111314581e-01 9.999765435937058022e-01 9.999700833708462522e-01
9.999785240179049906e-01 9.999562008474278674e-01 9.999812823568847708e-01 9.999770711529946121e-01 9.999860730434815270e-01 9.999123501914845003e-01 9.999838346657577981e-01 9.999704159885486332e-01 9.999762482241608685e-01 9.999939396892113530e-01
9.999503782300679378e-01 9.999775794643221971e-01 9.999833705333469602e-01 9.999576005559133174e-01 9.999623776458838043e-01 9.999772430535796008e-01 9.999623972615507839e-01 9.999731784696683778e-01 9.999654974969334198e-01 9.999460712115033623e-01
9.999841709475004725e-01 9.999703844539652442e-01 9.999606224538926114e-01 9.999826002044139850e-01 9.999873982694675867e-01 9.999979082521731621e-01 9.999848065302975320e-01 9.999812146657995893e-01 9.999784786503573830e-01 9.999650048256261137e-01
9.999706442134026485e-01 9.999824654593431061e-01 9.999695744523493524e-01 9.999904835752483345e-01 9.998837224892103137e-01 9.999807094577811695e-01 9.999548314850816855e-01 9.999051625940821308e-01 9.999760657861270774e-01 9.999564073047915169e-01
9.999877782140869087e-01 9.999891532939320093e-01 9.999714361070753954e-01 9.999898528336905734e-01 9.999583139832499690e-01 9.999766909799400194e-01 9.999810400637895169e-01 9.999634259947810522e-01 9.999846477995718574e-01 9.999700940383388081e-01
9.999895890329297821e-01 9.999909717884909455e-01 9.999787330878209257e-01 9.999858339830739462e-01 9.999890961231303610e-01 9.999940731636434155e-01 9.999917917930091216e-01 9.999433257604933845e-01 9.999698011425662836e-01 9.999806207166755945e-01
9.998907012721347520e-01 9.999861836007444271e-01 9.999658257131903705e-01 9.999803715395412240e-01 9.999692703897232748e-01 9.999731692130346961e-01 9.999757293958424498e-01 9.999884694570384536e-01 9.999776638121610217e-01 9.999789081111682965e-01
9.999920536950688277e-01 9.999641251864298530e-01 9.999825101904394886e-01 9.999144518589840880e-01 9.999780120727453925e-01 9.999869463326512831e-01 9.999193161696334764e-01 9.999126460969386399e-01 9.999323834590306825e-01 9.999561071412103042e-01
9.999815723939615708e-01 9.999717606807492221e-01 9.999597977649403724e-01 9.999525565292175511e-01 9.999935866549017893e-01 9.999736606620605039e-01 9.999978983588946324e-01 9.999919771384012668e-01 9.999851767250578227e-01 9.999807987876441207e-01
9.999341752699443253e-01 9.999872753498133537e-01 9.999686568631226402e-01 9.999821073717926057e-01 9.999660700077968034e-01 9.999729359798714690e-01 9.999804584228959570e-01 9.998971712871081996e-01 9.999747579825339905e-01 9.999742183384167094e-01
9.999494941205590015e-01 9.999739231360642577e-01 9.999684579053361722e-01 9.999756620363965398e-01 9.999634250401412405e-01 9.999675952345722374e-01 9.999521355404384915e-01 9.999723489815113275e-01 9.999915685495670559e-01 9.999660730056536551e-01
9.999362073030424458e-01 9.999420506480345416e-01 9.999486978261419301e-01 9.999740902987636071e-01 9.999791020640010908e-01 9.999584477386346260e-01 9.999530049543097210e-01 9.999708263743078973e-01 9.999610663044862235e-01 9.999460323757352054e-01
9.999437934699334507e-01 9.999548318879056819e-01 9.999281785361661123e-01 9.999734833773017417e-01 9.999763630215133814e-01 9.999510128091267935e-01 9.999659485257711422e-01 9.999534978922671735e-01 9.999583207268021301e-01 9.999329371819553058e-01
9.999774477363628788e-01 9.999943608770914816e-01 9.999790049729617714e-01 9.999830904215133431e-01 9.998883364253315920e-01 9.999765526094513968e-01 9.999671801362292056e-01 9.999713065819647584e-01 9.999403318976630706e-01 9.999450652749080071e-01
9.999671307107205198e-01 9.999828279059033154e-01 9.999891565548307826e-01 9.999724281014411575e-01 9.999629377003597108e-01 9.999603204603324524e-01 9.999800539546483957e-01 9.999642380384402562e-01 9.999620278493535075e-01 9.998742141053210686e-01
9.999093150446116685e-01 9.998774352741202076e-01 9.999597049908394153e-01 9.998982222954859722e-01 9.999907606866618170e-01 9.999880619384491354e-01 9.999549452587204179e-01 9.999028714015194552e-01 9.999754823036729467e-01 9.999338407874730494e-01
9.999737493782013820e-01 9.999902822477256814e-01 9.999624926970747119e-01 9.999797575807155559e-01 9.999750203136761328e-01 9.999555637262392827e-01 9.999142346410249127e-01 9.999779103399067948e-01 9.999727100991194773e-01 9.999701242104562793e-01
9.999839680751705373e-01 9.999418152558061657e-01 9.999090100643666101e-01 9.999759974641213578e-01 9.999749416634424737e-01 9.999792764578550042e-01 9.999866489883503240e-01 9.999879841064295283e-01 9.999830176868216292e-01 9.999500140897970013e-01
9.999779178939532942e-01 9.999595408150643294e-01 9.999904574934389556e-01 9.999830269321762222e-01 9.999829866507978782e-01 9.997797633414554630e-01 9.999521517781071456e-01 9.999234655332394084e-01 9.999749518240326207e-01 9.999638633607420557e-01
9.999787875825174588e-01 9.999277272476473355e-01 9.999556935300660809e-01 9.999776031538245569e-01 9.999779152696661733e-01 9.999731195073982004e-01 9.999899215768918159e-01 9.999734048785571261e-01 9.999650538581901227e-01 9.999886912890812996e-01
9.999803679244425592e-01 9.999431554018372026e-01 9.999777965416879466e-01 9.999597039264312981e-01 9.999947045089878639e-01 9.999823504705876998e-01 9.999846759493404846e-01 9.999681011329730751e-01 9.999140156785369937e-01 9.999561119948968679e-01
9.999304651593798887e-01 9.999314006688592160e-01 9.999363851443261453e-01 9.999719731769736164e-01 9.999671462695352009e-01 9.999811579145788665e-01 9.999878778640888255e-01 9.999339620649690952e-01 9.999890210669039048e-01 9.999516074205749838e-01
9.999098516419715477e-01 9.999742463150754768e-01 9.999457736573569289e-01 9.998623740299052987e-01 9.999924948809050251e-01 9.999861544161255944e-01 9.999769528227868687e-01 9.999165519370923905e-01 9.999847991372629030e-01 9.999858526177701767e-01
9.999847364728655652e-01 9.999616467545254794e-01 9.999749718405065435e-01 9.999721240228550689e-01 9.999260057252179479e-01 9.999602241678172687e-01 9.999803550886326997e-01 9.999667508691069129e-01 9.999565966793487748e-01 9.999832773030778998e-01
9.999769105367660726e-01 9.999777629942590007e-01 9.999827054871666121e-01 9.999273939298500835e-01 9.999613279617647343e-01 9.999704162801510421e-01 9.999626747679192240e-01 9.999749831058216687e-01 9.999568892731549585e-01 9.999821691025292392e-01
9.999744514584494315e-01 9.999759251716745512e-01 9.999698775790331062e-01 9.999767557055322387e-01 9.999310894459410015e-01 9.999606788388920586e-01 9.999677372946091936e-01 9.999605086809641996e-01 9.999893735050982002e-01 9.999680498101167769e-01
9.999530953946147438e-01 9.999715568031538604e-01 9.999663589411535991e-01 9.999639625344415306e-01 9.999312051777309307e-01 9.999787995416423714e-01 9.996576441313159700e-01 9.999921045703449307e-01 9.999691395066843125e-01 9.999565114361111950e-01
9.999755663379892301e-01 9.999409717403050513e-01 9.999649773810745934e-01 9.999771468496675420e-01 9.999911954611628850e-01 9.999808193214103635e-01 9.999662604614945050e-01 9.999764579247718554e-01 9.999795240569605559e-01 9.999767681726926538e-01
