9.999606822528913641e-01 9.999501385550694232e-01 9.999511096449038572e-01 9.998588333458385824e-01 9.999027423236064305e-01 9.999605925401503503e-01 9.999674588696090272e-01 9.999766785536837732e-01 9.999540616745404842e-01 9.999359775323427568e-01
9.999476308744619235e-01 9.998417403356613109e-01 9.999579788319604701e-01 9.999510568220882911e-01 9.999737807235885567e-01 9.997404811401352509e-01 9.999721522540834240e-01 9.999786871073369499e-01 9.999823796823906763e-01 9.999772863049976035e-01
9.998857661377341666e-01 9.996748034412032968e-01 9.999293793649467466e-01 9.999361919630498363e-01 9.999608553356341689e-01 9.999674066062314015e-01 9.998100036552620695e-01 9.999794083194926131e-01 9.999149830173669207e-01 9.996887521686601552e-01
9.999769565084147827e-01 9.998556421414311890e-01 9.999812963237065810e-01 9.999734135330353713e-01 9.999377081068485662e-01 9.999519015772662112e-01 9.998742694346474114e-01 9.999810260067694134e-01 9.995800944914871033e-01 9.999866804870439774e-01
9.999646176995973246e-01 9.999714724223074391e-01 9.999338420970375063e-01 9.999556419153891040e-01 9.999577940522343944e-01 9.999661872679541652e-01 9.999219526662825874e-01 9.999312465925225268e-01 9.998845047219865334e-01 9.999138784992804840e-01
9.999794138093177631e-01 9.999174688214917950e-01 9.999384276654433856e-01 9.999679112669324077e-01 9.999666308245910296e-01 9.999622975582672657e-01 9.999705716353772811e-01 9.999387793049776540e-01 9.999398276395130569e-01 9.999860837686425086e-01
9.999553370714034939e-01 9.999377593410911924e-01 9.998155342772447884e-01 9.999464438121150600e-01 9.999736109800487771e-01 9.997144582475073760e-01 9.999427507621664324e-01 9.999759773003981111e-01 9.999739184446178042e-01 9.999605891730820595e-01
9.999564993312635153e-01 9.997722216469977496e-01 9.999720687489898063e-01 9.999025676684665243e-01 9.999692926512462332e-01 9.999777352294881849e-01 9.998852708661057909e-01 9.999753003167015653e-01 9.999834221072817497e-01 9.996697385376824840e-01
9.999552944291302259e-01 9.999797990328065378e-01 9.999418620225799526e-01 9.999675545628280426e-01 9.999535541319187759e-01 9.999533515691745311e-01 9.997389376048194665e-01 9.999397071936477754e-01 9.999243625188851681e-01 9.999639434407323613e-01
9.999677430067026584e-01 9.999296680646974078e-01 9.998507400474607731e-01 9.999424129972270814e-01 9.998992165827774725e-01 9.999252137498246817e-01 9.999569591639921873e-01 9.999340148470058365e-01 9.999555568966886909e-01 9.998789415880812159e-01
9.999139357960024066e-01 9.999748005559663255e-01 9.999047822183702028e-01 9.999277337121869058e-01 9.999504940542468523e-01 9.999427601477102190e-01 9.996889047753841906e-01 9.999472935520432593e-01 9.999622420201260686e-01 9.999531082379922164e-01
9.998985695447250022e-01 9.999553302333618054e-01 9.999580977067616949e-01 9.999626850599004912e-01 9.998698460567032598e-01 9.999606178468617435e-01 9.999322976389078965e-01 9.999697992458985718e-01 9.998972714634625225e-01 9.999149551317291218e-01
9.999668132671393206e-01 9.998739190989552883e-01 9.999692075703838778e-01 9.998224030503516380e-01 9.999580221932676816e-01 9.997940536884013518e-01 9.999744046113686613e-01 9.997690340889341387e-01 9.999653646511150740e-01 9.999500562432821482e-01
9.998407993074798217e-01 9.999475776381263614e-01 9.999629369862317319e-01 9.999590165640889206e-01 9.999295765719523610e-01 9.999391780873272406e-01 9.999088133518936328e-01 9.999301743375558216e-01 9.997640036439008338e-01 9.999774419792012425e-01
9.998703972302849241e-01 9.999719987050371683e-01 9.999043345202488497e-01 9.999760711644023470e-01 9.998114298967437641e-01 9.999683642488172985e-01 9.999829188581114137e-01 9.999823997777962381e-01 9.999719372356500324e-01 9.999194791279006900e-01
9.999120096234587196e-01 9.999540582666104349e-01 9.999419679335265210e-01 9.999616310464490843e-01 9.998983335336172340e-01 9.999549243042452629e-01 9.999679082128424268e-01 9.999796432309363547e-01 9.999501219404531849e-01 9.999743652830070939e-01
9.999840191009741197e-01 9.999430883373885415e-01 9.999781022080860282e-01 9.999624905973644173e-01 9.999402419258757169e-01 9.999484617732312675e-01 9.999219935953433946e-01 9.999647456404073820e-01 9.999051869466035747e-01 9.999264117585223710e-01
9.998703519044996879e-01 9.999414335440207635e-01 9.997912593101146994e-01 9.999757696204013557e-01 9.999170454293683230e-01 9.999343092387019682e-01 9.999017928988013226e-01 9.999592336011545735e-01 9.999804937855388820e-01 9.999701994029646102e-01
9.999102075361671060e-01 9.999511817722610552e-01 9.999424629143485177e-01 9.999353642938999531e-01 9.999515346632357193e-01 9.999471577928960020e-01 9.999240856365727570e-01 9.999600594825071020e-01 9.999663975140810068e-01 9.999573627458555602e-01
9.999298496624710042e-01 9.998512312013537739e-01 9.999686869587641747e-01 9.999556029213427788e-01 9.999671042002080679e-01 9.999003952938410045e-01 9.999747158162471949e-01 9.999690450637288563e-01 9.999708408681760030e-01 9.999701416021543610e-01
9.998572058687056341e-01 9.999383359975546615e-01 9.999014164882050748e-01 9.999643731318214046e-01 9.999357870697854755e-01 9.999186616645745485e-01 9.998287693124704445e-01 9.998925856641605048e-01 9.999496439731706543e-01 9.999343508932018176e-01
9.999622382119287556e-01 9.999477865977557389e-01 9.999564789934255460e-01 9.998785019472204993e-01 9.999432609297213004e-01 9.998423847807152987e-01 9.998112705412336432e-01 9.999691993868450313e-01 9.999604849538835660e-01 9.998668522316864760e-01
9.999088705596204107e-01 9.999725787826811985e-01 9.999841564418308071e-01 9.999706913012214038e-01 9.999800649028629529e-01 9.999663187118692509e-01 9.999492147369085648e-01 9.999853225989896455e-01 9.999480426789324472e-01 9.999520601366699291e-01
9.999810930315335966e-01 9.999508905586104168e-01 9.999765026339564322e-01 9.999792066891799447e-01 9.999808133331574700e-01 9.999254097985443845e-01 9.999267679282971555e-01 9.999598626560947112e-01 9.999757380783934613e-01 9.999649426221098869e-01
9.999618365275799725e-01 9.996590635662300217e-01 9.999361293859454491e-01 9.999498561601640745e-01 9.999506853680600882e-01 9.998594054801338560e-01 9.999734466320656656e-01 9.995592146572832570e-01 9.999662569740632723e-01 9.999684515929412321e-01
9.999373340620633099e-01 9.999510323567923908e-01 9.999777876627683471e-01 9.999340565283367788e-01 9.998997572325354355e-01 9.999836074468696490e-01 9.999411156726993877e-01 9.999447279305393455e-01 9.997719010173015119e-01 9.999069790093098042e-01
9.997889980586217584e-01 9.999008908943467500e-01 9.999418317239080478e-01 9.999858152409530909e-01 9.999296634301058084e-01 9.999335217780586094e-01 9.998524117051648119e-01 9.999891310849626791e-01 9.999780909847296728e-01 9.999329074244575066e-01
9.999397062309922646e-01 9.999776843989213182e-01 9.998954928060028724e-01 9.999705042575852687e-01 9.997667382301440586e-01 9.999457474736971330e-01 9.999545516496949338e-01 9.999368302996148872e-01 9.999753281649192971e-01 9.999605182351026800e-01
9.999621806511854727e-01 9.999846541137045186e-01 9.999756767016885206e-01 9.998881376777882801e-01 9.999333133056239609e-01 9.999844003075414323e-01 9.999502528972382676e-01 9.999628363730119762e-01 9.999859352542095348e-01 9.999857176205868559e-01
9.999089464599305588e-01 9.998663937828472514e-01 9.999520429820911716e-01 9.999477301810255625e-01 9.999030929527332745e-01 9.998572480520829808e-01 9.999375405662839222e-01 9.999477537402451377e-01 9.999536053020282589e-01 9.998783133581167215e-01
9.999529039532515373e-01 9.999552497283838992e-01 9.999404498184879531e-01 9.998498014542402945e-01 9.999641954511679920e-01 9.999557990332472723e-01 9.999640531291825729e-01 9.998531128327620143e-01 9.998940636566566731e-01 9.999367217518935202e-01
9.999214913971141705e-01 9.998955123741706252e-01 9.999597444153576209e-01 9.999401471037081546e-01 9.999068730974417507e-01 9.999616100198068791e-01 9.999606423227652696e-01 9.999282029788563175e-01 9.999791970131609586e-01 9.999203147896161825e-01
9.999195425503495382e-01 9.998859743723828020e-01 9.998910371597069524e-01 9.999739044259288168e-01 9.999530014385347165e-01 9.999726449149219931e-01 9.999611844254844284e-01 9.999387302902285057e-01 9.998371569338266873e-01 9.999458397736932236e-01
9.999607313526541752e-01 9.998719572764043217e-01 9.999671750232449474e-01 9.998586660457573494e-01 9.999725437349090695e-01 9.999560686478984328e-01 9.999557711319846387e-01 9.999136637085443979e-01 9.999424769864737605e-01 9.999319158802290053e-01
9.999657490224997947e-01 9.999860770847063263e-01 9.999809874576844893e-01 9.998175573520963200e-01 9.998793275453499163e-01 9.999399345515040949e-01 9.999116626322069878e-01 9.999610205464279922e-01 9.999701122374771156e-01 9.999670354033949327e-01
9.999651741548331030e-01 9.999277483631771046e-01 9.999648123890704232e-01 9.999620772927197976e-01 9.999597782529716650e-01 9.998910090229835568e-01 9.999699211092113460e-01 9.999665466886339393e-01 9.999644018255068323e-01 9.999686237716066683e-01
9.999871978790295657e-01 9.999827753685979204e-01 9.999448406727053928e-01 9.999673162703087703e-01 9.999653202330269774e-01 9.999159546893132688e-01 9.999101068524420821e-01 9.999611531204588566e-01 9.999538373539548219e-01 9.999702150664010469e-01
9.999705846452937585e-01 9.999203830762035672e-01 9.999630352018589186e-01 9.999603262697993600e-01 9.999640769817595976e-01 9.999659010179942076e-01 9.999415107053309937e-01 9.999688724654693939e-01 9.999517427852032680e-01 9.999079197476947733e-01
9.999656975867672326e-01 9.999549695142597727e-01 9.999149427135163304e-01 9.992588121390358902e-01 9.998369491268271902e-01 9.999707945765119455e-01 9.999441225170345726e-01 9.999806139985801812e-01 9.999121839290849856e-01 9.999058990468505659e-01
9.999562957576181299e-01 9.999137972560638854e-01 9.999702945666342213e-01 9.999663497161439540e-01 9.999536932686712287e-01 9.999727915975302750e-01 9.999631144103292568e-01 9.999224781582436439e-01 9.999794655173822600e-01 9.999266033038007873e-01
9.999499243358900280e-01 9.999516770635580309e-01 9.999738977189146505e-01 9.999465955707237397e-01 9.999605728598297549e-01 9.996956418668487832e-01 9.999838988595228795e-01 9.999515914420812335e-01 9.998213073751639479e-01 9.999698432671872972e-01
9.999344917004658884e-01 9.999796279547350508e-01 9.999471019444076125e-01 9.995929505490458444e-01 9.994265419132664086e-01 9.998794467045446499e-01 9.998702798653441581e-01 9.999854894696400542e-01 9.999767835585696707e-01 9.999789617083639781e-01
9.998791026755678990e-01 9.999192445005038454e-01 9.999511245743951671e-01 9.999023395720435525e-01 9.998970058029247321e-01 9.999500946326789208e-01 9.999446682247138396e-01 9.999505472023931807e-01 9.999772341376436113e-01 9.998456876268996263e-01
9.998272815242909006e-01 9.999783005508846578e-01 9.998770950406327129e-01 9.999612839926979024e-01 9.999407678927667575e-01 9.999552969107817768e-01 9.998983035918372897e-01 9.998856131231249611e-01 9.999528909682572353e-01 9.999792700230756282e-01
9.999675537440140261e-01 9.999513870736906895e-01 9.999679564021654032e-01 9.999035478110129826e-01 9.999611801754861862e-01 9.999600157104944209e-01 9.999144845734120324e-01 9.999287033031669658e-01 9.999210128823009525e-01 9.999539105987291787e-01
9.999137430488589384e-01 9.999750244722260817e-01 9.999767736265026130e-01 9.999767913960939669e-01 9.999518572047546572e-01 9.999309662190704051e-01 9.999476746857559606e-01 9.999621161716668594e-01 9.998743890846580884e-01 9.999725318630457993e-01
9.999288351968654842e-01 9.998805357519364723e-01 9.999528444040598485e-01 9.999315153918959531e-01 9.999419049462626718e-01 9.999667772957551160e-01 9.999716865468947224e-01 9.999516608726809475e-01 9.999616292267704543e-01 9.999768177377639233e-01
9.999392828932839317e-01 9.998325427473764293e-01 9.999490751178722325e-01 9.999509125280107158e-01 9.999639606382670909e-01 9.998992673755080496e-01 9.997956800631538909e-01 9.999633101799692003e-01 9.999617803229835511e-01 9.999660600617210626e-01
9.999716482316518551e-01 9.999791968265645536e-01 9.999712675272197648e-01 9.999762925162792859e-01 9.999819703387877734e-01 9.999051706360957414e-01 9.998663965854109881e-01 9.999418217715517754e-01 9.998845568655631011e-01 9.999467549144210876e-01
9.999162621649280158e-01 9.999735270286335131e-01 9.999046102057275176e-01 9.999754179735639292e-01 9.999599473380645920e-01 9.999787979098547774e-01 9.999120004691665065e-01 9.999574346818131954e-01 9.999697268491951618e-01 9.998065607774058172e-01
9.999171882210925455e-01 9.999569590775072569e-01 9.999384417572123596e-01 9.999375826236518439e-01 9.999780032239278249e-01 9.999708613991867834e-01 9.999777477387624680e-01 9.999737206227719000e-01 9.999266856623403310e-01 9.999362651421379589e-01
9.999697942970586784e-01 9.999325965287201301e-01 9.999652362768154390e-01 9.999629732766290857e-01 9.998619449217023281e-01 9.999275326379092332e-01 9.999643850601724893e-01 9.999310161472568792e-01 9.998619816214510125e-01 9.999580415294239133e-01
9.999276532473976298e-01 9.997655786243886400e-01 9.999143926381450775e-01 9.999123877270857941e-01 9.998678593464955799e-01 9.999132709998020951e-01 9.999512636547833733e-01 9.999683872686629948e-01 9.999440429016432930e-01 9.999412812382361126e-01
9.999555482516003790e-01 9.998820686845969474e-01 9.999367220163639658e-01 9.998281239767466966e-01 9.999463304384325069e-01 9.999300507471675648e-01 9.999457460723119029e-01 9.998229457568152956e-01 9.999762106467386946e-01 9.998766155656402255e-01
9.999392940247834316e-01 9.999526813750895249e-01 9.999714942421056296e-01 9.999409626163001663e-01 9.999141768804473696e-01 9.998625426976133213e-01 9.998764717098073129e-01 9.999595211101095504e-01 9.999617228485546683e-01 9.999625868097093973e-01
9.999707146299687821e-01 9.999822771345714401e-01 9.999737383759788045e-01 9.999288223991164015e-01 9.998889336857733623e-01 9.999279522968526068e-01 9.999733826793935076e-01 9.999745191347942930e-01 9.999795108573501512e-01 9.999149482957520041e-01
9.999734919609885031e-01 9.999137753455946687e-01 9.999616694628151725e-01 9.998814942456110133e-01 9.999764283689944744e-01 9.999492154688103263e-01 9.999565966535084449e-01 9.999499813549967975e-01 9.999392943833630421e-01 9.999439114162560482e-01
9.999480889131799888e-01 9.999728292879646041e-01 9.999219770154597065e-01 9.999347844787723760e-01 9.999526757332625193e-01 9.999415481968141339e-01 9.999565425572450872e-01 9.999430730917033827e-01 9.999565651654671594e-01 9.999320914099787405e-01
9.999823443663589106e-01 9.999813745478930427e-01 9.999590714951737125e-01 9.998360690425046604e-01 9.998485739405723605e-01 9.999659429078779915e-01 9.999755572787140112e-01 9.999143829260886962e-01 9.998486962941411926e-01 9.999622211066860888e-01
9.999058532020996815e-01 9.999624961392669098e-01 9.999815991261261638e-01 9.999712066827660673e-01 9.999814944371673286e-01 9.998036280108170137e-01 9.999476810824007300e-01 9.999608755866451482e-01 9.999819674894874222e-01 9.999249280096162984e-01
9.999420338817710530e-01 9.999666509886138144e-01 9.999841189790290574e-01 9.999374016944559962e-01 9.999740398990855095e-01 9.999776418233210507e-01 9.998070041692450616e-01 9.999023271362140752e-01 9.999312524730535889e-01 9.999255487876822501e-01
9.999629401093331760e-01 9.999317237803889702e-01 9.999715669336616264e-01 9.999286516910989020e-01 9.999626137753770960e-01 9.999507578669949437e-01 9.999348817531178435e-01 9.999740460584982671e-01 9.999448302555067336e-01 9.998757601915478910e-01
9.999137511865668904e-01 9.999617326327899791e-01 9.999321430259505705e-01 9.999785190127515877e-01 9.999389099882252108e-01 9.998647794639845543e-01 9.999522224132731951e-01 9.996653010813703055e-01 9.999527403774161050e-01 9.999674097362597491e-01
9.998212928243345177e-01 9.998698123852299835e-01 9.999839943177449841e-01 9.999794309552936245e-01 9.999512611447790578e-01 9.999853527985758106e-01 9.999897857187792782e-01 9.999581181833431254e-01 9.999869601535592567e-01 9.999599939412687766e-01
9.996735541035617345e-01 9.999674111360176143e-01 9.999456924409135805e-01 9.999780948741868736e-01 9.999779960040121596e-01 9.999776665362859474e-01 9.999104125951635558e-01 9.999754419090628454e-01 9.999666781142314553e-01 9.999110042906471651e-01
9.998707001169705455e-01 9.999576775436199716e-01 9.997814837424001677e-01 9.999201786731322095e-01 9.999045449393521023e-01 9.999173922078651300e-01 9.999864870750078127e-01 9.999792764555019975e-01 9.999047153602110827e-01 9.999012576421801857e-01
9.999458495144394332e-01 9.999654174490596459e-01 9.999524501250985908e-01 9.999561384733902658e-01 9.999382462125121496e-01 9.998432470851380538e-01 9.999812916450055988e-01 9.999749033138434218e-01 9.999116845780702256e-01 9.999622911818848436e-01
9.998785790283799546e-01 9.999592548119052848e-01 9.999360079722071637e-01 9.999576714362270469e-01 9.999602173234677371e-01 9.999850515866197664e-01 9.999068828632839967e-01 9.999718683241816120e-01 9.999557107973139347e-01 9.999461396224839094e-01
9.997868263978167969e-01 9.999509523647936993e-01 9.999814072401445042e-01 9.999522861630153470e-01 9.999491346532861646e-01 9.999533633172104086e-01 9.997486507138846346e-01 9.999283980079906042e-01 9.999708500462983762e-01 9.999206024492961475e-01
9.997977751530976454e-01 9.999764737307793583e-01 9.999658855233319876e-01 9.999568816353427980e-01 9.999432259137531753e-01 9.999701990545070140e-01 9.998811723080347491e-01 9.999174132489272449e-01 9.997796979032690379e-01 9.999603929376801315e-01
9.999316561817367388e-01 9.999647722682764028e-01 9.998183574905490367e-01 9.999655269297340610e-01 9.999264746341255394e-01 9.999199833701559736e-01 9.999627834887065969e-01 9.999429708694853591e-01 9.999575306056445179e-01 9.999079468697025241e-01
9.999777491774277660e-01 9.998943776431873376e-01 9.999337695765401213e-01 9.999494403339457271e-01 9.999618141146947581e-01 9.999435013802961958e-01 9.999383962972860918e-01 9.999586215718467841e-01 9.999704077432003402e-01 9.999124706078772462e-01
9.999646797970120904e-01 9.997076769504443794e-01 9.999475170715563799e-01 9.999777657753710081e-01 9.999376770461632091e-01 9.999528583387793379e-01 9.999495597224448140e-01 9.999371698313943568e-01 9.999337233019275351e-01 9.999573032989003130e-01
9.998989738580567055e-01 9.998696479085413813e-01 9.998790672005061220e-01 9.997130230357695879e-01 9.998849558765483536e-01 9.998980076105343784e-01 9.994603333918954391e-01 9.998737633883864051e-01 9.999732487922919910e-01 9.999205956779035898e-01
9.999707173063004939e-01 9.999342735937113424e-01 9.999531315515975960e-01 9.999670955096713332e-01 9.999453889487203151e-01 9.999660668050104340e-01 9.999626617959760377e-01 9.999319388006504550e-01 9.999779578768214217e-01 9.999441974230348640e-01
9.999387530660491796e-01 9.999590566316264306e-01 9.999443473167868301e-01 9.999645770482572527e-01 9.998902121670962817e-01 9.999710939391341924e-01 9.999826929929415131e-01 9.999798220958185935e-01 9.999807339562631903e-01 9.999700168281168144e-01
9.999395214719466463e-01 9.999294563873063479e-01 9.999885524573846052e-01 9.999611585438020755e-01 9.999748636377689959e-01 9.999882105892159423e-01 9.999799578266865829e-01 9.998948446565644188e-01 9.999168853137091473e-01 9.998265123151428568e-01
9.999654218492348701e-01 9.999420288939016022e-01 9.997664242389875389e-01 9.999593281887536600e-01 9.999637813212609583e-01 9.999328736422173902e-01 9.998853689988889126e-01 9.999567504912585392e-01 9.998591266899777841e-01 9.999632056453251483e-01
9.999393725379729370e-01 9.999562176145900816e-01 9.999817629533075403e-01 9.999706563286706595e-01 9.999134834097482827e-01 9.999013356528980712e-01 9.999743309122802737e-01 9.999637339163705008e-01 9.999750996420795346e-01 9.999558166203862397e-01
9.999304432390556663e-01 9.998531582559182507e-01 9.999692757080299588e-01 9.999407536453731593e-01 9.999361156240919035e-01 9.999329841418427289e-01 9.999692131341874068e-01 9.999536412712818345e-01 9.999755526769981140e-01 9.999505104461228200e-01
9.999808449621518935e-01 9.999455220253606891e-01 9.999840190016401342e-01 9.999600669904074035e-01 9.996828271144276856e-01 9.999428429445531563e-01 9.999266114106100112e-01 9.999207633848096188e-01 9.999323916599061057e-01 9.999587392120596885e-01
9.999371234492127059e-01 9.999463430442708800e-01 9.999430204364659902e-01 9.999584267007236571e-01 9.999303051212538040e-01 9.998999744093605146e-01 9.999548110935955192e-01 9.999736564549270845e-01 9.999436379938334563e-01 9.999536699970122955e-01
9.999796810474447240e-01 9.998158971999967504e-01 9.999756597141080672e-01 9.999761134957743103e-01 9.999198021276666237e-01 9.999814444519600221e-01 9.999830564848437575e-01 9.999662172106340563e-01 9.999544009176953852e-01 9.999588911488622722e-01
9.992082657311894822e-01 9.999450268049048240e-01 9.998127888131043139e-01 9.999363044082967278e-01 9.999736402378435196e-01 9.999744739052851550e-01 9.999785932679141620e-01 9.999707620119442364e-01 9.999266166566769254e-01 9.999721571497961481e-01
9.999843096855267621e-01 9.999475605092343899e-01 9.999870303502982338e-01 9.999607052859228462e-01 9.999089615652113627e-01 9.999634987411787357e-01 9.997450405324831424e-01 9.999483209293600350e-01 9.999349750491252076e-01 9.997752145495264475e-01
9.999625893149679534e-01 9.997281146743430824e-01 9.999267224754139205e-01 9.998149295481832954e-01 9.996966875107315964e-01 9.999480334896519995e-01 9.999716600107708686e-01 9.999547755470299393e-01 9.999805684609052170e-01 9.999491504106762241e-01
9.999136383771164427e-01 9.999826335034973646e-01 9.997800104442067237e-01 9.998743186583360920e-01 9.997380916901376091e-01 9.999670680970764725e-01 9.999345130428404227e-01 9.999811386169407124e-01 9.999225338361578119e-01 9.999642249750485545e-01
9.999447607089669843e-01 9.999417850521735707e-01 9.996839665423155052e-01 9.999782494939796207e-01 9.998731386703565427e-01 9.999821901952049563e-01 9.999646372617809753e-01 9.999807217918477154e-01 9.999827704651564897e-01 9.999743226978303756e-01
9.999740164150993094e-01 9.999710156486831814e-01 9.999766594818312315e-01 9.999808811273230846e-01 9.998743532926021027e-01 9.999702576059572579e-01 9.999544258943436903e-01 9.999506589632206621e-01 9.999613032880807495e-01 9.999698739093239030e-01
9.999724339122681993e-01 9.999530601413268993e-01 9.998750017123397837e-01 9.999618643602481427e-01 9.999604823306622592e-01 9.999561590074994566e-01 9.999238424785441559e-01 9.998357106279313067e-01 9.999220028987363396e-01 9.999830857114682114e-01
9.999795423625114088e-01 9.999704928836433693e-01 9.997851096261834991e-01 9.999776419469252886e-01 9.997088148774402327e-01 9.999114544171764374e-01 9.998309096162233400e-01 9.999091520133435163e-01 9.999564914969426566e-01 9.998292725885598031e-01
9.999636447713289300e-01 9.999792419996249571e-01 9.999839593612590560e-01 9.999729920362602220e-01 9.999393242216093602e-01 9.999727059243337379e-01 9.999856053336731998e-01 9.999842859998594458e-01 9.999739439077954817e-01 9.998931298707929294e-01
9.999792202920293471e-01 9.999642599265707865e-01 9.999467455754340595e-01 9.997646229829348918e-01 9.998086919960396113e-01 9.998781712421834778e-01 9.999498052101780665e-01 9.999737231957182004e-01 9.998655471669918304e-01 9.997617722849190258e-01
9.999266840165449421e-01 9.998725260966205841e-01 9.999343002115781420e-01 9.999626628937374750e-01 9.999642405427963121e-01 9.997139396600662753e-01 9.998762836442854907e-01 9.999557748382730260e-01 9.998653177583441964e-01 9.999592328641226935e-01
9.999756464298298342e-01 9.999333125033633696e-01 9.998765126882630527e-01 9.999587173813323515e-01 9.999314576953161060e-01 9.998924752846019004e-01 9.999707688009824569e-01 9.999717378344340490e-01 9.999700061671529250e-01 9.999726451601071986e-01
9.999371609328675525e-01 9.999265612546752724e-01 9.999179564158912070e-01 9.998960512121933819e-01 9.999170610484378052e-01 9.997152243049728382e-01 9.999281898770645549e-01 9.999850883797989365e-01 9.998844358571239432e-01 9.999561225363369221e-01
9.999697678046657323e-01 9.998016440422062834e-01 9.999647313031891915e-01 9.999279476834852520e-01 9.999232074309278850e-01 9.999312884227825604e-01 9.999621903287839730e-01 9.999228551785706021e-01 9.998764629691891948e-01 9.997932805416195334e-01
9.999732692744807139e-01 9.999377213748972260e-01 9.999488039486520430e-01 9.999789072896534403e-01 9.999615656298497246e-01 9.999687620109627417e-01 9.999146734774506662e-01 9.998913477278909001e-01 9.999599366118709920e-01 9.999622166964371450e-01
9.999618094013893455e-01 9.999471608938137468e-01 9.999771532357011328e-01 9.999404913951452922e-01 9.999669783637935572e-01 9.999816850684281055e-01 9.999124992064177819e-01 9.999436925797284825e-01 9.999563605987996651e-01 9.999414189729043390e-01
9.998911864650055215e-01 9.999680853495078736e-01 9.999316942048233070e-01 9.998698119606077572e-01 9.999704785321102962e-01 9.999668938848583766e-01 9.999342995152562530e-01 9.999423826559393769e-01 9.999768774748648559e-01 9.999689867119342379e-01
