9.994724234630576465e-01 9.995446899668603002e-01 9.995090750047084249e-01 9.996763214758513927e-01 9.995877792491808522e-01 9.996369654675139049e-01 9.994325389791127723e-01 9.995713422463708975e-01 9.994747882637151637e-01 9.996472564594637289e-01
9.995765359678753237e-01 9.991692444640981607e-01 9.996055359285347386e-01 9.996497859522802676e-01 9.996472254254531453e-01 9.996034321356989105e-01 9.996475563021737232e-01 9.994054514014697466e-01 9.995485385101416931e-01 9.996413808916869703e-01
9.994382394179226470e-01 9.995819347885163131e-01 9.996423170705297512e-01 9.995353994126440211e-01 9.997088125602465736e-01 9.994567809474099729e-01 9.994619494264211923e-01 9.996706119948416402e-01 9.995868857093316295e-01 9.996159175712031608e-01
9.994056319122444076e-01 9.994762272109469770e-01 9.995959331196674347e-01 9.995951631785768843e-01 9.995768588902912422e-01 9.996661369318465828e-01 9.996531750371314695e-01 9.996721465243461058e-01 9.994666715026353510e-01 9.995856089289660851e-01
9.995579754134477080e-01 9.995972310552577733e-01 9.994234153192409487e-01 9.996841022151029543e-01 9.996047445954240329e-01 9.993765622974080109e-01 9.994436088708927857e-01 9.994291803057158141e-01 9.993490684682754255e-01 9.995072927169896815e-01
9.994242137550650718e-01 9.996597500792560043e-01 9.994267845962752084e-01 9.995443574619681248e-01 9.995866810676172776e-01 9.996753806721611069e-01 9.995770287126775067e-01 9.994109204229235655e-01 9.994721788464947521e-01 9.996263494064218103e-01
9.994754347391540117e-01 9.996419450464950618e-01 9.994205287675078653e-01 9.996536303653955624e-01 9.996334898343323117e-01 9.995724331331582446e-01 9.995688870296647321e-01 9.995614903529028705e-01 9.994364004110686261e-01 9.996741465895289114e-01
9.996865575342720467e-01 9.995808838641088157e-01 9.995383833138354879e-01 9.995190027261571242e-01 9.995800757047865748e-01 9.994994046311671543e-01 9.996123091662967308e-01 9.996593733784233660e-01 9.994157152734522986e-01 9.995136865134938153e-01
9.996358862262535450e-01 9.993411496568646024e-01 9.996538623125498235e-01 9.994811201500699571e-01 9.996431771149293377e-01 9.995351915197008275e-01 9.993775937666676823e-01 9.995524464316731805e-01 9.995825289392178403e-01 9.995298292139382923e-01
9.995906250061973308e-01 9.996608857376073631e-01 9.996228931219913738e-01 9.995712764886129920e-01 9.995730025533828833e-01 9.995550920757154678e-01 9.995657821555806732e-01 9.997028818071959089e-01 9.994819934016372365e-01 9.996283864356476645e-01
9.995406104542331471e-01 9.995003373800090962e-01 9.996198938701469361e-01 9.996358313682613961e-01 9.995370568912667064e-01 9.995079849841524977e-01 9.994442843300075374e-01 9.995349566206720437e-01 9.997101574636959587e-01 9.995051465822749615e-01
9.995445961968680848e-01 9.995006333239876417e-01 9.995639245325027566e-01 9.996331883092847148e-01 9.994496536004736642e-01 9.995070415688992460e-01 9.995627425340460892e-01 9.995821106947339052e-01 9.996867380298380956e-01 9.996594448462727822e-01
9.992386094040840439e-01 9.995721823942580464e-01 9.997127801266815217e-01 9.996766889776581566e-01 9.992958585009480421e-01 9.993793167512594611e-01 9.995981294620348567e-01 9.995780457639814598e-01 9.995877390428551390e-01 9.995892406240792782e-01
9.996756646695570403e-01 9.995044685337999280e-01 9.994059801833113932e-01 9.995797963444421619e-01 9.995334343007983291e-01 9.994618707172966410e-01 9.995312583515538751e-01 9.995306466945548252e-01 9.996907235530795299e-01 9.994266272072028778e-01
9.996225381706246305e-01 9.995141834227428967e-01 9.996289999218332945e-01 9.996010190219559721e-01 9.996534432940583637e-01 9.996083913869553417e-01 9.994885402111707284e-01 9.996405159463721546e-01 9.996680037845314670e-01 9.995664311442716832e-01
9.996419920990728958e-01 9.994709789201325911e-01 9.995772715830989474e-01 9.996216487030818998e-01 9.996068970232623307e-01 9.996907652192024152e-01 9.994878268692781731e-01 9.995417989012924664e-01 9.996299148135249224e-01 9.996282956635073047e-01
9.994807892341258659e-01 9.996413425166854605e-01 9.994655888031959146e-01 9.995799481985604418e-01 9.996476282230170041e-01 9.995227911130574183e-01 9.994250385223830691e-01 9.995857897183643148e-01 9.994624227538344563e-01 9.995066933187426450e-01
9.994359427178606259e-01 9.994244558486293784e-01 9.994824835863820311e-01 9.992782050416654238e-01 9.994926699016746241e-01 9.994924909119171641e-01 9.996579151981116462e-01 9.996194367895179234e-01 9.996992168931517764e-01 9.996414129313345720e-01
9.995239318600772638e-01 9.996298531027807410e-01 9.993448480386761812e-01 9.996337588607296931e-01 9.995660748844383825e-01 9.995739557149139198e-01 9.995212068524483850e-01 9.996352427760516468e-01 9.997063215647672418e-01 9.995003259611314750e-01
9.993494572954465527e-01 9.994888818458558255e-01 9.995487925898632886e-01 9.995167269753105765e-01 9.995619821256508386e-01 9.996705307166438015e-01 9.996134690525320110e-01 9.995991749571401241e-01 9.995911156975915146e-01 9.994910735289112003e-01
9.994814837418235509e-01 9.995928616901695873e-01 9.996626532862674663e-01 9.997018348670324572e-01 9.993716743416956039e-01 9.995013240391350529e-01 9.995046473286107735e-01 9.996687006165304590e-01 9.995107722202156708e-01 9.994286459561789737e-01
9.995343719870614096e-01 9.996146466695131627e-01 9.995231038494906128e-01 9.994616403708620478e-01 9.994353223568716027e-01 9.995719467050578899e-01 9.995482813635246933e-01 9.995729099896698555e-01 9.995350598143262211e-01 9.996402969725108889e-01
9.994781805600615465e-01 9.996775599849853089e-01 9.997103170241528058e-01 9.995657828646626886e-01 9.994086345826214135e-01 9.996398327369796499e-01 9.996518164401738682e-01 9.995781306811354350e-01 9.995101860483327494e-01 9.996373621945802146e-01
9.995263350689109760e-01 9.995204241860187189e-01 9.995604404887591388e-01 9.994911201622237451e-01 9.996704871483440558e-01 9.995452116256390296e-01 9.993723884381993106e-01 9.995006395595016357e-01 9.995776083790175459e-01 9.996504191744549628e-01
9.995211360367308728e-01 9.996098348892229479e-01 9.995162322903504704e-01 9.995440528717967066e-01 9.996541597745816077e-01 9.995050813473600471e-01 9.995599869196760690e-01 9.995995541224929060e-01 9.994899965796351093e-01 9.996218390564300948e-01
9.994095901031700979e-01 9.995524356637791596e-01 9.996051105638082968e-01 9.995476608843082422e-01 9.996835230146048357e-01 9.996059140974661306e-01 9.995573034326710182e-01 9.994729253748412257e-01 9.995190271881411181e-01 9.994882656771986174e-01
9.994838810672446172e-01 9.996146660535656370e-01 9.995286926665417626e-01 9.996586173046038137e-01 9.994407185446980701e-01 9.995037832082772633e-01 9.994149775750508224e-01 9.996441962005068183e-01 9.995163549394486813e-01 9.997135814766049400e-01
9.995849829703032929e-01 9.996564111685826148e-01 9.996385807655168154e-01 9.996253232682120737e-01 9.996707663642715458e-01 9.995027567167690252e-01 9.995025498253238272e-01 9.995274425702797005e-01 9.995415486161765006e-01 9.995704384943873144e-01
9.994680349889274451e-01 9.993636645175840716e-01 9.995748788611750202e-01 9.996778545856891407e-01 9.994180910810117613e-01 9.996697520885977628e-01 9.995372179971750981e-01 9.996440510727645501e-01 9.995988367716198697e-01 9.995107125728478481e-01
9.993467996083406080e-01 9.996203750760329632e-01 9.993909785201909868e-01 9.995886720305904305e-01 9.995995575855171067e-01 9.995385590027738854e-01 9.995782131938296677e-01 9.994805792304132241e-01 9.994760819388600614e-01 9.995827775439708462e-01
9.995078226720049974e-01 9.994522297002814692e-01 9.996781546348674219e-01 9.995184871357700729e-01 9.994839377463307084e-01 9.996132365318443069e-01 9.995743048198583169e-01 9.995733910525245181e-01 9.995830925287592095e-01 9.994676425954106547e-01
9.994843538042312847e-01 9.996820756732367474e-01 9.994527257986800528e-01 9.996676491901612671e-01 9.995041962834044780e-01 9.996001065395635488e-01 9.993875480783795950e-01 9.995248488073992243e-01 9.996269356605036460e-01 9.996644602442960048e-01
9.996241367341860418e-01 9.994536464531803555e-01 9.996368507793573777e-01 9.994266720719406916e-01 9.994874818596878319e-01 9.996969512198788932e-01 9.994057267287683732e-01 9.994318862891915511e-01 9.994636460786594512e-01 9.995417916655154889e-01
9.995199956039786393e-01 9.996541604122938240e-01 9.996617974545203289e-01 9.995448538701187102e-01 9.996885903678887075e-01 9.996035699915605255e-01 9.995399980463820500e-01 9.996566414492684682e-01 9.994790400288956489e-01 9.996130546323277466e-01
9.996668111154023428e-01 9.994546974081336410e-01 9.994914198754122348e-01 9.995885728505958800e-01 9.995332343833434052e-01 9.996336794717943786e-01 9.995695029503364193e-01 9.995132427966377797e-01 9.997769640317160089e-01 9.995393688385020292e-01
9.994004463218851830e-01 9.996672251165135137e-01 9.994419029899340723e-01 9.996184741550213637e-01 9.997096122987749744e-01 9.995601311479477280e-01 9.994310701283386500e-01 9.996216791172389815e-01 9.995566317587162297e-01 9.994916554304902334e-01
9.995775578279764151e-01 9.994706558774322236e-01 9.996846052133014915e-01 9.994708474136135834e-01 9.995658475803037568e-01 9.993389588982594107e-01 9.994762541324943017e-01 9.994088404055964103e-01 9.994887138184403996e-01 9.996545713465130323e-01
9.994206687915944132e-01 9.994805746197025220e-01 9.994997875412631183e-01 9.995509381491598511e-01 9.995020392612788962e-01 9.994777480725264285e-01 9.996600734999337989e-01 9.994515533495391679e-01 9.996140455017599180e-01 9.995463614803308250e-01
9.993754662700820024e-01 9.996121929871831790e-01 9.995985674196281590e-01 9.995212045681846069e-01 9.996342557737440959e-01 9.995033326645977878e-01 9.996685723901342913e-01 9.996409593515931391e-01 9.995088774864687720e-01 9.995035121953447232e-01
9.994824166528484266e-01 9.996043257069225918e-01 9.996294272348317245e-01 9.995274791731481034e-01 9.996270825006653427e-01 9.994839955386087826e-01 9.995299518442359865e-01 9.995071905824653991e-01 9.996177049307383156e-01 9.996106591289858345e-01
9.995693588527356788e-01 9.995738971092844594e-01 9.995398885968543867e-01 9.996224077183261114e-01 9.995625803317269575e-01 9.995004173309506301e-01 9.995358302452270749e-01 9.996616966698264051e-01 9.996413326688248224e-01 9.995273306937021429e-01
9.996236222561774021e-01 9.995229277408531621e-01 9.995879371971772009e-01 9.995179989787699171e-01 9.994679518808663454e-01 9.995590415198546408e-01 9.996336670421419601e-01 9.995966070979401819e-01 9.995813947449392334e-01 9.996758917965101743e-01
9.995916591189553113e-01 9.996456993540848712e-01 9.996408163069051556e-01 9.995773981633730987e-01 9.997395432349671651e-01 9.994768914802273363e-01 9.996126726697754927e-01 9.995126530659759201e-01 9.996094044077817875e-01 9.995298241659128502e-01
9.995592692484815966e-01 9.995041938686602956e-01 9.995432260618866138e-01 9.994675780840500678e-01 9.994976777575768079e-01 9.995898295895813135e-01 9.995431125976402820e-01 9.996202046572889577e-01 9.994144887648079845e-01 9.995352412174172141e-01
9.995761267514557957e-01 9.994607806225856983e-01 9.996776213082967377e-01 9.994041213215870689e-01 9.996484811997519149e-01 9.995632599569587162e-01 9.995433846631751607e-01 9.993836056930489598e-01 9.995210269183122387e-01 9.993395119903717427e-01
9.995902077537102137e-01 9.994104325998802718e-01 9.993720818506498516e-01 9.996490431756813733e-01 9.995887562189117448e-01 9.994401901166607427e-01 9.994968326844846374e-01 9.995746042760421668e-01 9.995490985653487925e-01 9.994774362890035402e-01
9.995949315002594648e-01 9.996719232103853381e-01 9.994187339601420250e-01 9.995797683429046288e-01 9.995102678397671525e-01 9.996707987982608179e-01 9.996393122610832682e-01 9.995147339994979729e-01 9.994685182052636119e-01 9.994768411425871690e-01
9.996645134764969853e-01 9.994219741911862798e-01 9.992803061939264930e-01 9.993134228464412017e-01 9.996444447925523225e-01 9.995624882342614148e-01 9.994595697249122335e-01 9.996277119642209552e-01 9.994707482958684608e-01 9.990266264016671727e-01
9.994454951508096041e-01 9.996048912217274651e-01 9.995171898334063165e-01 9.993686165908428620e-01 9.995822391108548644e-01 9.995258714319460447e-01 9.997174163866364704e-01 9.995583979718379863e-01 9.996258275397551518e-01 9.995788233398805733e-01
9.993976893210309020e-01 9.995352793088573273e-01 9.996395995581554006e-01 9.996615303688272114e-01 9.995117488789033722e-01 9.995169572947066872e-01 9.995165125317141408e-01 9.996240218794044674e-01 9.994866983630317225e-01 9.994622380913505966e-01
9.995735225386515044e-01 9.994892768491889790e-01 9.997063661323601913e-01 9.995356517451234879e-01 9.994965960712146602e-01 9.995549049239634831e-01 9.994351382849735455e-01 9.996020297771428531e-01 9.996028694788451352e-01 9.994667458144118610e-01
9.993397778654757868e-01 9.994968751815259678e-01 9.995066224779084463e-01 9.995673523326479293e-01 9.996596379542082023e-01 9.996003146477636658e-01 9.995264905610027339e-01 9.996298895770292514e-01 9.994398637272173813e-01 9.995106758064397079e-01
9.994779228837096241e-01 9.995326692778090383e-01 9.995330374079384184e-01 9.996032857471982558e-01 9.994399334727779305e-01 9.995484439182511505e-01 9.995504881416856779e-01 9.995845718176790129e-01 9.996521448368037577e-01 9.995003575053378331e-01
9.996307639491767150e-01 9.995548748795985983e-01 9.996274261004460815e-01 9.994955469229850342e-01 9.995054377160372816e-01 9.995499685050809324e-01 9.996721733716503744e-01 9.995692569589432752e-01 9.995570517777846442e-01 9.995676050344214358e-01
9.996092214019582922e-01 9.995494797918816898e-01 9.996439003765751341e-01 9.996187070699369404e-01 9.997300574739091950e-01 9.995966438362114959e-01 9.996193142820848365e-01 9.995437145386369959e-01 9.995542641547437990e-01 9.995350941230565223e-01
9.995952277659014840e-01 9.995529212105044303e-01 9.995378986569664059e-01 9.996256781626665644e-01 9.995364073629217083e-01 9.995052826273126412e-01 9.996158981910051589e-01 9.995492923670177277e-01 9.996302421250041759e-01 9.995142566185638566e-01
9.995007109702142012e-01 9.995217651708456774e-01 9.995154369765746338e-01 9.993617715727550754e-01 9.994099983442721324e-01 9.994345194667449972e-01 9.995900290746265737e-01 9.995080323618221740e-01 9.995694451566908834e-01 9.995873907131620495e-01
9.997407207563420162e-01 9.995759154924744871e-01 9.994818684507784656e-01 9.993923222974093745e-01 9.996981480274350629e-01 9.995676488565093942e-01 9.995478401166800753e-01 9.995169768240256269e-01 9.994419518634978239e-01 9.995376995968114908e-01
9.993988383602862013e-01 9.994265337659665738e-01 9.994578435904650782e-01 9.996187845490532853e-01 9.995450106906558219e-01 9.996487374648068691e-01 9.995516837431541735e-01 9.995868556141435102e-01 9.997263040901980258e-01 9.996285359575988183e-01
9.994740388563028155e-01 9.994684534684619148e-01 9.996140781199189806e-01 9.996096744023796887e-01 9.994389210687580904e-01 9.994946904901553797e-01 9.995858736690329538e-01 9.994594571654624726e-01 9.996348419268770158e-01 9.994855760152586699e-01
9.995421887545999917e-01 9.995314855271677512e-01 9.996458942520117796e-01 9.995044390045606519e-01 9.996570798515239664e-01 9.995461021681044667e-01 9.996039285990925283e-01 9.996207340559630783e-01 9.994222878561110912e-01 9.995895954549249840e-01
9.996966858643594467e-01 9.995283621678950903e-01 9.995142984583369472e-01 9.997130897078981837e-01 9.996176665893847790e-01 9.995605073321103262e-01 9.995822982951654279e-01 9.996705689002064465e-01 9.995581959766843827e-01 9.996184877950134995e-01
9.996458939142205402e-01 9.994556088228815360e-01 9.995099880378728319e-01 9.995482860954327808e-01 9.995577869353708955e-01 9.995628047499885982e-01 9.994151811872800106e-01 9.997549719832165005e-01 9.996022274015521347e-01 9.995809179480100726e-01
9.997171366304961060e-01 9.995097424644289186e-01 9.995825345663527095e-01 9.995198514632647191e-01 9.995946315341720512e-01 9.995615849913532802e-01 9.995909536048068755e-01 9.994912859096636293e-01 9.993522218203186869e-01 9.993064468540202583e-01
9.995169467542688313e-01 9.993326495163700196e-01 9.996622492616581424e-01 9.996264924055886514e-01 9.994700505435641924e-01 9.995523596470733407e-01 9.994285410930202618e-01 9.995084901321150683e-01 9.996108519917291657e-01 9.997048452073424851e-01
9.994353076143388526e-01 9.994126239793337252e-01 9.996242454027995938e-01 9.996138312615463484e-01 9.995966816629257012e-01 9.995099517674511658e-01 9.993409620943081162e-01 9.994269662999351045e-01 9.996125860023558074e-01 9.994771379955810220e-01
9.995593952112227232e-01 9.996247193428947631e-01 9.994225398542017080e-01 9.996403789859308331e-01 9.995510037636375911e-01 9.995879240427479884e-01 9.994086695233821427e-01 9.994146018954092048e-01 9.995989010670858210e-01 9.997222642659233660e-01
9.995941556446081844e-01 9.993576164259380112e-01 9.995843566331973351e-01 9.994572888011967748e-01 9.996276215869762671e-01 9.994498493894461433e-01 9.315154545396566732e-01 9.994449507178170267e-01 9.995690381773538746e-01 9.994624860754633966e-01
9.995420589016054125e-01 9.994436118345688680e-01 9.995554380960502971e-01 9.995735999734167709e-01 9.994057207365550921e-01 9.995666354252743524e-01 9.995038922959820216e-01 9.995103181990744323e-01 9.995127242773504950e-01 9.997649086456997791e-01
9.993565696101005535e-01 9.995252883101012342e-01 9.994328137269755663e-01 9.997202356005627788e-01 9.995044943225288581e-01 9.994823220159497756e-01 9.995077321961753913e-01 9.994320964006270236e-01 9.995915817456355601e-01 9.994978292486432769e-01
9.996109350162580842e-01 9.996501216354346520e-01 9.996171187730048535e-01 9.996430486958524098e-01 9.996577805994557586e-01 9.995239646769176201e-01 9.992949942591453638e-01 9.994864873551256856e-01 9.996476663912539085e-01 9.994582685803543587e-01
9.995654645530949178e-01 9.995090725668659415e-01 9.996513177481762824e-01 9.993589940498713853e-01 9.994215956489426178e-01 9.994856201389890060e-01 9.995605622693344294e-01 9.995058638739412471e-01 9.995114157410377453e-01 9.995867590751312814e-01
9.996193246768407814e-01 9.995253506169281543e-01 9.993992079030157294e-01 9.996134590862022495e-01 9.996067476565240195e-01 9.994416586669082614e-01 9.995858813326812253e-01 9.996592211763397628e-01 9.996232657380176301e-01 9.994658516853590635e-01
9.995709243921978571e-01 9.995169387328478594e-01 9.996491309006919623e-01 9.995685499563303766e-01 9.995777173894506706e-01 9.992343431602918047e-01 9.995344958104698252e-01 9.989174467511103828e-01 9.995503053801877424e-01 9.996403764323382735e-01
9.993589726568463671e-01 9.995298691351848230e-01 9.995438157261641310e-01 9.994029232198123891e-01 9.992669708808968876e-01 9.994749723753219017e-01 9.994799320428190414e-01 9.996093351142657513e-01 9.993319436783034693e-01 9.996096081332767058e-01
9.995972772195870215e-01 9.996365680464202041e-01 9.994940188272559700e-01 9.995526540673373983e-01 9.993718556815494036e-01 9.995357428432835034e-01 9.995776150575265140e-01 9.996857762061474029e-01 9.994786539829405569e-01 9.995502212243374540e-01
9.996781509653749342e-01 9.994943772424064177e-01 9.994829173614480089e-01 9.995631660719546119e-01 9.996234829707001390e-01 9.996013053235163204e-01 9.995917920097456832e-01 9.995889456194254619e-01 9.992985379300494131e-01 9.993619918924543377e-01
9.996612845475723041e-01 9.996578786913415948e-01 9.994254705731906441e-01 9.996521804615159379e-01 9.995362071377940083e-01 9.995219940848375506e-01 9.992642417121084808e-01 9.993793223617577492e-01 9.994609807560106418e-01 9.995899489391262271e-01
9.996598518661266031e-01 9.995488575379565255e-01 9.994893862814924201e-01 9.996158841857722965e-01 9.995324915871933724e-01 9.995086117152732763e-01 9.993919385446526915e-01 9.996058250740437190e-01 9.995582179363738939e-01 9.996221710521551174e-01
9.995971638951303140e-01 9.995790396087863572e-01 9.997110303175875679e-01 9.996841864265743061e-01 9.995340818957970663e-01 9.994549883631796972e-01 9.995166801001619250e-01 9.995498517650052150e-01 9.996595637812688562e-01 9.994348733071944935e-01
9.994817164167795198e-01 9.995797659504964683e-01 9.993934603521354987e-01 9.995064361299411670e-01 9.995426934235737138e-01 9.995439877892182690e-01 9.993953478915797994e-01 9.994042206021832575e-01 9.995308353296071813e-01 9.995437266654026987e-01
9.996067400196018138e-01 9.994841980624844524e-01 9.995561976490262568e-01 9.997049097226547998e-01 9.994008173416195628e-01 9.995357985191311023e-01 9.994329604428104918e-01 9.995402030148297090e-01 9.996360842077628428e-01 9.995448886315161374e-01
9.995419818011492818e-01 9.995440476052140921e-01 9.995614145671848361e-01 9.995856365789079767e-01 9.995082133836068472e-01 9.996141734587734584e-01 9.994611684703927912e-01 9.995043484511519916e-01 9.995558881019528386e-01 9.995175616253159090e-01
9.995007851094318552e-01 9.995173011049265366e-01 9.993857173453429832e-01 9.994148456186316976e-01 9.996585898274340520e-01 9.994639692145771415e-01 9.995494267103492980e-01 9.995339870002727389e-01 9.994761793764922464e-01 9.994605265972315022e-01
9.996965622639247817e-01 9.996101118731698376e-01 9.993471655937243847e-01 9.996170422371506437e-01 9.996579414869078972e-01 9.993860065541396720e-01 9.994185747249557661e-01 9.996025115702069641e-01 9.996987403269482764e-01 9.995018176509651298e-01
9.995544464832317733e-01 9.995806971269054486e-01 9.995817397996564768e-01 9.993850521023166511e-01 9.995713816349055536e-01 9.995625867530575359e-01 9.996440390321954528e-01 9.995310553256995245e-01 9.995390996950649365e-01 9.994416469848032003e-01
9.996228647755966978e-01 9.996392155148379199e-01 9.996582014199288935e-01 9.996382356315266504e-01 9.995732637432743761e-01 9.996196610952056139e-01 9.995390303182527525e-01 9.995418175645932601e-01 9.994862246980292797e-01 9.995206662387773333e-01
9.992742955129366722e-01 9.996133139654771460e-01 9.997847031165368881e-01 9.995881204161912725e-01 9.994175134609829536e-01 9.995953373063835024e-01 9.995656838306230529e-01 9.995442892101331633e-01 9.992647501692956125e-01 9.996611459797211108e-01
9.993996746557854971e-01 9.994635245815887137e-01 9.995964715266245637e-01 9.996309329862557158e-01 9.993729258151839989e-01 9.996487171148680240e-01 9.995876670430123845e-01 9.994298791655183978e-01 9.996328395141254042e-01 9.994791205352302477e-01
9.994976360268070792e-01 9.995658837121778051e-01 9.995811259023719142e-01 9.996520283421543862e-01 9.993770920805810087e-01 9.995173816306793801e-01 9.993135560496618774e-01 9.995470355602431578e-01 9.995109691463002211e-01 9.995117982873513718e-01
9.994782637583962126e-01 9.994099253204558053e-01 9.994785284647805801e-01 9.995977272707352590e-01 9.995006704578112133e-01 9.996671610409542108e-01 9.996248741024773565e-01 9.994600930569549346e-01 9.995762854262003616e-01 9.996076235480608752e-01
9.994957622418746412e-01 9.993319783933468647e-01 9.995156253494635878e-01 9.995632494261551537e-01 9.995875985599256275e-01 9.995642092796691580e-01 9.993096084962955761e-01 9.996159019999099060e-01 9.995161562690840773e-01 9.995111270538269421e-01
9.996713486227617462e-01 9.994030844844871142e-01 9.996884394817734387e-01 9.994661094098434839e-01 9.996473252142956678e-01 9.994704339578949215e-01 9.996120850299927696e-01 9.995290189594182584e-01 9.995703137090306001e-01 9.994058940345840192e-01
9.995050260217032134e-01 9.996223770159544664e-01 9.996049816707722746e-01 9.994951661525814934e-01 9.996975707768067654e-01 9.996003836185476388e-01 9.996047480712075828e-01 9.997148234273882661e-01 9.995541287405999009e-01 9.995612071213023642e-01
9.996345829634565305e-01 9.994772091067739561e-01 9.994489858296373708e-01 9.997185560835583074e-01 9.995032378330173106e-01 9.996164318364301193e-01 9.996150171262495610e-01 9.994811356968229532e-01 9.995874020840973539e-01 9.995753919377049490e-01
9.995492472545463025e-01 9.994794624728569055e-01 9.995749515326909362e-01 9.996232733671269743e-01 9.995173112566481111e-01 9.996822270350019801e-01 9.994249377884767416e-01 9.993819130708949672e-01 9.995236549817827498e-01 9.996392261944905266e-01
9.995792913140254532e-01 9.995898663711498822e-01 9.996457331791536172e-01 9.994530708415185760e-01 9.993814887431778926e-01 9.996608226748893156e-01 9.995822399104660194e-01 9.995443608426254345e-01 9.996195011893268534e-01 9.992911581869585724e-01
9.996186280721340855e-01 9.996292002213993388e-01 9.994326746217685464e-01 9.995368660340624434e-01 9.994541303646639063e-01 9.995828664755892490e-01 9.996836543964441324e-01 9.995824462916623743e-01 9.993655046213669735e-01 9.993718048779083318e-01
9.995298958419340796e-01 9.994466291662698065e-01 9.996660219666739788e-01 9.994094955476475750e-01 9.995644950675741658e-01 9.995480628727133610e-01 9.996582848749404615e-01 9.995078814415105928e-01 9.994572566198779429e-01 9.995553217854695749e-01
9.993935787854077990e-01 9.994935553225997582e-01 9.995101965360593255e-01 9.995466578861288420e-01 9.997031284086373981e-01 9.993790440910564898e-01 9.995176123527057532e-01 9.994384347796928525e-01 9.995284735534029075e-01 9.994832138400162602e-01
