9.999854117179231006e-01 9.999858305143433101e-01 9.999877213143774091e-01 9.999877157199602573e-01 9.999821035867554331e-01 9.999860655148428146e-01 9.999850818255684448e-01 9.999847861258841508e-01 9.999832939040762536e-01 9.999851404347266381e-01
9.999851999510506184e-01 9.999835155148478760e-01 9.999823600060008255e-01 9.999860875684696282e-01 9.999900184859876751e-01 9.999859294582961189e-01 9.999827283306615966e-01 9.999846674620074261e-01 9.999857033264973882e-01 9.999880416312664222e-01
9.999851593414237350e-01 9.999865916243182440e-01 9.999858158178697165e-01 9.999845515263416917e-01 9.999888487299667394e-01 9.999871920935617942e-01 9.999839972687050160e-01 9.999867514997812235e-01 9.999869374519457788e-01 9.999872860110807782e-01
9.999857139297606556e-01 9.999905232900224705e-01 9.999889179985098631e-01 9.999827824773785956e-01 9.999772988772952509e-01 9.999865791469152443e-01 9.999824953482396861e-01 9.999837378594256254e-01 9.999904391111894553e-01 9.999868223432649694e-01
9.999849862263110456e-01 9.999870590664912129e-01 9.999881548593951841e-01 9.999845111814041898e-01 9.999839099673709653e-01 9.999836718031936966e-01 9.999873028134540487e-01 9.999881306251161561e-01 9.999829314332056018e-01 9.999864395635276182e-01
9.999870916417858968e-01 9.999894284735919570e-01 9.999878193157997197e-01 9.999826157935640669e-01 9.999849881332102397e-01 9.999812592595704874e-01 9.999865563961067849e-01 9.999838338899847967e-01 9.999873985680319821e-01 9.999839846765896656e-01
9.999835232293851073e-01 9.999885386993400127e-01 9.999836403188814282e-01 9.999886879008905716e-01 9.999845093301018562e-01 9.999888198097798275e-01 9.999826595290122189e-01 9.999843234262534297e-01 9.999891166683942956e-01 9.999850284207846274e-01
9.999871984818523574e-01 9.999890275323713995e-01 9.999864901025093955e-01 9.999859040172691671e-01 9.999812720490485196e-01 9.999813489903893737e-01 9.999906309569530638e-01 9.999888447817782966e-01 9.999866942981409101e-01 9.999862671959609539e-01
9.999876477560919463e-01 9.999827453259637622e-01 9.999847166537007004e-01 9.999918326407112312e-01 9.999880391587114836e-01 9.999899828758364029e-01 9.999869649988294418e-01 9.999869683171831447e-01 9.999864859110234594e-01 9.999863842577008111e-01
9.999843355189550476e-01 9.999903873368728435e-01 9.999870883689880863e-01 9.999879756305579681e-01 9.999811104880521606e-01 9.999852452661140978e-01 9.999837641867977966e-01 9.999827912520469209e-01 9.999878231176614340e-01 9.999801067907090335e-01
9.999843089713875699e-01 9.999852856874474893e-01 9.999833063502141517e-01 9.999865576161894865e-01 9.999779196757079269e-01 9.999879015372266089e-01 9.999833181128832127e-01 9.999906828838905914e-01 9.999897051495123534e-01 9.999878671019944987e-01
9.999855119971620132e-01 9.999873414486957213e-01 9.999889726721863381e-01 9.999799310631886096e-01 9.999828523315662521e-01 9.999878080424755566e-01 9.999898745539939071e-01 9.999884845668398636e-01 9.999889059087545551e-01 9.999886655202091523e-01
9.999831745834428798e-01 9.999791279616895290e-01 9.999865920747965653e-01 9.999874688497940589e-01 9.999860900910451100e-01 9.999879247845736563e-01 9.999831933733741574e-01 9.999848943240797761e-01 9.999795542487454059e-01 9.999856805113054303e-01
9.999853428720285597e-01 9.999838454537135490e-01 9.999884261087151893e-01 9.999884135627579163e-01 9.999836527510227446e-01 9.999808375451655351e-01 9.999852644790733214e-01 9.999877847048092017e-01 9.999809900351424030e-01 9.999854510283825437e-01
9.999868756569209038e-01 9.999819243468445196e-01 9.999839896929409999e-01 9.999844376300330850e-01 9.999815122546616974e-01 9.999833888112248381e-01 9.999878021233233882e-01 9.999874750843824600e-01 9.999860590010085648e-01 9.999847733301335806e-01
9.999911478534134757e-01 9.999818157836533050e-01 9.999879965699028928e-01 9.999896253562092774e-01 9.999871904799935152e-01 9.999796312404291010e-01 9.999867078025928002e-01 9.999880123206696947e-01 9.999865681118335070e-01 9.999831286266586128e-01
9.999852254075878299e-01 9.999837844715683266e-01 9.999857079888608835e-01 9.999877846873004295e-01 9.999874309686415108e-01 9.999892186087316892e-01 9.999847477744640001e-01 9.999856145897508819e-01 9.999860272739744538e-01 9.999851907172440102e-01
9.999850495195489186e-01 9.999816164672916674e-01 9.999825439809661987e-01 9.999890034237843839e-01 9.999831849131931572e-01 9.999864814938722590e-01 9.999857060191601477e-01 9.999874004153181950e-01 9.999875267866784601e-01 9.999893885383893677e-01
9.999826453717231001e-01 9.999880231620775772e-01 9.999883663021452707e-01 9.999850813466264476e-01 9.999859919142175535e-01 9.999822824242334818e-01 9.999834492539811936e-01 9.999862740970680841e-01 9.999882011194721754e-01 9.999879368057299489e-01
9.999836465202347480e-01 9.999887409100032265e-01 9.999854309251909878e-01 9.999904838575716104e-01 9.999833225985584884e-01 9.999851714313106044e-01 9.999804505459490844e-01 9.999833822897965518e-01 9.999821973231087791e-01 9.999824165073361026e-01
9.999844564799030833e-01 9.999827178102220770e-01 9.999904466390866498e-01 9.999851397037921030e-01 9.999879858466740323e-01 9.999913203378856252e-01 9.999880403238801119e-01 9.999830455505985816e-01 9.999808956242014490e-01 9.999814773260542466e-01
9.999866993550179384e-01 9.999864672858155279e-01 9.999819047680718054e-01 9.999880638353897400e-01 9.999860956471693374e-01 9.999923149265669275e-01 9.999802650032932894e-01 9.999790601683278268e-01 9.999843747773726754e-01 9.999849315773532421e-01
9.999886796866969130e-01 9.999824718970042881e-01 9.999836435745527163e-01 9.999862226998890158e-01 9.999853172911868926e-01 9.999882940234658957e-01 9.999783491974049143e-01 9.999865378981100950e-01 9.999870717703582823e-01 9.999859663690849887e-01
9.999859689519632333e-01 9.999760614639777723e-01 9.999853462227918932e-01 9.999831684520738007e-01 9.999834043061220923e-01 9.999872389604659295e-01 9.999868672182534723e-01 9.999834716619951935e-01 9.999884402243712778e-01 9.999840315565584614e-01
9.999860953551231724e-01 9.999853159965720328e-01 9.999856754305240791e-01 9.999856893738177099e-01 9.999872703243628536e-01 9.999788162038550920e-01 9.999863400022702686e-01 9.999860761052070668e-01 9.999840799934907043e-01 9.999849229213663149e-01
9.999847915314701297e-01 9.999842358834777345e-01 9.999886682138405813e-01 9.999837030263031279e-01 9.999878379154560903e-01 9.999884208740437153e-01 9.999901926446691514e-01 9.999796521811133987e-01 9.999848257647880878e-01 9.999862635640519581e-01
9.999862033577641141e-01 9.999889968262228868e-01 9.999873223724121685e-01 9.999882032717216651e-01 9.999874730790735411e-01 9.999789723460216218e-01 9.999838903191595740e-01 9.999840094823939651e-01 9.999912241800396062e-01 9.999818760557170894e-01
9.999767681864960567e-01 9.999876803587270935e-01 9.999841551458050759e-01 9.999873829431128458e-01 9.999794837293353167e-01 9.999864894884994415e-01 9.999844262890912328e-01 9.999883382719653158e-01 9.999822439962895437e-01 9.999864993044695893e-01
9.999852615840496561e-01 9.999793105996648279e-01 9.999861247077577175e-01 9.999845259067208225e-01 9.999871178567876218e-01 9.999830419019377636e-01 9.999842703391697007e-01 9.999847932730057121e-01 9.999860444165007411e-01 9.999862139276439743e-01
9.999870017335209527e-01 9.999825484961145650e-01 9.999898847950755565e-01 9.999867604589065539e-01 9.999801205247835778e-01 9.999881546763860207e-01 9.999884743804007270e-01 9.999857783604341188e-01 9.999877222737654225e-01 9.999849119956739640e-01
9.999854870201732027e-01 9.999849272466649897e-01 9.999875605795351952e-01 9.999861645191339132e-01 9.999891713135020677e-01 9.999864099112208971e-01 9.999848890979812222e-01 9.999867674048010802e-01 9.999878158819344165e-01 9.999855537494523050e-01
9.999892556948642985e-01 9.999908488454046784e-01 9.999812589700688426e-01 9.999795167259867279e-01 9.999764832600993580e-01 9.999838598868722173e-01 9.999871909329709485e-01 9.999874252064214764e-01 9.999863078138170325e-01 9.999806480043479384e-01
9.999875242693140320e-01 9.999875075650863643e-01 9.999818045834744096e-01 9.999868025404080596e-01 9.999839561511162378e-01 9.999851824134305955e-01 9.999825738900129934e-01 9.999808887381329559e-01 9.999864526294197642e-01 9.999864918402066039e-01
9.999865465504362838e-01 9.999877175583006261e-01 9.999883997948501024e-01 9.999888606516040834e-01 9.999854295941980054e-01 9.999799562646972673e-01 9.999831052001664222e-01 9.999852976323444498e-01 9.999843648660827755e-01 9.999847721094682340e-01
9.999880159356870912e-01 9.999870415608024254e-01 9.999871447190883389e-01 9.999907335583053669e-01 9.999867056985052294e-01 9.999891442604086356e-01 9.999855294004229567e-01 9.999831527679126086e-01 9.999839318338885619e-01 9.999917026666450548e-01
9.999859056344233554e-01 9.999905724902302673e-01 9.999820172797277973e-01 9.999870597516433701e-01 9.999880293137287657e-01 9.999851990431856130e-01 9.999820852765884949e-01 9.999879247723316711e-01 9.999884198662131185e-01 9.999808789094419836e-01
9.999851520267420968e-01 9.999859569450654240e-01 9.999859786321534383e-01 9.999879338944439588e-01 9.999890310243744196e-01 9.999837378210847394e-01 9.999818860856425351e-01 9.999829377197199110e-01 9.999892107644783312e-01 9.999885877463537964e-01
9.999866762288821542e-01 9.999809019228957929e-01 9.999828752452386560e-01 9.999837947960613649e-01 9.999818940563341974e-01 9.999879190908531612e-01 9.999888597807418122e-01 9.999841184401714322e-01 9.999789125209385121e-01 9.999876256649312678e-01
9.999901011586584954e-01 9.999892563451497907e-01 9.999849943516245787e-01 9.999858374489114521e-01 9.999863679961669138e-01 9.999872627968022787e-01 9.999876075296155742e-01 9.999761471398643797e-01 9.999851227614819926e-01 9.999832877303141965e-01
9.999867409459081147e-01 9.999780112999310244e-01 9.999835583842217046e-01 9.999863529811815477e-01 9.999839301038820905e-01 9.999797531132603723e-01 9.999861667453741054e-01 9.999915035093215332e-01 9.999871103159257979e-01 9.999900744812387776e-01
9.999864152122787120e-01 9.999818135883031811e-01 9.999875514274928490e-01 9.999807390082298131e-01 9.999818145066103892e-01 9.999891926252364449e-01 9.999847473940030040e-01 9.999893593619116894e-01 9.999886964013561252e-01 9.999861427870423425e-01
9.999891759068221253e-01 9.999913832943273517e-01 9.999809083853807845e-01 9.999841921792611554e-01 9.999846207405297394e-01 9.999859148570581224e-01 9.999856654501901865e-01 9.999900178361019742e-01 9.999808977865686233e-01 9.999856867857584986e-01
9.999852712773047436e-01 9.999879832146415515e-01 9.999890980245503824e-01 9.999887309412588410e-01 9.999857066740025502e-01 9.999898769638400076e-01 9.999862981091427461e-01 9.999866880465866359e-01 9.999843803286937449e-01 9.999887803844267342e-01
9.999876631418038730e-01 9.999881306934794711e-01 9.999815477833078337e-01 9.999845054803545574e-01 9.999913876271088187e-01 9.999866300316959666e-01 9.999859564584908656e-01 9.999896691853114028e-01 9.999873594850915426e-01 9.999856197945293790e-01
9.999816157476755230e-01 9.999913175822902067e-01 9.999839015603818604e-01 9.999884012186295301e-01 9.999866308647932245e-01 9.999895434547951822e-01 9.999903234821183595e-01 9.999843087293579513e-01 9.999907001114107796e-01 9.999859877146911602e-01
9.999814023202995283e-01 9.999867608110558637e-01 9.999784314565124399e-01 9.999852778180599033e-01 9.999874639798381759e-01 9.999856944467919728e-01 9.999897456583294320e-01 9.999870674609244725e-01 9.999861719707041630e-01 9.999867918751835782e-01
9.999861250486902220e-01 9.999814116833667388e-01 9.999892050750730510e-01 9.999864182205300267e-01 9.999869353086947577e-01 9.999875238718421988e-01 9.999885468737341743e-01 9.999882841424473368e-01 9.999873448233906892e-01 9.999887743672759566e-01
9.999840387128341446e-01 9.999893675565182383e-01 9.999851526811477376e-01 9.999882182618534676e-01 9.999840270221300731e-01 9.999840537478957847e-01 9.999874338718393041e-01 9.999804740133634295e-01 9.999829375667574904e-01 9.999851368312321354e-01
9.999887864866688902e-01 9.999885363644793745e-01 9.999852560494569831e-01 9.999884964109748697e-01 9.999903121318033383e-01 9.999874631451228790e-01 9.999882800819644979e-01 9.999893026387313144e-01 9.999843945019751823e-01 9.999871617055722250e-01
9.999785230186923890e-01 9.999875163589604377e-01 9.999809300984747740e-01 9.999887374844643739e-01 9.999845739339148221e-01 9.999844340514864038e-01 9.999774471342319782e-01 9.999835064487396785e-01 9.999860172053702811e-01 9.999873257063136567e-01
9.999910050667536465e-01 9.999816180046087188e-01 9.999871963799942254e-01 9.999882027674603657e-01 9.999851386966180922e-01 9.999877172975565331e-01 9.999806269259908786e-01 9.999844205624682791e-01 9.999878510480310068e-01 9.999891397368280144e-01
9.999895448795583786e-01 9.999879228006259835e-01 9.999824060290716243e-01 9.999848777031545843e-01 9.999833339986817782e-01 9.999868078509404068e-01 9.999845667226739954e-01 9.999858074435992172e-01 9.999881172294570186e-01 9.999822522852622741e-01
9.999894497132304494e-01 9.999837987807596029e-01 9.999835116778925670e-01 9.999855149618190886e-01 9.999858625406546908e-01 9.999852815183770671e-01 9.999858677388044903e-01 9.999850514252052180e-01 9.999848093205334632e-01 9.999896699853690896e-01
9.999850143678822301e-01 9.999821496601668525e-01 9.999877679541261388e-01 9.999838204086518578e-01 9.999897313429716439e-01 9.999846704550172660e-01 9.999858339055949230e-01 9.999876019453202147e-01 9.999879426902655855e-01 9.999869038683466549e-01
9.999854724958232577e-01 9.999832289518871820e-01 9.999849490717097611e-01 9.999882032161560019e-01 9.999837724213954671e-01 9.999846408116563889e-01 9.999853067961154141e-01 9.999883733108712036e-01 9.999876583783411377e-01 9.999874821197852759e-01
9.999903385180977100e-01 9.999840508469873823e-01 9.999886981637072791e-01 9.999844305905919439e-01 9.999837034597964802e-01 9.999898013189159052e-01 9.999827670315630801e-01 9.999874063367595323e-01 9.999916607569083737e-01 9.999907526461311313e-01
9.999814645609320651e-01 9.999846586486510480e-01 9.999854416156183090e-01 9.999839454216784551e-01 9.999849224351979871e-01 9.999873033339132800e-01 9.999853432822369825e-01 9.999879728593539241e-01 9.999898228035004610e-01 9.999869227518581871e-01
9.999875498951048547e-01 9.999880765401918392e-01 9.999813445128568068e-01 9.999839076413705730e-01 9.999818637517506881e-01 9.999857401844534088e-01 9.999859025961809200e-01 9.999909725756721546e-01 9.999888919414602340e-01 9.999882191143180110e-01
9.999762111092658223e-01 9.999848046957628966e-01 9.999867562110817953e-01 9.999870365452265819e-01 9.999884601086157510e-01 9.999875430414938426e-01 9.999856673293938680e-01 9.999856431434811510e-01 9.999890288561266161e-01 9.999880467273040141e-01
9.999864576185515386e-01 9.999884896747001095e-01 9.999913425789505039e-01 9.999846869054477283e-01 9.999860185035078786e-01 9.999874001124755551e-01 9.999873784141752875e-01 9.999854691222481717e-01 9.999887101953405244e-01 9.999883260789328432e-01
9.999814081008967515e-01 9.999859757503768432e-01 9.999863586607309340e-01 9.999876627404760132e-01 9.999890768994686985e-01 9.999825319001824919e-01 9.999837954103742987e-01 9.999855177074156165e-01 9.999851655018323626e-01 9.999880842160757677e-01
9.999858677546339392e-01 9.999851175643690304e-01 9.999837412245619062e-01 9.999807444057580152e-01 9.999895147132965567e-01 9.999888405215854315e-01 9.999882435754808840e-01 9.999845194582033248e-01 9.999836516383361351e-01 9.999835570233414073e-01
9.999876994132498309e-01 9.999859413629342830e-01 9.999890748332350698e-01 9.999827081157032227e-01 9.999815684767493495e-01 9.999777235395855834e-01 9.999844370456533182e-01 9.999877477743404075e-01 9.999881936742419652e-01 9.999866450187071543e-01
9.999892918075382608e-01 9.999868104549470837e-01 9.999892958403753251e-01 9.999874184931455412e-01 9.999851635290799567e-01 9.999878328784785886e-01 9.999826940977810663e-01 9.999887530771108812e-01 9.999915805015713310e-01 9.999911939746327638e-01
9.999843863704727109e-01 9.999880350368537396e-01 9.999867036797175368e-01 9.999888051301996095e-01 9.999844400258028898e-01 9.999812293542049702e-01 9.999802792296247356e-01 9.999862343227851058e-01 9.999830451276284782e-01 9.999851429109931633e-01
9.999878492391047757e-01 9.999826387112450421e-01 9.999868649945329313e-01 9.999865506442970897e-01 9.999899790321593596e-01 9.999892258527122157e-01 9.999879657524447518e-01 9.999840012349454632e-01 9.999816209498505470e-01 9.999804356220465262e-01
9.999857505522828927e-01 9.999843434625419469e-01 9.999876595860391904e-01 9.999855836913608131e-01 9.999781374820768676e-01 9.999816457720622775e-01 9.999827562757213073e-01 9.999843067854464751e-01 9.999886547511308565e-01 9.999824749660786161e-01
9.999852379014330106e-01 9.999852888482780866e-01 9.999837753277335262e-01 9.999791191894729092e-01 9.999857748217928499e-01 9.999862376920116702e-01 9.999816533001733010e-01 9.999863064840711635e-01 9.999812026040707513e-01 9.999850093156996689e-01
9.999881974697614195e-01 9.999825380088550597e-01 9.999852132264620552e-01 9.999861200630280056e-01 9.999865987828090441e-01 9.999859192250720730e-01 9.999860258733412888e-01 9.999864895451847646e-01 9.999864565776341863e-01 9.999796028248210122e-01
9.999824183833548874e-01 9.999880603782815847e-01 9.999863370915453853e-01 9.999836331402993661e-01 9.999840980409240299e-01 9.999880476862182954e-01 9.999883582219291078e-01 9.999842475852048773e-01 9.999889825367470619e-01 9.999838545446935179e-01
9.999856386722223434e-01 9.999884208752707337e-01 9.999865145872034455e-01 9.999886165368002677e-01 9.999814824483895803e-01 9.999884383632696716e-01 9.999887212456695096e-01 9.999864097090332971e-01 9.999837893503693564e-01 9.999894100471133918e-01
9.999829205645069941e-01 9.999839951834363916e-01 9.999846108717261872e-01 9.999827020560506652e-01 9.999820905110493596e-01 9.999856581918575849e-01 9.999846984690362595e-01 9.999876740316436807e-01 9.999881277629759646e-01 9.999848200225047723e-01
9.999868937621365639e-01 9.999885940579104071e-01 9.999836487554604192e-01 9.999851076368410085e-01 9.999873270327416241e-01 9.999831201290231286e-01 9.999796817425881112e-01 9.999838752303985556e-01 9.999862177061933366e-01 9.999891406593846011e-01
9.999851813442237614e-01 9.999874820251658525e-01 9.999827184979795947e-01 9.999876238043133858e-01 9.999799285514803238e-01 9.999848448600979767e-01 9.999877910569082706e-01 9.999847157125401065e-01 9.999861885647337578e-01 9.999833934052988482e-01
9.999860716060710031e-01 9.999827999707535664e-01 9.999840797419061733e-01 9.999844528088690510e-01 9.999867740497838664e-01 9.999863502348719235e-01 9.999919314156181516e-01 9.999853671331938587e-01 9.999831509451022615e-01 9.999862684486731101e-01
9.999835749071808166e-01 9.999867063827992952e-01 9.999870746686496670e-01 9.999801092693549887e-01 9.999876425457149276e-01 9.999866975561233495e-01 9.999871714078111262e-01 9.999830201273993691e-01 9.999879200491101905e-01 9.999879187018940740e-01
9.999838184941610697e-01 9.999852102797029962e-01 9.999882094249377129e-01 9.999871295433850893e-01 9.999863397019205236e-01 9.999843950760032296e-01 9.999851588716403006e-01 9.999885867958198116e-01 9.999871475871787707e-01 9.999840625953166917e-01
9.999862353567755546e-01 9.999893978947465012e-01 9.999892607951487156e-01 9.999839875625478047e-01 9.999869452067383646e-01 9.999856435930940535e-01 9.999864121061289302e-01 9.999872727432594921e-01 9.999859423156136629e-01 9.999800425329687936e-01
9.999850523882738429e-01 9.999862591672199486e-01 9.999835554177782804e-01 9.999837999588507831e-01 9.999855406030576654e-01 9.999849332647495759e-01 9.999876279702025750e-01 9.999823375590655150e-01 9.999898099117089378e-01 9.999817841599702994e-01
9.999865488667221136e-01 9.999777178756551477e-01 9.999862377696000504e-01 9.999857119967436869e-01 9.999886579729683200e-01 9.999900952279306976e-01 9.999835891122680342e-01 9.999871482666828904e-01 9.999894425742813509e-01 9.999856969935837503e-01
9.999842980989531727e-01 9.999840375490728350e-01 9.999855905923794586e-01 9.999836043727627910e-01 9.999797719449039501e-01 9.999875822677766202e-01 9.999802991468990099e-01 9.999867820092824822e-01 9.999893322448978328e-01 9.999830954028403607e-01
9.999881709593692047e-01 9.999828835173303343e-01 9.999849475799980070e-01 9.999849403246989787e-01 9.999881516434041551e-01 9.999876834601468811e-01 9.999873728305120890e-01 9.999801552339991906e-01 9.999833430577090843e-01 9.999863844708133387e-01
9.999871323884524932e-01 9.999886582445577377e-01 9.999881758004820487e-01 9.999881403578756434e-01 9.999848207345750639e-01 9.999862990723584755e-01 9.999874729490276781e-01 9.999906685578401344e-01 9.999860904144390883e-01 9.999860324303059267e-01
9.999874289011914108e-01 9.999801102547042353e-01 9.999854395310193711e-01 9.999843746317584881e-01 9.999893621093700613e-01 9.999831576442310688e-01 9.999869694588557900e-01 9.999861680759760674e-01 9.999912793755597606e-01 9.999862084584196786e-01
9.999815137479727278e-01 9.999886808560126683e-01 9.999829724490177929e-01 9.999833925684732394e-01 9.999859373696198261e-01 9.999862623242300463e-01 9.999879321861209203e-01 9.999849021053295317e-01 9.999841943065884697e-01 9.999874800866945801e-01
9.999880145176639479e-01 9.999867824741145439e-01 9.999840233394271527e-01 9.999854829107065468e-01 9.999871413833070211e-01 9.999881761292130911e-01 9.999883064866853521e-01 9.999825116159851701e-01 9.999859231042242946e-01 9.999895235073175126e-01
9.999854615218446430e-01 9.999852712527126375e-01 9.999852383767792174e-01 9.999872647504810530e-01 9.999861407796519774e-01 9.999874223531354245e-01 9.999873288010374672e-01 9.999824533556099793e-01 9.999913242015022741e-01 9.999831035599041629e-01
9.999871007284506508e-01 9.999893674596546100e-01 9.999867316468105116e-01 9.999866220351895096e-01 9.999842979045340252e-01 9.999835815735994560e-01 9.999829841301045574e-01 9.999889848755793009e-01 9.999900606382121637e-01 9.999895406738158465e-01
9.999868562403089189e-01 9.999907035023121171e-01 9.999851733585652935e-01 9.999852939704803045e-01 9.999823869469347537e-01 9.999838104666991523e-01 9.999837857524672691e-01 9.999888167673081085e-01 9.999873434001086414e-01 9.999862524887637161e-01
9.999887398665679994e-01 9.999868029683938175e-01 9.999819267285852131e-01 9.999802078650493753e-01 9.999831548949035254e-01 9.999851929418903662e-01 9.999898129166541194e-01 9.999905499065113723e-01 9.999852888007155771e-01 9.999866357440108100e-01
9.999887272712506547e-01 9.999869748352786525e-01 9.999856274936836931e-01 9.999871792723128427e-01 9.999839429371503163e-01 9.999851168804996249e-01 9.999883458679564852e-01 9.999865011333111120e-01 9.999856016410060278e-01 9.999748442620817190e-01
9.999869862148482724e-01 9.999907836796435578e-01 9.999855725994289957e-01 9.999904208825128871e-01 9.999877252446367493e-01 9.999860161407362336e-01 9.999816983556795158e-01 9.999886684516314794e-01 9.999847662607275200e-01 9.999838065205773896e-01
9.999862254694031893e-01 9.999875880109679871e-01 9.999869412945440184e-01 9.999849185276401542e-01 9.999859107439291739e-01 9.999846749289128534e-01 9.999875406305858139e-01 9.999866278256832608e-01 9.999846171656888716e-01 9.999863697182681532e-01
9.999865069055224875e-01 9.999829162902362789e-01 9.999800709827865175e-01 9.999885322729865633e-01 9.999830452563532868e-01 9.999851938062230827e-01 9.999920312011099099e-01 9.999855037496154786e-01 9.999882286105263862e-01 9.999921997595286882e-01
9.999877277670967679e-01 9.999871335591513644e-01 9.999849538956278039e-01 9.999869875332049185e-01 9.999852000982863975e-01 9.999841624173907428e-01 9.999880451628510025e-01 9.999880919531783929e-01 9.999835432894993437e-01 9.999875665349817755e-01
9.999884802450063059e-01 9.999860828554737457e-01 9.999857750877677587e-01 9.999844932785588725e-01 9.999871808614652080e-01 9.999860460274502261e-01 9.999806425974748780e-01 9.999822118882311095e-01 9.999807976224514006e-01 9.999863319978262721e-01
9.999843996962032300e-01 9.999866215289263671e-01 9.999881891992820071e-01 9.999898903566311059e-01 9.999846660445348423e-01 9.999829755225640993e-01 9.999908775548841389e-01 9.999869437257493665e-01 9.999902278678376444e-01 9.999876267708630584e-01
9.999889182509653640e-01 9.999824515458064500e-01 9.999871640432985709e-01 9.999840294910991023e-01 9.999829213555376795e-01 9.999830217000643673e-01 9.999868804849345594e-01 9.999886413892826731e-01 9.999842631212655375e-01 9.999884975293262812e-01
9.999868708693766539e-01 9.999826581104617196e-01 9.999836263599639619e-01 9.999831343581884191e-01 9.999782640155189251e-01 9.999858310337159661e-01 9.999883173026384853e-01 9.999865964523502182e-01 9.999875416089915037e-01 9.999901014119375597e-01
9.999889568643298698e-01 9.999873531418208561e-01 9.999877944696975440e-01 9.999900530281083944e-01 9.999882362699932248e-01 9.999896074291787507e-01 9.999842648704330150e-01 9.999852899866419342e-01 9.999878506197239503e-01 9.999819993917674621e-01
