9.999556206411939208e-01 9.998916477206722941e-01 9.999570527104177931e-01 9.999593363260030898e-01 9.998827102664544775e-01 9.999485290814529304e-01 9.999685645237915699e-01 9.999789309722982855e-01 9.999619008116014118e-01 9.999930710439028925e-01
9.999546890009695099e-01 9.999560440968349173e-01 9.999429814319200638e-01 9.999620077914400662e-01 9.999783607205550151e-01 9.999770160628062010e-01 9.999797574678103151e-01 9.999659870620802860e-01 9.999677444902216328e-01 9.999565878843107436e-01
9.999012326107485915e-01 9.999850680460351526e-01 9.999792693121177800e-01 9.999753140534074491e-01 9.999867792394198096e-01 9.999649176281301122e-01 9.999263074252876526e-01 9.999255484603327693e-01 9.999330144314910740e-01 9.999773356603269825e-01
9.999448487573779909e-01 9.999664268001603462e-01 9.999311859242676626e-01 9.999705851189438777e-01 9.999406927916409948e-01 9.999852605925497739e-01 9.999769073933608698e-01 9.999615147274768523e-01 9.999866773199589387e-01 9.999685470711813240e-01
9.999602439488769479e-01 9.999866283959149005e-01 9.999377606638465421e-01 9.999345196879841913e-01 9.999239987058005097e-01 9.999635314070538517e-01 9.999726380076973120e-01 9.998791810321636664e-01 9.999554111062441963e-01 9.999696360052043875e-01
9.999878107595764343e-01 9.999883452164600728e-01 9.999548358403131942e-01 9.999469259191758885e-01 9.999750478826019418e-01 9.999654662468406841e-01 9.999903764016515595e-01 9.999207758504952137e-01 9.999869180571873128e-01 9.999768439050837898e-01
9.998925211635922849e-01 9.999752746932046854e-01 9.999873978359915538e-01 9.999650041982582893e-01 9.999699642691869395e-01 9.999648892541339595e-01 9.999800086619333728e-01 9.999894548299043118e-01 9.999558022172827521e-01 9.999660818175938326e-01
9.999171328286242666e-01 9.999813326473150354e-01 9.999745491018465771e-01 9.999818859003480886e-01 9.998894544897480863e-01 9.999692121364777142e-01 9.999649157850634129e-01 9.999904343113548144e-01 9.999629476028879527e-01 9.999804291994525141e-01
9.999703129031218829e-01 9.999455123309353155e-01 9.999471726453863507e-01 9.999630044856029354e-01 9.999594215046451184e-01 9.999612552939083354e-01 9.999738058123628370e-01 9.999674696334691637e-01 9.999426029498190704e-01 9.999951848788924957e-01
9.999766093849752346e-01 9.999359522606608985e-01 9.999806728262542466e-01 9.999613168759641235e-01 9.999392444424192172e-01 9.999712452706217558e-01 9.999480334036686680e-01 9.999703395435615150e-01 9.999798054766009248e-01 9.999043083844424418e-01
9.999859131359793984e-01 9.999597112773711549e-01 9.999507253902981674e-01 9.999633965327090479e-01 9.999352954884213052e-01 9.999781719969733640e-01 9.999810264969841711e-01 9.999622665308793845e-01 9.999484242736346173e-01 9.999449993142410786e-01
9.999160567040660252e-01 9.999162072390059830e-01 9.999108116896995302e-01 9.999806625169096463e-01 9.999058335004266107e-01 9.999873712660245495e-01 9.999807521939190202e-01 9.999815058668820589e-01 9.999744208315028970e-01 9.999443782677501780e-01
9.999859683404539457e-01 9.999434531710289509e-01 9.999855892012160519e-01 9.999813249306416241e-01 9.999722134340731650e-01 9.999877145341906637e-01 9.999725296144549302e-01 9.999772843797479771e-01 9.999709497665765223e-01 9.999571908474442772e-01
9.999832462716534698e-01 9.999873242169251553e-01 9.999695623513319420e-01 9.998733302304536608e-01 9.999420481809691008e-01 9.999174901726129994e-01 9.999705414537127801e-01 9.999194045984413082e-01 9.999090565611150616e-01 9.999868805230027746e-01
9.999330263150117970e-01 9.999544605987114032e-01 9.999874485368932531e-01 9.999523494376710842e-01 9.999900273656474603e-01 9.999741768337735426e-01 9.999552026576726815e-01 9.999506156814190749e-01 9.999495464499541519e-01 9.999400718108560904e-01
9.999481636568099407e-01 9.999847600361012612e-01 9.999737141580803401e-01 9.999655940313134650e-01 9.999642284757966904e-01 9.998929877353053275e-01 9.999484837539810433e-01 9.999466290363083765e-01 9.998813624807336708e-01 9.999894536900243436e-01
9.999425570683879716e-01 9.999419450336152204e-01 9.999606747695188869e-01 9.999826381910529305e-01 9.999413148123248440e-01 9.999605145045145083e-01 9.999594350266436393e-01 9.999350931317315672e-01 9.999575671780442931e-01 9.999454460576668868e-01
9.999607812445551192e-01 9.999722153365659949e-01 9.999573596746884618e-01 9.999721606393155993e-01 9.999907866019396296e-01 9.999697987092219797e-01 9.999671727115598818e-01 9.999793272739539995e-01 9.999928290690721644e-01 9.999650158838027103e-01
9.999479911649842290e-01 9.999632994372392725e-01 9.999358759754962689e-01 9.999645726623977993e-01 9.999473697100970115e-01 9.999808383804931200e-01 9.999798468467365753e-01 9.999519612152664161e-01 9.999699160721620128e-01 9.999725841717517216e-01
9.999084051249195193e-01 9.999736110806589640e-01 9.999480315987475665e-01 9.999273667004175969e-01 9.999830669713876130e-01 9.999477357225073915e-01 9.999594565107750022e-01 9.999493111137061074e-01 9.999918946798121988e-01 9.999431369537254977e-01
9.999428803737833160e-01 9.999692595655318428e-01 9.999778471332783081e-01 9.999878971798437099e-01 9.999044563557432097e-01 9.999892075889471599e-01 9.999712606536551585e-01 9.999719624160372522e-01 9.999363014979153474e-01 9.999687414263795926e-01
9.999445347524528183e-01 9.999732612216406524e-01 9.999737032935662739e-01 9.999555944682588793e-01 9.999807839541230425e-01 9.999795484548315017e-01 9.999534163843650791e-01 9.999735128826103825e-01 9.999497412594955392e-01 9.999723720590787401e-01
9.999400478189466313e-01 9.999771765116249878e-01 9.999808061520354396e-01 9.999469541098671144e-01 9.999572282251660837e-01 9.999812446310060166e-01 9.999515752392865720e-01 9.998354534701611174e-01 9.999921297507229356e-01 9.998998886084360382e-01
9.999751642845735589e-01 9.999758434711969457e-01 9.999807479965472368e-01 9.999535181300093223e-01 9.999280698003077950e-01 9.999543935217298785e-01 9.999812840132424885e-01 9.998987088103529208e-01 9.999658164788324255e-01 9.999635207081705168e-01
9.999551401825849117e-01 9.999505737136018535e-01 9.999436198883282501e-01 9.999483611469791589e-01 9.999487027224656099e-01 9.999870405344365443e-01 9.999432954069783497e-01 9.999820208527576693e-01 9.999774327282991981e-01 9.999547417462560928e-01
9.999638581743645060e-01 9.999650769101372516e-01 9.998754720035301080e-01 9.999701706750514507e-01 9.999674187500704470e-01 9.999838497158023420e-01 9.999405848326746726e-01 9.999096243538685425e-01 9.999832289330352619e-01 9.999744914229277137e-01
9.999710890876144509e-01 9.999249802842549162e-01 9.999430966156408473e-01 9.999888102864206152e-01 9.999840966015541843e-01 9.999852869263964328e-01 9.999650410566446324e-01 9.999874940464937856e-01 9.999896243212615943e-01 9.999864566937362031e-01
9.999407109995416265e-01 9.999884537197101242e-01 9.999698307388174001e-01 9.999643373551140302e-01 9.999700388661214578e-01 9.999746928751144237e-01 9.999618091100594963e-01 9.999549603006115950e-01 9.999939740894875362e-01 9.999807602580879085e-01
9.999916215334156977e-01 9.999747563396659267e-01 9.999808558186744634e-01 9.999476722566077447e-01 9.999549294394142196e-01 9.999679395958352979e-01 9.999495855989523063e-01 9.999799740069548193e-01 9.999735897906826265e-01 9.999818464837781917e-01
9.999898883170103003e-01 9.999503573358190511e-01 9.999603392580671546e-01 9.999720726791442305e-01 9.999724800824091320e-01 9.999747038282306155e-01 9.999643040673473759e-01 9.999103963832060016e-01 9.999881086792743456e-01 9.999730946643049512e-01
9.999862527242290300e-01 9.999601664958182035e-01 9.999739440806137969e-01 9.999638313201886231e-01 9.999701628410915255e-01 9.999014184852709208e-01 9.999626682488990115e-01 9.999616008804518286e-01 9.999566197885735308e-01 9.999595856879932576e-01
9.999292634408686320e-01 9.999905329352319905e-01 9.999577957620059410e-01 9.999373729863544336e-01 9.999546158134173801e-01 9.999472733706722405e-01 9.999421811566060470e-01 9.999320145112461367e-01 9.999794271617455932e-01 9.999138830952496448e-01
9.999777359544952393e-01 9.999806761349422368e-01 9.999731912009753865e-01 9.999794738803953198e-01 9.999649294599871618e-01 9.999683383872688403e-01 9.999762420166603549e-01 9.999729932962556633e-01 9.999456470917295059e-01 9.999529068903328932e-01
9.999195986936312286e-01 9.999480747195349517e-01 9.999222873646357312e-01 9.999210436430434612e-01 9.999882196284743952e-01 9.999447677422811376e-01 9.999375638750914730e-01 9.999511673176004756e-01 9.999000125008743467e-01 9.999702249806780019e-01
9.999798609192454002e-01 9.999295562765618817e-01 9.999920068175569554e-01 9.999037992806312225e-01 9.999501830935443314e-01 9.999504715618608985e-01 9.999344661993789796e-01 9.999976454330468112e-01 9.999759272005969146e-01 9.999212515163341530e-01
9.999756433902602382e-01 9.999446800484287357e-01 9.998876456258023460e-01 9.999824000003740831e-01 9.999183570688960909e-01 9.999890519143272982e-01 9.999458713944737731e-01 9.999438433955106786e-01 9.999124883448238243e-01 9.999569984146792212e-01
9.999737986528424161e-01 9.999381031553737920e-01 9.999446076454268084e-01 9.999267914595376672e-01 9.999482600138839272e-01 9.999754225793564544e-01 9.999236952768357778e-01 9.999569693729842834e-01 9.999417549201629063e-01 9.999642543945365114e-01
9.999793628379174404e-01 9.999708590350669946e-01 9.999784853440015775e-01 9.999798016676231249e-01 9.999409401168209977e-01 9.999724085714173372e-01 9.999641184403181837e-01 9.999550187094841114e-01 9.999723827715684132e-01 9.999200694401835232e-01
9.999956324570093980e-01 9.999876259878289764e-01 9.999595677267261173e-01 9.999599210107206204e-01 9.999272272397300432e-01 9.999048608523961601e-01 9.999205475047322489e-01 9.999408728633989440e-01 9.999541300879780659e-01 9.999734921402234633e-01
9.999374583097616620e-01 9.999603499738773937e-01 9.999233061797963007e-01 9.999540805585139802e-01 9.999248994583598282e-01 9.999128300486076482e-01 9.999498692758268525e-01 9.999166478125921520e-01 9.999591420367074379e-01 9.999581626755463803e-01
9.999518193242188380e-01 9.999743236101868993e-01 9.999446514466791003e-01 9.999810797663448714e-01 9.999691572129412176e-01 9.999408919378748317e-01 9.999138073489657330e-01 9.999573567765567272e-01 9.999337525893835510e-01 9.999730644368414190e-01
9.999649869883480147e-01 9.999566230629818309e-01 9.999798896460896369e-01 9.999833536920375021e-01 9.999931892233300257e-01 9.999553118192177070e-01 9.999862837719685205e-01 9.999744349269010790e-01 9.999942745843709568e-01 9.999856031391823885e-01
9.999692134271946919e-01 9.999693543634395887e-01 9.999837519432223099e-01 9.998830741122012311e-01 9.999898760972560918e-01 9.999188860004214474e-01 9.999922242436123376e-01 9.999456543226959981e-01 9.999776159518661833e-01 9.999821548907396052e-01
9.999692659467722677e-01 9.999710621119377585e-01 9.999853194028035519e-01 9.999813390134396629e-01 9.999682352018701703e-01 9.999599504812179962e-01 9.999916778495374636e-01 9.999507930513286125e-01 9.999480020482257592e-01 9.999687858953559827e-01
9.999945972144630435e-01 9.999804666691870514e-01 9.999808382690942299e-01 9.999485415064831573e-01 9.999516088356998900e-01 9.999593946025836511e-01 9.999569107259869138e-01 9.999739068251576324e-01 9.999437461092969270e-01 9.999636236181532745e-01
9.999402582552691099e-01 9.999730190924372986e-01 9.999473144806013680e-01 9.999904572321018925e-01 9.999544461983480570e-01 9.999754944173498972e-01 9.999628978351770003e-01 9.999517444263505972e-01 9.999831887566785760e-01 9.999871907065532861e-01
9.999182642364415896e-01 9.999344447351091736e-01 9.999448070082531670e-01 9.999359086972133825e-01 9.999565217703235698e-01 9.999565507733005898e-01 9.999344108567052025e-01 9.999907757995621926e-01 9.999873471230945610e-01 9.999894381805654042e-01
9.999417957238830867e-01 9.999445932443790097e-01 9.999502306702143795e-01 9.999873709508428909e-01 9.999730905531708514e-01 9.999433365252741179e-01 9.999878247325795222e-01 9.999553520691170094e-01 9.999338428513737664e-01 9.999187851470170418e-01
9.999568215441568819e-01 9.999598092714615527e-01 9.999305636759872051e-01 9.999713759429106341e-01 9.999905978228813552e-01 9.999633674823985574e-01 9.999556969896984393e-01 9.999810310615804276e-01 9.999587621129290005e-01 9.999537126977663393e-01
9.999532323324261673e-01 9.999546213228052149e-01 9.999812134337272562e-01 9.999540237030116741e-01 9.999827581517219954e-01 9.999687210837641116e-01 9.999737979822849177e-01 9.999381646173201021e-01 9.998906656223323086e-01 9.999692607615935369e-01
9.999715199211567374e-01 9.999642445683744052e-01 9.999646436562457108e-01 9.999827648213306386e-01 9.999593511643495303e-01 9.999581138945279335e-01 9.999784277725013437e-01 9.999701039188253482e-01 9.999845266338612815e-01 9.999718424103083425e-01
9.999750471263596507e-01 9.999856762036589686e-01 9.998722016152984393e-01 9.999391418782864749e-01 9.999645826392955517e-01 9.999353648182435217e-01 9.999947946759508710e-01 9.999815594735264046e-01 9.999890739939454321e-01 9.999604982440843948e-01
9.998532313884874734e-01 9.999737248443748561e-01 9.999423778134545193e-01 9.999768595951106231e-01 9.999553933188651822e-01 9.999849931155788685e-01 9.999500811103743114e-01 9.999340137457255473e-01 9.999842913741222583e-01 9.998794526516853187e-01
9.999873700812824673e-01 9.999686745465559135e-01 9.999536942977695908e-01 9.999522850437411181e-01 9.999371158142933425e-01 9.998787261360121414e-01 9.999611807835957489e-01 9.999582006717167015e-01 9.999381269454120647e-01 9.999215834051202734e-01
9.999683009708602022e-01 9.999413545079820498e-01 9.999352486749000235e-01 9.999660162240896488e-01 9.999745117495715263e-01 9.999758657795041472e-01 9.999047439473209842e-01 9.999271696569198564e-01 9.999786066327938094e-01 9.999804377125378618e-01
9.999760449604632173e-01 9.999280540367954107e-01 9.999711405695976829e-01 9.999240243233868952e-01 9.999663832567798893e-01 9.999422557184191040e-01 9.999127308130250080e-01 9.999426274273843784e-01 9.999580071146599858e-01 9.999583177759285846e-01
9.999718813999421974e-01 9.999531445747512626e-01 9.999874606607848104e-01 9.999628957168106291e-01 9.999439774146311466e-01 9.999706265928002269e-01 9.999722276206087779e-01 9.999619390004289565e-01 9.999769494422127147e-01 9.999584867422083301e-01
9.999540601726244482e-01 9.999899138273210530e-01 9.999415249050648269e-01 9.999245731570620688e-01 9.999117007217257491e-01 9.999282752941318630e-01 9.999829939978667204e-01 9.999514390760660953e-01 9.999857816001942457e-01 9.999902654249488432e-01
9.999408147197207386e-01 9.999451121369525852e-01 9.999082883023430179e-01 9.999725705544044718e-01 9.999720859051369759e-01 9.999745532542649862e-01 9.999909122137398132e-01 9.999898371512968565e-01 9.999740197905397920e-01 9.999443069851606802e-01
9.999831653427866396e-01 9.999421141442196292e-01 9.999448860629778224e-01 9.999413937338897940e-01 9.999350805800621966e-01 9.999454509456241480e-01 9.999720972239601879e-01 9.999728096685820411e-01 9.999606966876913861e-01 9.999736850371684360e-01
9.998989384395815527e-01 9.999524670982281593e-01 9.999780225232338671e-01 9.999814010460534863e-01 9.999708192967466935e-01 9.999431937843322737e-01 9.999867112694761362e-01 9.999617598448861111e-01 9.999557690247333763e-01 9.999546591185205502e-01
9.999713669490162271e-01 9.999805174655138629e-01 9.999905799154481523e-01 9.999775270783926029e-01 9.999290359365183845e-01 9.999654664414272531e-01 9.998697194843003677e-01 9.999596958452269257e-01 9.999497237581299602e-01 9.999700212556356105e-01
9.999814270607106925e-01 9.999675709448377914e-01 9.999531910505470300e-01 9.999305786626845327e-01 9.999752568236252026e-01 9.999759563624771586e-01 9.999642022545865983e-01 9.999937485020965466e-01 9.999737106974074807e-01 9.999534384914242624e-01
9.999892275478051706e-01 9.999606565457583862e-01 9.999771561340071724e-01 9.999586817819244855e-01 9.999709024977999627e-01 9.998914715517757124e-01 9.998721663723991737e-01 9.999555773613598708e-01 9.999466549757790590e-01 9.999859272214891570e-01
9.999629918379023819e-01 9.999824522325970744e-01 9.999577475130605464e-01 9.999945268340075799e-01 9.999760320461484886e-01 9.999631841615851391e-01 9.999427567185279475e-01 9.999530234965305908e-01 9.999630727484543069e-01 9.999625800966833733e-01
9.999150795078394216e-01 9.999932162692117821e-01 9.999357135996359558e-01 9.999514530870362572e-01 9.999831091989017651e-01 9.999528593661735076e-01 9.999660083731017890e-01 9.999562557929285722e-01 9.999626846523834711e-01 9.999821769569859908e-01
9.999583339328939058e-01 9.999939120054892605e-01 9.999524802748963603e-01 9.999914571836783228e-01 9.999732187021588281e-01 9.999523966357116711e-01 9.999869983113363059e-01 9.999662939391253946e-01 9.999420366362717916e-01 9.999720962758613663e-01
9.999683163266309682e-01 9.999801226288450584e-01 9.999903661399321964e-01 9.999899359324786463e-01 9.999741964965893626e-01 9.999643327266629633e-01 9.999615287535482677e-01 9.999372296808921590e-01 9.999674386003185589e-01 9.999819978015320743e-01
9.999447421727961638e-01 9.999649097111635854e-01 9.999127998659790295e-01 9.999666042327916005e-01 9.999654043765139333e-01 9.999806434417330969e-01 9.999828907766804553e-01 9.999575700849743232e-01 9.999658831954140181e-01 9.999401969250135691e-01
9.999446140366068381e-01 9.999679021031326887e-01 9.999765092551520240e-01 9.999642176682814743e-01 9.999730336532249853e-01 9.999891361458472794e-01 9.999567730278812183e-01 9.999927612547289124e-01 9.999550772805330112e-01 9.999811296605169986e-01
9.999370135576896024e-01 9.999647775426263596e-01 9.999486414762772668e-01 9.999827450609434232e-01 9.999165370098396233e-01 9.999773274322720784e-01 9.999799996147411552e-01 9.999307326438314769e-01 9.999124945860740077e-01 9.999703513606654770e-01
9.999227356542049749e-01 9.999920110580267085e-01 9.999752003414230650e-01 9.999622213002855586e-01 9.999072214651508750e-01 9.999660672583752241e-01 9.999565122641403958e-01 9.999324345313012063e-01 9.999581087766914456e-01 9.999406941985529151e-01
9.999551862721876017e-01 9.999633744156654069e-01 9.999540277243883502e-01 9.999667696239332715e-01 9.999733168190169108e-01 9.999557542772972152e-01 9.999851565834434464e-01 9.999714230967130524e-01 9.999187562373500482e-01 9.999704327225644729e-01
9.999585725963757721e-01 9.999249618108418947e-01 9.999147437983538778e-01 9.999400038234494970e-01 9.999675892742264649e-01 9.999817550325925675e-01 9.999772837090229460e-01 9.999938510850466811e-01 9.999486365436492941e-01 9.999431248392035565e-01
9.999405943001912211e-01 9.999541449090691980e-01 9.999553743247989734e-01 9.999803419985026087e-01 9.999887975617018920e-01 9.999480206847726205e-01 9.999777862639221970e-01 9.999343345005794470e-01 9.999799908801486614e-01 9.999654199236254204e-01
9.999658210502976319e-01 9.999799761177493584e-01 9.999455782257328229e-01 9.999638516054532023e-01 9.999520977667586408e-01 9.999525502539398092e-01 9.999400026166077593e-01 9.999143105288463840e-01 9.999424375865114678e-01 9.999862065419798940e-01
9.998820630229668938e-01 9.999863276342171314e-01 9.999479154338839493e-01 9.999882398759559754e-01 9.999938278099521627e-01 9.999617254073726036e-01 9.999580975346049616e-01 9.999902417308159652e-01 9.999893827595781604e-01 9.999788235125766089e-01
9.999577917896278478e-01 9.999092566261894577e-01 9.999919685607011610e-01 9.999800357823015462e-01 9.999598966737242023e-01 9.999516378701158725e-01 9.999600473469368866e-01 9.999641075436395132e-01 9.999100391457341752e-01 9.999602377540670606e-01
9.999744015360122473e-01 9.999562153295300515e-01 9.999578103546091778e-01 9.999154607904748859e-01 9.999434020574551329e-01 9.999756968921607037e-01 9.998956089723655127e-01 9.999644715270795681e-01 9.999530699970141656e-01 9.999627951337461962e-01
9.999464959835713262e-01 9.999782775782086741e-01 9.999692414807044294e-01 9.999683783469416332e-01 9.999420812601120812e-01 9.999546174361565454e-01 9.999648933909223159e-01 9.999775316182405449e-01 9.999801785675642707e-01 9.999096173965291712e-01
9.999774780748477143e-01 9.999602897148115455e-01 9.999782602930276099e-01 9.999193883829421425e-01 9.999814008393608233e-01 9.998972880367024141e-01 9.999028023884107830e-01 9.999472430826585878e-01 9.999695157969207271e-01 9.999741184298394092e-01
9.999638658631839760e-01 9.999321271563261782e-01 9.999092454433042843e-01 9.999618194066949295e-01 9.999940875985645627e-01 9.999644440923677324e-01 9.999535163661206205e-01 9.999797032786583717e-01 9.999780544186827047e-01 9.999752628931823928e-01
9.999501369660775962e-01 9.999563524970451756e-01 9.999587590591330066e-01 9.999632645405087672e-01 9.999362006323299079e-01 9.999766191575931717e-01 9.999380808839535284e-01 9.999744049784793365e-01 9.999733991872070682e-01 9.999609494263222986e-01
9.999747483045622332e-01 9.999815463871286614e-01 9.999611323064242496e-01 9.999417049307890437e-01 9.999766596189373358e-01 9.999640619291022547e-01 9.999580973093639136e-01 9.999729502322534103e-01 9.999616671946481850e-01 9.999680774992807386e-01
9.999894443164791813e-01 9.998810198693128815e-01 9.999553572104066257e-01 9.999634415041837032e-01 9.999523649128463365e-01 9.999675554004605615e-01 9.999715065305885275e-01 9.999380727776795430e-01 9.999714635729898271e-01 9.999550097065117438e-01
9.999913604698860148e-01 9.999891547516827073e-01 9.999622995066695941e-01 9.999811386372399191e-01 9.999629981294057002e-01 9.999793878700374838e-01 9.999511839987622608e-01 9.999621771344362475e-01 9.999823627407644633e-01 9.999506761101892849e-01
9.999236147020805765e-01 9.999591807964045564e-01 9.999880256069700879e-01 9.999193540771756927e-01 9.999236664064184987e-01 9.999386601834857613e-01 9.999365078637297843e-01 9.999884047130374043e-01 9.999316975098514471e-01 9.999731085276635234e-01
9.999566557066977834e-01 9.999714456838552090e-01 9.999773049468104746e-01 9.999318767109041106e-01 9.999475387512205549e-01 9.999753461200364679e-01 9.999265249524311727e-01 9.999501882816898002e-01 9.999490911879143074e-01 9.999802345170992757e-01
9.999678669147926691e-01 9.999570918344689030e-01 9.999977188599992184e-01 9.999876370958964422e-01 9.999543772494415839e-01 9.999773958619636582e-01 9.999277051536876737e-01 9.999753838897357250e-01 9.999581236960705111e-01 9.999601725842999222e-01
9.999881931937502078e-01 9.999798943654755190e-01 9.999631020520022284e-01 9.999715865718444840e-01 9.999670777139562095e-01 9.999525097068391322e-01 9.999753493511479574e-01 9.999255653629096630e-01 9.999482682010877310e-01 9.999646613835130315e-01
9.999224904392485236e-01 9.999853454399959540e-01 9.999518572315576614e-01 9.999657386451658025e-01 9.999810395519393991e-01 9.999849559170591595e-01 9.999428440752567981e-01 9.999671568255064091e-01 9.999360153060954381e-01 9.999571716945879762e-01
9.999592848805274325e-01 9.999555700000843927e-01 9.999657610847227929e-01 9.999661546085760744e-01 9.999494247978961692e-01 9.999925377895849676e-01 9.999612412037951481e-01 9.999761927374007930e-01 9.999527265590153480e-01 9.999742307873904501e-01
9.999412038091993749e-01 9.999545295378862164e-01 9.999499719532061182e-01 9.999551753932727216e-01 9.999192379737895653e-01 9.999862769984848576e-01 9.999579373051084019e-01 9.999929635761859448e-01 9.999565069191213018e-01 9.999547681867808624e-01
9.999773674091512188e-01 9.999696431780884520e-01 9.999853393672699653e-01 9.999459996590314148e-01 9.999752749543099339e-01 9.999732492035208198e-01 9.999545272433347787e-01 9.999775700655595401e-01 9.999456859688146126e-01 9.999942087340413233e-01
9.999466865073610711e-01 9.999687542288395736e-01 9.999370274897819710e-01 9.999268549197277700e-01 9.999802837014106771e-01 9.999379945106416923e-01 9.999614753174737025e-01 9.999609205003359147e-01 9.999775077646024801e-01 9.999700711687020682e-01
9.999679236669254401e-01 9.999894829613625857e-01 9.999591884808790576e-01 9.998830233776573317e-01 9.999571961239328566e-01 9.999382333359585484e-01 9.998532838202609518e-01 9.999591883848178986e-01 9.999632355023628794e-01 9.999698477348840653e-01
9.999507209675891906e-01 9.999701881760308941e-01 9.999670064963840366e-01 9.999437604791850953e-01 9.999440405311162960e-01 9.999596312507774698e-01 9.999504105952691235e-01 9.999854679088289178e-01 9.999503723917955167e-01 9.999172526077881873e-01
9.999846336664671709e-01 9.999677978879901730e-01 9.999845870853502072e-01 9.999360717893546191e-01 9.999041912917234765e-01 9.999706576504532318e-01 9.999801136239383492e-01 9.999443957939976313e-01 9.999481397771652347e-01 9.999864147454758934e-01
9.999683515705632963e-01 9.999769210047125823e-01 9.999218036952689515e-01 9.999647049837527835e-01 9.999822382493803730e-01 9.999681378583707980e-01 9.999190437873096693e-01 9.999549789763534369e-01 9.999817254502427755e-01 9.999610491679145063e-01
9.999784174025575512e-01 9.999814701386950944e-01 9.999791847248857835e-01 9.999763817512075104e-01 9.999875889825082798e-01 9.999402993921728822e-01 9.999345728950752576e-01 9.999627221053984938e-01 9.999871837825643484e-01 9.999236167411260645e-01
