9.999903313108150504e-01 9.999912004676447808e-01 9.999956260302679256e-01 9.999880298350786179e-01 9.999923061953058800e-01 9.999814525614231231e-01 9.999896195844706348e-01 9.999916710898444361e-01 9.999927614932453412e-01 9.999859717484896882e-01
9.999726345127597504e-01 9.999896143285632588e-01 9.999870286758993920e-01 9.999672033099923363e-01 9.999957569409985148e-01 9.999902657941777129e-01 9.999933023328221315e-01 9.999912885364535819e-01 9.999868508325855387e-01 9.999934648766806156e-01
9.999889747955056363e-01 9.999962353376079527e-01 9.999843058567576826e-01 9.999871637896753374e-01 9.999957565523474035e-01 9.999872666344187255e-01 9.999874778767878780e-01 9.999895430350002057e-01 9.999955696639768465e-01 9.999644922280110926e-01
9.999938122191599499e-01 9.999929581723782102e-01 9.999963747290426808e-01 9.999827740515185859e-01 9.999928204761739936e-01 9.999930971075681185e-01 9.999925978263185522e-01 9.999935316850458999e-01 9.999971666595069975e-01 9.999918886600772661e-01
9.999940310439059399e-01 9.999725091379553232e-01 9.999975296170440231e-01 9.999919754999784249e-01 9.999474044453415811e-01 9.999939759999404432e-01 9.999761515029741421e-01 9.999859484406213861e-01 9.999950730907766205e-01 9.999946261019078131e-01
9.999922848087811067e-01 9.999934364467495396e-01 9.999862526295341114e-01 9.999869728074544106e-01 9.999901636720029963e-01 9.999869538816212877e-01 9.999946292993571184e-01 9.999910855745249849e-01 9.999539747073961093e-01 9.999881476445576789e-01
9.999818377284361848e-01 9.999937187474549072e-01 9.999960353914980615e-01 9.999907024532439515e-01 9.999935159865634970e-01 9.999921424605208164e-01 9.999955665373211344e-01 9.999958821702256140e-01 9.999810134745416024e-01 9.999877464254416370e-01
9.999946210786690992e-01 9.999893244195515729e-01 9.999706886467296663e-01 9.999881079569518105e-01 9.999823935823293208e-01 9.999588833959250911e-01 9.999906131792906105e-01 9.999881307237071804e-01 9.999930659913109920e-01 9.999834378773632126e-01
9.999899375162339954e-01 9.999909834553719623e-01 9.999890305846572680e-01 9.999942906305119283e-01 9.999891061655507007e-01 9.999848863288890444e-01 9.999869952718052346e-01 9.999808837678312301e-01 9.999904164864953371e-01 9.999883068417509957e-01
9.999842485144968540e-01 9.999836795768581865e-01 9.999866116150807338e-01 9.999954420765650998e-01 9.999920895869385262e-01 9.999897326120283925e-01 9.999848161810730440e-01 9.999841466651325783e-01 9.999892445246181261e-01 9.999921582380623120e-01
9.999918087067014572e-01 9.999953477931966539e-01 9.999859151143415392e-01 9.999903679546860991e-01 9.999867373755868538e-01 9.999898560943653036e-01 9.999900574105436979e-01 9.999808449009560674e-01 9.999945782300662112e-01 9.999913713482239119e-01
9.999851118443764397e-01 9.999897169089918547e-01 9.999832427326436068e-01 9.999900277438665830e-01 9.999846457349981232e-01 9.999797424472572915e-01 9.999939425163117956e-01 9.999743152982971672e-01 9.999946499175367265e-01 9.999941167435185685e-01
9.999870913146317042e-01 9.999970544145200257e-01 9.999791937186238711e-01 9.999941102359362066e-01 9.999799243694236228e-01 9.999893756415523249e-01 9.999919804991442840e-01 9.999775145442070245e-01 9.999928623197134048e-01 9.999808409278048149e-01
9.999918858229194241e-01 9.999909806601686713e-01 9.999951510988629444e-01 9.999913192166297593e-01 9.999800009796647737e-01 9.999919715651288676e-01 9.999883432401821537e-01 9.999881160529058288e-01 9.999847578367999645e-01 9.999912015186664949e-01
9.999938696451073916e-01 9.999948218469494332e-01 9.999936969068545789e-01 9.999829425316978382e-01 9.999957347480232794e-01 9.999876902195877770e-01 9.999938073466809740e-01 9.999929819017523425e-01 9.999944233555871920e-01 9.999903181910366756e-01
9.999923062984291677e-01 9.999873916736018442e-01 9.999908050233278223e-01 9.999869869062785188e-01 9.999927811734897753e-01 9.999855409915326954e-01 9.999646907586408062e-01 9.999760590381282510e-01 9.999898327632648076e-01 9.999951819034005318e-01
9.999922626056199082e-01 9.999901370815631463e-01 9.999861976060254731e-01 9.999931240903782159e-01 9.999884139048877962e-01 9.999848979365418833e-01 9.999901821775770694e-01 9.999951796128702108e-01 9.999885600730477053e-01 9.999918774454336079e-01
9.999915064007438570e-01 9.999933869826904687e-01 9.999889344221404297e-01 9.999946489234692315e-01 9.999824002652569765e-01 9.999932783639096101e-01 9.999938812070680028e-01 9.999850883733534257e-01 9.999941918842695232e-01 9.999841590903643107e-01
9.999947867778816724e-01 9.999936843976179324e-01 9.999706599592020906e-01 9.999816908597791709e-01 9.999931508269966907e-01 9.999769832660809765e-01 9.999918865198441642e-01 9.999907093490669752e-01 9.999866277320363928e-01 9.999894887768391305e-01
9.999905529370688440e-01 9.999919626017041985e-01 9.999904178117743347e-01 9.999880294495264721e-01 9.999708275470817753e-01 9.999877986061743718e-01 9.999948482133697025e-01 9.999916179026139273e-01 9.999944364216194481e-01 9.999979780773091687e-01
9.999888980058048160e-01 9.999746560332719580e-01 9.999910877774107476e-01 9.999946391489422659e-01 9.999959645046255785e-01 9.999912398292823967e-01 9.999519095809751290e-01 9.999920818972503067e-01 9.999931040887497513e-01 9.999935832412150116e-01
9.999585812389184536e-01 9.999840988742939585e-01 9.999886965257221982e-01 9.999877309148680338e-01 9.999922835338787008e-01 9.999829752149916873e-01 9.999958809114082303e-01 9.999896698479003865e-01 9.999900701782249435e-01 9.999913441190556584e-01
9.999846644848346955e-01 9.999932527298603935e-01 9.999898659000306944e-01 9.998769331083843248e-01 9.999936320171395332e-01 9.999754635253578217e-01 9.999906519550226802e-01 9.999832669689143749e-01 9.999939405988511609e-01 9.999662801373169208e-01
9.999975653050627855e-01 9.999883671096684301e-01 9.999893088932905183e-01 9.999822646884550803e-01 9.999896625147476348e-01 9.999771305305579228e-01 9.999785962087256452e-01 9.999821074941739329e-01 9.999825825677162161e-01 9.999684659473079273e-01
9.999856862007111546e-01 9.999870991639833173e-01 9.999893277720505180e-01 9.999795962686951478e-01 9.999818678851891685e-01 9.999904918126485409e-01 9.999912340646822662e-01 9.999912114170923516e-01 9.999790714274265913e-01 9.999897108256853295e-01
9.999951417836496770e-01 9.999792233334763303e-01 9.999870108762793919e-01 9.999913698474964807e-01 9.999776833732849646e-01 9.999898144021500679e-01 9.999898768733013199e-01 9.999939501441306167e-01 9.999904611843404290e-01 9.999805103411810725e-01
9.999911561119243508e-01 9.999964606349479590e-01 9.999752441085179022e-01 9.999476155224208407e-01 9.999971112689608477e-01 9.999689155605677726e-01 9.999904715531148236e-01 9.999977541203499687e-01 9.999885934084953298e-01 9.999957207315884888e-01
9.999920780047600877e-01 9.999936978394139420e-01 9.999833606122684460e-01 9.999708618317115771e-01 9.999904851258288874e-01 9.999960190065563248e-01 9.999897247905704667e-01 9.999909424300152949e-01 9.999888395922857942e-01 9.999904108964312588e-01
9.999820649549506779e-01 9.999868430828492416e-01 9.999904589545047795e-01 9.999930826446544740e-01 9.999936083393945463e-01 9.999706448560320426e-01 9.999964781194595753e-01 9.999938590953406647e-01 9.999897053651598533e-01 9.999956734037710460e-01
9.999907063848578748e-01 9.999822994215806782e-01 9.999906672109656336e-01 9.999921037462147222e-01 9.999901899832470686e-01 9.999801142529626263e-01 9.999899671499735687e-01 9.999921286527904130e-01 9.999878811833937675e-01 9.999958007431264395e-01
9.999938540015345101e-01 9.999940047680180299e-01 9.999883149453072662e-01 9.999900320402395071e-01 9.999819381145710340e-01 9.999904480730830159e-01 9.999934462338161412e-01 9.999768197337921549e-01 9.999922619931350676e-01 9.999890499924823928e-01
9.999966886913242980e-01 9.999931078719339617e-01 9.999911611857901228e-01 9.999827531003129266e-01 9.999897455747553954e-01 9.999939989011933372e-01 9.999945802540328721e-01 9.999895011313689741e-01 9.999934766756332083e-01 9.999963612552450476e-01
9.999884179841843634e-01 9.999841243064339080e-01 9.999922510150713872e-01 9.999915788410197459e-01 9.999954386069318524e-01 9.999928372231809970e-01 9.999878972264627519e-01 9.999921768006041489e-01 9.999896150309808274e-01 9.999942506988379609e-01
9.999791392771265608e-01 9.999887083758316475e-01 9.999907220854643564e-01 9.999912532851836788e-01 9.999871690672433866e-01 9.999629873219528786e-01 9.999908628265389288e-01 9.999856735177169442e-01 9.999903600845363449e-01 9.999921892226862896e-01
9.999813992340167434e-01 9.999817087876397004e-01 9.999876520366569599e-01 9.999860756367877634e-01 9.999894137601504918e-01 9.999834536928525752e-01 9.999842303376865749e-01 9.999899865307182445e-01 9.999897253048217749e-01 9.999867884168430754e-01
9.999747942844479098e-01 9.999932509381138646e-01 9.999300445564264228e-01 9.999859077830451914e-01 9.999923074939292000e-01 9.999897090629386032e-01 9.999703872774613478e-01 9.999872829308253941e-01 9.999941982290535547e-01 9.999846664444119737e-01
9.999953752704275889e-01 9.999926925877250516e-01 9.999440015728188191e-01 9.999918308952989721e-01 9.999797709561097925e-01 9.999887653528043430e-01 9.999902110869099969e-01 9.999907920194890387e-01 9.999909570839202733e-01 9.999845917954499619e-01
9.999858787217617007e-01 9.999954778501435326e-01 9.999971621672922861e-01 9.999872808113378087e-01 9.999890992964965974e-01 9.999915840466373496e-01 9.999530250239992979e-01 9.999843630018757645e-01 9.999932598110103932e-01 9.999858520473385859e-01
9.999966828011150888e-01 9.999803087271686985e-01 9.999935987383030689e-01 9.999906446346106259e-01 9.999935501925804049e-01 9.999903789165490720e-01 9.999723611960299463e-01 9.999909538211434468e-01 9.999954371052636182e-01 9.999899121647757294e-01
9.999863504406948378e-01 9.999790250680234971e-01 9.999926451295138019e-01 9.999725476340665109e-01 9.999868358250257883e-01 9.999937437572866683e-01 9.999945373614135269e-01 9.999939688194372511e-01 9.999756804363800766e-01 9.999850812170084646e-01
9.999810899920099638e-01 9.999853008364172346e-01 9.999835781662557155e-01 9.999829508659653365e-01 9.999871387870116202e-01 9.999921441151577994e-01 9.999908566510770092e-01 9.999870057331364803e-01 9.999973328462233857e-01 9.999954438892829645e-01
9.999718168163208576e-01 9.999859982401498870e-01 9.999654909673417746e-01 9.999904791431845075e-01 9.999781641520318898e-01 9.999945083077419472e-01 9.999879358678041008e-01 9.999607007278754622e-01 9.999844603313636782e-01 9.999940683368725436e-01
9.999906345192325352e-01 9.999889265598946864e-01 9.999969004576326759e-01 9.999902676623910747e-01 9.999811992250479120e-01 9.999813248395704735e-01 9.999930206647473785e-01 9.999918619081182847e-01 9.999865447894032977e-01 9.999886657368060039e-01
9.999962501719444896e-01 9.999791874099387412e-01 9.999864639221478502e-01 9.999861664653360016e-01 9.999877574578849293e-01 9.999918022564902031e-01 9.999831538853612978e-01 9.999875211263049568e-01 9.999759059736451627e-01 9.999948430508022179e-01
9.999962653600639184e-01 9.999871069830640335e-01 9.999889988504662153e-01 9.999946754015411887e-01 9.999954755354398817e-01 9.999830109726284277e-01 9.999946253396057028e-01 9.999908576111402603e-01 9.999948421059964287e-01 9.999884583031881657e-01
9.999885561681860491e-01 9.999937221932773124e-01 9.999650485008405587e-01 9.999966652675024159e-01 9.999923252803133433e-01 9.999945332464450498e-01 9.999859799790374870e-01 9.999899651797321543e-01 9.999811455808316207e-01 9.999870370181365153e-01
9.999941313686311339e-01 9.999939419661866280e-01 9.999940806656371084e-01 9.999930905999182551e-01 9.999893793825093136e-01 9.999880683804267534e-01 9.999947587973168073e-01 9.999963005597136689e-01 9.999883547452598220e-01 9.999833828281938786e-01
9.999761281961118131e-01 9.999872148861981280e-01 9.999931287239449684e-01 9.999891917746384085e-01 9.999834662700627375e-01 9.999944708652842573e-01 9.999906870721225749e-01 9.999921662413078227e-01 9.999923930602900857e-01 9.999970374836245623e-01
9.999972046569619577e-01 9.999943033865952291e-01 9.999887705567307439e-01 9.999678137931051758e-01 9.999952234102057469e-01 9.999844198582605870e-01 9.999937179384519315e-01 9.999853748059971403e-01 9.999970899154306814e-01 9.999875871426705531e-01
9.999890802078819085e-01 9.999905141327709579e-01 9.999912499002208133e-01 9.999961570990174575e-01 9.999887454861262626e-01 9.999917683840088278e-01 9.999861457907984752e-01 9.999943052001689647e-01 9.999940953868176052e-01 9.999866655712290608e-01
9.999796982346184082e-01 9.999948955795047167e-01 9.999947171709029359e-01 9.999917483931176632e-01 9.999876070833429997e-01 9.999931086753021114e-01 9.999935983264440775e-01 9.999894861118642231e-01 9.999883778102476306e-01 9.999930661921687669e-01
9.999863922609577571e-01 9.999701450114529822e-01 9.999949917574432190e-01 9.999843916056216919e-01 9.999867452749366947e-01 9.999814101366205632e-01 9.999901634171828313e-01 9.999911758468432721e-01 9.999679978385197510e-01 9.999969423431419591e-01
9.999934795820059064e-01 9.999693371482138993e-01 9.999865753938708135e-01 9.999938196568555204e-01 9.999776486803402253e-01 9.999926659239493087e-01 9.999942441942132332e-01 9.999869583540902385e-01 9.999790212730005345e-01 9.999820410284018246e-01
9.999892502933395155e-01 9.999855993072380711e-01 9.999797516959528787e-01 9.999869946129169573e-01 9.999960875306833641e-01 9.999775562359477510e-01 9.999738180535053811e-01 9.999927582133979476e-01 9.999865734050659150e-01 9.999829593390030524e-01
9.999941445015997354e-01 9.999958283566378059e-01 9.999956741516382586e-01 9.999814053852839058e-01 9.999765577391677152e-01 9.999906872476589381e-01 9.999951678795850896e-01 9.999961741372325186e-01 9.999846170544649526e-01 9.999874603129736972e-01
9.999883658763385474e-01 9.999812664912393068e-01 9.999950865132043454e-01 9.999909987950456047e-01 9.999911796252037854e-01 9.999842396942185685e-01 9.999899382207895204e-01 9.999930528255875917e-01 9.999791595046845227e-01 9.999916393919973112e-01
9.999682958658347998e-01 9.999887447353454917e-01 9.999837885463166431e-01 9.999828954270454373e-01 9.999916546993347088e-01 9.999740971464112782e-01 9.999913291266491200e-01 9.999956350594508825e-01 9.999928193781102426e-01 9.999849833388930742e-01
9.999759764382676330e-01 9.999945014876947535e-01 9.999928844979535381e-01 9.999909725182447584e-01 9.999935592023299069e-01 9.999962700217787104e-01 9.999865889823037479e-01 9.999744902602638597e-01 9.999886902707323388e-01 9.999941409305865836e-01
9.999948566218785917e-01 9.999912240181854095e-01 9.999941771399670776e-01 9.999932736063692484e-01 9.999907000041100558e-01 9.999960967827903335e-01 9.999897005822757645e-01 9.999788838641638922e-01 9.999784415923066438e-01 9.999826544871235345e-01
9.999944884065407047e-01 9.999894558040606229e-01 9.999914290579965392e-01 9.999479448309613883e-01 9.999906915461355128e-01 9.999941978003197285e-01 9.999935717514563116e-01 9.999915650403338185e-01 9.999877619823771546e-01 9.999800584793855363e-01
9.999771674271005217e-01 9.999887182567142041e-01 9.999870039760443419e-01 9.999962128938542083e-01 9.999797720389179689e-01 9.999937260581444054e-01 9.999954477998659330e-01 9.999525178320110008e-01 9.999852458183912107e-01 9.999911533905279093e-01
9.999911704146201563e-01 9.999952646129501854e-01 9.999954339149326188e-01 9.999920070559804586e-01 9.999938510725466800e-01 9.999937984564660765e-01 9.999814260348017791e-01 9.999938180685687961e-01 9.999934248019733962e-01 9.999879558159815440e-01
9.999877617552214160e-01 9.999939272232611920e-01 9.999928630111335481e-01 9.999848549489204208e-01 9.999869037796603743e-01 9.999923683760464366e-01 9.999922238943721453e-01 9.999874841315048446e-01 9.999954665132448905e-01 9.999724023946824358e-01
9.999853440925068337e-01 9.999933637147127019e-01 9.999928051995375933e-01 9.999789708683356482e-01 9.999960130561951210e-01 9.999925774086265706e-01 9.999925007858825321e-01 9.999894632777583947e-01 9.999654602774247225e-01 9.999862700045747399e-01
9.999792173646570026e-01 9.999807985751837380e-01 9.999915308549758297e-01 9.999780189938265451e-01 9.999933593746821447e-01 9.999811431301388609e-01 9.999903794170061921e-01 9.999885384611975070e-01 9.999884334000266328e-01 9.999907709899419350e-01
9.999728858567015211e-01 9.999882555122422412e-01 9.999966894694104491e-01 9.999908299003017476e-01 9.999923184553307642e-01 9.999935157043340350e-01 9.999947198927706671e-01 9.999926578012183764e-01 9.999836858807363837e-01 9.999749039310976695e-01
9.999921918719343328e-01 9.999837863938521032e-01 9.999882518584112256e-01 9.999777201650179581e-01 9.999934927081919334e-01 9.999889728574526959e-01 9.999904584167441657e-01 9.999928734500023175e-01 9.999924371590378502e-01 9.999889188080406388e-01
9.999923644749298957e-01 9.999861914101813021e-01 9.999863903499918161e-01 9.999902688241985027e-01 9.999937091682418178e-01 9.999942758425076628e-01 9.999933979629495040e-01 9.999684002167159580e-01 9.999914339321558376e-01 9.999927909623186340e-01
9.999893468954538234e-01 9.999893767571714775e-01 9.999866570460825832e-01 9.999898100488303632e-01 9.999965191674383691e-01 9.999617684202353196e-01 9.999841026767590790e-01 9.999870541793162149e-01 9.999932315222688217e-01 9.999888406417206665e-01
9.999918580852982242e-01 9.999912802734159945e-01 9.999800018261704171e-01 9.999862835639448111e-01 9.999570756202615929e-01 9.999944995063393405e-01 9.999938181073876331e-01 9.999934437376777341e-01 9.999839078623249389e-01 9.999886003665053869e-01
9.999933373892136990e-01 9.999786025184510541e-01 9.999835487215222862e-01 9.999910145214869761e-01 9.999951665705003601e-01 9.999939556127662721e-01 9.999894660122703449e-01 9.999791113856331126e-01 9.999964065170945382e-01 9.999882389421879125e-01
9.999800200870995193e-01 9.999879868532068894e-01 9.999940445659344368e-01 9.999841454658014994e-01 9.999933687391491244e-01 9.999946491710827168e-01 9.999934316618621644e-01 9.999941055012225855e-01 9.999899328827206446e-01 9.999890848348732542e-01
9.999740636021254847e-01 9.999895733214944071e-01 9.999939646755742206e-01 9.999938832523143084e-01 9.999916217934292639e-01 9.999919702837396507e-01 9.999945122241554740e-01 9.999691825570889980e-01 9.999907130295710989e-01 9.999733051420359731e-01
9.999897441042714386e-01 9.999940345724769308e-01 9.999878357248797034e-01 9.999746130581452785e-01 9.999957194844694142e-01 9.999918281861573943e-01 9.999957494274955838e-01 9.999940408185137297e-01 9.999753706631764327e-01 9.999854946214432605e-01
9.999770978577499081e-01 9.999974771384496641e-01 9.999947534234541191e-01 9.999845006621143062e-01 9.999927968794649624e-01 9.999895719446660891e-01 9.999857814303780845e-01 9.999689331982970497e-01 9.999898417312708121e-01 9.999960535117081717e-01
9.999904147813813982e-01 9.999914369560671812e-01 9.999701298175927011e-01 9.999920287317567436e-01 9.999945166196868573e-01 9.999927955797981438e-01 9.999944655243611091e-01 9.999845818844301792e-01 9.999827275910594393e-01 9.999919159131051005e-01
9.999894543808185432e-01 9.999905689389801955e-01 9.999897720677247692e-01 9.999926349839896034e-01 9.999876669275665764e-01 9.999924328619664848e-01 9.999926892148363056e-01 9.999863066624006258e-01 9.999748599736217880e-01 9.999904852247681886e-01
9.999953408528799992e-01 9.999924325445820328e-01 9.999875074395024876e-01 9.999594183526482327e-01 9.999866097528913311e-01 9.999944492131368490e-01 9.999879286222159713e-01 9.999930729664343598e-01 9.999891278579797760e-01 9.999928383320577652e-01
9.999924364943166832e-01 9.999901033483215018e-01 9.999848175597252364e-01 9.999893006347325697e-01 9.999923443814638935e-01 9.999900497762409524e-01 9.999936782409931668e-01 9.999894810966875047e-01 9.999798333907663483e-01 9.999938554751764963e-01
9.999932481399181894e-01 9.999897673282753807e-01 9.999858479013044033e-01 9.999806507702579950e-01 9.999873435568797930e-01 9.999251339398389504e-01 9.999964902557718638e-01 9.999879287749564583e-01 9.999778152478607796e-01 9.999904017218166352e-01
9.999878529817981532e-01 9.999939826386424757e-01 9.999799423932659304e-01 9.999948409241792291e-01 9.999922375194166824e-01 9.999935401382283873e-01 9.999906327459813227e-01 9.999860537813648476e-01 9.999893504733891048e-01 9.999907737073217007e-01
9.999883445311951169e-01 9.999887690550848252e-01 9.999873344352359084e-01 9.999821237806316709e-01 9.999865804739477282e-01 9.999907597851681595e-01 9.999853529968304455e-01 9.999865733307505833e-01 9.999905427978564854e-01 9.999854066879599879e-01
9.999930485141246272e-01 9.999869426045386867e-01 9.999916170615664734e-01 9.999847127147418746e-01 9.999882325388207427e-01 9.999950327302967734e-01 9.999858567579227309e-01 9.999906709965458163e-01 9.999894226811283371e-01 9.999732545051027710e-01
9.999932963163197241e-01 9.999720011781932927e-01 9.999718991751064268e-01 9.999883136916238868e-01 9.999822993692294437e-01 9.999613424096114311e-01 9.999902218000166210e-01 9.999691512305514118e-01 9.999885073065397645e-01 9.999870047491791203e-01
9.999890188288268478e-01 9.999911133152880049e-01 9.999914885276374177e-01 9.999946885093931037e-01 9.999949553765083987e-01 9.999885688187201138e-01 9.999652520514782372e-01 9.999886169053493479e-01 9.999871572610176118e-01 9.999918534803952097e-01
9.999922294696058644e-01 9.999945423147068579e-01 9.999735413937770323e-01 9.999932616071928182e-01 9.999767123940674907e-01 9.999828193229589601e-01 9.999948776013866114e-01 9.999935189471235164e-01 9.999839330923746550e-01 9.999885880271689453e-01
9.999896680797537574e-01 9.999915052589460895e-01 9.999943378778073377e-01 9.999963869786218096e-01 9.999898938548067440e-01 9.999955750210832717e-01 9.999779903704358874e-01 9.999948150279950321e-01 9.999629174771718088e-01 9.999831196936925792e-01
9.999940198318928442e-01 9.999940514833713934e-01 9.999935214298102393e-01 9.999874174282017414e-01 9.999939961720488713e-01 9.999899418391993144e-01 9.999770073264414583e-01 9.999828196284917814e-01 9.999934933453031860e-01 9.999921622407890176e-01
9.999910301667813695e-01 9.999916072390777622e-01 9.999916885520355736e-01 9.999739634392043053e-01 9.999878873796879120e-01 9.999933535262143236e-01 9.999875934221318374e-01 9.999886071029596701e-01 9.999789726458682138e-01 9.999926188657178860e-01
9.999926482251134674e-01 9.999913114589765728e-01 9.999914897442931938e-01 9.999955441550562041e-01 9.999894571444273295e-01 9.999854217846790849e-01 9.999821339403198728e-01 9.999885486763829823e-01 9.999929311985316094e-01 9.999858670650875192e-01
9.999945279947458632e-01 9.999809759937595688e-01 9.999948847123106832e-01 9.999918581777299531e-01 9.999905175616227160e-01 9.999891927781948686e-01 9.999928783183695824e-01 9.999896225309150566e-01 9.999907748951856190e-01 9.999934169948507812e-01
9.999963441579737822e-01 9.999918870643668134e-01 9.999893748501300639e-01 9.999754379177829833e-01 9.999915194072354074e-01 9.999970233241783912e-01 9.999811467459528425e-01 9.999879886115939920e-01 9.999946683360471100e-01 9.999963418540558369e-01
9.999882519075076193e-01 9.999861439140197428e-01 9.999915136156742879e-01 9.999898609745654365e-01 9.999959043392027125e-01 9.999970537593179110e-01 9.999909929106312045e-01 9.999956813541088785e-01 9.999909932243101762e-01 9.999957863655928314e-01
9.999906263069167078e-01 9.999867352932894082e-01 9.999760746142005718e-01 9.999965151227557802e-01 9.999838735117478894e-01 9.999919569992258284e-01 9.999948402274450032e-01 9.999866298083511795e-01 9.999837934210001889e-01 9.999939434244752290e-01
9.999919009494423472e-01 9.999776104172081181e-01 9.999882663158952134e-01 9.999807769242095024e-01 9.999540831707612876e-01 9.999857633356392661e-01 9.999914261430374873e-01 9.999836383689328922e-01 9.999964419478580835e-01 9.999851572581256454e-01
9.999436080494165102e-01 9.999943414758760696e-01 9.999637084556267652e-01 9.999840704806448599e-01 9.999864617408921186e-01 9.999561394978558893e-01 9.999928788990076756e-01 9.999915090449470467e-01 9.999913568421980870e-01 9.999937802645774143e-01
9.999631441091463291e-01 9.999932370862333331e-01 9.999960063254017539e-01 9.999912073584494854e-01 9.999936603491147435e-01 9.999940649412688565e-01 9.999904006009502355e-01 9.999875194219277619e-01 9.999961702620127069e-01 9.999874106616594149e-01
9.999873328169691655e-01 9.999943017796151246e-01 9.999916357834500724e-01 9.999903440324096060e-01 9.999915772273604286e-01 9.999876312370939990e-01 9.999788980822202911e-01 9.999934321327164088e-01 9.999846716136369107e-01 9.999901717844484894e-01
9.999970705086845824e-01 9.999765559228409595e-01 9.999944775355552595e-01 9.999958230137517834e-01 9.999946997475789301e-01 9.999796058211301020e-01 9.999901462870989244e-01 9.999943923255727452e-01 9.999944335533216266e-01 9.999881345318258896e-01
9.999809661462156773e-01 9.999928424568585994e-01 9.999706135031077858e-01 9.999873787081891008e-01 9.999859451294617063e-01 9.999919005000766914e-01 9.999788242762751578e-01 9.999773792454251797e-01 9.999915900183639073e-01 9.999757857431039731e-01
