9.999412232083103591e-01 9.999197388354740257e-01 9.999155256509713041e-01 9.999209473387066227e-01 9.998786136997566132e-01 9.999211288156106825e-01 9.995670805385117319e-01 9.999348133090429913e-01 9.999316023084476868e-01 9.999269374582234748e-01
9.995273135136757414e-01 9.996354428077330878e-01 9.998797954668624532e-01 9.997691509016078948e-01 9.997450658151741942e-01 9.999202671545779353e-01 9.999150255239895868e-01 9.999095593070126409e-01 9.997681723247547891e-01 9.998818642436179127e-01
9.996841639138442925e-01 9.998589790595209248e-01 9.998509155706474250e-01 9.997508426166527018e-01 9.997447691107882450e-01 9.998542164982400227e-01 9.997551884288825574e-01 9.998274779231912657e-01 9.998405753702109822e-01 9.998203891187219527e-01
9.996593221676469687e-01 9.999520057656891003e-01 9.999677524492885938e-01 9.997660996839106140e-01 9.997000300249502258e-01 9.998806719870554360e-01 9.998820295329379215e-01 9.999295655270274974e-01 9.999263378382375889e-01 9.999446391285518043e-01
9.999387145354525774e-01 9.998318830687340508e-01 9.968732316266104565e-01 9.998588974209079439e-01 9.999069373555821150e-01 9.987688864669254096e-01 9.998504444865915497e-01 9.999303509254185984e-01 9.997893287593150324e-01 9.998794052154155176e-01
9.998365021889573656e-01 9.996846871745138641e-01 9.997735877770161927e-01 9.997668477256647090e-01 9.998659169902726074e-01 9.998222977191071337e-01 9.997925004026715357e-01 9.998280778963232196e-01 9.997724151526627967e-01 9.998767478267502895e-01
9.998062131465524915e-01 9.997167593410143382e-01 9.993016971543021709e-01 9.999089929157096712e-01 9.998246681518223600e-01 9.999027463521478198e-01 9.999082630696290996e-01 9.997432793738665335e-01 9.998476997666918553e-01 9.999112406775558792e-01
9.999044397833639630e-01 9.998551466854345149e-01 9.998779743984813617e-01 9.999088521936395635e-01 9.999279211112372945e-01 9.997095915659570675e-01 9.995932925954629233e-01 9.999064060460328696e-01 9.998297447698303309e-01 9.997987730682228458e-01
9.999335973489886786e-01 9.996460894482038784e-01 9.999134651953924813e-01 9.994176803450538493e-01 9.999361641218783570e-01 9.997545833235476076e-01 9.999396316733870638e-01 9.999388186973727777e-01 9.998940585723232743e-01 9.998539822524369347e-01
9.999049136616587896e-01 9.999295337790476967e-01 9.999049392557841642e-01 9.998541868896519969e-01 9.996745602564037769e-01 9.999004743851626076e-01 9.998368793252486730e-01 9.998821713508311282e-01 9.998236435739121797e-01 9.998868523926855989e-01
9.999427861725829203e-01 9.999059167742109233e-01 9.997401856036128853e-01 9.998320030045535489e-01 9.998553572956012658e-01 9.998925699882629248e-01 9.992805309397071456e-01 9.999334335312060063e-01 9.999105958968509400e-01 9.997394817170951464e-01
9.997275565202896619e-01 9.999282451197492039e-01 9.993937657152617282e-01 9.999223539407918748e-01 9.996177340666088096e-01 9.998872328420131961e-01 9.998112444628433071e-01 9.996301727300858087e-01 9.998712069456722196e-01 9.968166906775555169e-01
9.999071808430451958e-01 9.998471950870597702e-01 9.998943023421520415e-01 9.999220066245758654e-01 9.996891726974902470e-01 9.999378503731608525e-01 9.997915566540864774e-01 9.999129535360026244e-01 9.998312998864656853e-01 9.999100994866615411e-01
9.998385671908899264e-01 9.998374672058825130e-01 9.997596736716869437e-01 9.999323695438663284e-01 9.999507558446166788e-01 9.998579045876538895e-01 9.997449466583052669e-01 9.998057513884763825e-01 9.998000178035894026e-01 9.995769248336962010e-01
9.999252613936359113e-01 9.998169464538717577e-01 9.998466569129530468e-01 9.999127344170545273e-01 9.998862107738843985e-01 9.998965980008759358e-01 9.999546024731554850e-01 9.998631581774175547e-01 9.998480554869224601e-01 9.995255196520637098e-01
9.998746255312245257e-01 9.997760592694255877e-01 9.997953327381257083e-01 9.997274453031030905e-01 9.995266484974550947e-01 9.998019705533223167e-01 9.998925300697382168e-01 9.997428895489604006e-01 9.999170415962238545e-01 9.998066778288869916e-01
9.998803827689919377e-01 9.996142839068500319e-01 9.999105378739076011e-01 9.997373711515878947e-01 9.999260049236601278e-01 9.998160200779229179e-01 9.998312995563198857e-01 9.994014708073850617e-01 9.996791882546803842e-01 9.998907690203172605e-01
9.994766793055737120e-01 9.997539688232981447e-01 9.998457379060207151e-01 9.998980975716026398e-01 9.997545457964137627e-01 9.997028306814299548e-01 9.998306578493063590e-01 9.999004254533934155e-01 9.998783171067372466e-01 9.998502500613947186e-01
9.997845142957916265e-01 9.999121384835977233e-01 9.998936006170784374e-01 9.990282143982995855e-01 9.997536331040164370e-01 9.992095808814579483e-01 9.997263595385477153e-01 9.994278609032736238e-01 9.998734827862120200e-01 9.995101470004791322e-01
9.998965845310732181e-01 9.997209375926341401e-01 9.998263001430830466e-01 9.999553864491366184e-01 9.996970215344163080e-01 9.999014201522448131e-01 9.999006137099920588e-01 9.998767922204335745e-01 9.999366702118974715e-01 9.996799157268788649e-01
9.999108406936513260e-01 9.998652639834841871e-01 9.998919012154517949e-01 9.998297960758596448e-01 9.986542488351166647e-01 9.999109966502647273e-01 9.998698903201617139e-01 9.999372011533794735e-01 9.999138340517578216e-01 9.998450185296781090e-01
9.998537319321592065e-01 9.998799337025549017e-01 9.994762176833225098e-01 9.999122598658752858e-01 9.999105292589300920e-01 9.998633836350957482e-01 9.996038631099053440e-01 9.993393131110267502e-01 9.998808375472462151e-01 9.996355875266303981e-01
9.993062402645661590e-01 9.997703783000233546e-01 9.997851468906117089e-01 9.997996678350247191e-01 9.997578866664187380e-01 9.998422057313023359e-01 9.997288557349918170e-01 9.999100143315218236e-01 9.999270732632876690e-01 9.997970395571811331e-01
9.997762763334021585e-01 9.997287723635763790e-01 9.997103392750079642e-01 9.997638306799674357e-01 9.995625000106567182e-01 9.998135267096069922e-01 9.998583550654914776e-01 9.997818024280268334e-01 9.997570203264211086e-01 9.999090025429194784e-01
9.998274438288224930e-01 9.999509576793533805e-01 9.998451341904862621e-01 9.998476880791510313e-01 9.994593776087351555e-01 9.998528535837638564e-01 9.997462755080656072e-01 9.999493876093905609e-01 9.996274779774803054e-01 9.998184414091995098e-01
9.997068640584371169e-01 9.998022693370213210e-01 9.997992436143526840e-01 9.999398789539923893e-01 9.997217071229534957e-01 9.999183942859015684e-01 9.997578583778653494e-01 9.999103554723686171e-01 9.999188264082076172e-01 9.998909082705198514e-01
9.999477326604326866e-01 9.999089086929626724e-01 9.999092332061609856e-01 9.998285566216342790e-01 9.999388388949945750e-01 9.995460315783131211e-01 9.998569199855557033e-01 9.997252516865521299e-01 9.997997470252185659e-01 9.998995931889342881e-01
9.995551464521418294e-01 9.997442171330608307e-01 9.998947064604342128e-01 9.998547705990544765e-01 9.998503282754583887e-01 9.997147566945047137e-01 9.999085595293760731e-01 9.998984160949339062e-01 9.997601589469924388e-01 9.998004845362759019e-01
9.999356007191492202e-01 9.998798709400408269e-01 9.996444410913633005e-01 9.996450606597725441e-01 9.999196275171750026e-01 9.997590535068411333e-01 9.997600416809455659e-01 9.998460751613406083e-01 9.995568837500041770e-01 9.998089280390717315e-01
9.997033941462467599e-01 9.998929244443377495e-01 9.998515027860779281e-01 9.999227036369454646e-01 9.995510590573500886e-01 9.999357433081652591e-01 9.998247194535790916e-01 9.998810087218121812e-01 9.998685803018420026e-01 9.995403253750319017e-01
9.998971788622595946e-01 9.996096745919448301e-01 9.998697721453038145e-01 9.998209418831083273e-01 9.997520267560151552e-01 9.998865528458946716e-01 9.998911181543640447e-01 9.997849558382959634e-01 9.998094758492347411e-01 9.999299739721986269e-01
9.995941782023667344e-01 9.998691907559300596e-01 9.998803176591799513e-01 9.998552674564259446e-01 9.998069506535183226e-01 9.997819317717989707e-01 9.995089052666821239e-01 9.999108365207898252e-01 9.998767709371882972e-01 9.997932535367652918e-01
9.999061159328292980e-01 9.999278688192345665e-01 9.998459825132673950e-01 9.999174202355812779e-01 9.987130630412583976e-01 9.997154170121602679e-01 9.995933854045380151e-01 9.997958212639256326e-01 9.999399507203209359e-01 9.989247920627076782e-01
9.999347909729083828e-01 9.998723852612182439e-01 9.998601222309176917e-01 9.999148981214805998e-01 9.995639667672433504e-01 9.995456032892920950e-01 9.998224272175193494e-01 9.999058591281373420e-01 9.997255202217343317e-01 9.998900407484592190e-01
9.997701374048325595e-01 9.998479091867708002e-01 9.997598566796102038e-01 9.999095758113676347e-01 9.998212377494285485e-01 9.997745308083784144e-01 9.997545840494150848e-01 9.998399981369419098e-01 9.998373101455565459e-01 9.999571458354014064e-01
9.998702323087083066e-01 9.999381221306508083e-01 9.998676087495970144e-01 9.999033533585961475e-01 9.998128354183584143e-01 9.999122019978884390e-01 9.996935840021703434e-01 9.956510751059618469e-01 9.996232566289706689e-01 9.998208447709311386e-01
9.997485073160670144e-01 9.996359382645404468e-01 9.997734602802296200e-01 9.998676209746878429e-01 9.998362719849266389e-01 9.996666733532180160e-01 9.996773128035809641e-01 9.998832434109069522e-01 9.999345535107094785e-01 9.994386968378868863e-01
9.998390740251670294e-01 9.999016282407536815e-01 9.999012987926226836e-01 9.999344140988193352e-01 9.997249775785863601e-01 9.999136182844824416e-01 9.997177004360707775e-01 9.999475969671622888e-01 9.997613308267310206e-01 9.997518135701618514e-01
9.998454144797501719e-01 9.998631037874969874e-01 9.997520737208758224e-01 9.998392669733868754e-01 9.998804513591620369e-01 9.998539735112836890e-01 9.997329324670439776e-01 9.998352919999635713e-01 9.999283040274551393e-01 9.988890545953775790e-01
9.998238218863123583e-01 9.998130772993087945e-01 9.998371259401194200e-01 9.999181104092293992e-01 9.998760757084422801e-01 9.999033359348067362e-01 9.997648999881444398e-01 9.998289126177194452e-01 9.997844604017059877e-01 9.997562999587128463e-01
9.998821333461201943e-01 9.998639612760034101e-01 9.991671765713747710e-01 9.997097045376024393e-01 9.997900906038330593e-01 9.999484833469128864e-01 9.998918530754843381e-01 9.997894303461748455e-01 9.998721678555075876e-01 9.998614899588802452e-01
9.999421108077247711e-01 9.998662427368038008e-01 9.997260556257229203e-01 9.997895511276414515e-01 9.998058245608587580e-01 9.998419510464747750e-01 9.999328719661935150e-01 9.997815355228187872e-01 9.998720418456276127e-01 9.998525414131360645e-01
9.998652314382615591e-01 9.997532217051413594e-01 9.994782329786868758e-01 9.995744958938795888e-01 9.999324739599230183e-01 9.999106584914153606e-01 9.998205002893093551e-01 9.999022753407490471e-01 9.997956541433011823e-01 9.990288214269273936e-01
9.996751358580951985e-01 9.997340676759681743e-01 9.991916782375408479e-01 9.998252990660909667e-01 9.999212541202990856e-01 9.998684898177842006e-01 9.998764425210947548e-01 9.997929245475758453e-01 9.999098323678945466e-01 9.998265903025228551e-01
9.998440234721619468e-01 9.998897595050654230e-01 9.998789001378214358e-01 9.997259698549132434e-01 9.997046312904837029e-01 9.997692834911146020e-01 9.996819724882062275e-01 9.995949826713665942e-01 9.999026340247271216e-01 9.998731466393874223e-01
9.996468755677759832e-01 9.999521393465639063e-01 9.993396012539409456e-01 9.997364996512492219e-01 9.997689543571498527e-01 9.999188064446496993e-01 9.999162407463902946e-01 9.999293318374634643e-01 9.998856060355846287e-01 9.995217641603878489e-01
9.998775644517577943e-01 9.999076407292275537e-01 9.999197704586213487e-01 9.997073889409050507e-01 9.998904516105243667e-01 9.988538949344520912e-01 9.997870543241198504e-01 9.999350019372033049e-01 9.996404727168348714e-01 9.996660499225403784e-01
9.996693255599017336e-01 9.999233368114820442e-01 9.998752926068890101e-01 9.997264528753367907e-01 9.998348195744540812e-01 9.998749709446829170e-01 9.991671629033217483e-01 9.997950869855657396e-01 9.999012375666508357e-01 9.996507203523036234e-01
9.997879802854389153e-01 9.998297439878246484e-01 9.998308795417374384e-01 9.998968076044543185e-01 9.998646312208518960e-01 9.998702890583679448e-01 9.998798814522734668e-01 9.998947410848988415e-01 9.996713131028597266e-01 9.999161871877262353e-01
9.986396429826399634e-01 9.999431878238165261e-01 9.998278965547795494e-01 9.992457164973960193e-01 9.999494746791204314e-01 9.999184977812153319e-01 9.998114739334938994e-01 9.998319398315701489e-01 9.999013630976718581e-01 9.999435963884185652e-01
9.998372229482004325e-01 9.999244624953337324e-01 9.997454507138430202e-01 9.996269732163588495e-01 9.998930729448918253e-01 9.999376170161566879e-01 9.997862547358766783e-01 9.999119520930748184e-01 9.993917456569225699e-01 9.994765453041724035e-01
9.998483040068723016e-01 9.998961390639573565e-01 9.999328283562535225e-01 9.999204362333525831e-01 9.998979671070158393e-01 9.999373613372078973e-01 9.998178744046923860e-01 9.999008662032239370e-01 9.999318116359549036e-01 9.997588325011300681e-01
9.998498563087091506e-01 9.998597689753971895e-01 9.998128343406587071e-01 9.997217718462090286e-01 9.998547882404380527e-01 9.995645382121138844e-01 9.999298481583176468e-01 9.997702374230728051e-01 9.998476331508391324e-01 9.999377747758411150e-01
9.998408593181435933e-01 9.999304556380519404e-01 9.988294967553946746e-01 9.996087131080115817e-01 9.999542314706495461e-01 9.996803672129902507e-01 9.998556328558572126e-01 9.996420881883780751e-01 9.998481258893998636e-01 9.996782177614847997e-01
9.998945396115448414e-01 9.999318126814704666e-01 9.994797561657836615e-01 9.999518916947015557e-01 9.997459046204369981e-01 9.999035684752470843e-01 9.999453695346031123e-01 9.996443529235538028e-01 9.997942443455186678e-01 9.998986897463625345e-01
9.999056922549628412e-01 9.998928566334547297e-01 9.999217733616654336e-01 9.996898306380618271e-01 9.998443842397541914e-01 9.998353514727879032e-01 9.998209746557241706e-01 9.998142204316896597e-01 9.997007794662117197e-01 9.996371065904329223e-01
9.997921286957068832e-01 9.998484007974334231e-01 9.998620171591716677e-01 9.998432926205662596e-01 9.999207096707067866e-01 9.997415996675571570e-01 9.996934985496641612e-01 9.998854619623536166e-01 9.997967168127531723e-01 9.997373162573235383e-01
9.999457922068936133e-01 9.995100665123528572e-01 9.999157723848823842e-01 9.998092980587569567e-01 9.999195147696383623e-01 9.999478512838784194e-01 9.998922919070658555e-01 9.998422231705232921e-01 9.999513048886216060e-01 9.999130325652660911e-01
9.999167704757642161e-01 9.997553705488578801e-01 9.998960369749864130e-01 9.999342056859690242e-01 9.998102777397473995e-01 9.998778388083452429e-01 9.997239163483346847e-01 9.999498603636390870e-01 9.997631593161311336e-01 9.999229598780939865e-01
9.998600637769677890e-01 9.998920010370694333e-01 9.999148396613573020e-01 9.998132446412500984e-01 9.998329277336317489e-01 9.998711317404770371e-01 9.998165335058616376e-01 9.997254245309994403e-01 9.997748919314637384e-01 9.999141065638482706e-01
9.998993411406646992e-01 9.999253955023902352e-01 9.996104940513035331e-01 9.997541316133936595e-01 9.998936331164063329e-01 9.999461765198748298e-01 9.996619481052229084e-01 9.996169905240280817e-01 9.999538344063305662e-01 9.998427391444095758e-01
9.996476569007021196e-01 9.994414546570822289e-01 9.999205404567882427e-01 9.998137411796489404e-01 9.999506222183098814e-01 9.999096404730655197e-01 9.996350863025759148e-01 9.999087835786857337e-01 9.996481546110457250e-01 9.998770857531501521e-01
9.997956677781387747e-01 9.999353355294059442e-01 9.997377923349280993e-01 9.998648672751754285e-01 9.998112672765130382e-01 9.998857650224012295e-01 9.999001585413406223e-01 9.998377418800524774e-01 9.993285715709707695e-01 9.996983599481783500e-01
9.999033941888160193e-01 9.998558506000471136e-01 9.998808813499366899e-01 9.998734022352807616e-01 9.999088026554899811e-01 9.998022016239186405e-01 9.998101505115942755e-01 9.998703967414869220e-01 9.998762069080119330e-01 9.998884271209926844e-01
9.999388034909407752e-01 9.998453591410778607e-01 9.994136808837891239e-01 9.999305812989219833e-01 9.996878559839482703e-01 9.998543636137332546e-01 9.998766305916066965e-01 9.995236417261591511e-01 9.998674552789085235e-01 9.998320916419732862e-01
9.998725055251524996e-01 9.998547036729837911e-01 9.998518633610056217e-01 9.998835328344430895e-01 9.998147698827046792e-01 9.998803755618749234e-01 9.999089423756384321e-01 9.998456914115246841e-01 9.999075235313797938e-01 9.997410757451898888e-01
9.998588209407651695e-01 9.999378703266037505e-01 9.999035627465611142e-01 9.999142327687153831e-01 9.997176067554995882e-01 9.998973327873714734e-01 9.997454117040804888e-01 9.996903695137224766e-01 9.999423293439716476e-01 9.997244638348736778e-01
9.999232091624067342e-01 9.999313458077084826e-01 9.999081712114900045e-01 9.999277443373836283e-01 9.999309290561085861e-01 9.996739259670776034e-01 9.996026583770433183e-01 9.999287075094226429e-01 9.999268485280410346e-01 9.999508541194966904e-01
9.996176157987912703e-01 9.998985490653978792e-01 9.996843116327329692e-01 9.997286384526391512e-01 9.999071982499895261e-01 9.977707672234952252e-01 9.999052137234122339e-01 9.998678185854393830e-01 9.995736248023995296e-01 9.998508640216247079e-01
9.998348842648138168e-01 9.999442198995500686e-01 9.997402116933232774e-01 9.998148468551892876e-01 9.997920738197981771e-01 9.997983870934703532e-01 9.998057803698029433e-01 9.998968257885177957e-01 9.998213875557422359e-01 9.997251770156173611e-01
9.996957113870704736e-01 9.998233862669856364e-01 9.997126590323571760e-01 9.997817170581748680e-01 9.996812667847079226e-01 9.997769409826116060e-01 9.998700706496806978e-01 9.999464020017782007e-01 9.994517095005737151e-01 9.998951079380650198e-01
9.999304944156250929e-01 9.997530562820315936e-01 9.998657245142160699e-01 9.994946311501878844e-01 9.998871317954287630e-01 9.997525585520292690e-01 9.998998267546708174e-01 9.998117966844998206e-01 9.996532509839236580e-01 9.994756961567416997e-01
9.998546550004928646e-01 9.998727791203042559e-01 9.986569357259280633e-01 9.998736829628395162e-01 9.999147092205696863e-01 9.997966751639251193e-01 9.998533142125020090e-01 9.997240869814001396e-01 9.999235724648738444e-01 9.999279195546151300e-01
9.999155622176539859e-01 9.994995059593175801e-01 9.999358308236403481e-01 9.997055511828000229e-01 9.998838669060412521e-01 9.996833695993742053e-01 9.999326643776813572e-01 9.999542158709646689e-01 9.989530638012550368e-01 9.999233439810686352e-01
9.993486062651685264e-01 9.999093587570302422e-01 9.991016032353251530e-01 9.998198168116139151e-01 9.997849785719064020e-01 9.999332549792897540e-01 9.999563999107081713e-01 9.997797480396288794e-01 9.999271422224397243e-01 9.996859697968615288e-01
9.998327684626792111e-01 9.998468976557327581e-01 9.998351627860546653e-01 9.997732054128651846e-01 9.997309645064150763e-01 9.997276844928587591e-01 9.997267332937780360e-01 9.997817335288631257e-01 9.995958401693623152e-01 9.998899166441166386e-01
9.999283496219801837e-01 9.997266339116805955e-01 9.999067294688223084e-01 9.996681758618602975e-01 9.995785942259256540e-01 9.999030957938623843e-01 9.998415042083111937e-01 9.999173838604721309e-01 9.998829061422916942e-01 9.998303487257449440e-01
9.999047693054257113e-01 9.998242859120175519e-01 9.999466132941196017e-01 9.997349142190371518e-01 9.995246780472305526e-01 9.999458044194491357e-01 9.998593076152025860e-01 9.999145084156478847e-01 9.999264505072305020e-01 9.997061436853638128e-01
9.998735273111585276e-01 9.997865017363701812e-01 9.998317193230487065e-01 9.998210036540040591e-01 9.999029485716277588e-01 9.997871462329167569e-01 9.995156285700131926e-01 9.998606988088294401e-01 9.999250358305701303e-01 9.998800858220280308e-01
9.999315292792754217e-01 9.999228054132310861e-01 9.996402051522297327e-01 9.998619657504079772e-01 9.988804087654457042e-01 9.999306005633851191e-01 9.997759169674028668e-01 9.998841764456904979e-01 9.995860519103055841e-01 9.996323280300433156e-01
9.997413761463247450e-01 9.998668940511260539e-01 9.999468631295975740e-01 9.992158015703752616e-01 9.993574944726398845e-01 9.999082196252689902e-01 9.995918244020718380e-01 9.999456587342568925e-01 9.997640200437983848e-01 9.997707354699794102e-01
9.998597535949622639e-01 9.998797303027796568e-01 9.995154827029250066e-01 9.999155485410994304e-01 9.999138569776911956e-01 9.996995342557875031e-01 9.997890106637566943e-01 9.998746767151266424e-01 9.998726598486135098e-01 9.998678271052420241e-01
9.998681479593269916e-01 9.999323325269240392e-01 9.993429497246975046e-01 9.996292762224471273e-01 9.996206359091482918e-01 9.996246256084241333e-01 9.998057781622899931e-01 9.998935937819173336e-01 9.998584098816987176e-01 9.994508259050998156e-01
9.998326845992571155e-01 9.997947724159318428e-01 9.998276856144572289e-01 9.997681972002849804e-01 9.999106641746801083e-01 9.998741526991040685e-01 9.993803532994045558e-01 9.998633544446754451e-01 9.997244075806585029e-01 9.996898692457593105e-01
9.995474998742522876e-01 9.995435592509646083e-01 9.998685041171576637e-01 9.995555151076456202e-01 9.997156354635680087e-01 9.995109950249968511e-01 9.998870474457106639e-01 9.999421867858567792e-01 9.998603592327842682e-01 9.998839006228311677e-01
9.998373487682483685e-01 9.998208725296351407e-01 9.998746943995413528e-01 9.998839909700489859e-01 9.998843090269691203e-01 9.998952793486124424e-01 9.998301408945055035e-01 9.998808970438001209e-01 9.997389574507442589e-01 9.997480382081558314e-01
9.998580332060391651e-01 9.999328582351767469e-01 9.997713470814307835e-01 9.999271015449016087e-01 9.996329973936738389e-01 9.998840919001412697e-01 9.998338990965032202e-01 9.999112659600206676e-01 9.998919943215929251e-01 9.999012012543938566e-01
9.998513026350092092e-01 9.997275318827186785e-01 9.998926625000837953e-01 9.999232537022947342e-01 9.999519045754451385e-01 9.998889111548171504e-01 9.999314748389445118e-01 9.999221485538062337e-01 9.999445365873766978e-01 9.999013855512517424e-01
9.995047640019152357e-01 9.999479020575461341e-01 9.999571562557865168e-01 9.998690839194005475e-01 9.997942008526264912e-01 9.999056453884324069e-01 9.999139800938151579e-01 9.986544324008497231e-01 9.999255735981861237e-01 9.998054273529475289e-01
9.997455893381740344e-01 9.995432097681726802e-01 9.996829005816776359e-01 9.999241524354091082e-01 9.997524988395061207e-01 9.999100133381878530e-01 9.997313779807361911e-01 9.999172717383587594e-01 9.996019236825762766e-01 9.998806254554029049e-01
9.999166729426652855e-01 9.997473396132814383e-01 9.999036742825681001e-01 9.999133523353723740e-01 9.998639873920428522e-01 9.998303479010048900e-01 9.999170300620284779e-01 9.999273078427812766e-01 9.999154772203595609e-01 9.999074720671390359e-01
9.996407602833176087e-01 9.999158944249388892e-01 9.998489217832370324e-01 9.998910847709993055e-01 9.999074416223381334e-01 9.999004533391222527e-01 9.997859710176829617e-01 9.999273859002166809e-01 9.998796605282529448e-01 9.998457569122018995e-01
9.999136308017999575e-01 9.998340673377595911e-01 9.999072709827624417e-01 9.998186959634431936e-01 9.996919596513745843e-01 9.997743677716801614e-01 9.998607976827125210e-01 9.998702393392918664e-01 9.998709567173553747e-01 9.998369189383073952e-01
9.996927923310063857e-01 9.998953413981307436e-01 9.998515000658065865e-01 9.997770101602948545e-01 9.998160041695018929e-01 9.997867858934389451e-01 9.996767341789380978e-01 9.998395398130830447e-01 9.998939860728878193e-01 9.998526654316685081e-01
9.999180873869177866e-01 9.999126404779001831e-01 9.999458087817901797e-01 9.999304057191529260e-01 9.995503377424953539e-01 9.999309193452536881e-01 9.998761852298977404e-01 9.997130394754359939e-01 9.998522978484408741e-01 9.998522538004294136e-01
9.997703335756563670e-01 9.998266585304099729e-01 9.999543198534269761e-01 9.999319171455279820e-01 9.999023442452200650e-01 9.999533747471793799e-01 9.992021386750765677e-01 9.997917328463696851e-01 9.997563481325675294e-01 9.997488048060794164e-01
9.998745215312991874e-01 9.997401150052763752e-01 9.998579631390400735e-01 9.993021160181311258e-01 9.992945679716104257e-01 9.998991979647449124e-01 9.994825486887889410e-01 9.998803090444381425e-01 9.999398696390535690e-01 9.996823117561290939e-01
9.999569790738244146e-01 9.997741770016489449e-01 9.997852857861735387e-01 9.998927883277097806e-01 9.995503155877539792e-01 9.998367748613684602e-01 9.998442029755170157e-01 9.996415638614252197e-01 9.999135275526219724e-01 9.998499085733925096e-01
9.998800109835298544e-01 9.998530790001546320e-01 9.998368851885147679e-01 9.998096162116735242e-01 9.998825928495006510e-01 9.998932403946307890e-01 9.997407819890019587e-01 9.999165529886820947e-01 9.998574892907452494e-01 9.990982237735525073e-01
9.997604607781815922e-01 9.999083914599418144e-01 9.998730512026968720e-01 9.998976097375346095e-01 9.998584502661950202e-01 9.997069588463067813e-01 9.998759589412453685e-01 9.997230571554497347e-01 9.999676615166017690e-01 9.998788443545073568e-01
