9.999841053029063787e-01 9.999918123806886827e-01 9.999872962886494632e-01 9.999611113548027008e-01 9.999813780232069682e-01 9.998600080066727402e-01 9.999933806244815093e-01 9.999879862766337668e-01 9.999915227602066414e-01 9.999950685792410310e-01
9.999942889486600484e-01 9.999948732318726385e-01 9.999953696335931452e-01 9.999809660919172227e-01 9.999884581664378880e-01 9.999964015358344671e-01 9.999932808458580347e-01 9.999930434991786132e-01 9.999942872482258105e-01 9.999946468548419620e-01
9.999870200338799586e-01 9.999938287971298356e-01 9.999790334360842969e-01 9.999841020548997372e-01 9.999812896183151167e-01 9.999944960935787108e-01 9.999916651057956241e-01 9.999923816852440694e-01 9.999915617052068662e-01 9.999683513176640393e-01
9.999830680996260046e-01 9.999582655465591996e-01 9.999789391099785929e-01 9.999941422364305721e-01 9.999858797278908806e-01 9.999883116082274315e-01 9.999858330535401629e-01 9.999876025586911243e-01 9.999860821275495804e-01 9.999850482861227796e-01
9.999860125929258547e-01 9.999951393708562675e-01 9.999957674324821966e-01 9.999815391421877919e-01 9.999210481469373857e-01 9.999919228829525775e-01 9.999941081624666994e-01 9.998536360096620390e-01 9.999724835812348056e-01 9.999906184143861898e-01
9.999882102583235177e-01 9.999605602896274315e-01 9.999901806609130528e-01 9.999906409779416583e-01 9.999925556472377686e-01 9.999789653511454990e-01 9.999866951622046196e-01 9.999952291216063216e-01 9.999877348489526474e-01 9.999872223446633068e-01
9.999867024860852327e-01 9.999851706273743535e-01 9.999931351110791233e-01 9.999893318526437147e-01 9.999790161124874066e-01 9.999952207467768250e-01 9.999940660064815523e-01 9.999723279056087488e-01 9.999869392271895085e-01 9.999920091525047461e-01
9.999897564738975397e-01 9.999930444346942782e-01 9.999805060717248395e-01 9.999686283526147967e-01 9.999825810180916763e-01 9.999919576874760629e-01 9.999921161762324040e-01 9.999848126957137096e-01 9.999800947813854979e-01 9.999725109775077225e-01
9.999930874756191024e-01 9.999948712392592309e-01 9.999878793233516472e-01 9.999859000206925419e-01 9.999576211186147479e-01 9.999922383641470791e-01 9.999953156097590723e-01 9.999904559426738837e-01 9.999902874278059350e-01 9.999922874037564524e-01
9.999903980836026829e-01 9.999920019541371774e-01 9.999956618935267327e-01 9.999929148365649390e-01 9.999906067878902016e-01 9.999477826645796208e-01 9.999820201952428489e-01 9.999839641793440981e-01 9.999897036247077375e-01 9.999699488415052517e-01
9.999904312471308288e-01 9.999933710861297342e-01 9.999908563122209548e-01 9.999908948505705775e-01 9.999876161841840805e-01 9.999908875674576869e-01 9.999718552380258973e-01 9.999886385449778814e-01 9.999893856993123942e-01 9.999909568449942832e-01
9.999816236777965273e-01 9.999885111313215891e-01 9.999751954686606492e-01 9.999894218189536721e-01 9.999925949599283159e-01 9.999931319649582040e-01 9.999558117207355545e-01 9.999924778466033892e-01 9.999945872945088521e-01 9.999793010067801191e-01
9.999940450090948341e-01 9.999933820571084153e-01 9.999696037853637032e-01 9.999858571807466179e-01 9.999728561892229362e-01 9.999952874155556559e-01 9.999945765206500470e-01 9.999564017451800790e-01 9.999802877680311619e-01 9.999795159332927064e-01
9.999879612064538348e-01 9.999927940106649871e-01 9.999815033391253882e-01 9.999944617995207841e-01 9.999851956066349024e-01 9.999879353719630659e-01 9.999936739481717352e-01 9.999867448967750816e-01 9.999900243835082581e-01 9.999926090576843896e-01
9.999838255946033039e-01 9.999931782297485361e-01 9.999946646277360074e-01 9.999918201241827509e-01 9.999476638910859139e-01 9.999953963658922973e-01 9.999952823206527119e-01 9.999734829245048306e-01 9.999715811933500564e-01 9.999954549953067318e-01
9.999922322333218982e-01 9.999937816274228064e-01 9.999912257199505827e-01 9.999863737641050410e-01 9.999948410476343641e-01 9.999939968263539258e-01 9.999798014688054959e-01 9.999934620669977958e-01 9.999857469055617454e-01 9.999919334214587563e-01
9.999669094013634574e-01 9.999675134218453110e-01 9.999921905503519337e-01 9.999843376596196931e-01 9.999938252279709783e-01 9.999700499872592463e-01 9.999825727296260958e-01 9.999964222552286675e-01 9.999839164510112566e-01 9.999823533050973268e-01
9.999906494251263878e-01 9.999898597516416743e-01 9.999813802122246020e-01 9.999931145410626554e-01 9.999865253328813486e-01 9.999952028780342284e-01 9.999942650827138291e-01 9.999938364809610736e-01 9.999859896633291889e-01 9.999914165878376338e-01
9.999904248546505059e-01 9.999885481554150468e-01 9.999678896108994408e-01 9.999829199906120625e-01 9.999749817250890294e-01 9.999905144110019517e-01 9.999936238004408784e-01 9.999942936999787202e-01 9.999794781551785139e-01 9.999661714965044634e-01
9.999884826529855664e-01 9.999877162274753983e-01 9.999892648327578515e-01 9.999891663464109959e-01 9.999942236561034647e-01 9.999889191154621715e-01 9.999727090150710707e-01 9.999856353921605656e-01 9.999898070559216645e-01 9.999886455900746096e-01
9.999914129931554152e-01 9.999894611605673056e-01 9.999922256631983419e-01 9.999686535420571065e-01 9.999771040106371078e-01 9.999807260363499095e-01 9.999695834810004014e-01 9.999929969134313534e-01 9.999912533439441198e-01 9.999940322243442425e-01
9.999940779034390825e-01 9.999873496331357359e-01 9.999758142959263019e-01 9.999936477785127398e-01 9.999940538124300060e-01 9.999575380257338386e-01 9.999780327938747604e-01 9.999902655532253437e-01 9.999868732403609517e-01 9.999915452429000151e-01
9.999883965323753676e-01 9.999830679998222838e-01 9.999923179865853884e-01 9.999828201535760908e-01 9.999915074874262677e-01 9.999899183712561701e-01 9.999868116916007521e-01 9.999839283357970787e-01 9.999901151951750000e-01 9.999409828107762577e-01
9.999949727181479675e-01 9.999937260200743028e-01 9.999945495889903668e-01 9.999794031101608693e-01 9.999864823557219617e-01 9.999930365230591534e-01 9.999863799813010212e-01 9.999680801711614553e-01 9.999259589122244662e-01 9.999833598260055023e-01
9.999841367859400032e-01 9.999858802799769242e-01 9.999843443651907915e-01 9.999837865591256758e-01 9.999872685937831740e-01 9.999891662934391467e-01 9.999903844973616618e-01 9.999742319964342041e-01 9.999803368933742886e-01 9.999852392317825078e-01
9.999926847870515001e-01 9.999929336999627827e-01 9.999199896588375491e-01 9.999907552556983603e-01 9.999927529577463670e-01 9.999888338608455829e-01 9.999770948195965126e-01 9.999830197395903619e-01 9.999778822710775339e-01 9.999825977707617053e-01
9.999887643984060048e-01 9.999859713393818295e-01 9.999925748182281193e-01 9.999874709051095323e-01 9.999716712045078060e-01 9.999792458086831370e-01 9.999907843634336935e-01 9.999800472294633202e-01 9.999879797075713617e-01 9.999943938404731725e-01
9.999879034188408067e-01 9.999778854128713590e-01 9.999832995867762309e-01 9.999738179670882854e-01 9.999891475766150561e-01 9.999912352060749132e-01 9.999942445617598930e-01 9.999841877986577199e-01 9.999953052644680040e-01 9.999765772515052387e-01
9.999638008936992950e-01 9.999715270188818117e-01 9.999948739975044187e-01 9.999884817815890559e-01 9.999790002383124321e-01 9.999937192863570523e-01 9.999950185901355093e-01 9.998940052346593221e-01 9.999881135669884680e-01 9.999914072615215810e-01
9.999802740798030554e-01 9.999874719301407033e-01 9.999748503734298133e-01 9.999840204624625972e-01 9.999836126581187479e-01 9.999880026545777678e-01 9.999856395556926403e-01 9.999800094287212282e-01 9.999902666700678511e-01 9.999856431421377811e-01
9.999944552546076171e-01 9.999118870367087464e-01 9.999920693532111660e-01 9.999751217435128847e-01 9.999801470435131234e-01 9.999888385139501512e-01 9.999909218412976752e-01 9.999862082481735248e-01 9.999915794005507230e-01 9.999830512462963839e-01
9.999904191563268041e-01 9.999943424721920993e-01 9.999891999182378699e-01 9.999638423679054755e-01 9.999921238144736657e-01 9.999915024690014809e-01 9.999951810195596424e-01 9.999896519884393653e-01 9.999876444586052182e-01 9.999831733739020789e-01
9.999694412058536264e-01 9.999949969992293353e-01 9.999726055380252498e-01 9.999804234483545828e-01 9.999928700204658849e-01 9.999921778433870090e-01 9.999931667361371401e-01 9.999863406215628858e-01 9.999839100784068124e-01 9.999873632014714131e-01
9.999834260830712251e-01 9.999354178743008470e-01 9.999916093036316234e-01 9.999823992979438581e-01 9.999922782205967753e-01 9.999944288539784898e-01 9.999667164667137564e-01 9.999872453057978561e-01 9.999918444416499019e-01 9.999732893324961847e-01
9.999875686549646314e-01 9.999836318904391508e-01 9.999783358375808895e-01 9.999844647853322055e-01 9.999826109773483074e-01 9.999802664249145545e-01 9.999914715077395932e-01 9.999847088744512336e-01 9.999778355195348967e-01 9.999917665727772187e-01
9.999662030051568173e-01 9.999772344591232320e-01 9.999872138766592311e-01 9.999873822330401785e-01 9.999879136091726073e-01 9.999079644173237691e-01 9.999330324306199280e-01 9.999585034606326417e-01 9.999900671072544656e-01 9.999868696686545766e-01
9.999921658178142492e-01 9.999887270063484435e-01 9.999957500755731754e-01 9.999878937164351500e-01 9.999793269783343597e-01 9.999959154243723836e-01 9.999854474772109647e-01 9.999870080855169929e-01 9.999908154540654293e-01 9.999882850860023487e-01
9.999830272916836460e-01 9.999900527384417703e-01 9.999871493779829423e-01 9.999877663061993438e-01 9.999961430531358886e-01 9.999947763425991454e-01 9.999909490961793601e-01 9.999932909619265731e-01 9.999951631362904436e-01 9.999955532411812786e-01
9.999903311257328786e-01 9.999902177572875805e-01 9.999849465306215324e-01 9.999768817909482355e-01 9.999862567288310133e-01 9.999882855216699618e-01 9.999896522234037466e-01 9.999844748725289501e-01 9.999917238990539969e-01 9.999888612297881396e-01
9.999739146029561487e-01 9.999714793360763299e-01 9.999923185687594751e-01 9.999674842555202892e-01 9.999906312425539401e-01 9.999622363944482561e-01 9.999915168237005769e-01 9.999942428163648422e-01 9.999849957660175148e-01 9.999791339404618951e-01
9.999867895234558768e-01 9.999870031123241354e-01 9.999800546884607400e-01 9.999703386018576889e-01 9.999907527022475762e-01 9.999899519613866250e-01 9.999936574230723352e-01 9.999890453026134551e-01 9.999856154701216582e-01 9.999751145499385929e-01
9.999812631540053731e-01 9.999571169936486426e-01 9.999871487801250680e-01 9.999861393458415737e-01 9.999930037788159476e-01 9.999936944107311598e-01 9.999888568983167358e-01 9.999868471441083484e-01 9.999947707846751355e-01 9.999946458576565167e-01
9.999937070840286824e-01 9.999949315464763400e-01 9.999224708145855178e-01 9.999951552523987930e-01 9.999861420624684971e-01 9.999966215633118161e-01 9.999936280360846030e-01 9.999933265928887538e-01 9.999837346176311259e-01 9.999959436988632433e-01
9.999800858169358708e-01 9.999910941154273036e-01 9.999932204003929570e-01 9.999922099332979597e-01 9.999851110262207854e-01 9.999957673378967460e-01 9.999784494196500839e-01 9.999947846756824799e-01 9.999944565071917646e-01 9.999929346336334790e-01
9.999878585002440756e-01 9.999856082538721713e-01 9.999774300231656365e-01 9.999015473535290965e-01 9.999806041743560803e-01 9.999853709387367395e-01 9.999861950405304345e-01 9.999903335137628746e-01 9.999946458792363657e-01 9.999828224883687833e-01
9.999933749034024544e-01 9.999962639081105831e-01 9.999061860667315393e-01 9.999890262001659424e-01 9.999938471776258497e-01 9.999815007527029787e-01 9.999940957934282393e-01 9.999501375010585447e-01 9.999965573669202801e-01 9.999850958023017711e-01
9.999775324817329336e-01 9.999876398863515314e-01 9.999012932774796747e-01 9.999708900732915406e-01 9.999897376997916032e-01 9.999784033916144788e-01 9.999893052015228490e-01 9.999877980919157361e-01 9.999875317551075726e-01 9.999778051633833043e-01
9.999555769236954106e-01 9.999671716478208960e-01 9.999915224571499506e-01 9.999928254226820856e-01 9.999957324914906520e-01 9.999924787969104445e-01 9.999869362853219812e-01 9.999951790812872110e-01 9.999705686593567400e-01 9.999730975329697014e-01
9.999645497764848567e-01 9.999802743807730820e-01 9.999926822797662318e-01 9.999926149150197840e-01 9.999927688021699179e-01 9.999887803480674853e-01 9.999935048752894851e-01 9.999915130262658769e-01 9.999870204102255800e-01 9.999922765981936745e-01
9.999957216766298673e-01 9.999600295581475562e-01 9.999955578647721222e-01 9.999867737771138687e-01 9.999838401036155178e-01 9.999926837979891125e-01 9.999963308401736972e-01 9.999949549719755471e-01 9.999933304509457388e-01 9.999804719909092254e-01
9.999860153127707596e-01 9.999915210145016164e-01 9.999904099243157596e-01 9.999555199659956317e-01 9.999751098626858958e-01 9.999872632370220282e-01 9.999802093100678135e-01 9.999905572000973297e-01 9.999933240259673006e-01 9.999870232772286593e-01
9.999693410460492871e-01 9.999768203740525552e-01 9.999943440253936666e-01 9.999735234607497469e-01 9.999802410210554271e-01 9.999822461965679476e-01 9.999861711611484072e-01 9.999880491502373125e-01 9.999753227826733148e-01 9.999876390920693359e-01
9.999866181014440691e-01 9.999888818960451786e-01 9.999416096606901228e-01 9.999862508447463494e-01 9.999937827508182941e-01 9.999506668031471479e-01 9.999935242064694751e-01 9.999836721464407940e-01 9.999860521861152485e-01 9.999939920519700376e-01
9.999488514668289918e-01 9.999900617240164991e-01 9.999843823368828044e-01 9.999840416564313994e-01 9.999881308614201325e-01 9.999842073991814795e-01 9.999877424331569120e-01 9.999887607315351978e-01 9.999664751318042555e-01 9.999928086822924556e-01
9.999861671032729271e-01 9.999835641262209140e-01 9.999770286434060962e-01 9.999952873325143043e-01 9.999833918946906541e-01 9.999726377857168780e-01 9.999894250059105927e-01 9.999819167126465791e-01 9.999460273889537731e-01 9.999940303764294214e-01
9.999911784593932262e-01 9.999905996570710442e-01 9.999765779863424298e-01 9.999958736383763869e-01 9.999898499307873223e-01 9.999911976143350811e-01 9.999944815621187866e-01 9.999023584625412742e-01 9.999894252447711906e-01 9.999886086268084950e-01
9.999892582018061749e-01 9.999938110568130645e-01 9.999890872312994228e-01 9.999848872767196362e-01 9.999922013545117228e-01 9.999916205523345925e-01 9.999857337503733623e-01 9.999569365957189371e-01 9.999827483428247454e-01 9.999838018073948787e-01
9.999768212129315215e-01 9.999900539653457932e-01 9.999763319035185338e-01 9.999878841675354790e-01 9.999776322763664904e-01 9.999871154682220542e-01 9.999803133417592971e-01 9.999865937127824234e-01 9.999957188759883708e-01 9.999800259636391075e-01
9.999936412309996525e-01 9.999667387984977340e-01 9.999639306787438953e-01 9.999912102155394944e-01 9.999862031729661593e-01 9.999853455120714107e-01 9.999720388757268319e-01 9.999905581607261285e-01 9.999719169950456177e-01 9.999809410548933242e-01
9.999922462852121052e-01 9.999926945111020649e-01 9.999919293938587250e-01 9.999835204898788188e-01 9.999831429857937160e-01 9.999894796197373870e-01 9.999846451130135483e-01 9.999913787625692718e-01 9.999833767030958942e-01 9.999904637412835307e-01
9.999894478625717120e-01 9.999863522906732305e-01 9.999647485964866522e-01 9.999878714378114264e-01 9.999922888782333263e-01 9.999903001102792288e-01 9.999847643529909957e-01 9.999943335830410174e-01 9.999869791776229144e-01 9.999876553462504480e-01
9.999892835493892074e-01 9.999939859453715885e-01 9.999719033832250581e-01 9.999867823005613721e-01 9.999925136575386064e-01 9.999529300634049100e-01 9.999927166814756019e-01 9.999893477050783019e-01 9.999860948197332178e-01 9.999837302335745637e-01
9.999792612450213447e-01 9.999896325888546489e-01 9.999900814799278503e-01 9.999885897758747921e-01 9.999741606320829979e-01 9.999948702105239118e-01 9.999930602798605683e-01 9.999781478863394302e-01 9.999347164227546658e-01 9.999787627624514563e-01
9.999832992803578957e-01 9.999827948229752517e-01 9.999910961099005569e-01 9.999868641443527828e-01 9.999698796850132743e-01 9.999707929180590149e-01 9.999727031921061826e-01 9.999864364670317807e-01 9.999778239359619070e-01 9.999867959324817424e-01
9.999836384070548423e-01 9.999815224228764121e-01 9.999843777931614053e-01 9.999904961859326091e-01 9.999911610418938945e-01 9.999960435706340967e-01 9.999811497062920385e-01 9.999962317524034860e-01 9.999952979077199045e-01 9.999929921759019846e-01
9.999830416516645171e-01 9.999904791624023570e-01 9.999869586397758248e-01 9.999829580142172158e-01 9.999913443874176577e-01 9.999940704033432048e-01 9.999884733151456206e-01 9.999874956933751946e-01 9.999912826015964207e-01 9.999893698808498543e-01
9.999951963455456783e-01 9.999934806565826673e-01 9.999862252805995499e-01 9.999818473809440889e-01 9.999497055963693093e-01 9.999826570524582570e-01 9.999833493046416111e-01 9.999870338382792490e-01 9.999499370836187895e-01 9.999914313360547258e-01
9.999868745501497846e-01 9.999871959846792224e-01 9.999914890377253895e-01 9.999929636480642259e-01 9.999834557654473377e-01 9.999756577806344637e-01 9.999874980688835402e-01 9.999816937506637027e-01 9.999930508289631703e-01 9.999836379529530861e-01
9.999943630796949146e-01 9.999898207759528868e-01 9.999873047262658465e-01 9.999887426856262085e-01 9.999885491667607207e-01 9.999932238404237728e-01 9.999912097358533147e-01 9.999872234003861493e-01 9.998860755187048976e-01 9.999855766417048430e-01
9.999958919998997997e-01 9.999928471906215366e-01 9.999901971565740011e-01 9.999912584021167783e-01 9.999914205342262941e-01 9.999900586703366345e-01 9.999935977933249731e-01 9.999856469405224990e-01 9.999920887464102126e-01 9.999880589680214538e-01
9.999947430660457437e-01 9.999910621150949197e-01 9.999751328742845224e-01 9.999934664776214399e-01 9.999944044923446684e-01 9.999058182322798638e-01 9.999923447499536877e-01 9.999858527823733967e-01 9.999908996924514737e-01 9.999897474325213365e-01
9.999933544227515014e-01 9.999645249884284715e-01 9.999258629341905014e-01 9.999855810340058104e-01 9.999753525406614996e-01 9.999969473927315944e-01 9.999633360622507405e-01 9.999927006348439118e-01 9.999930534108506519e-01 9.999949456519017232e-01
9.999911117115151127e-01 9.999939635805090710e-01 9.999863790364401650e-01 9.999847548942493169e-01 9.999929259295019524e-01 9.999936801261192221e-01 9.999809498379065298e-01 9.999910756250589561e-01 9.999836989078296767e-01 9.999944781460139431e-01
9.999939915063750240e-01 9.999870189210660065e-01 9.999380951445838717e-01 9.999947210380755180e-01 9.999867631848446958e-01 9.999786575291536028e-01 9.999935230516735496e-01 9.999866428105201877e-01 9.999880925080325555e-01 9.999876653416900352e-01
9.999917160259573778e-01 9.999908571713131966e-01 9.999713949356173748e-01 9.999896647724968446e-01 9.999887622751387761e-01 9.999871260001566009e-01 9.999927971000461824e-01 9.999952006338361787e-01 9.999784330231570317e-01 9.999777306897177365e-01
9.999907080396079895e-01 9.999919971502844174e-01 9.999951246246989722e-01 9.999840191961478775e-01 9.999764260757658674e-01 9.999861641965963610e-01 9.999740970308543808e-01 9.999928132725985908e-01 9.999955834435563240e-01 9.999913591785459799e-01
9.999649890251890438e-01 9.999833179357749957e-01 9.999900152837869483e-01 9.999960937742736755e-01 9.999936534007199951e-01 9.999758383141469364e-01 9.999917668607072319e-01 9.999854900703680771e-01 9.999872763208087489e-01 9.999911354105671668e-01
9.999963520307908471e-01 9.999793041209505962e-01 9.999918228805821929e-01 9.999921004480817333e-01 9.999932932613556646e-01 9.999916378053436139e-01 9.999901051523671924e-01 9.999647977746541905e-01 9.999838381154648737e-01 9.999890098957514573e-01
9.999964581687628140e-01 9.999878858477169175e-01 9.999891897478943026e-01 9.999917678492326045e-01 9.999926796721947397e-01 9.999950598633816634e-01 9.999777700332769248e-01 9.999917920847301023e-01 9.999942460126478583e-01 9.999711411293347174e-01
9.999833424837279994e-01 9.999922946115901157e-01 9.999919826086335339e-01 9.999814489459383227e-01 9.999923315620881104e-01 9.999936051180656760e-01 9.999845232754782653e-01 9.999906300091987443e-01 9.999854724028032216e-01 9.999876281065912531e-01
9.999939570863575211e-01 9.999671999803528832e-01 9.999838047971524313e-01 9.999907149131607165e-01 9.999845113852204870e-01 9.999964168827550903e-01 9.999914787552950379e-01 9.999932018358360652e-01 9.999893733290088349e-01 9.999423059914727130e-01
9.999884050555765125e-01 9.999902443158656951e-01 9.999909932325391493e-01 9.999714256039526905e-01 9.999832575530893664e-01 9.999395241862892858e-01 9.999707899275157574e-01 9.999896626391499010e-01 9.999902537877909392e-01 9.999863699601152511e-01
9.999936778032422202e-01 9.999655446116459956e-01 9.999803450110765768e-01 9.999903366470951349e-01 9.999901019036875338e-01 9.999894799296999981e-01 9.999889809397026763e-01 9.999676191076443121e-01 9.999740405249929465e-01 9.999799239458670996e-01
9.999912081744832815e-01 9.999949300363750737e-01 9.999902033365938303e-01 9.999859595391203948e-01 9.999960206415237085e-01 9.999924105870956481e-01 9.999716114037801029e-01 9.999911250882127511e-01 9.999916761174812985e-01 9.999951851218811250e-01
9.999827725087216956e-01 9.999693646279214088e-01 9.999701634764145419e-01 9.999951926091880106e-01 9.999893778939716871e-01 9.999477930180769025e-01 9.999944145927722738e-01 9.999837829953626134e-01 9.999886446115775485e-01 9.999814602057136570e-01
9.999306639264738950e-01 9.999769307177496236e-01 9.999855035395085467e-01 9.999891212046301270e-01 9.999809161994939188e-01 9.999806974530716097e-01 9.999939503351217285e-01 9.999938542097959182e-01 9.999835557718361745e-01 9.999885477039333059e-01
9.999886397353977552e-01 9.999889207816012870e-01 9.999957201754019476e-01 9.999949445996147990e-01 9.999840675808893131e-01 9.999948791062958087e-01 9.999323117020596507e-01 9.999820883674934713e-01 9.999752031201771807e-01 9.999721970650222724e-01
9.999866379260358151e-01 9.999941203445121829e-01 9.999818146224942472e-01 9.999706203649570968e-01 9.999859725398686505e-01 9.999868860663820858e-01 9.999726514590043802e-01 9.999976898585237750e-01 9.999927290327899065e-01 9.999831096668401198e-01
9.999819019537534714e-01 9.999800758047654448e-01 9.999406011670375349e-01 9.999905036934284563e-01 9.999958822608611131e-01 9.999760538170754387e-01 9.999968065083381097e-01 9.999835403396499789e-01 9.999885009223508092e-01 9.999945247282118199e-01
9.999940000497684611e-01 9.999851979580718364e-01 9.999885140970775632e-01 9.999822673461520317e-01 9.999818303993815993e-01 9.999935311039457320e-01 9.999893122482721441e-01 9.999905315478112566e-01 9.999831237338622225e-01 9.999609338126043134e-01
9.999932646224058974e-01 9.998580490037146662e-01 9.999531879700028769e-01 9.999726509936950336e-01 9.999713567204434606e-01 9.999794123616297936e-01 9.999826324066574124e-01 9.999886238642023972e-01 9.999875782908884680e-01 9.999852216030052920e-01
9.999857592999746858e-01 9.999933264355371776e-01 9.999948829601484901e-01 9.999952295982497130e-01 9.999870892922199106e-01 9.999936556036432833e-01 9.999976641405030620e-01 9.999886358164604694e-01 9.999951273321592282e-01 9.999938332035301913e-01
9.999924808633396944e-01 9.999890202017490681e-01 9.999553718301068539e-01 9.999912090246082519e-01 9.999553970520962398e-01 9.999910457000585895e-01 9.999928556388087975e-01 9.999954559257590025e-01 9.999894155655707495e-01 9.999855687333041310e-01
9.999929028530492037e-01 9.999894471180245104e-01 9.999934826467200555e-01 9.999891999579858526e-01 9.999368042123508715e-01 9.999830292540707877e-01 9.999899837649283141e-01 9.999929072227878857e-01 9.999938536427313007e-01 9.999822863375962267e-01
9.999897445391722206e-01 9.999840738303491516e-01 9.999874814165622405e-01 9.999620252312098057e-01 9.999591938403467051e-01 9.999779184487600503e-01 9.999864878299600246e-01 9.999792992319523899e-01 9.999830939762645032e-01 9.999801630486055970e-01
9.999917397389220808e-01 9.999905874920826943e-01 9.999903447422736624e-01 9.999917557812944002e-01 9.999943523253729261e-01 9.999634757077680014e-01 9.999862777455216234e-01 9.999898595724110439e-01 9.999941445445457155e-01 9.999859322610070711e-01
9.999928101100608036e-01 9.999837670041599180e-01 9.999952874243017709e-01 9.999905841454173050e-01 9.999879489208894912e-01 9.999905305474964257e-01 9.999783301127026514e-01 9.999947293426615369e-01 9.999954181041328383e-01 9.999960505531850785e-01
9.999928284340993123e-01 9.999910625877889148e-01 9.999784373945347360e-01 9.999934947494025783e-01 9.999850446640057289e-01 9.999841227836612223e-01 9.999874037001372784e-01 9.999662441106086375e-01 9.999939757571426613e-01 9.999807741657901206e-01
9.999875638592066185e-01 9.999902381651214478e-01 9.999651038329833153e-01 9.999772081320315031e-01 9.999913826953307217e-01 9.999876523837496478e-01 9.999900231506033688e-01 9.999903123663945737e-01 9.999940003458349658e-01 9.999870691805549106e-01
9.999961310611683585e-01 9.999930702552016770e-01 9.999914102316007636e-01 9.999904093649933934e-01 9.999901633689389779e-01 9.999948123076446427e-01 9.999838137152249340e-01 9.999965222340659876e-01 9.999781236870676215e-01 9.999860416198398383e-01
