9.967450864751266071e-01 9.988930821938843962e-01 9.974473265340231265e-01 9.990407999407221462e-01 9.980386919052641748e-01 9.944644065472429961e-01 9.985769980138140545e-01 9.954102307063489308e-01 9.965849613039883259e-01 9.983300552588331156e-01
9.992314585190078535e-01 9.971368038261009259e-01 9.989586088939641506e-01 9.932248040087461316e-01 9.985966163775236160e-01 9.994253064300691047e-01 9.987593415191255986e-01 9.980831511353630559e-01 9.981326129433168992e-01 9.984027937688255694e-01
9.981351536354512444e-01 9.981054874734349713e-01 9.983583639837416701e-01 9.986610568623550677e-01 9.911430872631804556e-01 9.989599997969171863e-01 9.992096343054540641e-01 9.980672512875415903e-01 9.986728222148436585e-01 9.981443712334279184e-01
9.942454051716310692e-01 9.987546168453730333e-01 9.978833962604067853e-01 9.940368343560005426e-01 9.983720310565117328e-01 9.986406776789000794e-01 9.925500377037043132e-01 9.925686245393157137e-01 9.983494425536874051e-01 9.969415674489011669e-01
9.983229925303370722e-01 9.894849226171883450e-01 9.973381157119628471e-01 9.978330069002903091e-01 9.958520263211417811e-01 9.989469576087255387e-01 9.887209546283621808e-01 9.953612052666641619e-01 9.988878779134127139e-01 9.959723774180389011e-01
9.981208520737113732e-01 9.979085873118938022e-01 9.963239189443965360e-01 9.986761045385122992e-01 9.967771103193417970e-01 9.982411256239435149e-01 9.959280537804585665e-01 9.986817365274451852e-01 9.981714127577849816e-01 9.988716704082016840e-01
9.990152957352722574e-01 9.891348579449124045e-01 9.992058213716982218e-01 9.987206576031720795e-01 9.992070573174084425e-01 9.986574397341679843e-01 9.964262382030908416e-01 9.984021160850672372e-01 9.956530875844409323e-01 9.983356889699067649e-01
9.976267433801841999e-01 9.991689006471106138e-01 9.972689344782804666e-01 9.991012324702867042e-01 9.991061760721591245e-01 9.974227131705882821e-01 9.990197555594890755e-01 9.943974581528888246e-01 9.956664316062789899e-01 9.982598740867802967e-01
9.983457448978851900e-01 9.976606263786664819e-01 9.964161778229814193e-01 9.967612438781340289e-01 9.967704046203741397e-01 9.993241823480036867e-01 9.991497175228092331e-01 9.975016693497498199e-01 9.984126855043373716e-01 9.955812474617014018e-01
9.994153992016850951e-01 9.971319698756616612e-01 9.805982302964543207e-01 9.992636443061857499e-01 9.985023298203314912e-01 9.726739695161067401e-01 9.975421446799209724e-01 9.981064900828757747e-01 9.969257912636846353e-01 9.989455858332538796e-01
9.915774790558856688e-01 9.967157278797696973e-01 9.986342597593232950e-01 9.991348963239686798e-01 9.992654498898463356e-01 9.994138669380914219e-01 9.985232123658379644e-01 9.986292052610397096e-01 9.940306307911171979e-01 9.973249514800364146e-01
9.988412199155326521e-01 9.978108045730857967e-01 9.969607577471722992e-01 9.988113857288634101e-01 9.986971770847905550e-01 9.980509561271564412e-01 9.944747535898403878e-01 9.974965756627547364e-01 9.974551688346120493e-01 9.989082592893799850e-01
9.974283744656774475e-01 9.872541162079481181e-01 9.949128381572617252e-01 9.978221820221236937e-01 9.916153126098473658e-01 9.966008438279975179e-01 9.989699904939377539e-01 9.934516904368547729e-01 9.973880647020278989e-01 9.981138979999715222e-01
9.986734170063371607e-01 9.958145837952832036e-01 9.987659075065045133e-01 9.954455745698902458e-01 9.969859859517151701e-01 9.948000724384784554e-01 9.983457881846672377e-01 9.979106847013931025e-01 9.978325911648434632e-01 9.989828819053536701e-01
9.988310455923838926e-01 9.978346511721273293e-01 9.957265638197224655e-01 9.983643773871379024e-01 9.986236780323096696e-01 9.978372397981609687e-01 9.957471521491748634e-01 9.968128957146255020e-01 9.979135447521930713e-01 9.975818557584770208e-01
9.989170971386436282e-01 9.931217857206607880e-01 9.990121827790979792e-01 9.986416289573627481e-01 9.987617903012617759e-01 9.988971230604493101e-01 9.986141006330844228e-01 9.537488552859164637e-01 9.891388972309430594e-01 9.933718370629304184e-01
9.987378807361113608e-01 9.988548301382939032e-01 9.970896493197216603e-01 9.992510657048954137e-01 9.984686897372264669e-01 9.981146201340697077e-01 9.984668521233280858e-01 9.992263991739893658e-01 9.992065812122378210e-01 9.980403673979557633e-01
9.980558433973221177e-01 9.988865280596197493e-01 9.979972979972248082e-01 9.993161457130076419e-01 9.970736158124222648e-01 9.990089186951346401e-01 9.969062412402474038e-01 9.980935593849707965e-01 9.969744414878026761e-01 9.934592419723496937e-01
9.972188327206332747e-01 9.992401439765516979e-01 9.973566742272438335e-01 9.994853199936029053e-01 9.981346631154851545e-01 9.973582748760394523e-01 9.959483609229912160e-01 9.972137243481380420e-01 9.986213443971392323e-01 9.956279798187722685e-01
9.968620753507930754e-01 9.935535084969485675e-01 9.971267382188607753e-01 9.958720937045981714e-01 9.980719194455832666e-01 9.926033400389940864e-01 9.861038382721940554e-01 9.809860885407857278e-01 9.976171671684180842e-01 9.966916894571112850e-01
9.988274981564169153e-01 9.983403108813758697e-01 9.992074719622551227e-01 9.988638775851766960e-01 9.990311729559653298e-01 9.991915909385457040e-01 9.962078607897969507e-01 9.967826625908526861e-01 9.985569480731453229e-01 9.984317272064070492e-01
9.973658394182234321e-01 9.986875098971323972e-01 9.984034429157572221e-01 9.992119853606613589e-01 9.991688917309519136e-01 9.971178306624999266e-01 9.973154375856163600e-01 9.977748853772165916e-01 9.982620573261833385e-01 9.933655251766850824e-01
9.990262004990837497e-01 9.939245596716094200e-01 9.993498792021971999e-01 9.988157631367480249e-01 9.988764865152771621e-01 9.731162508514215048e-01 9.947626803010031216e-01 9.993214917598063352e-01 9.952727389348350329e-01 9.963837815452932789e-01
9.966551188089720625e-01 9.984354495270079122e-01 9.992557091887782628e-01 9.981776285323563647e-01 9.981256036884692540e-01 9.970151244506725297e-01 9.975725326591473596e-01 9.989604942710844648e-01 9.981189204707757723e-01 9.973273358105194664e-01
9.948980730354545221e-01 9.989832623385369592e-01 9.986490926319839811e-01 9.867668895287298181e-01 9.969293025684722309e-01 9.955610045228844296e-01 9.985837202101580656e-01 9.863514512129248901e-01 9.990852649805185282e-01 9.978438218435605744e-01
9.764388826396770416e-01 9.993219979852743240e-01 9.963789751040292852e-01 9.957402200493299382e-01 9.931519323244353270e-01 9.990275604237911500e-01 9.938560338059607702e-01 9.909518809976058940e-01 9.979851248549446163e-01 9.977188491015315241e-01
9.982520354953762221e-01 9.985559426547198081e-01 9.983176922001971709e-01 9.991841659631410799e-01 9.953231279195742243e-01 9.957106310884036304e-01 9.987196230694737054e-01 9.976080882211924017e-01 9.979547857331906302e-01 9.968890968353486537e-01
9.992092273605954755e-01 9.972576932752363899e-01 9.982722901443331631e-01 9.985628933402033169e-01 9.980353681656237708e-01 9.991393848924445820e-01 9.982712831739161130e-01 9.979672636588863277e-01 9.984839410085510902e-01 9.961801766642848222e-01
9.980456887310118486e-01 9.981874760958533432e-01 9.985593552183399391e-01 9.983341372274615599e-01 9.966527669934035494e-01 9.990448594000450599e-01 9.981034141580436003e-01 9.946598928814532892e-01 9.962165855610937149e-01 9.980249071827026475e-01
9.981645973968137353e-01 9.986367934142059699e-01 9.988946769281842331e-01 9.961401360964873275e-01 9.994994454934442718e-01 9.982197088617729142e-01 9.990498974700874335e-01 9.989805645338707407e-01 9.984813340676613747e-01 9.980388743130629292e-01
9.986469987328053799e-01 9.983967443763643868e-01 9.954656236828186566e-01 9.979358076744296868e-01 9.973348958793168961e-01 9.985857720339879062e-01 9.975205760473170313e-01 9.983707093119642551e-01 9.971761610865774728e-01 9.982178757660823409e-01
9.981745057576767444e-01 9.970073210328704860e-01 9.988368300162295821e-01 9.991225259045148910e-01 9.970544138110135624e-01 9.908173014588880223e-01 9.908180121670278062e-01 9.967579128180656944e-01 9.960853929163883125e-01 9.991691686120803828e-01
9.984431619890924425e-01 9.986631680364674857e-01 9.863702086058898644e-01 9.968217047919141205e-01 9.965237937476701946e-01 9.951646930740164487e-01 9.951467441516492762e-01 9.992455855539645881e-01 9.978183605995233352e-01 9.992614677407276602e-01
9.967407893372146610e-01 9.986163047659595282e-01 9.850391559624704918e-01 9.985884520020039679e-01 9.944111576587735257e-01 9.989314466141868687e-01 9.960458326155295916e-01 9.910881286019259662e-01 9.979384840008209689e-01 9.969682088811203657e-01
9.985879129487819084e-01 9.971302094615588363e-01 9.975165952548232795e-01 9.967296694791404343e-01 9.955425668365066594e-01 9.981823104377429701e-01 9.954410299333104062e-01 9.977652088776368666e-01 9.989445073224269001e-01 9.992388504329259291e-01
9.983006348306865396e-01 9.986335085585158478e-01 9.945520731529242653e-01 9.989939533284722950e-01 9.995817886225175641e-01 9.839802548127917214e-01 9.990506643968344314e-01 9.970532398566942511e-01 9.980833872110491667e-01 9.975783947186808165e-01
9.985988305427652145e-01 9.979973780446664833e-01 9.976747935494930664e-01 9.948723114217042918e-01 9.949721858107138939e-01 9.965029060455141696e-01 9.977710545056884817e-01 9.987480997902843383e-01 9.961783020221414153e-01 9.973576447823266911e-01
9.938015100155302983e-01 9.915289922092179742e-01 9.978822302410914613e-01 9.960331184870344634e-01 9.971474911465731950e-01 9.945639476829194470e-01 9.966733481581758758e-01 9.972414341656122838e-01 9.975058447303642994e-01 9.979930213674795825e-01
9.995153020536965416e-01 9.967759839997888394e-01 9.934310926114560125e-01 9.967595651710061677e-01 9.978499959990672075e-01 9.986765529957007947e-01 9.974784822771111115e-01 9.979772688722922114e-01 9.980757389547511016e-01 9.975557304094521127e-01
9.991858398677775366e-01 9.969547534716127757e-01 9.974735541709617292e-01 9.983068694958134870e-01 9.987005464887084294e-01 9.988407388407635201e-01 9.974576479508560078e-01 9.957699284243902715e-01 9.981215029881869150e-01 9.988678014053492538e-01
9.976980787464085898e-01 9.959230767430750086e-01 9.988010500358200927e-01 9.992471571564193189e-01 9.989459040076286156e-01 9.980060251859277365e-01 9.958764943173539219e-01 9.968133178496858537e-01 9.990169896018610274e-01 9.966445041897958879e-01
9.980101156325842382e-01 9.987239163292466193e-01 9.956231990738180215e-01 9.986998073929462816e-01 9.958912829244535025e-01 9.976677796443923496e-01 9.975492055509089795e-01 9.959557968506436154e-01 9.959433927889463911e-01 9.984294164326208421e-01
9.925034654705331416e-01 9.915091053583714453e-01 9.965383810356350791e-01 9.909065300154249467e-01 9.986207297446980657e-01 9.985220010579725081e-01 9.952699525829395988e-01 9.963316036191592895e-01 9.979940027156986027e-01 9.983531712383549861e-01
9.985728710046147816e-01 9.984992937062324714e-01 9.983105262289876380e-01 9.984274421946320865e-01 9.975432009898327346e-01 9.980569167594313118e-01 9.942536027987064484e-01 9.965822867839766452e-01 9.989499539031850839e-01 9.989576570286861079e-01
9.982635226565045317e-01 9.995492141163996314e-01 9.958774785973200094e-01 9.980364965807474453e-01 9.986821183829156512e-01 9.986295625542354060e-01 9.992401086149590439e-01 9.988993950636021468e-01 9.961227457358228232e-01 9.980162496131194105e-01
9.979828121097735760e-01 9.963573426867371463e-01 9.959332391160383713e-01 9.989320366780728433e-01 9.954364413162666292e-01 9.928685090346228703e-01 9.980792469413031220e-01 9.972280240565807308e-01 9.983108178613634420e-01 9.973231546758176691e-01
9.939976411863418182e-01 9.973345216479554409e-01 9.976176485890957402e-01 9.982152304696771949e-01 9.989315904178294181e-01 9.970032749639481384e-01 9.992198111392145421e-01 9.980692239617694472e-01 9.988577223330407096e-01 9.969854082238576165e-01
9.965422472239978680e-01 9.982145541805125255e-01 9.962172015053459839e-01 9.982504394247112556e-01 9.977481944026140859e-01 9.990501202403033743e-01 9.982794980762715875e-01 9.977877922719242676e-01 9.991096396104285349e-01 9.989150629729033337e-01
9.974843873394771965e-01 9.970145099413082468e-01 9.938789381150385793e-01 9.989357850154307883e-01 9.978492202501090258e-01 9.987267271177604488e-01 9.985675807051903607e-01 9.986339811777478204e-01 9.972441160858094289e-01 9.993775094086464472e-01
9.969868750388691803e-01 9.989147216724573175e-01 9.993199568452475479e-01 9.968255633739522281e-01 9.989987377989013595e-01 9.990038647862801158e-01 9.963562976615459865e-01 9.989814895045654453e-01 9.984716804258493283e-01 9.959057002393880698e-01
9.925123573116346742e-01 9.981930267992791261e-01 9.967423768480047075e-01 9.942901210830322745e-01 9.985824708283088658e-01 9.975890864018178705e-01 9.975670157481347777e-01 9.992220938234190886e-01 9.962851505096146365e-01 9.987429229544657616e-01
9.979386338749645091e-01 9.939130103630773316e-01 9.984569719232611051e-01 9.980419695372364508e-01 9.963405706070950218e-01 9.982355732927686853e-01 9.978810244899390947e-01 9.994046702743621946e-01 9.931786099386488154e-01 9.992970624876068575e-01
9.989957644226988842e-01 9.968472647037207590e-01 9.936447194408013495e-01 9.969412422195133017e-01 9.983087550856893921e-01 9.972391142216903148e-01 9.950458806249180554e-01 9.928804143761845724e-01 9.989591172293520449e-01 9.972573186398375755e-01
9.988924018592354459e-01 9.982093357228324360e-01 9.962586172241031379e-01 9.983982355796575670e-01 9.899565550023088356e-01 9.974488471693930824e-01 9.979350723954091285e-01 9.966196954576622691e-01 9.971548568986257077e-01 9.988411249039164108e-01
9.976682095540005957e-01 9.971772765275284112e-01 9.971079516237392193e-01 9.989635953212236963e-01 9.766177328391533186e-01 9.971146377810743422e-01 9.976910876160052233e-01 9.972030356918142324e-01 9.967543983865595481e-01 9.961310669243756966e-01
9.965804457194622490e-01 9.977113073198665694e-01 9.953071993657781613e-01 9.980086594210744178e-01 9.988656684139830544e-01 9.964159968134249645e-01 9.988196368530629643e-01 9.980466276131353398e-01 9.715592232608195600e-01 9.985569811695280684e-01
9.963568221033065608e-01 9.987256978579808209e-01 9.946882586121980063e-01 9.983128035687914847e-01 9.981606109494159940e-01 9.841456884657315829e-01 9.983505427924103115e-01 9.981125650776018210e-01 9.983467353738874062e-01 9.983025105663254628e-01
9.990618151339852870e-01 9.974685944659609227e-01 9.952074559893667738e-01 9.992713420101979604e-01 9.971627699123809530e-01 9.985419429741057007e-01 9.968239670614567061e-01 9.991174028509366423e-01 9.980162613510836778e-01 9.960436521965850831e-01
9.986391904208035131e-01 9.988974988932753929e-01 9.947780763733494735e-01 9.983155559655176869e-01 9.990283016192768040e-01 9.986938690531623752e-01 9.968385500657934717e-01 9.989153957037959497e-01 9.989294617866201209e-01 9.987020745515856612e-01
9.977493072889641601e-01 9.981938241696267644e-01 9.975692536566237445e-01 9.982142819115376042e-01 9.966707710520888996e-01 9.991860897596102076e-01 9.981007165402884240e-01 9.987063802859067474e-01 9.882521813939394439e-01 9.991685693653585831e-01
9.996011084413540804e-01 9.984429157261413001e-01 9.966563040762662640e-01 9.990900412280783183e-01 9.993568768029820193e-01 9.988272457106532887e-01 9.946527096246172706e-01 9.984792732965146467e-01 9.931353239289401058e-01 9.989062214246546834e-01
9.986241809969383931e-01 9.985880108158644575e-01 9.979348786377135738e-01 9.985233382620852804e-01 9.963755046448521391e-01 9.991712199363224078e-01 9.979691879712948577e-01 9.990959258976525037e-01 9.973231603091061714e-01 9.991157151959516591e-01
9.975219968470703247e-01 9.939674711633941229e-01 9.954953955115323216e-01 9.987946624871376633e-01 9.922746050234655391e-01 9.982257053530053659e-01 9.985280388211185132e-01 9.978734064769031464e-01 9.957574930665605839e-01 9.973574521691261907e-01
9.959852272196406675e-01 9.985425118943778156e-01 9.990436739368284691e-01 9.991173781634365980e-01 9.976943041111274724e-01 9.983903034519951980e-01 9.994194286830896390e-01 9.973144724059720412e-01 9.977917630697847873e-01 9.985985015744233140e-01
9.969438214820325328e-01 9.977081771011980793e-01 9.975955395877599274e-01 9.983234087389101230e-01 9.938428294707490895e-01 9.986144174435330756e-01 9.992510152402263035e-01 9.989844107566622222e-01 9.973504429726662845e-01 9.968074817028408363e-01
9.989959571253166359e-01 9.959105523651262670e-01 9.989004195372014339e-01 9.974546171441247555e-01 9.981490974139873851e-01 9.975270980235049212e-01 9.970954296502954062e-01 9.984021191214135227e-01 9.952420119797341647e-01 9.955534305353296309e-01
9.986952972881595336e-01 9.963352926501013451e-01 9.988218003649224075e-01 9.968558801643921941e-01 9.990673154823168645e-01 9.976379169856181006e-01 9.985452117954183304e-01 9.964643922809770515e-01 9.986602183044517300e-01 9.982923030206320991e-01
9.959629004873207236e-01 9.977495209104192408e-01 9.970129332231341124e-01 9.973228435790431057e-01 9.992052817190270053e-01 9.990947723948737647e-01 9.959662334854223475e-01 9.944455029555933079e-01 9.971805699403148981e-01 9.971434236650477123e-01
9.987026529648003192e-01 9.967158222874330509e-01 9.970152593797934060e-01 9.978732086036452564e-01 9.990348542584124303e-01 9.989849316683648839e-01 9.955273898147065648e-01 9.971686806973558692e-01 9.976711467987103843e-01 9.976707749398852076e-01
9.974394056675572884e-01 9.955052083318519651e-01 9.977722222157203724e-01 9.939874958614703937e-01 9.974146430669624808e-01 9.993963744878269218e-01 9.994131734077972284e-01 9.983662795346512908e-01 9.954495624522607944e-01 9.966605343169956388e-01
9.936922503758481851e-01 9.988530141559472941e-01 9.978806484973867796e-01 9.975237129141079073e-01 9.984981650534870967e-01 9.977093858116755642e-01 9.968734725518763051e-01 9.991287124549297349e-01 9.969357390259702134e-01 9.990443197621577953e-01
9.974120371249721728e-01 9.990726159424657693e-01 9.962227878440859108e-01 9.948902526612496411e-01 9.977872550396266194e-01 9.983677771963325176e-01 9.984454664943077651e-01 9.968269536552911703e-01 9.990906898939463376e-01 9.990974939568497692e-01
9.958623744807422185e-01 9.985948798240611435e-01 9.989905533770795376e-01 9.990588934948727573e-01 9.993844751155162021e-01 9.964125795715383926e-01 9.984032104395280660e-01 9.946325208952302432e-01 9.963354036725547980e-01 9.974357171079936135e-01
9.974247107884938179e-01 9.974676828344199997e-01 9.979788739819871468e-01 9.975752844371882366e-01 9.991240645347047034e-01 9.956609932435087629e-01 9.985849378770784712e-01 9.975486959928113739e-01 9.887200688539838911e-01 9.975019938935323349e-01
9.975312220975404154e-01 9.972722123811927908e-01 9.988159271985636023e-01 9.981621478703615047e-01 9.949787502349879409e-01 9.987670533412349450e-01 9.965347968784340482e-01 9.955646149775995157e-01 9.906384293825120091e-01 9.982437706628224383e-01
9.989671433093066932e-01 9.995192100147394232e-01 9.992701386013637110e-01 9.971809968417417736e-01 9.960189203349884002e-01 9.979491795888213446e-01 9.932797693331715250e-01 9.990640857038786127e-01 9.980945048570720735e-01 9.903750047824533276e-01
9.988168947475032367e-01 9.961595291116343009e-01 9.978562916380439018e-01 9.987522896041286513e-01 9.976326952974557960e-01 9.988936324267487787e-01 9.986547848886068168e-01 9.986070070975371360e-01 9.989839237041575615e-01 9.934590219587784432e-01
9.958723551874781865e-01 9.975063105007985209e-01 9.986302825047654874e-01 9.987991789902017636e-01 9.889157817694215202e-01 9.984836734001225622e-01 9.992021149368783828e-01 9.963884005856397108e-01 9.978897080859820967e-01 9.991254180842866761e-01
9.955041772618212770e-01 9.994031499398448037e-01 9.943174743088055711e-01 9.969410876174582548e-01 9.962204367935272309e-01 9.984520922662343256e-01 9.988782519126347959e-01 9.949895764586490499e-01 9.969543410235086611e-01 9.994106333344099369e-01
9.967180994458000320e-01 9.967846316575801335e-01 9.990640765774764231e-01 9.983788109268620925e-01 9.989832249733817671e-01 9.990691924465792129e-01 9.982982952086785211e-01 9.987344163760650817e-01 9.954474506598209871e-01 9.983051050900720869e-01
9.976527058545174853e-01 9.972265690968675766e-01 9.985412711271367536e-01 9.987922031639723253e-01 9.942964435810270896e-01 9.981478007820401288e-01 9.990421745345831050e-01 9.955212699303099821e-01 9.986247613168968140e-01 9.987659681075653495e-01
9.990580899374973400e-01 9.991920306936762364e-01 9.874575485492579352e-01 9.993539864270588602e-01 9.982109133929136791e-01 9.992610522417620933e-01 9.902832617238714885e-01 9.908756143912375025e-01 9.993487030572375529e-01 9.987086321209844852e-01
9.973388145327856114e-01 9.971302207541794527e-01 9.985182162749735024e-01 9.988908522210255825e-01 9.986520495450200707e-01 9.962019496704578314e-01 9.985414810027455346e-01 9.972302875099280373e-01 9.972790652149670088e-01 9.962800952304767810e-01
9.897012914446632337e-01 9.972488391122703577e-01 9.990282868522576409e-01 9.974853956013994827e-01 9.989257127626720578e-01 9.982457183344274343e-01 9.961259714228490880e-01 9.981431783099012911e-01 9.989737783161357632e-01 9.958047911923886275e-01
9.987728106602178357e-01 9.951503759775044422e-01 9.959473278591546297e-01 9.990002873823042862e-01 9.887402622821414022e-01 9.953730207449541512e-01 9.975873869166622665e-01 9.985350472875793582e-01 9.920260593224293766e-01 9.973870848848587212e-01
9.974325302512722091e-01 9.983067942085680491e-01 9.976986589681898776e-01 9.992219257545718047e-01 9.987174710158612800e-01 9.986428406544880509e-01 9.981638414202699261e-01 9.984703497594717980e-01 9.985212495703631452e-01 9.983021258165327705e-01
9.949372982671812471e-01 9.977862689160411636e-01 9.945562506857194007e-01 9.969854747212635315e-01 9.983616097170683323e-01 9.957526857897083250e-01 9.979644968198300159e-01 9.937825102400252852e-01 9.940873671082560703e-01 9.971815835191046862e-01
9.849452845838957415e-01 9.962323833495335679e-01 9.993258667119201411e-01 9.971530927750332784e-01 9.989915780745149965e-01 9.947493866631432757e-01 9.975871045287191263e-01 9.979072092339453803e-01 9.957193002968341977e-01 9.986180267905436780e-01
9.952651618183674387e-01 9.953100969524967256e-01 9.949835141525616988e-01 9.964784982828696069e-01 9.993766357017155322e-01 9.962978797331923930e-01 9.971049686282351665e-01 9.985037179470124258e-01 9.975947678164608368e-01 9.955200962781626250e-01
9.971743197337593623e-01 9.978509347235378080e-01 9.955396592632373975e-01 9.971396292107485015e-01 9.976887915607386415e-01 9.989445131825481772e-01 9.977550267471846368e-01 9.970027968282172415e-01 9.988693602598381904e-01 9.959530167781208698e-01
9.993847092559208223e-01 9.987943215990930934e-01 9.981266951997935788e-01 9.992870454340463393e-01 9.986260377168355573e-01 9.990361156230389561e-01 9.968683782473437560e-01 9.992506833609475780e-01 9.987990644497205528e-01 9.994537672470038547e-01
9.990469631951190976e-01 9.986200930669788534e-01 9.957861896462198992e-01 9.994414750945526116e-01 9.978400505955118405e-01 9.974771123278959317e-01 9.917449706885352878e-01 9.950512195977784247e-01 9.983907172889224801e-01 9.980610207288312941e-01
9.905695652526759210e-01 9.984137265881639633e-01 9.982588306981360349e-01 9.986295963204417925e-01 9.973685817586783742e-01 9.988553053271871374e-01 9.968254473089168677e-01 9.947074887215533456e-01 9.985543985316049920e-01 9.993929782616969293e-01
9.992419449935304732e-01 9.993054612378449164e-01 9.983327655543291490e-01 9.982074615929406036e-01 9.987965395627477205e-01 9.809619182990465536e-01 9.937696369495214732e-01 9.987998131978605976e-01 9.963040432334814289e-01 9.968756812455620286e-01
9.985194905256604692e-01 9.993252944593981058e-01 9.986468099586851555e-01 9.988126697777887086e-01 9.978323442550072198e-01 9.990440544461113292e-01 9.927235098956886938e-01 9.971558855817289624e-01 9.985174493010768870e-01 9.965828314435571933e-01
9.932135187109133456e-01 9.983304465310296472e-01 9.969484324140707177e-01 9.970234427576658565e-01 9.988617482179054097e-01 9.959615280150274641e-01 9.963580908026911098e-01 9.986504098324204826e-01 9.968270745341398786e-01 9.894971770881292317e-01
9.976049618570766997e-01 9.966923072957164509e-01 9.985210528298029686e-01 9.986779942686963008e-01 9.938175535384320414e-01 9.985338637913339088e-01 9.982640653939717224e-01 9.983384514913220542e-01 9.982085264048867757e-01 9.959803952066451638e-01
9.984582252879530273e-01 9.971875714477006492e-01 9.987957978303200202e-01 9.986034165308294019e-01 9.756772515555565128e-01 9.973298191377297783e-01 9.993377874793978322e-01 9.981941406298748820e-01 9.921380254247917918e-01 9.976904732928704167e-01
9.552788380141755686e-01 9.850142212332055891e-01 9.986918464351665081e-01 9.986951796255730818e-01 9.970961635238683174e-01 9.967731843095041233e-01 9.993235466941986500e-01 9.920976088425594863e-01 9.976460449696021859e-01 9.968640181170591585e-01
9.963614307600264786e-01 9.992644513363752035e-01 9.984863191578571273e-01 9.987815778064833561e-01 9.974405293756847257e-01 9.989478844529081636e-01 9.971428952671814727e-01 9.988868425695832665e-01 9.989232487983784603e-01 9.986738692827736852e-01
