9.999908215292980795e-01 9.999852925370443790e-01 9.999739303375737576e-01 9.999686528819803355e-01 9.999921084736680399e-01 9.999913888993261502e-01 9.999576529693606775e-01 9.999859797975466646e-01 9.999930587135344995e-01 9.999951272831039129e-01
9.999945780757745206e-01 9.999784664710745785e-01 9.999845970122664962e-01 9.999851357983797762e-01 9.999911664320416671e-01 9.999907784436036229e-01 9.999895233678677275e-01 9.999832242185713316e-01 9.999780433694189785e-01 9.999811751626312972e-01
9.999922379165787634e-01 9.999881601279733134e-01 9.999704221140729432e-01 9.999774421737519514e-01 9.999945601882120894e-01 9.999662922932505138e-01 9.999889636461883891e-01 9.999848132411113255e-01 9.999910591568713647e-01 9.999764801111626911e-01
9.999879939180127408e-01 9.999808513589796277e-01 9.999777400806426630e-01 9.999991974797901584e-01 9.999962391606974643e-01 9.999884240002107072e-01 9.999940510989668851e-01 9.999968529642563331e-01 9.999953035236741616e-01 9.999961486696251622e-01
9.999870372784599448e-01 9.999917341207189558e-01 9.999874401376844801e-01 9.999859576997386368e-01 9.999884129110101494e-01 9.999906910997127252e-01 9.999887561524803958e-01 9.999775734077087641e-01 9.999846313119137298e-01 9.999912616579277325e-01
9.999892712826077279e-01 9.999868201688704161e-01 9.999846160953503871e-01 9.999683328535790006e-01 9.999935858793408405e-01 9.999793123326117250e-01 9.999834933278960447e-01 9.999907942154918628e-01 9.999979890562207263e-01 9.999836483423756306e-01
9.999930506843467404e-01 9.999722886260516974e-01 9.999899502470862567e-01 9.999870616118720079e-01 9.999891457132379369e-01 9.999991905642456880e-01 9.999825710622320951e-01 9.999896734892612660e-01 9.999923152644641933e-01 9.999840736764856741e-01
9.999841971609384483e-01 9.999965640603958317e-01 9.999885414763984848e-01 9.999876278184324230e-01 9.999855360058524933e-01 9.999918073928834028e-01 9.999947861943491167e-01 9.999768141723694992e-01 9.999958541424771585e-01 9.999968607574897250e-01
9.999798778254466169e-01 9.999709781577016399e-01 9.999836975415081763e-01 9.999812273717165745e-01 9.999932714630258568e-01 9.999881135576750291e-01 9.999672563280810333e-01 9.999651188641758282e-01 9.999873403134130756e-01 9.999846538206199620e-01
9.999772610570492049e-01 9.999922081093225446e-01 9.999932254628211004e-01 9.999922441150138619e-01 9.999864516777652312e-01 9.999909663215464928e-01 9.999885707585901562e-01 9.999941815482407126e-01 9.999444188611271711e-01 9.999955719085907857e-01
9.999869057003278883e-01 9.999761767592344475e-01 9.999878574419412969e-01 9.999905915887972174e-01 9.999801523717241070e-01 9.999899201152101513e-01 9.999845855579482246e-01 9.999884327293168118e-01 9.999926337271429766e-01 9.999977819187660932e-01
9.999919065462343770e-01 9.999911395316146701e-01 9.999878428076387493e-01 9.999927966908480625e-01 9.999770381549996090e-01 9.999897817090342977e-01 9.999809090191186245e-01 9.999966532151842724e-01 9.999946346797710106e-01 9.999739380193689575e-01
9.999797986080061207e-01 9.999904269863315598e-01 9.999751825001218508e-01 9.999959210677408228e-01 9.999803959506826656e-01 9.999956863660601769e-01 9.999889638066820075e-01 9.999822390877836087e-01 9.999849290834336157e-01 9.999833731911437207e-01
9.999636071137435467e-01 9.999778340399744225e-01 9.999739533546100345e-01 9.999892362408013824e-01 9.999941761821937725e-01 9.999793737334714550e-01 9.999893962576613671e-01 9.999953696048786700e-01 9.999971840723547167e-01 9.999829044540565759e-01
9.999906852376265753e-01 9.999787678043885464e-01 9.999928059310699835e-01 9.999918496875361829e-01 9.999873463864473733e-01 9.999969305172957679e-01 9.999667767308886290e-01 9.999789841556540049e-01 9.999811656370136692e-01 9.999905386100734761e-01
9.999921024388552793e-01 9.999978407913814316e-01 9.999909110683199431e-01 9.999822223223495676e-01 9.999846674740783259e-01 9.999943598592816452e-01 9.999813413647832272e-01 9.999792477816698000e-01 9.999932135919753495e-01 9.999943101603007145e-01
9.999889423059958871e-01 9.999966166689280289e-01 9.999933336165338638e-01 9.999824406333314153e-01 9.999747624711446958e-01 9.999769202867790918e-01 9.999728242917123033e-01 9.999875660983678083e-01 9.999817011409897205e-01 9.999962942085269813e-01
9.999816140151548405e-01 9.999983778027463632e-01 9.999941290816228845e-01 9.999829170147395141e-01 9.999796488874450606e-01 9.999816183611753839e-01 9.999794475441290409e-01 9.999859605510542648e-01 9.999853586837941233e-01 9.999927808997082224e-01
9.999953290594408850e-01 9.999926376026614383e-01 9.999872621528834715e-01 9.999907023529707173e-01 9.999707347303390392e-01 9.999888027111104583e-01 9.999934525421717568e-01 9.999778719715742836e-01 9.999847430299101392e-01 9.999747143871480226e-01
9.999904384492641629e-01 9.999929892659650266e-01 9.999803911066310613e-01 9.999904510055177553e-01 9.999867928916262860e-01 9.999942025270925905e-01 9.999957151090539398e-01 9.999819299638768033e-01 9.999851269492313621e-01 9.999953478491167003e-01
9.999835666670859879e-01 9.999974564604201532e-01 9.999913274116182249e-01 9.999833374070589143e-01 9.999775168070783593e-01 9.999788451379488796e-01 9.999817352442104124e-01 9.999953351070718366e-01 9.999912302109502660e-01 9.999839068545440801e-01
9.999755820835897202e-01 9.999754236469872160e-01 9.999903088085204672e-01 9.999817762338516491e-01 9.999915968050355763e-01 9.999970400129841730e-01 9.999724005009980043e-01 9.999964648060484240e-01 9.999880824765342568e-01 9.999799220073672945e-01
9.999954326565578810e-01 9.999886339689656456e-01 9.999876351577308142e-01 9.999922794546546312e-01 9.999886923401852812e-01 9.999791897567921195e-01 9.999941335465075687e-01 9.999771248746387453e-01 9.999939859288204946e-01 9.999857097157638375e-01
9.999879546395756824e-01 9.999882274186487896e-01 9.999931275831287492e-01 9.999927257900962374e-01 9.999837805862406004e-01 9.999910432293256379e-01 9.999811090787980028e-01 9.999941376955377992e-01 9.999958591618850479e-01 9.999835676110642169e-01
9.999957565675292592e-01 9.999874234712294863e-01 9.999868982056561162e-01 9.999945745845360001e-01 9.999782038336179069e-01 9.999859728221799360e-01 9.999763026683834433e-01 9.999680875956916681e-01 9.999925607701265484e-01 9.999876872183076637e-01
9.999927383192679375e-01 9.999843550195485209e-01 9.999942893470316063e-01 9.999819049806207838e-01 9.999798037231258929e-01 9.999946092268234832e-01 9.999847090907807434e-01 9.999792103770327456e-01 9.999876946457986193e-01 9.999970883250390852e-01
9.999958356537868021e-01 9.999697257027788666e-01 9.999703949775140543e-01 9.999871964384509093e-01 9.999968158007165320e-01 9.999707192562070635e-01 9.999899407580753463e-01 9.999902292321127817e-01 9.999872167609600293e-01 9.999768292188033758e-01
9.999909069577160858e-01 9.999926898931587038e-01 9.999904129647897433e-01 9.999867508218468481e-01 9.999640114183856454e-01 9.999991103306344886e-01 9.999853966357203916e-01 9.999855717640782071e-01 9.999914654096062616e-01 9.999783256248123697e-01
9.999730550027688958e-01 9.999932213058702057e-01 9.999796389645303485e-01 9.999779211098176468e-01 9.999934880401105675e-01 9.999857263322482481e-01 9.999833143251349865e-01 9.999806566851925371e-01 9.999865355265835642e-01 9.999697316284552606e-01
9.999852586474206051e-01 9.999836283946217375e-01 9.999901328589969607e-01 9.999945354945497522e-01 9.999867108224371748e-01 9.999953979268391135e-01 9.999857718796887340e-01 9.999848347129884907e-01 9.999895203115286568e-01 9.999878665466923611e-01
9.999820842868746285e-01 9.999916693464981909e-01 9.999920522888854357e-01 9.999919598978057600e-01 9.999963115144914205e-01 9.999953632560532046e-01 9.999938725502526271e-01 9.999928640741221342e-01 9.999955897638796998e-01 9.999797835073266361e-01
9.999818409997678348e-01 9.999856154979180900e-01 9.999942544969371294e-01 9.999853247844618931e-01 9.999771501627532366e-01 9.999911124234153181e-01 9.999716031114327386e-01 9.999887336146209282e-01 9.999921126988609021e-01 9.999804047236994231e-01
9.999773385136160320e-01 9.999884600369881582e-01 9.999875185704890646e-01 9.999890122647003832e-01 9.999915239730799987e-01 9.999851031348135910e-01 9.999852220650378154e-01 9.999839860559135429e-01 9.999826523429692360e-01 9.999870131793705541e-01
9.999929220193181090e-01 9.999920505119042069e-01 9.999911022067281552e-01 9.999728110370524892e-01 9.999794090147225978e-01 9.999955725840463661e-01 9.999922296835358493e-01 9.999778516689895591e-01 9.999719478943170925e-01 9.999893672710300496e-01
9.999871618413345153e-01 9.999931051555888128e-01 9.999939461556485165e-01 9.999918897536840268e-01 9.999922603669482157e-01 9.999891810521990276e-01 9.999910155892107744e-01 9.999926732820120234e-01 9.999863411486769049e-01 9.999975336800425163e-01
9.999700812707638109e-01 9.999964558797327374e-01 9.999881428269150607e-01 9.999925331746559731e-01 9.999793544887968233e-01 9.999620365235902808e-01 9.999910326642648117e-01 9.999832386451533717e-01 9.999906963847412511e-01 9.999610616953868991e-01
9.999875051697036943e-01 9.999941827384664084e-01 9.999907275740642643e-01 9.999566449806033264e-01 9.999912654929670186e-01 9.999956837205923321e-01 9.999915650335157169e-01 9.999826277266539165e-01 9.999673801240968052e-01 9.999861069936202274e-01
9.999915724736384570e-01 9.999934543612667426e-01 9.999930214587730015e-01 9.999956356586087169e-01 9.999812481215533122e-01 9.999886584580088833e-01 9.999879730743728157e-01 9.999953324364101448e-01 9.999906503774170785e-01 9.999897491233874502e-01
9.999942141771701598e-01 9.999896425478190798e-01 9.999911244419652512e-01 9.999815088091548176e-01 9.999870988947400230e-01 9.999882291354578179e-01 9.999964816348744234e-01 9.999935553562083745e-01 9.999878467570280094e-01 9.999913893109151353e-01
9.999829393308879988e-01 9.999703178108483304e-01 9.999871589350071144e-01 9.999915652716828696e-01 9.999945104022762710e-01 9.999914340337396901e-01 9.999898824336242997e-01 9.999856852668104201e-01 9.999725333632497604e-01 9.999941231196041169e-01
9.999921464422472095e-01 9.999801932085368161e-01 9.999948363346088387e-01 9.999875307715218042e-01 9.999891550998587508e-01 9.999734060716481965e-01 9.999943257611135783e-01 9.999844607954181397e-01 9.999941070279100286e-01 9.999762958595361795e-01
9.999942568485981065e-01 9.999777188697560604e-01 9.999901159853321619e-01 9.999901188538549146e-01 9.999896266281860235e-01 9.999953968326322773e-01 9.999843740915244084e-01 9.999811409980609023e-01 9.999880277987146515e-01 9.999856918243538173e-01
9.999871049827370184e-01 9.999893478725221385e-01 9.999946949228375459e-01 9.999868497223785013e-01 9.999896413698956543e-01 9.999936722491201690e-01 9.999870509363051330e-01 9.999895644818057594e-01 9.999886261665364984e-01 9.999974882333987347e-01
9.999954800939835353e-01 9.999889384783875457e-01 9.999949294543427625e-01 9.999888231228055702e-01 9.999949026226350179e-01 9.999916204630263650e-01 9.999756898736855693e-01 9.999918819301779616e-01 9.999952904025544154e-01 9.999871048780047955e-01
9.999872752326016689e-01 9.999973695835628895e-01 9.999933575577459877e-01 9.999857242712901773e-01 9.999921307953196781e-01 9.999582640213335871e-01 9.999964750102579014e-01 9.999952342551821083e-01 9.999958431436739570e-01 9.999947370853298212e-01
9.999741754252708947e-01 9.999981968525163412e-01 9.999810859951652198e-01 9.999837737920432845e-01 9.999817388748359903e-01 9.999802526794997481e-01 9.999940591560956271e-01 9.999819113283452410e-01 9.999811323125501472e-01 9.999881153737952832e-01
9.999944547920009974e-01 9.999925242781054768e-01 9.999868592410876555e-01 9.999923394124978770e-01 9.999810849460123441e-01 9.999856681658851887e-01 9.999873190437603698e-01 9.999902770993831513e-01 9.999853128065345764e-01 9.999919056821202634e-01
9.999931462814993788e-01 9.999933639662089702e-01 9.999793622547382688e-01 9.999815624792079971e-01 9.999905541193966352e-01 9.999922206173649242e-01 9.999890009217964337e-01 9.999734494067796797e-01 9.999870034663396190e-01 9.999872764550085114e-01
9.999760079412394198e-01 9.999909234515885759e-01 9.999817675126785321e-01 9.999823964997006653e-01 9.999808973882335916e-01 9.999838355027339531e-01 9.999945086885975165e-01 9.999965628225339076e-01 9.999798653796289072e-01 9.999938194657734813e-01
9.999867809873047575e-01 9.999904648148685293e-01 9.999894721124896746e-01 9.999949504666463262e-01 9.999828291594333729e-01 9.999878137417835822e-01 9.999785101571045942e-01 9.999941930779765453e-01 9.999881748024374017e-01 9.999815021872092702e-01
9.999825666087782672e-01 9.999913175339195659e-01 9.999785460400509862e-01 9.999740430418216919e-01 9.999857471650147600e-01 9.999832451255530330e-01 9.999957360753624069e-01 9.999810055554614330e-01 9.999827994495985584e-01 9.999872268915498408e-01
9.999637136254989622e-01 9.999816779877627182e-01 9.999726979404788274e-01 9.999868186151938954e-01 9.999886094059599051e-01 9.999856073023937197e-01 9.999959790583393682e-01 9.999831205342846197e-01 9.999733123391336687e-01 9.999912087576255937e-01
9.999915883986302267e-01 9.999965618005123291e-01 9.999879596883415322e-01 9.999782705605938515e-01 9.999856525300232502e-01 9.999950570458941979e-01 9.999935124808863041e-01 9.999810557172817971e-01 9.999880263967908522e-01 9.999897125578769419e-01
9.999770962966856303e-01 9.999771101003849250e-01 9.999703213818172953e-01 9.999749079504658411e-01 9.999866089632915012e-01 9.999820038165803116e-01 9.999728350558060308e-01 9.999934030685289077e-01 9.999858027790233805e-01 9.999948538570866408e-01
9.999890252115153366e-01 9.999815003654234369e-01 9.999833116430836277e-01 9.999743547567324642e-01 9.999766764890209991e-01 9.999832670895111297e-01 9.999843785703247390e-01 9.999794423752912387e-01 9.999935103242448831e-01 9.999810460408206092e-01
9.999907155742687737e-01 9.999954689495573756e-01 9.999775888923111422e-01 9.999883561367706175e-01 9.999790450137121534e-01 9.999880465629109594e-01 9.999882408834246394e-01 9.999851166171015437e-01 9.999895359333286216e-01 9.999889366067608032e-01
9.999609486110696555e-01 9.999832136574384744e-01 9.999886382722646960e-01 9.999861169068069433e-01 9.999893086077119575e-01 9.999902196941325982e-01 9.999904887791710717e-01 9.999755805789419805e-01 9.999694310684568155e-01 9.999906574468827580e-01
9.999773239337919062e-01 9.999869129293125214e-01 9.999846828178611258e-01 9.999882074005038701e-01 9.999768835075485418e-01 9.999826117907276712e-01 9.999923331110940339e-01 9.999975027494188984e-01 9.999851939177492044e-01 9.999776291073886325e-01
9.999982004508465305e-01 9.999810913905706755e-01 9.999814838135109296e-01 9.999819982822754083e-01 9.999977663643514481e-01 9.999758432309254763e-01 9.999960221841499575e-01 9.999862166910630235e-01 9.999781471390506438e-01 9.999843701167234755e-01
9.999822352310382412e-01 9.999776272173583891e-01 9.999861489584065399e-01 9.999897962745460944e-01 9.999847925818317051e-01 9.999816150449440944e-01 9.999862965314699759e-01 9.999749405810413050e-01 9.999844950065137628e-01 9.999828803228357765e-01
9.999888852687200957e-01 9.999940160114634269e-01 9.999864984420534508e-01 9.999870037841182002e-01 9.999859989375957658e-01 9.999901550564047614e-01 9.999856087265611704e-01 9.999795878898318779e-01 9.999965418580044618e-01 9.999929680744489291e-01
9.999798342975256826e-01 9.999763956783450647e-01 9.999864263360376260e-01 9.999869670616448047e-01 9.999768163061244497e-01 9.999851181078526219e-01 9.999831353297579106e-01 9.999717239630599996e-01 9.999971279874269037e-01 9.999766763769213362e-01
9.999966515357487928e-01 9.999982774248674655e-01 9.999711405987501411e-01 9.999866872006052398e-01 9.999728927687993041e-01 9.999883225168956224e-01 9.999842080064453853e-01 9.999850693271670199e-01 9.999808203356481684e-01 9.999892730328528989e-01
9.999889518300074664e-01 9.999751184395607728e-01 9.999866574323846846e-01 9.999860812296007540e-01 9.999934348889523150e-01 9.999687741778449102e-01 9.999758107956313591e-01 9.999955099537523040e-01 9.999763637557279594e-01 9.999849964971184724e-01
9.999721642237898722e-01 9.999903621639472107e-01 9.999704554856028160e-01 9.999881074787061452e-01 9.999937604838651239e-01 9.999846056119137128e-01 9.999951674851118577e-01 9.999935124758430049e-01 9.999946118694860164e-01 9.999926750079815019e-01
9.999862638521301861e-01 9.999918060062229497e-01 9.999874919421798403e-01 9.999904445570219069e-01 9.999857720833807972e-01 9.999944822825214130e-01 9.999850933581175827e-01 9.999985292565504169e-01 9.999918587164117190e-01 9.999783037868504865e-01
9.999896884943685338e-01 9.999920601822858135e-01 9.999856964188973407e-01 9.999918730562193936e-01 9.999908102519369235e-01 9.999928511091138450e-01 9.999824335289885235e-01 9.999850881141234549e-01 9.999865235495742910e-01 9.999907300137971244e-01
9.999849303914807308e-01 9.999975017622702023e-01 9.999781166262897703e-01 9.999983087143972105e-01 9.999990269956595679e-01 9.999697464445574946e-01 9.999971840173007553e-01 9.999786885084981369e-01 9.999975805500832537e-01 9.999899261945551787e-01
9.999963114653442897e-01 9.999815473087981799e-01 9.999874326193930463e-01 9.999908952465711431e-01 9.999854677141480908e-01 9.999797575106917913e-01 9.999805178617166002e-01 9.999777521265934555e-01 9.999928638273093418e-01 9.999807229362117633e-01
9.999674944030430002e-01 9.999891789152013377e-01 9.999752565697276330e-01 9.999756702738217262e-01 9.999873917252888322e-01 9.999854353904574777e-01 9.999864251299994677e-01 9.999877606992516599e-01 9.999855836982010082e-01 9.999964622282316862e-01
9.999851056081745515e-01 9.999836080726721699e-01 9.999706127660483723e-01 9.999701010425058323e-01 9.999913540316093252e-01 9.999747989127010239e-01 9.999586629383097058e-01 9.999936021470985370e-01 9.999930520725089922e-01 9.999607164970986117e-01
9.999960273365804397e-01 9.999873931204359412e-01 9.999885205418473921e-01 9.999849016447109884e-01 9.999965463588357251e-01 9.999893167264689575e-01 9.999766197615351793e-01 9.999919516681747833e-01 9.999872883226778031e-01 9.999835025960975843e-01
9.999944810139729245e-01 9.999932233267383452e-01 9.999880880150846529e-01 9.999768870451591907e-01 9.999957129325325322e-01 9.999890449836598139e-01 9.999873159025414182e-01 9.999842040972914958e-01 9.999705192166635781e-01 9.999899774514353634e-01
9.999786970819153353e-01 9.999855740631546919e-01 9.999867429937792096e-01 9.999882107617431570e-01 9.999922925264489448e-01 9.999934578567976073e-01 9.999835227818731909e-01 9.999825128649495465e-01 9.999910598986555543e-01 9.999815667207748726e-01
9.999937107513722223e-01 9.999790239196441055e-01 9.999720092114758874e-01 9.999952883057716679e-01 9.999917233265891436e-01 9.999928009159928521e-01 9.999969638686320161e-01 9.999931415115230759e-01 9.999924530621971952e-01 9.999933852010790547e-01
9.999783938021051810e-01 9.999898631377498459e-01 9.999829600848458844e-01 9.999890789216208109e-01 9.999859627584827271e-01 9.999850646698443812e-01 9.999737878016025094e-01 9.999883216593206114e-01 9.999958461943786459e-01 9.999805865926235660e-01
9.999921820353785407e-01 9.999917326920240157e-01 9.999865636904869959e-01 9.999957291403783755e-01 9.999829528395961509e-01 9.999920912927789951e-01 9.999905921632183947e-01 9.999853183476888896e-01 9.999892567692806322e-01 9.999871930047935509e-01
9.999944828813125408e-01 9.999965654756073352e-01 9.999835268077811312e-01 9.999929807245985236e-01 9.999788289044537759e-01 9.999904781736411730e-01 9.999909347725772779e-01 9.999912268328934317e-01 9.999941943092188756e-01 9.999944743461066654e-01
9.999584702182225948e-01 9.999918187555796312e-01 9.999845488417108408e-01 9.999869687198068569e-01 9.999898217126601541e-01 9.999888658461526525e-01 9.999883545971949284e-01 9.999936026299911518e-01 9.999864924147828793e-01 9.999955927358131769e-01
9.999975507214748927e-01 9.999859631289753636e-01 9.999910681398803680e-01 9.999767717937619871e-01 9.999942127898006072e-01 9.999780975819696494e-01 9.999871283670582756e-01 9.999601091372185557e-01 9.999650044874299759e-01 9.999738506974412688e-01
9.999957116346070984e-01 9.999920192960954912e-01 9.999727391471059379e-01 9.999848099477136598e-01 9.999995424671878075e-01 9.999826696233959922e-01 9.999922518143440353e-01 9.999913215683039480e-01 9.999951959464147278e-01 9.999867850576124040e-01
9.999776560266414593e-01 9.999943452315046555e-01 9.999717975170769879e-01 9.999887709575416839e-01 9.999843765649509830e-01 9.999885216373628483e-01 9.999897588156216877e-01 9.999807944017777839e-01 9.999775029982850283e-01 9.999819084119917489e-01
9.999900674158835878e-01 9.999836471684262484e-01 9.999798561000178276e-01 9.999817144522912260e-01 9.999748865086095506e-01 9.999883813866948801e-01 9.999798537664120746e-01 9.999861723610538045e-01 9.999916922599819680e-01 9.999850608513844996e-01
9.999754038935139144e-01 9.999848357306816427e-01 9.999894333764806076e-01 9.999823970955772356e-01 9.999869478671042922e-01 9.999923060938233910e-01 9.999883876120442272e-01 9.999877908308298924e-01 9.999824919817084101e-01 9.999859448316238408e-01
9.999909269616794605e-01 9.999839624240676184e-01 9.999711810033055093e-01 9.999831881131605593e-01 9.999804452023008938e-01 9.999889924910762007e-01 9.999906495171312359e-01 9.999769958107149748e-01 9.999920688212372566e-01 9.999725268533800060e-01
9.999931597954641038e-01 9.999951099338669769e-01 9.999938419520537636e-01 9.999892727911477985e-01 9.999795340508740304e-01 9.999937914570140585e-01 9.999889041831219183e-01 9.999917308172371344e-01 9.999941198978643531e-01 9.999737910418645681e-01
9.999890621114463363e-01 9.999845946549352771e-01 9.999930559467349322e-01 9.999903305866432168e-01 9.999716719781716057e-01 9.999880540642975824e-01 9.999936637247119897e-01 9.999896727782172645e-01 9.999760699924276075e-01 9.999851057808175625e-01
9.999752894128234315e-01 9.999455765756415371e-01 9.999854599815140022e-01 9.999920302254833304e-01 9.999940992640660165e-01 9.999910040424112578e-01 9.999903064636469496e-01 9.999900258257592434e-01 9.999895671315481849e-01 9.999941724888087302e-01
9.999905172035888912e-01 9.999957884563148713e-01 9.999855063085936191e-01 9.999844798395894907e-01 9.999904787358336877e-01 9.999894451348519953e-01 9.999750830631757292e-01 9.999886249642065961e-01 9.999976921918599659e-01 9.999909210729553966e-01
9.999878879268280230e-01 9.999876920179183726e-01 9.999789715592299899e-01 9.999902112478322724e-01 9.999894262823620927e-01 9.999916757676661216e-01 9.999916153182689671e-01 9.999894078776152551e-01 9.999958485731470503e-01 9.999950498261013232e-01
9.999901953130280186e-01 9.999863205059998927e-01 9.999919398935367409e-01 9.999847463863356101e-01 9.999852878505235410e-01 9.999905719479998956e-01 9.999836252638674150e-01 9.999799868755198107e-01 9.999968664815883646e-01 9.999880263993543572e-01
9.999853019919867636e-01 9.999801470815672388e-01 9.999828294267859574e-01 9.999928802636881553e-01 9.999836047026040564e-01 9.999873561882854922e-01 9.999979634403863837e-01 9.999913243341823632e-01 9.999885623693439696e-01 9.999957065507966147e-01
9.999887595792207318e-01 9.999768407697559036e-01 9.999909729024843985e-01 9.999845600100014664e-01 9.999973316443832028e-01 9.999919092033298096e-01 9.999886346439905704e-01 9.999944102012474634e-01 9.999759311828867459e-01 9.999806109571204304e-01
9.999756536227093484e-01 9.999802296331739004e-01 9.999761958761134162e-01 9.999854703800487021e-01 9.999785371075415874e-01 9.999883107589211395e-01 9.999895477688431900e-01 9.999865938382082042e-01 9.999824812125656104e-01 9.999886709207541635e-01
9.999771470986423827e-01 9.999944237436183547e-01 9.999918229010086312e-01 9.999752543573174890e-01 9.999957785656430342e-01 9.999938663277773143e-01 9.999986762963770648e-01 9.999753214917015409e-01 9.999958913556578066e-01 9.999946426090596807e-01
9.999931575632038383e-01 9.999933027434798616e-01 9.999968372559792096e-01 9.999935227278534677e-01 9.999783279967610072e-01 9.999873176153970533e-01 9.999980125374269280e-01 9.999883531511470913e-01 9.999882682899829955e-01 9.999881477137783081e-01
9.999849027564634563e-01 9.999938305441248287e-01 9.999888832907770642e-01 9.999865803648455564e-01 9.999865295896734896e-01 9.999861144242861988e-01 9.999978176338663038e-01 9.999839835519866993e-01 9.999795668697649687e-01 9.999887134266475242e-01
9.999936263440873940e-01 9.999875570581887585e-01 9.999816999700333886e-01 9.999903907754923438e-01 9.999728081956362757e-01 9.999860590977815988e-01 9.999856313665825835e-01 9.999805647495461081e-01 9.999950665969877805e-01 9.999814051430783168e-01
9.999857866965343733e-01 9.999877860307351263e-01 9.999942985177517896e-01 9.999831821000013665e-01 9.999919810046987712e-01 9.999913752347542317e-01 9.999890705971780092e-01 9.999978698389513365e-01 9.999956880023123107e-01 9.999858677342600144e-01
9.999919624544419960e-01 9.999899071075648571e-01 9.999955890950115167e-01 9.999898597562205671e-01 9.999987606208059487e-01 9.999921027711232702e-01 9.999928765477129611e-01 9.999781979179630520e-01 9.999915760395062803e-01 9.999902733399804733e-01
