9.999980224618101321e-01 9.999974352921723320e-01 9.999994411978941899e-01 9.999982774884313974e-01 9.999987419152722712e-01 9.999996152841402752e-01 9.999993160339696319e-01 9.999990245438040715e-01 9.999994656543599314e-01 9.999995489417525807e-01
9.999984813880468115e-01 9.999984175974564460e-01 9.999987869748850899e-01 9.999983098359480627e-01 9.999992348261039776e-01 9.999988767874007367e-01 9.999995341949728944e-01 9.999993509493411148e-01 9.999995684666774798e-01 9.999989521459853314e-01
9.999986894497230328e-01 9.999990259752458144e-01 9.999991869852280502e-01 9.999986775288935981e-01 9.999983242881823609e-01 9.999989381711579250e-01 9.999993964742446284e-01 9.999998533918899035e-01 9.999965714349006163e-01 9.999984506105485949e-01
9.999983521112646434e-01 9.999966805552127358e-01 9.999992718119752322e-01 9.999997906290022387e-01 9.999982717893488582e-01 9.999997972188897633e-01 9.999992685823256844e-01 9.999993236990769585e-01 9.999985228118175584e-01 9.999997698790211720e-01
9.999994544411450192e-01 9.999979781946811697e-01 9.999984898648556220e-01 9.999986324442428076e-01 9.999993505457607235e-01 9.999991185889535172e-01 9.999989000344177148e-01 9.999990517243645405e-01 9.999983687788016606e-01 9.999989893313263600e-01
9.999993776691167291e-01 9.999992933962551511e-01 9.999987147741733473e-01 9.999989874445062155e-01 9.999988628766105503e-01 9.999977553429311161e-01 9.999983596780824824e-01 9.999990451805783609e-01 9.999979967892478339e-01 9.999985644949116459e-01
9.999998509538701175e-01 9.999991755621949752e-01 9.999984193476085803e-01 9.999992485701988398e-01 9.999970230512098546e-01 9.999989424887878453e-01 9.999995120027114215e-01 9.999984956607617104e-01 9.999991888498984682e-01 9.999995655510901527e-01
9.999991994489495495e-01 9.999977705223971336e-01 9.999985329691263303e-01 9.999967035694224959e-01 9.999994447670974562e-01 9.999992005339818357e-01 9.999985320117682486e-01 9.999987573315743949e-01 9.999995194940280996e-01 9.999995262521467199e-01
9.999995218125380392e-01 9.999990825968306796e-01 9.999991025215420049e-01 9.999990344428318911e-01 9.999990186758569433e-01 9.999980228048427344e-01 9.999992558872486947e-01 9.999982763544705833e-01 9.999993365646696608e-01 9.999986578721165031e-01
9.999989952105837743e-01 9.999995847596723220e-01 9.999974047021970014e-01 9.999991134796137882e-01 9.999992482012031170e-01 9.999974379258208534e-01 9.999994302556115544e-01 9.999994258025750593e-01 9.999976141471484947e-01 9.999991771536235197e-01
9.999984588116525019e-01 9.999991000631853755e-01 9.999982193547953813e-01 9.999983655780705361e-01 9.999985747095505584e-01 9.999988605371168404e-01 9.999975535569193275e-01 9.999997313041001368e-01 9.999982313110362675e-01 9.999977885316307935e-01
9.999983343853168227e-01 9.999987914740727790e-01 9.999985781997697831e-01 9.999981528327687164e-01 9.999983321545171666e-01 9.999994779866301364e-01 9.999988059139376384e-01 9.999969773744515900e-01 9.999988270338546759e-01 9.999984479345229715e-01
9.999992091652334381e-01 9.999995126653989930e-01 9.999987248700100695e-01 9.999997904416589867e-01 9.999981922041606408e-01 9.999988518649962632e-01 9.999980744453061954e-01 9.999995942350475842e-01 9.999993078380707834e-01 9.999992658470711060e-01
9.999992318634199906e-01 9.999989288830190004e-01 9.999992063436866641e-01 9.999974743419066670e-01 9.999996356681836174e-01 9.999981100101149600e-01 9.999986417520601023e-01 9.999997329485982300e-01 9.999994651936743306e-01 9.999965239387941240e-01
9.999995769296526893e-01 9.999994135533989414e-01 9.999993511682678804e-01 9.999967679348312766e-01 9.999982476951594368e-01 9.999994990183199706e-01 9.999996136899793608e-01 9.999995490469075765e-01 9.999974188861420199e-01 9.999985210847613937e-01
9.999991350435656345e-01 9.999984279974988288e-01 9.999992639585664200e-01 9.999968294854520989e-01 9.999977136508234610e-01 9.999976407871641326e-01 9.999981385913696563e-01 9.999990923678311328e-01 9.999986744270906724e-01 9.999976285668906728e-01
9.999991824354089731e-01 9.999985008092707739e-01 9.999995227147550070e-01 9.999981751498779881e-01 9.999992866154232551e-01 9.999982595065309843e-01 9.999984020726921941e-01 9.999986440655841413e-01 9.999988236296344368e-01 9.999992022806282188e-01
9.999972581311301623e-01 9.999990318399346600e-01 9.999977835451747676e-01 9.999980676338979801e-01 9.999986311719627485e-01 9.999984386178857321e-01 9.999981220776320567e-01 9.999988336039316028e-01 9.999993817895037607e-01 9.999974262014886817e-01
9.999990683308103145e-01 9.999966893904232990e-01 9.999984558109130672e-01 9.999993655886842969e-01 9.999976082399303356e-01 9.999975749618019716e-01 9.999993709210696080e-01 9.999996165597008213e-01 9.999992715056039705e-01 9.999984317110481857e-01
9.999997628007032402e-01 9.999987580585426583e-01 9.999979186923568797e-01 9.999983341280312965e-01 9.999983829265954860e-01 9.999992370196609803e-01 9.999978563906694040e-01 9.999982580060825521e-01 9.999968244282901875e-01 9.999988967201239864e-01
9.999985663266164337e-01 9.999988569681050876e-01 9.999983794476723364e-01 9.999965241545351047e-01 9.999988499882395132e-01 9.999990162279571715e-01 9.999973521316452008e-01 9.999988113222890718e-01 9.999956612966297564e-01 9.999984489757117734e-01
9.999995143077146098e-01 9.999988258177453515e-01 9.999993000831614021e-01 9.999991592867754076e-01 9.999980692863239540e-01 9.999992295599465786e-01 9.999990028227242478e-01 9.999987221390499448e-01 9.999982934872062579e-01 9.999979810357803034e-01
9.999978999295126014e-01 9.999994660960240811e-01 9.999978823526138871e-01 9.999990116835889564e-01 9.999971066266549746e-01 9.999969833742902159e-01 9.999993844459159620e-01 9.999976964515949751e-01 9.999984016223372185e-01 9.999990539319024707e-01
9.999985454981572541e-01 9.999996765107082020e-01 9.999988685068651462e-01 9.999974820571929657e-01 9.999974560874324014e-01 9.999979846478994627e-01 9.999990519456760651e-01 9.999983863459872557e-01 9.999986911353446750e-01 9.999984562502524099e-01
9.999988922798667135e-01 9.999985769462191865e-01 9.999992937154390527e-01 9.999995466213299489e-01 9.999997860720594156e-01 9.999993758745621131e-01 9.999977338711791841e-01 9.999988411559714852e-01 9.999983926067810280e-01 9.999987426315759542e-01
9.999992184372193949e-01 9.999979812716895955e-01 9.999965065914143691e-01 9.999989035347657262e-01 9.999982305436792007e-01 9.999973243044649740e-01 9.999988602409936034e-01 9.999981512081953516e-01 9.999988471035688997e-01 9.999988073300828395e-01
9.999992547933425069e-01 9.999988385358207221e-01 9.999996358115955664e-01 9.999991110056003496e-01 9.999983896231294800e-01 9.999996869658772658e-01 9.999967828740576881e-01 9.999983078863071695e-01 9.999990115300085858e-01 9.999991938031498329e-01
9.999987491099467940e-01 9.999980208226971756e-01 9.999995243818909918e-01 9.999987910011708392e-01 9.999991608834741807e-01 9.999980393206105989e-01 9.999997875017230253e-01 9.999994162842408274e-01 9.999974635222984576e-01 9.999983623165894508e-01
9.999990235835908292e-01 9.999986288814474156e-01 9.999983754877715958e-01 9.999976649285318153e-01 9.999994840624827352e-01 9.999993385937727686e-01 9.999987305025949125e-01 9.999989480832069955e-01 9.999985304675694797e-01 9.999994448360864929e-01
9.999988430727690947e-01 9.999992515199107590e-01 9.999995556718074274e-01 9.999996008224673050e-01 9.999994456268650467e-01 9.999995155790581958e-01 9.999988143212841241e-01 9.999992225158841341e-01 9.999993513204870066e-01 9.999990111534649007e-01
9.999985429511412116e-01 9.999967091423653809e-01 9.999992425158017451e-01 9.999994570006194294e-01 9.999988182840139350e-01 9.999992051722185193e-01 9.999980513040781505e-01 9.999994452805843759e-01 9.999993878710504713e-01 9.999995650550042026e-01
9.999987225843685046e-01 9.999970464245406809e-01 9.999991754581375458e-01 9.999984248102636863e-01 9.999984756698625521e-01 9.999989142080357718e-01 9.999978681398693503e-01 9.999990239857091678e-01 9.999972810110308030e-01 9.999989938750794005e-01
9.999984496715892401e-01 9.999973809200519703e-01 9.999988221752489359e-01 9.999992724230868379e-01 9.999992217384965354e-01 9.999993188285504209e-01 9.999983854960841079e-01 9.999981217863360694e-01 9.999978609454928113e-01 9.999983710734573483e-01
9.999974881605543375e-01 9.999983788816442232e-01 9.999985321513169545e-01 9.999973958180371492e-01 9.999993578026141750e-01 9.999997877002927416e-01 9.999982519308096007e-01 9.999987674105662583e-01 9.999988418601981621e-01 9.999991469061940697e-01
9.999976060444565329e-01 9.999985805882390943e-01 9.999983335412113705e-01 9.999990741010402751e-01 9.999994036039304701e-01 9.999981820596393067e-01 9.999996657735528149e-01 9.999986719268967317e-01 9.999989786472446296e-01 9.999990523873645287e-01
9.999989433536560224e-01 9.999977135056766775e-01 9.999991547746290843e-01 9.999980006514185282e-01 9.999987837809957147e-01 9.999986192619515490e-01 9.999990760948607171e-01 9.999959180175536089e-01 9.999993027676209456e-01 9.999995640410617170e-01
9.999982922224116555e-01 9.999993234679666054e-01 9.999989910895878964e-01 9.999994277574654200e-01 9.999991970236450367e-01 9.999992906192737285e-01 9.999993445009105475e-01 9.999990127490606673e-01 9.999966367100137088e-01 9.999990164278855787e-01
9.999996377942604875e-01 9.999995049842362871e-01 9.999989418936113816e-01 9.999986707115223750e-01 9.999984735050592155e-01 9.999992368169252632e-01 9.999986846260815465e-01 9.999995431426804693e-01 9.999985861558630118e-01 9.999996017922380132e-01
9.999989763427896694e-01 9.999992388899336948e-01 9.999988910721183677e-01 9.999985477249614396e-01 9.999977043351561123e-01 9.999979629060544717e-01 9.999980058026379792e-01 9.999983640918275185e-01 9.999955980927827115e-01 9.999985478984869669e-01
9.999996718384893679e-01 9.999984638114323143e-01 9.999990068950078692e-01 9.999984950577969212e-01 9.999971141585052292e-01 9.999992871639755698e-01 9.999986550396721130e-01 9.999987345389531601e-01 9.999988407684512470e-01 9.999986921211929669e-01
9.999961186213035536e-01 9.999990692910615264e-01 9.999986394280475643e-01 9.999961812690690843e-01 9.999988033130901011e-01 9.999979460221157801e-01 9.999985664068868907e-01 9.999995608403089431e-01 9.999986168736019199e-01 9.999977674885617285e-01
9.999984345504009386e-01 9.999984872672366132e-01 9.999993033637112338e-01 9.999984462807425256e-01 9.999996135120958751e-01 9.999958233715898759e-01 9.999992902555634444e-01 9.999992224492623150e-01 9.999989211383139009e-01 9.999962966821701604e-01
9.999994696096662361e-01 9.999990352677299299e-01 9.999990776496039402e-01 9.999990222304729892e-01 9.999995205253096042e-01 9.999975594873717899e-01 9.999986942410549196e-01 9.999991111237785946e-01 9.999980556925288644e-01 9.999991598624734523e-01
9.999986414059245377e-01 9.999992900713140509e-01 9.999969977816267619e-01 9.999977331447177376e-01 9.999982149048427527e-01 9.999977527109737974e-01 9.999987486922916613e-01 9.999971733517605266e-01 9.999988026743782399e-01 9.999977528359630385e-01
9.999988060734019690e-01 9.999988818149820879e-01 9.999981452017007166e-01 9.999990398881539733e-01 9.999989838221988725e-01 9.999992287634641430e-01 9.999987903982457960e-01 9.999975398019839146e-01 9.999991665938543495e-01 9.999981717291001049e-01
9.999997381379261974e-01 9.999991027884641559e-01 9.999992041165153278e-01 9.999984945937762104e-01 9.999983944463576302e-01 9.999984526185750067e-01 9.999987072199859606e-01 9.999992888097531951e-01 9.999988656966091183e-01 9.999991289293029828e-01
9.999995324100199312e-01 9.999993304715760756e-01 9.999979437334217680e-01 9.999984749375810944e-01 9.999994559280102058e-01 9.999995442479221452e-01 9.999985503354607008e-01 9.999980244093559234e-01 9.999979452823380965e-01 9.999976676822249777e-01
9.999992925390245313e-01 9.999993984402809621e-01 9.999976550300244682e-01 9.999976964316384942e-01 9.999986031932245334e-01 9.999984227325533492e-01 9.999997285683854820e-01 9.999984020743202251e-01 9.999992786961426905e-01 9.999989878087943707e-01
9.999989493748056013e-01 9.999987024066253616e-01 9.999983930156394196e-01 9.999992306492268002e-01 9.999986247879163459e-01 9.999987930524467661e-01 9.999989702399965097e-01 9.999997301934595573e-01 9.999998318814264930e-01 9.999990882548963622e-01
9.999990453694962422e-01 9.999985288375523584e-01 9.999994528483540090e-01 9.999990929133070194e-01 9.999987230791744786e-01 9.999986837252038407e-01 9.999987776006274975e-01 9.999985979221815979e-01 9.999982590395434245e-01 9.999991472970656270e-01
9.999986526696043043e-01 9.999994470356509124e-01 9.999985094249866924e-01 9.999981666614247144e-01 9.999976623647103269e-01 9.999995717432969000e-01 9.999980609814802524e-01 9.999985928113469535e-01 9.999982146548274109e-01 9.999992974990919992e-01
9.999995778833853377e-01 9.999983872962342479e-01 9.999969386422700168e-01 9.999995478238574709e-01 9.999980475431751170e-01 9.999980923694520296e-01 9.999998120874302732e-01 9.999990501966725676e-01 9.999994421944259360e-01 9.999996066400267392e-01
9.999991699673785872e-01 9.999976559841969870e-01 9.999975157402559711e-01 9.999997746847413271e-01 9.999985560788439143e-01 9.999976911365757726e-01 9.999989792887626905e-01 9.999982820021531271e-01 9.999983483417339558e-01 9.999976225588949053e-01
9.999973076241185366e-01 9.999989919499701063e-01 9.999988812339892785e-01 9.999973883855461931e-01 9.999991644045993500e-01 9.999994712361504057e-01 9.999974598529689507e-01 9.999992603738498964e-01 9.999986500663815558e-01 9.999989820654601180e-01
9.999996853964171484e-01 9.999982964490611304e-01 9.999992407689386464e-01 9.999992994090528553e-01 9.999993501135754359e-01 9.999997146538358583e-01 9.999981518738118025e-01 9.999981994905333682e-01 9.999984018513147221e-01 9.999985721314673670e-01
9.999986594327664458e-01 9.999995348297360254e-01 9.999980229350184935e-01 9.999988768373365700e-01 9.999993921684671161e-01 9.999988328716286068e-01 9.999995078679427829e-01 9.999986838921066656e-01 9.999996568401386954e-01 9.999995994810172428e-01
9.999997299600404954e-01 9.999981837310512045e-01 9.999993853615228856e-01 9.999986937753115868e-01 9.999984984262396681e-01 9.999989638668324021e-01 9.999989093402429363e-01 9.999993038764135589e-01 9.999977589468077577e-01 9.999991757112827173e-01
9.999998234083018467e-01 9.999982400759609424e-01 9.999976013253983886e-01 9.999995145481460623e-01 9.999989147586889615e-01 9.999981537965066947e-01 9.999980995466292155e-01 9.999972536776728926e-01 9.999991054931205436e-01 9.999988443353972078e-01
9.999997100400740413e-01 9.999979663748298497e-01 9.999974911530575827e-01 9.999990503369241557e-01 9.999997895965881956e-01 9.999981154448770448e-01 9.999973643867845485e-01 9.999990843217616554e-01 9.999987490277284508e-01 9.999991341561593750e-01
9.999990838472800903e-01 9.999995425837847618e-01 9.999992546022050677e-01 9.999980982512071126e-01 9.999993493655644494e-01 9.999989780078828439e-01 9.999979532402002436e-01 9.999991160063554929e-01 9.999983430028823728e-01 9.999996346494212096e-01
9.999992555554335638e-01 9.999990041903109583e-01 9.999989758930090122e-01 9.999975921626919062e-01 9.999980198637540285e-01 9.999986527171346173e-01 9.999982767396885519e-01 9.999981204395119727e-01 9.999981549847040130e-01 9.999995259969312045e-01
9.999993279127471490e-01 9.999984277363243024e-01 9.999991797624091516e-01 9.999988207832793963e-01 9.999993070905194292e-01 9.999986723516368636e-01 9.999990376270657677e-01 9.999993742330774982e-01 9.999995930715807058e-01 9.999992832577552226e-01
9.999995321536357951e-01 9.999985905206825176e-01 9.999993355242444704e-01 9.999984220619028141e-01 9.999978380531425737e-01 9.999984532875471066e-01 9.999985720016006940e-01 9.999995669701218226e-01 9.999988495187305260e-01 9.999992162317122846e-01
9.999983717280929163e-01 9.999982241944697092e-01 9.999992686526559815e-01 9.999993047299807758e-01 9.999985079367813556e-01 9.999996735467298059e-01 9.999988994041448809e-01 9.999989430560352055e-01 9.999987562658753104e-01 9.999972932852320140e-01
9.999995190324825201e-01 9.999987428703794867e-01 9.999994237266638386e-01 9.999983540649060032e-01 9.999993646087278476e-01 9.999971876082319744e-01 9.999987456452040790e-01 9.999998749720194757e-01 9.999979628852063707e-01 9.999973520014292516e-01
9.999994369584690457e-01 9.999985776461315368e-01 9.999996852325104824e-01 9.999979421134215229e-01 9.999994452161925507e-01 9.999985742039720904e-01 9.999990380523364752e-01 9.999986546296166789e-01 9.999995774438539264e-01 9.999994184257174901e-01
9.999977147545373590e-01 9.999993210654771758e-01 9.999982004482974585e-01 9.999981960840123030e-01 9.999975456660508133e-01 9.999991028882455613e-01 9.999984936263037749e-01 9.999980937693420113e-01 9.999990347220477638e-01 9.999983205280288390e-01
9.999994529932807463e-01 9.999992373490240727e-01 9.999990158387909167e-01 9.999991733406977668e-01 9.999982304006157507e-01 9.999996217252618003e-01 9.999963259967838969e-01 9.999997453801441338e-01 9.999981823314074703e-01 9.999994316023610441e-01
9.999980403685558850e-01 9.999995016110773127e-01 9.999989841659826517e-01 9.999984273348544450e-01 9.999984587637015254e-01 9.999985794322150401e-01 9.999989596416148929e-01 9.999990174978687918e-01 9.999983490692835320e-01 9.999974748190673113e-01
9.999970480109262594e-01 9.999993419193174971e-01 9.999995109227500789e-01 9.999983675204934253e-01 9.999991162124918231e-01 9.999959567100872304e-01 9.999989138482355822e-01 9.999981445264864988e-01 9.999987867052656521e-01 9.999993168329733839e-01
9.999990188890619525e-01 9.999991116518104350e-01 9.999979620839809513e-01 9.999989961537832928e-01 9.999990625097489039e-01 9.999991267147371188e-01 9.999989874123377254e-01 9.999982056640583927e-01 9.999983333200125335e-01 9.999983225921245111e-01
9.999986198024450879e-01 9.999995199422962999e-01 9.999997029030484041e-01 9.999990269935763454e-01 9.999995518316298071e-01 9.999987184590257705e-01 9.999987624240179729e-01 9.999996534173234419e-01 9.999981680621253810e-01 9.999995535286875237e-01
9.999992353526095945e-01 9.999993415989942847e-01 9.999985463903002803e-01 9.999976425188873419e-01 9.999986751083406178e-01 9.999996983740947476e-01 9.999981764035636989e-01 9.999978440300042459e-01 9.999982886371866497e-01 9.999992376755707513e-01
9.999997759623374671e-01 9.999991818523846776e-01 9.999980532937986499e-01 9.999988240584314347e-01 9.999991717090180865e-01 9.999988414571372441e-01 9.999992180555007382e-01 9.999995263769666520e-01 9.999988738611729211e-01 9.999978927603602186e-01
9.999986962549352043e-01 9.999991780263141061e-01 9.999995444610848550e-01 9.999984765234803952e-01 9.999978929142920858e-01 9.999988965664623475e-01 9.999992985907710796e-01 9.999984431723896172e-01 9.999985603963573721e-01 9.999976171564144423e-01
9.999992622594084946e-01 9.999990938897523884e-01 9.999981676038548484e-01 9.999996425455852656e-01 9.999985631193221147e-01 9.999995063185945776e-01 9.999987444503000145e-01 9.999995634345791862e-01 9.999986859571636799e-01 9.999990541023170421e-01
9.999992784734565987e-01 9.999981674456337455e-01 9.999991778973780221e-01 9.999991915410351151e-01 9.999969824131730300e-01 9.999984276880112821e-01 9.999982667860467522e-01 9.999968193075668976e-01 9.999984168355322556e-01 9.999977882466414281e-01
9.999995982920798498e-01 9.999991096994790274e-01 9.999996815056988453e-01 9.999976126213026006e-01 9.999988097322214387e-01 9.999990968284787618e-01 9.999984935718233547e-01 9.999987090766687681e-01 9.999979554518033664e-01 9.999992625137367197e-01
9.999987235305202171e-01 9.999995466646104392e-01 9.999986781872374220e-01 9.999997852801540965e-01 9.999984292270309716e-01 9.999992507921888762e-01 9.999993784187872770e-01 9.999983972659702847e-01 9.999976428296029063e-01 9.999982593334185710e-01
9.999992493829094053e-01 9.999986026988753052e-01 9.999972136438669557e-01 9.999996596074892663e-01 9.999995610942999935e-01 9.999993782446060520e-01 9.999994181090083867e-01 9.999989219316057776e-01 9.999994390933617527e-01 9.999995810682417163e-01
9.999992555170398312e-01 9.999989833676031781e-01 9.999988503193930622e-01 9.999969798335288651e-01 9.999986080270594213e-01 9.999997058708626207e-01 9.999992875299658079e-01 9.999987314339766620e-01 9.999984695635057985e-01 9.999986316041419299e-01
9.999993244445981588e-01 9.999984375148721627e-01 9.999998263212606098e-01 9.999994395259247382e-01 9.999983359025839125e-01 9.999988321368126210e-01 9.999994746588757311e-01 9.999988923891282022e-01 9.999983457905894380e-01 9.999981151598020812e-01
9.999988911579594797e-01 9.999986743668290989e-01 9.999982998717787952e-01 9.999977301266433916e-01 9.999974538933786850e-01 9.999988741618994759e-01 9.999985710028715946e-01 9.999997672295111162e-01 9.999992176934990873e-01 9.999997714897961298e-01
9.999991560496905851e-01 9.999994074633532515e-01 9.999993891947414060e-01 9.999995797805025788e-01 9.999987965359752318e-01 9.999983289463096892e-01 9.999983608658498113e-01 9.999986018732953674e-01 9.999981330621231512e-01 9.999979509570326996e-01
9.999990285356129549e-01 9.999987627594274509e-01 9.999988071715577576e-01 9.999967935226830029e-01 9.999994183116989177e-01 9.999996008831059102e-01 9.999984468061948739e-01 9.999976725609014405e-01 9.999983877927104414e-01 9.999992237972438192e-01
9.999971676439470825e-01 9.999988939713436720e-01 9.999979051144962661e-01 9.999988926415163126e-01 9.999991201222496739e-01 9.999987412872681780e-01 9.999997214088965913e-01 9.999992628846446907e-01 9.999989183289385020e-01 9.999980810961688338e-01
9.999967889517256125e-01 9.999991495169154865e-01 9.999952360110020422e-01 9.999994689126566749e-01 9.999988944759363729e-01 9.999983791309554615e-01 9.999990730316460352e-01 9.999993868478679326e-01 9.999996540804784173e-01 9.999977334102407855e-01
9.999975411964432404e-01 9.999987910131574731e-01 9.999991642950100124e-01 9.999991577581482938e-01 9.999984824695054009e-01 9.999976536587659171e-01 9.999980775050943960e-01 9.999985677589074973e-01 9.999994370557057088e-01 9.999989203127520598e-01
9.999988906485796081e-01 9.999978663461513984e-01 9.999987750237452344e-01 9.999974934699783491e-01 9.999990683904698141e-01 9.999996576437222284e-01 9.999985954217696094e-01 9.999977483236129894e-01 9.999989316970685493e-01 9.999982898578054780e-01
9.999994954579630724e-01 9.999991339720416539e-01 9.999993078914558575e-01 9.999990147295367837e-01 9.999994551595836612e-01 9.999980145335208848e-01 9.999979175230088169e-01 9.999975210201534903e-01 9.999984324172760397e-01 9.999986715359789891e-01
9.999990874399112828e-01 9.999993595063794150e-01 9.999990805653398152e-01 9.999982944702616727e-01 9.999973214592954296e-01 9.999993108147930965e-01 9.999993103396541683e-01 9.999995661500387101e-01 9.999994301001179364e-01 9.999992761555773768e-01
9.999963767737601872e-01 9.999988991191625098e-01 9.999965768136757083e-01 9.999985874671738495e-01 9.999995133811433456e-01 9.999986907439153416e-01 9.999992524361680513e-01 9.999990280038381085e-01 9.999997221591836460e-01 9.999975215534822048e-01
9.999992758515180435e-01 9.999989047417988663e-01 9.999983429025126602e-01 9.999996718212077473e-01 9.999985642525199836e-01 9.999969402098447535e-01 9.999997573249724825e-01 9.999977705231771763e-01 9.999981935869448613e-01 9.999988063121952875e-01
9.999975437126482625e-01 9.999981112102315217e-01 9.999989842564417364e-01 9.999995594787612907e-01 9.999959710291880244e-01 9.999998623243434581e-01 9.999979447950392286e-01 9.999982627775541033e-01 9.999977650577911437e-01 9.999988495234297670e-01
9.999990201691344449e-01 9.999990057528200804e-01 9.999987182838233624e-01 9.999995754949604354e-01 9.999993459051134126e-01 9.999989454631255104e-01 9.999989409748134550e-01 9.999990063615974423e-01 9.999989829193495217e-01 9.999992306432542444e-01
9.999981838674513179e-01 9.999979219066819081e-01 9.999985546038396844e-01 9.999979123977853490e-01 9.999992676896622967e-01 9.999994358750304846e-01 9.999992438436300368e-01 9.999996460145683663e-01 9.999985007571688955e-01 9.999987405104100446e-01
9.999978705815265601e-01 9.999982006600740547e-01 9.999977086431072193e-01 9.999981439829782603e-01 9.999997897048831241e-01 9.999973694123849288e-01 9.999992211181571999e-01 9.999975941705810945e-01 9.999980717181203849e-01 9.999973395981358593e-01
9.999989530482373823e-01 9.999980779107945361e-01 9.999991870697912955e-01 9.999995039222795423e-01 9.999986888519302175e-01 9.999979175591856562e-01 9.999976153085626818e-01 9.999995428741143000e-01 9.999986662217241751e-01 9.999985669464359628e-01
9.999992765202262435e-01 9.999975761776006555e-01 9.999991689545187912e-01 9.999998161056167234e-01 9.999981702857935195e-01 9.999995910976599012e-01 9.999973555742563969e-01 9.999988790871520150e-01 9.999960485900530882e-01 9.999974193532006339e-01
9.999990245830689961e-01 9.999990189730131318e-01 9.999983971020556250e-01 9.999986691450217791e-01 9.999988184840470362e-01 9.999978094392699690e-01 9.999990299057456289e-01 9.999996758557069265e-01 9.999992263210160104e-01 9.999994338611244427e-01
