9.991952241067542095e-01 9.991666581172543582e-01 9.987844926614827257e-01 9.998323126211318135e-01 9.995416020030022386e-01 9.993743516200959132e-01 9.990086948546669232e-01 9.997779552196222053e-01 9.997889310976562083e-01 9.998399968583916442e-01
9.975934669480063244e-01 9.992906849146258041e-01 9.994604764847112577e-01 9.996717615280834579e-01 9.995246421586464480e-01 9.985688889840553806e-01 9.994746552105424620e-01 9.971286070593300410e-01 9.993080614855146537e-01 9.994483916664292922e-01
9.989825986027784932e-01 9.995668622732455377e-01 9.992756386301843152e-01 9.980762691714413215e-01 9.995855914465932024e-01 9.995269976080816132e-01 9.997800506634513251e-01 9.989505088789932818e-01 9.993333479626282934e-01 9.989737575689422444e-01
9.997399502239979752e-01 9.996158745132966983e-01 9.990917091650514115e-01 9.989020748543615547e-01 9.992773593281857325e-01 9.997511277641565330e-01 9.998428605015404758e-01 9.996315076791777443e-01 9.997572834750090287e-01 9.992858982894001763e-01
9.996143168365921872e-01 9.994522057076125066e-01 9.996821097324890548e-01 9.997370481740667225e-01 9.989699545247614498e-01 9.994263873037625423e-01 9.829797210213103709e-01 9.996079832717182923e-01 9.993350762505478491e-01 9.993425757421544597e-01
9.992455167543842220e-01 9.983988694395030672e-01 9.991100976938849243e-01 9.995371763447752356e-01 9.996620981746857648e-01 9.995649316435690768e-01 9.997710127491100662e-01 9.994834936577993156e-01 9.996756126355708094e-01 9.980148391692517107e-01
9.989385101007398626e-01 9.997174733266409596e-01 9.992717069667653718e-01 9.993685551396727096e-01 9.996952971315363756e-01 9.987390225856630499e-01 9.996427453660121643e-01 9.988545114743436759e-01 9.993290758223484227e-01 9.989151779448601776e-01
9.995306074172414235e-01 9.993114846744047819e-01 9.975479664780739775e-01 9.994476367912061843e-01 9.992115825934252404e-01 9.986942105108975731e-01 9.980561495163475794e-01 9.993588043998109516e-01 9.997154909804495393e-01 9.990813547320939181e-01
9.981994716107581711e-01 9.995053902985093774e-01 9.993824226987849668e-01 9.992536593764839159e-01 9.996440102590263832e-01 9.997194354346132794e-01 9.997222309700404264e-01 9.984055869400492167e-01 9.998283807774859255e-01 9.996575872843521671e-01
9.996269701354500992e-01 9.995849631088903342e-01 9.994057718533403412e-01 9.995754797065607988e-01 9.997314207064237346e-01 9.994549720054335396e-01 9.994741952917510774e-01 9.997834949021970896e-01 9.991685565206707142e-01 9.996503261204562341e-01
9.997605960120297119e-01 9.995065688262226855e-01 9.983812505875304666e-01 9.991434236765942556e-01 9.992957507657084237e-01 9.997908233577240678e-01 9.997990608992556316e-01 9.968458691156638629e-01 9.998060459838595815e-01 9.984352176100029785e-01
9.997082313949070542e-01 9.985000133653653132e-01 9.992748161706231924e-01 9.997333762934740298e-01 9.993874757572553946e-01 9.995131017710837673e-01 9.995662129823768005e-01 9.994206411399734202e-01 9.971134449232519348e-01 9.997660936460034398e-01
9.996258731361576944e-01 9.984178184314925764e-01 9.997367825739197356e-01 9.987587062934401017e-01 9.996356655259239776e-01 9.997502510597793268e-01 9.996944033802566132e-01 9.995172373907112995e-01 9.992969024690794289e-01 9.988153284460292713e-01
9.996100471817921385e-01 9.989216206890211280e-01 9.992863629512973578e-01 9.995512953788602273e-01 9.979183145849064296e-01 9.995338417108937668e-01 9.985512579224720131e-01 9.997570426221233930e-01 9.995480253913754387e-01 9.989416527765767606e-01
9.996859153657473573e-01 9.953583462234342205e-01 9.998039218364368486e-01 9.995632204283569910e-01 9.981347280465187044e-01 9.991431614016929030e-01 9.992725778433079187e-01 9.977184704677428684e-01 9.996002016499718756e-01 9.997132750141456414e-01
9.995390891423509006e-01 9.997681298994635091e-01 9.998423570426394624e-01 9.982358233765042943e-01 9.998034875351500261e-01 9.996853415357773720e-01 9.995562880179746923e-01 9.994043772564406014e-01 9.990261792169080612e-01 9.997570614501860575e-01
9.991459177610221287e-01 9.992518204309415175e-01 9.985325888068967704e-01 9.996717550141456243e-01 9.994214306348332411e-01 9.990680288103361839e-01 9.995517119652165272e-01 9.994621583943240628e-01 9.995792672866136153e-01 9.998322582826627558e-01
9.993130237879874755e-01 9.994600384545961891e-01 9.988857867429876691e-01 9.997646813982759006e-01 9.993442287026454984e-01 9.996275282965125797e-01 9.984185572786473672e-01 9.983698628843007405e-01 9.996741401687386785e-01 9.996204920758186008e-01
9.990207621165252405e-01 9.997924463150639207e-01 9.974639670265571523e-01 9.991216084933038921e-01 9.996735348627708850e-01 9.997746173684340931e-01 9.997722340340587932e-01 9.996240818097854586e-01 9.997508014395302123e-01 9.990131045241847918e-01
9.997232053444543576e-01 9.989878521363952935e-01 9.991883801758241201e-01 9.995470981494206653e-01 9.991763845302873426e-01 9.993103612775604550e-01 9.995337154549917003e-01 9.998346797827870613e-01 9.991523329915781293e-01 9.971618988473140988e-01
9.995718149720839163e-01 9.995751893525397502e-01 9.988716845261899069e-01 9.988826428299292237e-01 9.985763372888684097e-01 9.991649514078728700e-01 9.994561398021948317e-01 9.994655255595696897e-01 9.994083467597635329e-01 9.996837319910703012e-01
9.997100624807301328e-01 9.995314923214829728e-01 9.986180353249746178e-01 9.992769701341518429e-01 9.990382522543158617e-01 9.994241774183262317e-01 9.998015019578485596e-01 9.997374223389943193e-01 9.997812129664147562e-01 9.993449987131005630e-01
9.996827870220131862e-01 9.996142440961158782e-01 9.996711404523630495e-01 9.992044143240703669e-01 9.993260190323960401e-01 9.993776584812814612e-01 9.990320388361310089e-01 9.976714119929508406e-01 9.994047954542742973e-01 9.991783524397338523e-01
9.990547429322004236e-01 9.988735930796048823e-01 9.994946699145523805e-01 9.996843383757655355e-01 9.997283159424026344e-01 9.997686151705963420e-01 9.991515117690957792e-01 9.997322748485547583e-01 9.995499903848972245e-01 9.980995089893958117e-01
9.997326639899880574e-01 9.993537952283800818e-01 9.997144949541020287e-01 9.997225811209997648e-01 9.993957743281768336e-01 9.994397925523639259e-01 9.984812266113017865e-01 9.994097498684368919e-01 9.993447925988477865e-01 9.993195957173142130e-01
9.998357576914091993e-01 9.995698364394789426e-01 9.997498536537314795e-01 9.994174313757480110e-01 9.998237257731595884e-01 9.963911453912608351e-01 9.997131912251731034e-01 9.988918389602178260e-01 9.994955042588097305e-01 9.957334764950380723e-01
9.994613688543335650e-01 9.996042945123512213e-01 9.995570328016419870e-01 9.996903571475761474e-01 9.992370358507340899e-01 9.993865230911092024e-01 9.996990574089763548e-01 9.992414851402467990e-01 9.993397076799084289e-01 9.995220824749689870e-01
9.998176176717396002e-01 9.987158510508413745e-01 9.994991470256590071e-01 9.995954430474165431e-01 9.991080712101105821e-01 9.996570075532981159e-01 9.994132857544483217e-01 9.988798698877005000e-01 9.996880226688020787e-01 9.995133201300240300e-01
9.994408286448640544e-01 9.979303439101382400e-01 9.992788175024963637e-01 9.998636525728460400e-01 9.997824814773694779e-01 9.997110358008547415e-01 9.994317189412594837e-01 9.997823022354599409e-01 9.993315759072890492e-01 9.994444748092620179e-01
9.997188396991310011e-01 9.997640379804568767e-01 9.996089935247456371e-01 9.991804573728790828e-01 9.994864036573530841e-01 9.995947100038209410e-01 9.997367527366565199e-01 9.996124651965849761e-01 9.996480784111042572e-01 9.998089267117931112e-01
9.993703581938551128e-01 9.986063425238836944e-01 9.994016909986865871e-01 9.998114046923988196e-01 9.989519529016592791e-01 9.996939775008857332e-01 9.996344907798510038e-01 9.963602581023420779e-01 9.995980919447559065e-01 9.997166153617766948e-01
9.995659364020831328e-01 9.990174470121016004e-01 9.995998337229425879e-01 9.997909856002216156e-01 9.991879846937199439e-01 9.995383658719828590e-01 9.998290491684660442e-01 9.996819053119935239e-01 9.998643987822882773e-01 9.993017536423126623e-01
9.997059808384299862e-01 9.996996113437475184e-01 9.990791159404762700e-01 9.997622296906464312e-01 9.997541168017612945e-01 9.997756272871233252e-01 9.996426764171143509e-01 9.994699244695123275e-01 9.997754053985300482e-01 9.990500123629770801e-01
9.995359892888319164e-01 9.994021819142929752e-01 9.982780438760807673e-01 9.994184763746239986e-01 9.994524624093165110e-01 9.992992342276425521e-01 9.992554976535797939e-01 9.985214144595014885e-01 9.983869390349920936e-01 9.995508223057542052e-01
9.994263913119413312e-01 9.995149552130438986e-01 9.991454744483673212e-01 9.996038556718505053e-01 9.997169742817805238e-01 9.990762145346402390e-01 9.996110613989636073e-01 9.990627974274420842e-01 9.996389898083609671e-01 9.997209860727153119e-01
9.993243796971303938e-01 9.997486528360988167e-01 9.969964247174528671e-01 9.996788056930112631e-01 9.998415862112017827e-01 9.978777329245818173e-01 9.972716415742742813e-01 9.970358632259641585e-01 9.970436437795164863e-01 9.993668760103583404e-01
9.995424823549590165e-01 9.994772550947864653e-01 9.985740600500908615e-01 9.993079551935880600e-01 9.998486357833551441e-01 9.998092093156832894e-01 9.994816784988196368e-01 9.993780727334951042e-01 9.996466696291053111e-01 9.997006993174508693e-01
9.993912843755541342e-01 9.997871675774585576e-01 9.995840081360735097e-01 9.997336736773572152e-01 9.978029942634251137e-01 9.993765101396151485e-01 9.997315946320725066e-01 9.996091408418738000e-01 9.997791606858469349e-01 9.991242645058100447e-01
9.993040763196018306e-01 9.997077684265864850e-01 9.997063941206594251e-01 9.967573305994616994e-01 9.990876353715286706e-01 9.996778935900568763e-01 9.995635912977136606e-01 9.997525990348028468e-01 9.998368588241232091e-01 9.997786894353194453e-01
9.995859635816078947e-01 9.993602030056598640e-01 9.995457207777724840e-01 9.990833465132179514e-01 9.937978482727070073e-01 9.997290994200569436e-01 9.996346574190941858e-01 9.996517642837683404e-01 9.996127283119274898e-01 9.997515558920441192e-01
9.991052198085731417e-01 9.998069511730465209e-01 9.995243364822347099e-01 9.996832768905489219e-01 9.995019495465395920e-01 9.998175738130089529e-01 9.996838907959354481e-01 9.995484359587778478e-01 9.991086716587800343e-01 9.991835212792335996e-01
9.997534524851587889e-01 9.998275163235079699e-01 9.945885854296268036e-01 9.991813701124556690e-01 9.994186298638891852e-01 9.996241086783608232e-01 9.994087210942965704e-01 9.978712453092781764e-01 9.979661284637438845e-01 9.997632943790119020e-01
9.991181661339786357e-01 9.996271486870027534e-01 9.977702641032504260e-01 9.996608730160049250e-01 9.967803666771747340e-01 9.986605217057397121e-01 9.996196913631442138e-01 9.997873932988120549e-01 9.993972065199860921e-01 9.992883851176820320e-01
9.966172747788754060e-01 9.993313986054215281e-01 9.967622603380236201e-01 9.998190984209429644e-01 9.994408828921792498e-01 9.997502486214789874e-01 9.996154397587475593e-01 9.991852624016334117e-01 9.988942483136493689e-01 9.994197047844766146e-01
9.997055239742941302e-01 9.997305625508916549e-01 9.977978891007669437e-01 9.991391492956550602e-01 9.994824198147969074e-01 9.996573985874190882e-01 9.963547216726542644e-01 9.991115235867071842e-01 9.996203343859129120e-01 9.997692817484677974e-01
9.995467670280122618e-01 9.987696601601229185e-01 9.948295256975547840e-01 9.995649167694111714e-01 9.995183417718301877e-01 9.956876398254809191e-01 9.992749949085842909e-01 9.998333449415677254e-01 9.998382138838994848e-01 9.998255940672350350e-01
9.985177346184477276e-01 9.995426869598211805e-01 9.997539440178424552e-01 9.995370373313053891e-01 9.997079559677657379e-01 9.982965075325589410e-01 9.997376269930764447e-01 9.982960357690436881e-01 9.980382887455021557e-01 9.995600954060979149e-01
9.991041315564120895e-01 9.988800224386459314e-01 9.994519161215807967e-01 9.992012963425116467e-01 9.981049860462317680e-01 9.992184394766908673e-01 9.995737299645566232e-01 9.995306484850989825e-01 9.997089588772912760e-01 9.986107409007725089e-01
9.994255251526220629e-01 9.993901041393729034e-01 9.998127369287097554e-01 9.996637323408984477e-01 9.997812892703563659e-01 9.985149516725305707e-01 9.998068802646143949e-01 9.998218432355591156e-01 9.977399672485971482e-01 9.991273154388168320e-01
9.996226843018892749e-01 9.980789760829670287e-01 9.991894676932173702e-01 9.996474746266724720e-01 9.996014732172405770e-01 9.985216597455522924e-01 9.994491199022300654e-01 9.973162203703378470e-01 9.989911584003458023e-01 9.995892675801149041e-01
9.996704643901110909e-01 9.992867777939310470e-01 9.996160061274023123e-01 9.997531403236440406e-01 9.997956214021599397e-01 9.997313956318840678e-01 9.998061298195286550e-01 9.996605584209520279e-01 9.997819011319790672e-01 9.994958348980657048e-01
9.985396014633042272e-01 9.995512772507050281e-01 9.988844422916606236e-01 9.990619015331509978e-01 9.973954147531804981e-01 9.991887784256590077e-01 9.995873924349520934e-01 9.984566165088321066e-01 9.995408678339492425e-01 9.997119014487727551e-01
9.993678314267089302e-01 9.992482399345071764e-01 9.995725175636270832e-01 9.992855045910499223e-01 9.996858016585820073e-01 9.997264842655098072e-01 9.996085096168833006e-01 9.996423979623539902e-01 9.995415249125811918e-01 9.995829415122061690e-01
9.996328824850320149e-01 9.990814862682264597e-01 9.992670325592042380e-01 9.994275375837460285e-01 9.995633756816012516e-01 9.996203752822883093e-01 9.996834058545781554e-01 9.992663362256991588e-01 9.993912760118971450e-01 9.997260469691641172e-01
9.994096755018700984e-01 9.992162494470300249e-01 9.996155171357045122e-01 9.995220015513945899e-01 9.993461370357129558e-01 9.995754027200398628e-01 9.995541366346937240e-01 9.991625629978765355e-01 9.994655817779021234e-01 9.988610166827386339e-01
9.994683001174402559e-01 9.991323681966183257e-01 9.997575557776122723e-01 9.994788541505152946e-01 9.996208718560851691e-01 9.990560776481578475e-01 9.997646627477257963e-01 9.996805463723614782e-01 9.996249553334562998e-01 9.990761515520054648e-01
9.993574655474988244e-01 9.991393701188500120e-01 9.997985961623392370e-01 9.987591836717782945e-01 9.997820812058402229e-01 9.982355857193148108e-01 9.986006224929617758e-01 9.993852103676514886e-01 9.993904408107514570e-01 9.996608093783424520e-01
9.988142621674617194e-01 9.993740984427927909e-01 9.990809599645121830e-01 9.996401142819237862e-01 9.996243623766555286e-01 9.996291865919247899e-01 9.996107749921544494e-01 9.996761926044769320e-01 9.993504891194900930e-01 9.990104102539540953e-01
9.998112215814866088e-01 9.992264482143753401e-01 9.995841906635357654e-01 9.996470238676169462e-01 9.997692260236198392e-01 9.995527509071927552e-01 9.995772227250965258e-01 9.995475555811949020e-01 9.986733108003695847e-01 9.997801827073533598e-01
9.992368025575771862e-01 9.996649915744152404e-01 9.984515129609305983e-01 9.996826444789830290e-01 9.996044449898260353e-01 9.996486494732648165e-01 9.993683962244335195e-01 9.990826588358899807e-01 9.974929556855443025e-01 9.994445023323846877e-01
9.991861153693724074e-01 9.988838782033631070e-01 9.964609689732457642e-01 9.978822277767707138e-01 9.993298782827557680e-01 9.989621986896094485e-01 9.996608200044589942e-01 9.975018960572346050e-01 9.990229450029994851e-01 9.999009857674409085e-01
9.998293464882198611e-01 9.996511427467520416e-01 9.996531354893866128e-01 9.986440580005335743e-01 9.996338148936632084e-01 9.997271605203591482e-01 9.996923172626863696e-01 9.994867211858579070e-01 9.998325990516888639e-01 9.998192446803501054e-01
9.996028451052081376e-01 9.987573996625542794e-01 9.996298221011257201e-01 9.976204939923470905e-01 9.995797371699010059e-01 9.998595950073596583e-01 9.976450338820583852e-01 9.851340862384916353e-01 9.996143880679470017e-01 9.996493790615580410e-01
9.996697629499478044e-01 9.997261464932030162e-01 9.996599015953375744e-01 9.981364624712821820e-01 9.997025996962787264e-01 9.998326953041748455e-01 9.993650689828191824e-01 9.993567401389733540e-01 9.996226004619456207e-01 9.994816427632963185e-01
9.994220208875751466e-01 9.995877018728540619e-01 9.997955299336612756e-01 9.993585769243833461e-01 9.995176688217437544e-01 9.994506530071163297e-01 9.998078344038960896e-01 9.989295782447288330e-01 9.996771358371072669e-01 9.996203332411950360e-01
9.997531307546340118e-01 9.990568434341559056e-01 9.997321202987786704e-01 9.997794311178253013e-01 9.997042160542635170e-01 9.996716835274984669e-01 9.997654927156480742e-01 9.997545240380020237e-01 9.994799215686854810e-01 9.996856193742162944e-01
9.985459131048054493e-01 9.996274350347059690e-01 9.993276565021338431e-01 9.997552631543255020e-01 9.995922115804917185e-01 9.997366230692946720e-01 9.997054312226504313e-01 9.997483059794688431e-01 9.997471796218661000e-01 9.997040496634925777e-01
9.998663261586757667e-01 9.993483994038621088e-01 9.996791527106704267e-01 9.994747222459705593e-01 9.996604387342202802e-01 9.996579523209938589e-01 9.989031244291661782e-01 9.995044224355645879e-01 9.988771015028561351e-01 9.989954976571872036e-01
9.992007087175319713e-01 9.962384130189559928e-01 9.995101463735700520e-01 9.997385083513957715e-01 9.987511045707113677e-01 9.997666663210800220e-01 9.996049135062679003e-01 9.990802257095995342e-01 9.997105780994766100e-01 9.991343080342207639e-01
9.995949904808137942e-01 9.989336617749464686e-01 9.996842617105812234e-01 9.997468061215830648e-01 9.994867783784998627e-01 9.997385678570325229e-01 9.997573818453610039e-01 9.997244024906295490e-01 9.997496600468130934e-01 9.989403335768356484e-01
9.997287656400074551e-01 9.987039245833252421e-01 9.978597091130583241e-01 9.991568293050311356e-01 9.993282092918622794e-01 9.997759992844696963e-01 9.987090356193093488e-01 9.995951320220158864e-01 9.990592317630232477e-01 9.996921458924435955e-01
9.995472181334612571e-01 9.993739624230931762e-01 9.994678016365668993e-01 9.993393576945924783e-01 9.991860537564661859e-01 9.996402842266023381e-01 9.996584818251518234e-01 9.990894317223436571e-01 9.991742554359458461e-01 9.998031663582136463e-01
9.998033966245872817e-01 9.997609478455736776e-01 9.991504726844849804e-01 9.996386928419422890e-01 9.996966734213105221e-01 9.991740423082152711e-01 9.996793953812104228e-01 9.984756054876158249e-01 9.995232174369449440e-01 9.993984200672499929e-01
9.997627270196209892e-01 9.991259372704609509e-01 9.994107292502006912e-01 9.995004533675473368e-01 9.996827306261522050e-01 9.991632334859208431e-01 9.997770846088568364e-01 9.992953281260871234e-01 9.991342683354290655e-01 9.988382646062025083e-01
9.996353514361724368e-01 9.994712817795450288e-01 9.989801085534988356e-01 9.997413339197572801e-01 9.971979651090848717e-01 9.993550369243558995e-01 9.997027247939956895e-01 9.997818327602439048e-01 9.982489344515571572e-01 9.997076664600134110e-01
9.993326259822813418e-01 9.996026178430134079e-01 9.987029357816700204e-01 9.994514039506715575e-01 9.995521140671910221e-01 9.996348997878754528e-01 9.988197352421127606e-01 9.996224459442373256e-01 9.996672609037773327e-01 9.995536650174975390e-01
9.993279382269665279e-01 9.995596798616375178e-01 9.995333418824627891e-01 9.994635821013114763e-01 9.996382801964404097e-01 9.994079453482602737e-01 9.995447084118429526e-01 9.993306651310630562e-01 9.994336254441507084e-01 9.996727889065927242e-01
9.997016591039015188e-01 9.988899485044894222e-01 9.992843777966726737e-01 9.984647601915001003e-01 9.996795602732105879e-01 9.996990562890446519e-01 9.996032378088040016e-01 9.992148308195161199e-01 9.987850132686850735e-01 9.997004781547532692e-01
9.993986512776580344e-01 9.997315787384951635e-01 9.996704776382279167e-01 9.990106995098113618e-01 9.993129732890683181e-01 9.997496407150120445e-01 9.995655152380403807e-01 9.996188707296508325e-01 9.996173288844107940e-01 9.996616424869450013e-01
9.982770704573450393e-01 9.982134717416826231e-01 9.987557951145079604e-01 9.996478310978949011e-01 9.997953610627920984e-01 9.991012948214315070e-01 9.997486991460754480e-01 9.985476131805212097e-01 9.997024325148670121e-01 9.994784459335862570e-01
9.991912396250421935e-01 9.997502798222431819e-01 9.994177410714868426e-01 9.997667193671491148e-01 9.995833519061192440e-01 9.993587669638666071e-01 9.987690363403014526e-01 9.988072829760701321e-01 9.997279428233760701e-01 9.996792742792058872e-01
9.990899719984258631e-01 9.997507846809949861e-01 9.997001979200537125e-01 9.989395390646448325e-01 9.998033813801561198e-01 9.998283301129999856e-01 9.996209048096361682e-01 9.997580022089789242e-01 9.997755265776748779e-01 9.992796702011562671e-01
9.984471955372044016e-01 9.996641505511156822e-01 9.953731836710332237e-01 9.996861835961450282e-01 9.996582096296774411e-01 9.990270866275253736e-01 9.993995591594868610e-01 9.997450558868732351e-01 9.992388104291850537e-01 9.997131142227350109e-01
9.995226453896308705e-01 9.989693196978054468e-01 9.986687809671490612e-01 9.994039673127016465e-01 9.984276347618969982e-01 9.998335087096780205e-01 9.988432117583153635e-01 9.997949226261640954e-01 9.996689546920078939e-01 9.990909321052245939e-01
9.997814947834318122e-01 9.994501887861967360e-01 9.993000382990088193e-01 9.995932133949917420e-01 9.997387649057138947e-01 9.986085941505841168e-01 9.997709086834939418e-01 9.995844576483805533e-01 9.986195015007253151e-01 9.982513943809705470e-01
9.996460643466368312e-01 9.995505207937475101e-01 9.996450446239615317e-01 9.987475135247502189e-01 9.996893149028432957e-01 9.997381225306204433e-01 9.996403325744647184e-01 9.997439297647375822e-01 9.996230830656608335e-01 9.994502582632510679e-01
9.994499450477580815e-01 9.996894270618816858e-01 9.990846267998968466e-01 9.991994128942369713e-01 9.993517228113569795e-01 9.993216795681330034e-01 9.996495945490845303e-01 9.994297974637742499e-01 9.997093223678320539e-01 9.986954952098653360e-01
9.993801003549249717e-01 9.989267221280676567e-01 9.984494323184217590e-01 9.988145859281027938e-01 9.993450290142015247e-01 9.997212633620909950e-01 9.996338320058233418e-01 9.984394058499568292e-01 9.994219551427372394e-01 9.965259649988376101e-01
9.998701381756120998e-01 9.972634699239670830e-01 9.986614138201747037e-01 9.998552458893233963e-01 9.993530411300097782e-01 9.992680862209825099e-01 9.973232486351615300e-01 9.995877830053463420e-01 9.997973882557815717e-01 9.992843266158004667e-01
9.971802861875235235e-01 9.954669570382602695e-01 9.996814662385523631e-01 9.996580189754051826e-01 9.996990852308276221e-01 9.992039683971889463e-01 9.983213659091503267e-01 9.995132922460182590e-01 9.990262601873338699e-01 9.996147168590482357e-01
9.991563200389503852e-01 9.993235815006014100e-01 9.992558974093689317e-01 9.996544956963591133e-01 9.991004913437387946e-01 9.996473967821661866e-01 9.986867672408006325e-01 9.996650535457826114e-01 9.995930339974697931e-01 9.997281705045598654e-01
9.998285866784046849e-01 9.988771267640095264e-01 9.997570264413891961e-01 9.975389299549723976e-01 9.998638633681666832e-01 9.943167684521165839e-01 9.997144874134046288e-01 9.988175324351100670e-01 9.997209132728557268e-01 9.987669632017718291e-01
9.998051149018155614e-01 9.996320743045555846e-01 9.990636354019133414e-01 9.993893828669200285e-01 9.998248979755740562e-01 9.997654854355535470e-01 9.991728446734319258e-01 9.989602686548256782e-01 9.996123630545847849e-01 9.996944504371185758e-01
9.986435116622729424e-01 9.991813950093350050e-01 9.977334080781169456e-01 9.995195160684869906e-01 9.997749021907332834e-01 9.997015992701283604e-01 9.998629682667161678e-01 9.998223479951966475e-01 9.993382513025107494e-01 9.997634223362255046e-01
9.996935886948360439e-01 9.984502340994497738e-01 9.988287082567585129e-01 9.985366539986354484e-01 9.997159323029246591e-01 9.970430211091019235e-01 9.977051288790612649e-01 9.994218628508567681e-01 9.996061498054941152e-01 9.996916432354575610e-01
9.996131817846681811e-01 9.994311907722218669e-01 9.998783828886808056e-01 9.997392331870471605e-01 9.994575134021518314e-01 9.997537636872907418e-01 9.992459180940765906e-01 9.997347020045009858e-01 9.996534225248645544e-01 9.997709029412611415e-01
9.993635321941266580e-01 9.998203682729813746e-01 9.985773119584715474e-01 9.994242232372037016e-01 9.997526426892515694e-01 9.989711361422571878e-01 9.995611396003962756e-01 9.991327334735670140e-01 9.988096610149528320e-01 9.995159599612637447e-01
9.997930942384044561e-01 9.993570457049839595e-01 9.985460198909684726e-01 9.982228096407548268e-01 9.995871389805273122e-01 9.995036851904561814e-01 9.997651433754778383e-01 9.997507842696562452e-01 9.995853144605869600e-01 9.991237859337119831e-01
9.982703706137360244e-01 9.987006243132364736e-01 9.985108114209706454e-01 9.995898010157525659e-01 9.925703747764960116e-01 9.995597369648855368e-01 9.917366845869651781e-01 9.995492463913409065e-01 9.996506113453310638e-01 9.998174473080998492e-01
9.997244305605964554e-01 9.995291855984315132e-01 9.997475866051979132e-01 9.994360824261896425e-01 9.995894123382558227e-01 9.981974848910959430e-01 9.996311909755362102e-01 9.991387735347312393e-01 9.986669569589358142e-01 9.995350177016284476e-01
