9.996942227449276963e-01 9.996258488275002740e-01 9.996712472322542009e-01 9.995848680880323744e-01 9.997636218831980059e-01 9.996458928464636573e-01 9.993475741649684441e-01 9.997932259254609377e-01 9.994357716248333245e-01 9.996696669575975136e-01
9.996767203289288473e-01 9.998084304121523935e-01 9.989697567342833429e-01 9.994928914697626121e-01 9.986172431504761748e-01 9.998339126609629979e-01 9.995523828618209095e-01 9.996363858168955119e-01 9.991571279976931841e-01 9.995764791998548171e-01
9.993450456439419982e-01 9.994169166506774449e-01 9.997815024419892671e-01 9.997192458413772798e-01 9.988731003977719958e-01 9.995300083746377906e-01 9.997510768470463383e-01 9.996285192613648674e-01 9.990489336620922423e-01 9.996161693492963130e-01
9.994648801986837361e-01 9.997956613409946236e-01 9.992425307588699290e-01 9.995364609074267603e-01 9.997133904008714822e-01 9.991769502525095215e-01 9.996059750954930934e-01 9.998221750019785636e-01 9.996895757100396906e-01 9.998344013262937535e-01
9.993908536711270107e-01 9.997471489242959475e-01 9.996531013770036944e-01 9.995517210777425943e-01 9.993895843341358276e-01 9.985686492149932203e-01 9.994862980460492707e-01 9.997461721662841416e-01 9.996893857987032561e-01 9.998393589754289712e-01
9.997481333314074403e-01 9.997142875457011302e-01 9.997315270690657618e-01 9.993631298158520693e-01 9.996614206803032809e-01 9.992810844653764457e-01 9.990960869549948553e-01 9.997926056949395512e-01 9.993192004909037252e-01 9.985980412444193099e-01
9.994461243601526768e-01 9.995467198354528460e-01 9.995912962855805217e-01 9.996809819944677544e-01 9.995518446910526267e-01 9.988977104800215168e-01 9.995871515321224088e-01 9.994723641221452404e-01 9.991743142520037591e-01 9.998058757956068687e-01
9.996069024317946194e-01 9.998197159538922962e-01 9.996796443609978766e-01 9.990502067038311562e-01 9.998578969194422683e-01 9.995119182727940643e-01 9.990774272376794496e-01 9.998714352199614686e-01 9.997408175060616964e-01 9.996227278654545856e-01
9.993024852908949374e-01 9.998086159936889761e-01 9.989977686768863885e-01 9.998117118214013832e-01 9.997659631489901333e-01 9.982440986403234850e-01 9.996993745382493080e-01 9.995021762383091701e-01 9.995801510893959074e-01 9.998331629854408931e-01
9.996742953488630956e-01 9.996931674256557265e-01 9.994678093153396281e-01 9.994872762556953338e-01 9.996853304108328508e-01 9.994867787039577456e-01 9.997512446428803434e-01 9.995980020694017476e-01 9.996754392059304939e-01 9.995614730520586688e-01
9.992362933641204537e-01 9.996320379681371548e-01 9.997226348903489601e-01 9.993967607642003648e-01 9.998337490273581096e-01 9.998274210206511414e-01 9.997769908624779545e-01 9.998089556890882301e-01 9.996676696112675176e-01 9.972368067529771007e-01
9.994265790551246642e-01 9.996303729799046467e-01 9.992798918750045445e-01 9.996502330504463130e-01 9.992666873065365607e-01 9.995064478462739599e-01 9.996903404733795684e-01 9.992720644553567677e-01 9.949222259824256342e-01 9.998219746745664605e-01
9.996868005609733654e-01 9.998252924934478703e-01 9.996729166835036651e-01 9.993467562850113506e-01 9.997469605426078099e-01 9.996923191728248614e-01 9.998489654940475591e-01 9.996514286166199303e-01 9.996735790962297807e-01 9.997036207059422086e-01
9.981347261275098637e-01 9.996438572713410853e-01 9.998844338273337184e-01 9.996947993966219803e-01 9.995877418325352926e-01 9.997718513902310589e-01 9.997547926436816113e-01 9.998223457664885405e-01 9.996559107747511330e-01 9.997641518440330000e-01
9.997331257176538255e-01 9.995029778762012374e-01 9.992562076164027696e-01 9.997939215391465906e-01 9.996723676461393149e-01 9.997383022355217363e-01 9.997879201440358354e-01 9.995335143071234496e-01 9.988970699049475321e-01 9.996647153114505135e-01
9.996935931415765753e-01 9.995904055238978847e-01 9.995883201799335982e-01 9.993685917940172692e-01 9.995199232054887695e-01 9.994327953364091632e-01 9.991480748630062747e-01 9.995999107884282475e-01 9.996541192703255474e-01 9.995232292226758908e-01
9.998262615402230269e-01 9.992688772386386642e-01 9.996520076178009306e-01 9.998020333370190027e-01 9.993061140689984967e-01 9.998288097941175900e-01 9.997269268362170003e-01 9.998580134968750865e-01 9.987578665921692522e-01 9.998172928996468256e-01
9.996625303821711217e-01 9.997759369585850209e-01 9.998066496213560139e-01 9.996840647073600428e-01 9.997033619385501391e-01 9.997333443741923675e-01 9.988189820695650978e-01 9.988101331264250815e-01 9.998334680245449801e-01 9.992038827705980175e-01
9.991947820384473600e-01 9.997667059907202614e-01 9.996534681376996190e-01 9.995834094741260500e-01 9.990759992846673931e-01 9.995811236481439988e-01 9.997771915168229828e-01 9.994821995051338392e-01 9.996021700380397501e-01 9.994556455038245968e-01
9.995407635779482991e-01 9.996163579862067383e-01 9.998572351091223886e-01 9.998575066706362202e-01 9.998567975123151541e-01 9.997187814874909373e-01 9.972370201891654906e-01 9.996639100875081008e-01 9.998371317491328014e-01 9.997566716563899281e-01
9.995475963765906302e-01 9.995483230943783548e-01 9.995352398746768507e-01 9.994766442480604862e-01 9.993719197226152984e-01 9.990018444352538607e-01 9.994871680829712224e-01 9.997800546084160134e-01 9.995930451768728631e-01 9.993179966217082821e-01
9.998656703626127573e-01 9.998257926535322193e-01 9.995664518452584968e-01 9.998978499752614324e-01 9.994140144087761968e-01 9.997058923252818419e-01 9.996547128085401246e-01 9.998577862061502897e-01 9.997173618768083747e-01 9.998133096932825259e-01
9.995283202790100630e-01 9.993719049055195258e-01 9.996637120061250270e-01 9.993778842975385990e-01 9.993416716137273337e-01 9.990336558794126187e-01 9.991682085774892252e-01 9.995595270002196608e-01 9.989141157656686865e-01 9.995863813451713042e-01
9.991873428180996219e-01 9.993679711782887942e-01 9.996855448320195459e-01 9.990645233003218051e-01 9.997548420003867786e-01 9.993609928643006901e-01 9.995794598781700957e-01 9.992718812023703157e-01 9.967681293538577236e-01 9.997030796230109706e-01
9.992660440841110159e-01 9.998579861648136946e-01 9.996605142617419615e-01 9.997512120191118790e-01 9.996838786859986170e-01 9.996951284076543987e-01 9.995929426653202832e-01 9.994534919625848168e-01 9.996087543136640274e-01 9.997747640840375372e-01
9.988169580132144620e-01 9.995918479298799841e-01 9.991658348081380314e-01 9.993793674131586924e-01 9.996897029810449808e-01 9.996339619739048610e-01 9.996657272654176918e-01 9.996843097690368829e-01 9.987385339950887175e-01 9.997315987267356707e-01
9.994873132852304387e-01 9.996787910545347211e-01 9.996174483046947890e-01 9.996555371475566165e-01 9.998013895703162790e-01 9.990617192404932512e-01 9.994851863345273202e-01 9.996834347320205927e-01 9.996108177797873307e-01 9.994526888261326958e-01
9.942485681227307692e-01 9.995624438048672511e-01 9.998306506695338047e-01 9.993949193683202559e-01 9.997332719595549699e-01 9.994400092469191144e-01 9.996136656256507935e-01 9.998472361279587828e-01 9.996551800948052513e-01 9.996982988657717728e-01
9.993448804331652724e-01 9.992831429595666615e-01 9.991935096883791667e-01 9.995511496436699783e-01 9.997406629869368677e-01 9.997034642691328132e-01 9.994428319771672120e-01 9.996142309305858786e-01 9.998386078587544468e-01 9.997413726732582440e-01
9.996238614371042441e-01 9.994504249487482506e-01 9.998944421427733431e-01 9.995665000726517979e-01 9.990062804229818960e-01 9.997807854428282237e-01 9.997723019668975919e-01 9.996790746193237043e-01 9.995648600455414590e-01 9.995391281793138960e-01
9.997253875920878441e-01 9.995127331502235979e-01 9.995582166579031203e-01 9.995818206063504796e-01 9.994775617970946824e-01 9.995953043540366512e-01 9.995268451127460319e-01 9.997161538700297667e-01 9.995777212644703091e-01 9.997184799861242865e-01
9.996797466646890618e-01 9.996433769580366224e-01 9.995627182914177400e-01 9.994088608031944654e-01 9.997729185077031122e-01 9.998173324356156577e-01 9.997736002562783719e-01 9.995848313273949515e-01 9.997798736432200739e-01 9.996144743540360533e-01
9.997600879992017964e-01 9.996353197145656511e-01 9.996302120028055516e-01 9.996285075020716615e-01 9.996714735608723812e-01 9.998105461463452359e-01 9.994742185339476892e-01 9.994523447637181368e-01 9.997884038445945531e-01 9.992795940004435273e-01
9.994770756539373968e-01 9.984371855002467377e-01 9.998263875742874340e-01 9.997823641349142809e-01 9.998509463543091558e-01 9.994611593152201712e-01 9.998639809165692505e-01 9.996349303905168737e-01 9.990164714733450468e-01 9.996537310617316097e-01
9.996013920344754000e-01 9.996284298400484047e-01 9.994378864692878839e-01 9.995365716758028984e-01 9.996850634876198738e-01 9.996936646352232447e-01 9.997884432685434364e-01 9.995729704436266960e-01 9.995012742753620616e-01 9.998398014136757883e-01
9.997506436571413913e-01 9.995699998091480687e-01 9.999117641123974609e-01 9.994424235874586060e-01 9.995829318709864575e-01 9.994274194284876733e-01 9.993611939390082410e-01 9.990707551623937421e-01 9.997780219144989378e-01 9.992473734900770843e-01
9.996962601456398367e-01 9.997716473028702699e-01 9.998229614129902076e-01 9.996200491520013109e-01 9.998298583565237152e-01 9.992556876430447321e-01 9.997339795674481389e-01 9.996652787652502425e-01 9.995623378774008971e-01 9.998069388330105278e-01
9.998145538304193947e-01 9.996512558774658386e-01 9.998133389833302465e-01 9.991350996171090015e-01 9.996139051526646835e-01 9.996650738375515433e-01 9.998060111035597108e-01 9.996095113747436312e-01 9.989495776399311966e-01 9.997272757856621173e-01
9.998802163234805640e-01 9.997234229836162722e-01 9.993093585987190552e-01 9.994491130568261550e-01 9.996596504546180206e-01 9.997522305973230994e-01 9.995634151645230725e-01 9.994516341328706366e-01 9.994342432485904260e-01 9.997742082556466681e-01
9.998611668492516369e-01 9.997338560178786748e-01 9.996092842694558334e-01 9.990960219526388020e-01 9.998044210407308618e-01 9.995837414354862283e-01 9.996342227945671510e-01 9.992708972092717579e-01 9.995579663325552255e-01 9.997358903870950941e-01
9.997380185156090615e-01 9.998803192082300617e-01 9.992563637660319964e-01 9.957392774489967069e-01 9.984109469140468596e-01 9.997942250267581876e-01 9.994924346157809669e-01 9.990289702196635258e-01 9.997326822641987576e-01 9.997183141607696166e-01
9.993364953137244822e-01 9.997978469109061184e-01 9.995160769963900016e-01 9.995602082217260875e-01 9.997475150509678166e-01 9.997522487903950372e-01 9.997837006337333410e-01 9.998210215980201099e-01 9.997725208388866802e-01 9.994862835581230787e-01
9.996397580148349560e-01 9.998098064909305416e-01 9.993090345053839973e-01 9.996996794893066030e-01 9.998628612590556575e-01 9.997742913143140564e-01 9.996362792010999865e-01 9.995921144052254403e-01 9.997807665067796057e-01 9.996449218438716589e-01
9.991008066317547121e-01 9.997009574656676723e-01 9.997336808869602409e-01 9.994207876501016719e-01 9.995855143943724874e-01 9.996107445920646706e-01 9.996572215302031994e-01 9.997082739918289329e-01 9.996677704095240369e-01 9.996261580886043330e-01
9.997779171400283937e-01 9.978208480273266234e-01 9.993622002450027741e-01 9.997130571604934124e-01 9.995175623682557298e-01 9.997709678823006874e-01 9.996624880223308196e-01 9.998110580173696915e-01 9.995953054111142988e-01 9.996829124265974587e-01
9.997080208622728392e-01 9.992052628009358006e-01 9.995394674126945045e-01 9.996645249092261931e-01 9.998066737730064713e-01 9.995314067611521525e-01 9.985767954914791522e-01 9.997050323484281131e-01 9.992397930123552152e-01 9.998706019805867484e-01
9.995258707590284342e-01 9.986033784276963088e-01 9.997851066604872550e-01 9.998414730527412919e-01 9.996751671484003232e-01 9.993250453551552059e-01 9.993212463931947509e-01 9.998756413444717106e-01 9.996085687842043432e-01 9.998079568515174653e-01
9.996694685078769682e-01 9.997322546781983732e-01 9.993665589926784554e-01 9.996887044999647198e-01 9.993602736847931878e-01 9.998371844988809265e-01 9.996557407718354993e-01 9.996853322977382605e-01 9.993093562217125747e-01 9.994588224601530513e-01
9.998504612384472301e-01 9.994830352773442783e-01 9.998329198145231578e-01 9.972241809643234145e-01 9.992982951390532165e-01 9.995064648972592503e-01 9.986765182741549340e-01 9.995840507596743807e-01 9.995213671984254367e-01 9.991226775209073319e-01
9.996187026103459106e-01 9.996513964580274747e-01 9.996069710625969940e-01 9.997789657464053459e-01 9.996371682506488554e-01 9.989851726734771953e-01 9.998381921254770877e-01 9.997653871760419086e-01 9.992072903037290121e-01 9.994351827874727867e-01
9.997011331881248131e-01 9.995971615252322584e-01 9.997517272791822673e-01 9.996340382710207084e-01 9.996803492568897553e-01 9.990119409257668392e-01 9.993312476747241435e-01 9.995791591529900044e-01 9.997809835240623055e-01 9.994780552238473614e-01
9.998026407811950733e-01 9.990949414096668146e-01 9.992868520776544417e-01 9.995702957066355809e-01 9.983586564789590501e-01 9.991767907120404635e-01 9.997844617188196281e-01 9.997340024160742411e-01 9.997134353976830923e-01 9.988306673239470967e-01
9.995308710496916271e-01 9.993711508217574258e-01 9.993138756660817634e-01 9.995638682780549900e-01 9.998067085730367731e-01 9.992729972861197352e-01 9.998004169272752817e-01 9.994735476311625844e-01 9.997368761424975103e-01 9.997163223175203894e-01
9.993848653554199268e-01 9.995619709089077487e-01 9.994426122138202473e-01 9.996671504307351741e-01 9.994927833190128119e-01 9.995784736688376748e-01 9.991169467826149786e-01 9.996303323271769070e-01 9.972462206858010436e-01 9.995154166766407888e-01
9.994965358582055259e-01 9.994105946958049547e-01 9.997764762232584923e-01 9.990474447771302557e-01 9.997160232315041029e-01 9.995491001316423318e-01 9.996107288546095537e-01 9.996648482194859797e-01 9.996216349419027036e-01 9.998828811492604940e-01
9.998083952621913406e-01 9.988697293609600791e-01 9.993592467761110987e-01 9.996419942829914973e-01 9.996551313955133189e-01 9.974474313903544109e-01 9.997235465585444514e-01 9.996485848818128517e-01 9.994572612645765686e-01 9.997667141361054055e-01
9.997809918809488217e-01 9.994268650284351407e-01 9.995464014881269010e-01 9.991051165745525875e-01 9.995925934811903391e-01 9.995046408990162501e-01 9.997034712420228564e-01 9.998326888310328231e-01 9.998982754384935223e-01 9.994942452371682329e-01
9.993299293626994872e-01 9.994129621124419049e-01 9.997495868259731466e-01 9.993031865701211824e-01 9.995257218155435552e-01 9.994571662343453289e-01 9.996251123304280561e-01 9.997310718600573853e-01 9.996271680337739385e-01 9.996069183229239208e-01
9.996730668057144387e-01 9.996181899322792441e-01 9.997429791180763026e-01 9.998126229042589852e-01 9.996323353641378695e-01 9.998738042733786857e-01 9.983500019978767126e-01 9.996598743415454624e-01 9.988626168869461086e-01 9.997061509851632444e-01
9.996790180659762548e-01 9.990600215321807642e-01 9.991061533430295460e-01 9.997016892444258174e-01 9.996733012190424095e-01 9.996000590327167590e-01 9.992593492730263982e-01 9.995368941344860980e-01 9.997731537558233184e-01 9.994232801481098827e-01
9.997540931929310704e-01 9.995572126538366797e-01 9.990185452668493005e-01 9.998314909933987416e-01 9.996516769981564909e-01 9.998414041190613055e-01 9.998469479787750469e-01 9.997075852776140525e-01 9.995144672495133165e-01 9.996594695518714602e-01
9.998407787364990140e-01 9.992441398675608877e-01 9.996063353438769949e-01 9.994772995099591162e-01 9.996679154184031635e-01 9.996728685634062028e-01 9.995160869208531418e-01 9.995310895027538223e-01 9.998265445231703241e-01 9.996331653194246991e-01
9.998768933832030692e-01 9.994873180408566649e-01 9.997861755807607720e-01 9.997404617949674499e-01 9.994587614907566309e-01 9.996367949280414722e-01 9.995828430378280727e-01 9.997470651179836132e-01 9.996947286432024127e-01 9.998250910257376889e-01
9.998862490192006458e-01 9.994826726529892902e-01 9.947042168033365384e-01 9.995595634771440308e-01 9.997836923841378898e-01 9.994806158059749146e-01 9.996106633574417533e-01 9.994162396048322794e-01 9.997325147087205988e-01 9.995929316303633350e-01
9.997911255457203605e-01 9.986938647227052712e-01 9.998499834617260440e-01 9.997273067872972652e-01 9.998884262270220091e-01 9.998635705002800744e-01 9.995878209503170631e-01 9.995884285607008479e-01 9.996998181052083599e-01 9.997324652919035159e-01
9.996764690279750232e-01 9.992131826873805744e-01 9.997794740645927769e-01 9.998413465614585105e-01 9.987124441506315398e-01 9.996498920362472118e-01 9.998162506071605060e-01 9.990446501468713825e-01 9.998061649824802055e-01 9.997182475025937487e-01
9.991484103726337995e-01 9.988454566955846659e-01 9.993371898406117060e-01 9.991251593813840204e-01 9.991327405466307043e-01 9.997514901635997653e-01 9.997397519689282808e-01 9.996791499051700391e-01 9.995074864047343022e-01 9.996280744579129074e-01
9.992107367942281160e-01 9.990215565049295199e-01 9.997990277775078427e-01 9.990601144522196497e-01 9.997205229539214422e-01 9.998359145695195904e-01 9.995710763177101388e-01 9.997386379735692108e-01 9.997150342214687901e-01 9.993075409728054970e-01
9.998879395676187887e-01 9.997231466410887446e-01 9.997846820648638166e-01 9.997002743189042917e-01 9.998668389289688818e-01 9.998690115888877461e-01 9.992395650625294223e-01 9.992175033519909988e-01 9.997708771221738289e-01 9.993089893205611141e-01
9.995439958436820316e-01 9.993932988496679881e-01 9.995504027032959815e-01 9.996176167671848578e-01 9.996723725386911230e-01 9.990047176109839722e-01 9.989843461863988638e-01 9.995384433410501313e-01 9.996166325893969251e-01 9.994405387995305423e-01
9.997899726254046993e-01 9.995706534967480072e-01 9.994005730685678879e-01 9.998072950707553863e-01 9.998918822270045359e-01 9.985642439113038282e-01 9.994322402962037000e-01 9.997571980879994546e-01 9.990179415325295409e-01 9.998654696265071307e-01
9.992276616326626337e-01 9.998049427076480811e-01 9.997653973538183081e-01 9.997258221653589905e-01 9.995903175764957460e-01 9.997863662688948327e-01 9.997218967399390532e-01 9.996557165264425837e-01 9.994972972765262531e-01 9.995904514543869634e-01
9.996710159240763671e-01 9.998276156479301013e-01 9.996322032438051952e-01 9.990426705074997304e-01 9.997948766326777426e-01 9.994302352690783708e-01 9.994119975075631546e-01 9.995813858361245474e-01 9.992851783484528738e-01 9.998199757352911332e-01
9.996578589045056473e-01 9.995916004580831515e-01 9.985640598116116706e-01 9.993525988362047530e-01 9.996717824871165226e-01 9.995149709776185443e-01 9.997187147486198411e-01 9.941399569704557626e-01 9.983087765107920841e-01 9.997256952477926450e-01
9.996707280745087409e-01 9.995763001416657634e-01 9.998157845018771361e-01 9.994039429057525181e-01 9.993175918529767499e-01 9.998158377157888577e-01 9.996247289184977403e-01 9.996136634951887645e-01 9.997501018738744749e-01 9.988378218116321650e-01
9.994968164399347099e-01 9.996767933846117948e-01 9.996976255154208513e-01 9.998928071193912137e-01 9.994868179254644547e-01 9.995491680680966828e-01 9.996439586322204418e-01 9.998601761944797550e-01 9.994932397449722838e-01 9.996043704563997156e-01
9.996066445019673452e-01 9.994609943445614819e-01 9.993196798698935623e-01 9.991340533488660691e-01 9.998494612480038901e-01 9.997522165514729497e-01 9.997359203413648254e-01 9.992755907428222395e-01 9.994397192242395755e-01 9.996971117289780162e-01
9.995635571823983101e-01 9.997768192750492444e-01 9.996225618325570439e-01 9.997207655117357206e-01 9.998075174554105216e-01 9.985716909012219977e-01 9.984953542039249896e-01 9.996190752129870960e-01 9.997674334334251123e-01 9.997854412872844154e-01
9.995565365908086752e-01 9.994252975809384543e-01 9.997961931316298179e-01 9.990995772079607207e-01 9.993572325194667316e-01 9.998228643351254608e-01 9.993369153915837577e-01 9.996435963421994586e-01 9.996205840987650859e-01 9.997337894831106464e-01
9.995565810718941568e-01 9.995332432098268383e-01 9.994490265687525632e-01 9.997398434164608272e-01 9.994031622874257614e-01 9.995219366693064433e-01 9.994741762743474256e-01 9.998478177330855088e-01 9.996680775096761229e-01 9.995241018842644376e-01
9.981865508566327705e-01 9.994206918311832055e-01 9.983847909071876803e-01 9.993957077662533051e-01 9.995774038772574643e-01 9.992362149359156342e-01 9.994320306702685341e-01 9.997725908612988821e-01 9.988551951675785912e-01 9.991783343204002632e-01
9.998389398698629416e-01 9.992405894009944722e-01 9.996601744719956217e-01 9.997828375491938369e-01 9.995819946464760131e-01 9.997099665041397909e-01 9.997714303833534766e-01 9.997291365213717418e-01 9.998030750063391370e-01 9.995387089524965241e-01
9.996859752350423234e-01 9.996410935397588293e-01 9.998040290546310604e-01 9.997469965089927912e-01 9.997252478099226680e-01 9.998248664986526535e-01 9.995232964748522742e-01 9.996455695568631228e-01 9.995763533831889536e-01 9.996988343483337314e-01
9.996665855187031324e-01 9.996139609605591003e-01 9.996017070815459427e-01 9.990278150776743527e-01 9.996777928925916212e-01 9.998599546666854243e-01 9.998979401293158764e-01 9.996712115863000125e-01 9.992989690085634091e-01 9.989460576753547150e-01
9.994682937577329396e-01 9.998123100715559097e-01 9.929015563194969474e-01 9.998748285913102718e-01 9.977884321017518321e-01 9.995104404718292423e-01 9.997632230896709160e-01 9.998445742973284256e-01 9.996833489916464588e-01 9.995089446257808818e-01
9.996210950536885687e-01 9.997644836353998254e-01 9.992001377933654727e-01 9.992739591739048244e-01 9.985054592582738309e-01 9.998226238591120252e-01 9.996747119838592655e-01 9.997357964071998948e-01 9.995702559521751907e-01 9.997613250619570291e-01
9.996528873571436380e-01 9.999093899836126731e-01 9.995269749863130437e-01 9.989128803565612280e-01 9.980955748070581279e-01 9.997817996710819388e-01 9.997544087796245149e-01 9.998516926164844332e-01 9.998821874987022795e-01 9.997651600530824689e-01
9.994263649019906603e-01 9.996011449179730279e-01 9.996225341714696233e-01 9.995466046138724581e-01 9.991639626342712077e-01 9.990415340396372468e-01 9.986505210132863297e-01 9.997769238689310223e-01 9.993660237623359643e-01 9.988616417342970344e-01
9.997772345268441940e-01 9.994580703973505731e-01 9.998731465246430972e-01 9.995641965408638141e-01 9.998560163164810222e-01 9.994378984588999648e-01 9.985829860846275885e-01 9.996854562548873613e-01 9.996928529492817850e-01 9.997007275141083227e-01
9.993337827149254560e-01 9.990472305555977428e-01 9.996178646175751803e-01 9.997316330943313289e-01 9.994498019615447593e-01 9.996749507789428613e-01 9.998143378783058699e-01 9.997290502498078490e-01 9.992882610574504998e-01 9.989891006196383039e-01
9.992677051576738245e-01 9.989126936232710641e-01 9.997668231814152984e-01 9.992066442516450708e-01 9.997363594585346735e-01 9.991884510636377392e-01 9.995943237592136432e-01 9.997231241739776841e-01 9.992164580616569314e-01 9.998184736090730551e-01
9.999050883238750353e-01 9.994107509661762645e-01 9.997015424108366410e-01 9.996837475270811124e-01 9.996021182162188046e-01 9.995259694457383493e-01 9.995566617872885251e-01 9.993640853858835049e-01 9.995548148641891784e-01 9.960734177776571219e-01
9.992675833280569853e-01 9.998560823131897868e-01 9.994359222813754551e-01 9.997944738774332540e-01 9.995805343821598798e-01 9.995557389935142423e-01 9.998450856331331238e-01 9.992796139522341914e-01 9.978851105694874768e-01 9.998217010233486635e-01
9.997869911109893426e-01 9.997652851251574990e-01 9.998031230778969825e-01 9.996298187731014195e-01 9.996308709246934932e-01 9.996511846319908745e-01 9.996645056432268417e-01 9.995701722726713090e-01 9.997535307560705409e-01 9.997159037168004136e-01
9.998266177889945094e-01 9.997265191250674921e-01 9.998576313938642990e-01 9.995388940345565354e-01 9.993677908599325477e-01 9.995830440870397959e-01 9.998567320961130322e-01 9.996334894805803950e-01 9.994537449278487751e-01 9.997586369148427909e-01
9.997885810339408597e-01 9.991824772908274310e-01 9.996808585062956221e-01 9.983391386485033214e-01 9.996380376316823524e-01 9.997484545070852713e-01 9.996533481759029005e-01 9.996868257844907513e-01 9.998561912375577565e-01 9.998272763372169081e-01
9.997246564215440667e-01 9.995620182063842396e-01 9.995608814070039427e-01 9.998119284371903559e-01 9.995374477780188949e-01 9.996262878363507687e-01 9.997681032043188587e-01 9.997272071046089392e-01 9.998688887652682489e-01 9.997778354769993880e-01
9.997681338218898928e-01 9.997187613570044373e-01 9.997255309584732741e-01 9.996779308718973800e-01 9.997409343044980634e-01 9.995339092733168673e-01 9.998142602289488146e-01 9.998114696161181092e-01 9.993988833128429894e-01 9.997699983724831485e-01
9.992139414027543243e-01 9.996113804668240732e-01 9.989839950093351018e-01 9.998298936088049205e-01 9.998399157534753057e-01 9.991549117009641545e-01 9.997558348612383128e-01 9.997895019641046543e-01 9.988559087800297220e-01 9.996407016426017700e-01
9.997008071308957078e-01 9.993950943186720171e-01 9.996591611342594552e-01 9.993794567145322105e-01 9.993420126706388240e-01 9.995741260846794374e-01 9.995125977322080191e-01 9.997483397414435036e-01 9.997073778558435153e-01 9.995503220208366013e-01
