9.999606752740231030e-01 9.998842728001519076e-01 9.999359214206390289e-01 9.999656364099644978e-01 9.999809218400609323e-01 9.999330059099359458e-01 9.999487533824478191e-01 9.999658514532513420e-01 9.999157796468169934e-01 9.999019047391715098e-01
9.999609301029841468e-01 9.999133366236615528e-01 9.999708171821475311e-01 9.990733956500769120e-01 9.999722733478235703e-01 9.999712596076875126e-01 9.999842616161684905e-01 9.999660872704826398e-01 9.999578381236821079e-01 9.999369159644416749e-01
9.999803381354656073e-01 9.997037198829706872e-01 9.999552173228197782e-01 9.999644700117433782e-01 9.999735717033916282e-01 9.999827999276253987e-01 9.999911385191168067e-01 9.989697645355067879e-01 9.999682181861462293e-01 9.999428653712576498e-01
9.999647636597480682e-01 9.998934952137590315e-01 9.999718263146903929e-01 9.999675477136932278e-01 9.999441537951407888e-01 9.999599322557377601e-01 9.999841139146812274e-01 9.999279242898329034e-01 9.999843815789769552e-01 9.999755510103213174e-01
9.999797729789521306e-01 9.999701127479218021e-01 9.999596890120969750e-01 9.999611593175701252e-01 9.999552151197078631e-01 9.999652005287424927e-01 9.999246641602690389e-01 9.999730698191394707e-01 9.999291213101021425e-01 9.999695167846949229e-01
9.999565113515490600e-01 9.999482557664670646e-01 9.999726605644766453e-01 9.998788655262577096e-01 9.999766974715026402e-01 9.999240114146800140e-01 9.998153685379549405e-01 9.999348867696535859e-01 9.999892560166407929e-01 9.999622906805715195e-01
9.999543574536199353e-01 9.999406183212773414e-01 9.999830082543315068e-01 9.998357473989565314e-01 9.999169377661940583e-01 9.999364409770763462e-01 9.999615848066205626e-01 9.999264831350389571e-01 9.999507850378345220e-01 9.999713099385604265e-01
9.999879684463320872e-01 9.999855621272282225e-01 9.999834817971465784e-01 9.999709249168429182e-01 9.999879172038593778e-01 9.999832430974170405e-01 9.999791646320573824e-01 9.999290094102389892e-01 9.999442398088723705e-01 9.999711889898545980e-01
9.999731669510059096e-01 9.999260090748500751e-01 9.999470173669193773e-01 9.999686173107595888e-01 9.999730461049421981e-01 9.998852528662368622e-01 9.999197332098531676e-01 9.999236165574544311e-01 9.999476816295669312e-01 9.999869600846086337e-01
9.999743776920710925e-01 9.999555833977874508e-01 9.999672393779232005e-01 9.999618095551546793e-01 9.999831410961268485e-01 9.999742488088568804e-01 9.999519845458960665e-01 9.999591110131316185e-01 9.999663941178270621e-01 9.998939230591892269e-01
9.999815273304737406e-01 9.999396215821505507e-01 9.999761018086049669e-01 9.999553381861826518e-01 9.999766529401160620e-01 9.999611724598068685e-01 9.999623923812516191e-01 9.999646582532313310e-01 9.998887037396657629e-01 9.999810717828568896e-01
9.999569022816320318e-01 9.999641648895980506e-01 9.999686445602915530e-01 9.999232770812830351e-01 9.998276431857081592e-01 9.998382325934077608e-01 9.999123741328200810e-01 9.998250442551731565e-01 9.999595549068415190e-01 9.999579226194909021e-01
9.999614257347313462e-01 9.999604721310313415e-01 9.999797543279581591e-01 9.999431220965733225e-01 9.999503142452208504e-01 9.999432153698764036e-01 9.999504815695191562e-01 9.999825673965456740e-01 9.999627356135213363e-01 9.999632320958515841e-01
9.999845863174507965e-01 9.999632799011591855e-01 9.999600003692087347e-01 9.999678108734942894e-01 9.999687005503313797e-01 9.998856495728206673e-01 9.998034684798436933e-01 9.999684445463039584e-01 9.998752224376894482e-01 9.999545399284379688e-01
9.998998751816815522e-01 9.997926667531920053e-01 9.999827800816145640e-01 9.999658110981594072e-01 9.991233071591693049e-01 9.998888306589922559e-01 9.999499268400066088e-01 9.999668478169245756e-01 9.999315125906138579e-01 9.997984478688358712e-01
9.999715450395754157e-01 9.999703307418748022e-01 9.999517295026429942e-01 9.999737302804091454e-01 9.999756037777763895e-01 9.999698939623522520e-01 9.999748842387707892e-01 9.999705811793023758e-01 9.999824816977830322e-01 9.999539157980097404e-01
9.998595138517042402e-01 9.999732760811723686e-01 9.999807212862730221e-01 9.999840931159943436e-01 9.999800529188264120e-01 9.999584816241695595e-01 9.999698981401219378e-01 9.999669744026027374e-01 9.999421822304069840e-01 9.999187557300877049e-01
9.999749156183793675e-01 9.999707618789511754e-01 9.999500594838516276e-01 9.999025044862399625e-01 9.999708733670966687e-01 9.998031432078311465e-01 9.999454010820588712e-01 9.999757904037107625e-01 9.998959325662910569e-01 9.999679780355901215e-01
9.999491224210882434e-01 9.999322172566185163e-01 9.999605204338708475e-01 9.999544031368513552e-01 9.999856529421914386e-01 9.999744120935567526e-01 9.999686941749769131e-01 9.999808634907887406e-01 9.999715061672739269e-01 9.999467838911910711e-01
9.999421373779272537e-01 9.999655243476034405e-01 9.999630383763843389e-01 9.999932155533031164e-01 9.999838331050243667e-01 9.999816415365774258e-01 9.999605226650764012e-01 9.999775252902926015e-01 9.999682233249743701e-01 9.999842954602782275e-01
9.998927026519845995e-01 9.999632643262865717e-01 9.998817186686613789e-01 9.999470661359066703e-01 9.999755856179816105e-01 9.999841482866356213e-01 9.999798015420574560e-01 9.999720437968787623e-01 9.999711434166662638e-01 9.999605118447175700e-01
9.999703531368631104e-01 9.999794487547482014e-01 9.999853834203478176e-01 9.999871230335780625e-01 9.999765297249353369e-01 9.999407525267767216e-01 9.999549192639015649e-01 9.999534201123074784e-01 9.999774676468463630e-01 9.999457577686695631e-01
9.999538386287158964e-01 9.999402692958662131e-01 9.999606856884251105e-01 9.999457891123273434e-01 9.999469572539022577e-01 9.999609313246947684e-01 9.999603493685960132e-01 9.999084945561750315e-01 9.999200135428165659e-01 9.999647377661855518e-01
9.999811446283596306e-01 9.999862884092601822e-01 9.999802533943774607e-01 9.999408245734425771e-01 9.999883907598184907e-01 9.999870110203159523e-01 9.999840120473109106e-01 9.999706474472741524e-01 9.995894631616850656e-01 9.999713826825558094e-01
9.999706778976880095e-01 9.999141473188387641e-01 9.999778599972272142e-01 9.999548252594674391e-01 9.999823192844747854e-01 9.998926987616263418e-01 9.999634904626301113e-01 9.999479631424865733e-01 9.999455116984652392e-01 9.999538528096666434e-01
9.999667422807362316e-01 9.999686216939366323e-01 9.999651343498447975e-01 9.999795382765055418e-01 9.999512815027106205e-01 9.999681939090977467e-01 9.999768384449391201e-01 9.999648087047293687e-01 9.999611744903904587e-01 9.999392903035705382e-01
9.999679996415427041e-01 9.999611063772811947e-01 9.999374317519492683e-01 9.999734774603391552e-01 9.999427874088927526e-01 9.999678938391941552e-01 9.999576223501062122e-01 9.999344991659643300e-01 9.999443245499628485e-01 9.999752951103224596e-01
9.999438310613245617e-01 9.999462289738505483e-01 9.999471646809908743e-01 9.999755938827827872e-01 9.999607079157617484e-01 9.999825546781256902e-01 9.999836120628873282e-01 9.999615019511463032e-01 9.999506764145438265e-01 9.999764222007104797e-01
9.999861371238116803e-01 9.999102178520475892e-01 9.999467458030937284e-01 9.999769128230441284e-01 9.999878997315195805e-01 9.999416899699123951e-01 9.996994045980679422e-01 9.999779653721613260e-01 9.999846490391167686e-01 9.999410162550257386e-01
9.999347552824141561e-01 9.999927746766517078e-01 9.999269936571101303e-01 9.999851685244018906e-01 9.999922602747729483e-01 9.999256036849457630e-01 9.999635344649893121e-01 9.999853521070195539e-01 9.999828182350940509e-01 9.999823671320923202e-01
9.999615568376877262e-01 9.999293694047877157e-01 9.999618606177947955e-01 9.999795327147170676e-01 9.999657481402692838e-01 9.999701961656589644e-01 9.999754712974906479e-01 9.999609979933575810e-01 9.999576283273399202e-01 9.999233914847009963e-01
9.999655995119319796e-01 9.999576585576220866e-01 9.999511797381092082e-01 9.999800625709376334e-01 9.999777146947698148e-01 9.999818584025437218e-01 9.999659929837404482e-01 9.998456237806230273e-01 9.999848229943678612e-01 9.999810557065214045e-01
9.999064283573543266e-01 9.999452142126784571e-01 9.999790033695160618e-01 9.999892897598039454e-01 9.999391037991403053e-01 9.999604515647462222e-01 9.998981428638384905e-01 9.999614639550101769e-01 9.999164423540322089e-01 9.999550779753110241e-01
9.999703574142505547e-01 9.999719895878705911e-01 9.999382963161553839e-01 9.999384463588694150e-01 9.999659259630386821e-01 9.999829481116375707e-01 9.999723180072432882e-01 9.999585569402364982e-01 9.999583387567336779e-01 9.999707719559951524e-01
9.999552690441128044e-01 9.999793975948104707e-01 9.999748088257905954e-01 9.999674607788437974e-01 9.998801030363144715e-01 9.999416231414269829e-01 9.999658281094871981e-01 9.998893322835886721e-01 9.999797836037307430e-01 9.999671124883157125e-01
9.999283593683988558e-01 9.999673684203925772e-01 9.999814893254656001e-01 9.999798219847654268e-01 9.999658112072229432e-01 9.999586678832819153e-01 9.998824437658265785e-01 9.999729862141134573e-01 9.999545757828962600e-01 9.999336665708996597e-01
9.999453308825152487e-01 9.999133464868259491e-01 9.999640771853073318e-01 9.999574160931030686e-01 9.999669187477212562e-01 9.999820594300892207e-01 9.999389535443983235e-01 9.999487586486375257e-01 9.999655488605179166e-01 9.999712576333450453e-01
9.999824051642118850e-01 9.998753100924565596e-01 9.999622527604606903e-01 9.999803662183748276e-01 9.999504241629907364e-01 9.999743536571246150e-01 9.999462292523116913e-01 9.998913484950806563e-01 9.999851386447768942e-01 9.999812476805707284e-01
9.999452875897323345e-01 9.999660017481085683e-01 9.999682453224834067e-01 9.999565086062297548e-01 9.999458692656982839e-01 9.999709675539240061e-01 9.999279689759937861e-01 9.999565497853367679e-01 9.999880943112875453e-01 9.999854979475926164e-01
9.999429081691679766e-01 9.999674624556450508e-01 9.999847777914191438e-01 9.999657350011311729e-01 9.999282889592124857e-01 9.999752690856861248e-01 9.999844107417794614e-01 9.999395211922592619e-01 9.999827146013764434e-01 9.999842166845182012e-01
9.999153347671430048e-01 9.999526788116502862e-01 9.999696580323745865e-01 9.999837902319590466e-01 9.998675108240095977e-01 9.999674307626541525e-01 9.998736022108359878e-01 9.999742970329101865e-01 9.998962343178836587e-01 9.999772883790228883e-01
9.999580305235665767e-01 9.999272484993559917e-01 9.998792322230961593e-01 9.999704768719330783e-01 9.999712598012097109e-01 9.999812457476594529e-01 9.999491247453528020e-01 9.999692457331014195e-01 9.999543444177944052e-01 9.999584639542716813e-01
9.999670183487054942e-01 9.999704719147327614e-01 9.999385009518100276e-01 9.999584343390505170e-01 9.999274429882646364e-01 9.999691687268688067e-01 9.998622030272377170e-01 9.999372949107568909e-01 9.999722269759722115e-01 9.999761143864225321e-01
9.999840389995137135e-01 9.998545861885018704e-01 9.999794107914924401e-01 9.999060642247589170e-01 9.998566944678539681e-01 9.999638044728534902e-01 9.999605788537142548e-01 9.999101938019314684e-01 9.997152661731222301e-01 9.999593178059710263e-01
9.999398335050174724e-01 9.999648079896860109e-01 9.999554097126505114e-01 9.998883132408421526e-01 9.999875353443311576e-01 9.998485965921944940e-01 9.999746396575271978e-01 9.999449218090505909e-01 9.999836054156850951e-01 9.999719129525543870e-01
9.999261491636768362e-01 9.999812454248491189e-01 9.999137209385225988e-01 9.999791483807434211e-01 9.999513140406877110e-01 9.999338764521606970e-01 9.999454151386549805e-01 9.999437212501903760e-01 9.999541417194718340e-01 9.999430693832446204e-01
9.999787491421044949e-01 9.999651009317145345e-01 9.999801666374907860e-01 9.999571372099205213e-01 9.999504719270070341e-01 9.999314787284899753e-01 9.999822014678848570e-01 9.999351238772437034e-01 9.999659574521102545e-01 9.998699814726887958e-01
9.999634412299354125e-01 9.999640485193874717e-01 9.999654997629938702e-01 9.999161599263151068e-01 9.999147388822402505e-01 9.999770626155536357e-01 9.999774690172928970e-01 9.999165754668826178e-01 9.999549024720436607e-01 9.999310525345191936e-01
9.999557761454981319e-01 9.999238222606912085e-01 9.999581068427281227e-01 9.999076411335106052e-01 9.999293191798024338e-01 9.999615426633942095e-01 9.999646022195354256e-01 9.999628123909282129e-01 9.999790030994860635e-01 9.999786098509040322e-01
9.999669310886430962e-01 9.999463635552038321e-01 9.997868014056938701e-01 9.999789883479397457e-01 9.999650732184826030e-01 9.999743436730115231e-01 9.999756922551509275e-01 9.999413451512095818e-01 9.999473554551544519e-01 9.999784881756242916e-01
9.998916014788855611e-01 9.999822797187065682e-01 9.998426870664802735e-01 9.999687356012715300e-01 9.999797103904100037e-01 9.999747482672636245e-01 9.999154562956331649e-01 9.999410540034999739e-01 9.998991885928190104e-01 9.999580385882076428e-01
9.999311093214008350e-01 9.998828473256482496e-01 9.999353737095105776e-01 9.999598565817219287e-01 9.997140254499558010e-01 9.999382097036021433e-01 9.999547347337206515e-01 9.998923280158296123e-01 9.999832006481113034e-01 9.999616904491823721e-01
9.998964286580039884e-01 9.999760194556481796e-01 9.999720089814400081e-01 9.999280650304047668e-01 9.999515396138219936e-01 9.999549701764995913e-01 9.999630907409066127e-01 9.999627192740103698e-01 9.999533281599884971e-01 9.999595731674475463e-01
9.999333614058298902e-01 9.999852403841098525e-01 9.999061172603008751e-01 9.999544613902200396e-01 9.999547886951406506e-01 9.999666174033493560e-01 9.999725740789707773e-01 9.999609616226770026e-01 9.999276517402155839e-01 9.999382152323810224e-01
9.999878210248709376e-01 9.999646202604994816e-01 9.999754591065429521e-01 9.999197333908834695e-01 9.999775238495730578e-01 9.999301078535313136e-01 9.999878269677364706e-01 9.999788986698857629e-01 9.999444197607409990e-01 9.999667234340597899e-01
9.999845834620758600e-01 9.999201799951644709e-01 9.999572561402089166e-01 9.999446046565028112e-01 9.999726808990638816e-01 9.999588660003396745e-01 9.999592049147022488e-01 9.999416999051411459e-01 9.999410205123947515e-01 9.999271005518977073e-01
9.999672611439189840e-01 9.999623557753871683e-01 9.999578841481374658e-01 9.999224491554774552e-01 9.999060352160720200e-01 9.999785456977424714e-01 9.999719692953639161e-01 9.999685493277593595e-01 9.999797684130169451e-01 9.999825608875899663e-01
9.999657172953602124e-01 9.999844723877087116e-01 9.999600986222011434e-01 9.999810364211143554e-01 9.999763632624715237e-01 9.999803187940704552e-01 9.999538051931962102e-01 9.998845219657364058e-01 9.999837225158456633e-01 9.999846922986724840e-01
9.999701115829480180e-01 9.999324849593445030e-01 9.999680599728041352e-01 9.999721910728621710e-01 9.999857550010826657e-01 9.998873369876799533e-01 9.999812254200660666e-01 9.999875660387871346e-01 9.999662803873855532e-01 9.999802435701997672e-01
9.999867004065544629e-01 9.999417919186491810e-01 9.999796479608397126e-01 9.999514344608462224e-01 9.999628066204475640e-01 9.999812650140713632e-01 9.999006328332136206e-01 9.999672753314966522e-01 9.999595362688825650e-01 9.999626195661295291e-01
9.999709364637623388e-01 9.999818712409919153e-01 9.999428235003812171e-01 9.999720731144825514e-01 9.999381815176514587e-01 9.999613480453002357e-01 9.999543918613206239e-01 9.999600934618984027e-01 9.999420519814083974e-01 9.998768922489311706e-01
9.999674828483947620e-01 9.999206937443083643e-01 9.999720075013995846e-01 9.999733617191433055e-01 9.999668948636649679e-01 9.999842818535367162e-01 9.999766308355564348e-01 9.999832154732511968e-01 9.999718886618385039e-01 9.999717584203878795e-01
9.999699762725992036e-01 9.999872507783478248e-01 9.999428650234325477e-01 9.999831424297852545e-01 9.999630901842465613e-01 9.999756198654341510e-01 9.999651811673060386e-01 9.999891025466803862e-01 9.999731326739370596e-01 9.999734769523508371e-01
9.999771518102208434e-01 9.999839843866656919e-01 9.999071273021582495e-01 9.996873779120730719e-01 9.999115086412549980e-01 9.999724941038982129e-01 9.996652565941718249e-01 9.999865841611264017e-01 9.999736404460637385e-01 9.999531463021427147e-01
9.996483666552365976e-01 9.999851079848698365e-01 9.999764955095258312e-01 9.999854905364201629e-01 9.999624086963962988e-01 9.999099852806501154e-01 9.999373346015952846e-01 9.999661242427116958e-01 9.999815990912146457e-01 9.999547788848939245e-01
9.999848642895645678e-01 9.999805423114908054e-01 9.999468544694894989e-01 9.999733890692457106e-01 9.999548437607342910e-01 9.999528022736104971e-01 9.999641018596547859e-01 9.999745859085160671e-01 9.999296730614116724e-01 9.999784916867847651e-01
9.999648430788554698e-01 9.998889570865812093e-01 9.998986480854461512e-01 9.999818919326245448e-01 9.999400727522277377e-01 9.999722267307755708e-01 9.999468809643855538e-01 9.999448280156308932e-01 9.996939384350320701e-01 9.999750699146512378e-01
9.999851006601137016e-01 9.999311042368230762e-01 9.999540236787851644e-01 9.999491644203860607e-01 9.998928329695790929e-01 9.998684671085730225e-01 9.998758299602513722e-01 9.999798863400453097e-01 9.999738697967820444e-01 9.999696551447634363e-01
9.999606839995317520e-01 9.999823728839251080e-01 9.999355311872418772e-01 9.999807661088347954e-01 9.998760479823110003e-01 9.999595781277358375e-01 9.999845997919748486e-01 9.999870797956073032e-01 9.998955079485717379e-01 9.999532924769488629e-01
9.999778868282255262e-01 9.999651352678637917e-01 9.999274104680276887e-01 9.999677877167157947e-01 9.999016993593500269e-01 9.999410383684463888e-01 9.999858558453349477e-01 9.999713120153658208e-01 9.999573666203172007e-01 9.999123733499355460e-01
9.999529009068127694e-01 9.999723958304188587e-01 9.999026176095532348e-01 9.999573838583598606e-01 9.999523404350262323e-01 9.999603389825545419e-01 9.999376363175664917e-01 9.999562605264633586e-01 9.999783753712976342e-01 9.999573670543434600e-01
9.999653399899243178e-01 9.999487334665894123e-01 9.998936107596236855e-01 9.999702885778996020e-01 9.999867599962055653e-01 9.999712000408615964e-01 9.998668430881636482e-01 9.999732347177615610e-01 9.999632389009678324e-01 9.999659561789212558e-01
9.999840558545560754e-01 9.999394721115038021e-01 9.999704314297910290e-01 9.999536568722711127e-01 9.999638183322614449e-01 9.999751665743774609e-01 9.999510232352154526e-01 9.999626985204597140e-01 9.999693210168868474e-01 9.999724743812717920e-01
9.999188648464831797e-01 9.998942298667792272e-01 9.999589420606144197e-01 9.999541118561366959e-01 9.999736143113155951e-01 9.999723180676234335e-01 9.999824692292432760e-01 9.999728712151960686e-01 9.999817316913479637e-01 9.998016515976192453e-01
9.999597661453902830e-01 9.999616506033943697e-01 9.999335311594536035e-01 9.998988517304393531e-01 9.999220947249130020e-01 9.999716545519853339e-01 9.999816736282337581e-01 9.999447924048052716e-01 9.998590316560179714e-01 9.999714136901276529e-01
9.999871034681498960e-01 9.999628992507900715e-01 9.999809193844586552e-01 9.998821986573559473e-01 9.999823352429657586e-01 9.998834669395582075e-01 9.999895349431301428e-01 9.999748417386817856e-01 9.999666689805848385e-01 9.999848401615989424e-01
9.998862509990671388e-01 9.999840989598537400e-01 9.999695048732325509e-01 9.999640550978800002e-01 9.999712784561455292e-01 9.999579038342931714e-01 9.999726752843974831e-01 9.999647920665400980e-01 9.999645397644868483e-01 9.999820497266120878e-01
9.999662816865086956e-01 9.999279036114723240e-01 9.999574215309617875e-01 9.999222586114515643e-01 9.999876607584767818e-01 9.999533490465366548e-01 9.999804868438172401e-01 9.999849867312815554e-01 9.999708117198653490e-01 9.999458998562356093e-01
9.999757946881132620e-01 9.999357398793962126e-01 9.999666091586107974e-01 9.999367778411016872e-01 9.998284970107627068e-01 9.999003713534942994e-01 9.999560760065870912e-01 9.999571620872417244e-01 9.999790382631724706e-01 9.999512327672934742e-01
9.996903157026429954e-01 9.999752953463255656e-01 9.999761918917067227e-01 9.999610467034452110e-01 9.999594863927765420e-01 9.999467186277900543e-01 9.999602418500339596e-01 9.999720029519389985e-01 9.999632745461158878e-01 9.999210897834536205e-01
9.999689025519897800e-01 9.999421260021006397e-01 9.998733025407614550e-01 9.998910411971274614e-01 9.999296691852520569e-01 9.999514307049344186e-01 9.999826270062297517e-01 9.999526445389717022e-01 9.999592134028041368e-01 9.999459750434405159e-01
9.999519323815680982e-01 9.999816334036778498e-01 9.999829246986595699e-01 9.999829070916608220e-01 9.999537874210169264e-01 9.999807823811683871e-01 9.999506664756530050e-01 9.999614517987374107e-01 9.999793253735029808e-01 9.999586837764724567e-01
9.999664369677072617e-01 9.999720938007358173e-01 9.999588170832781620e-01 9.999542924466553462e-01 9.999122071708178572e-01 9.999443054976289158e-01 9.999386854772848165e-01 9.999436424246209709e-01 9.999545045951511169e-01 9.999741226582408160e-01
9.999129158581285814e-01 9.999746783363456792e-01 9.999511187805844026e-01 9.999471693833217323e-01 9.999702384154329771e-01 9.999819787166737139e-01 9.999741325368464162e-01 9.999663508501814846e-01 9.999553348487335569e-01 9.999646049138786186e-01
9.999713304061754737e-01 9.999540227839675000e-01 9.999824435720257032e-01 9.999012445415201844e-01 9.999740098138978350e-01 9.999694763726276747e-01 9.999321345732913313e-01 9.999759931928180468e-01 9.999864305322079261e-01 9.999364473823401100e-01
9.999472473497165170e-01 9.999528489132796238e-01 9.999473494836376153e-01 9.999672532333619968e-01 9.999586759755048071e-01 9.999551571259097660e-01 9.999446736786372636e-01 9.999676145858156229e-01 9.999540419664580959e-01 9.999776626508414257e-01
9.999757899526816596e-01 9.999512726611138325e-01 9.995650468156999091e-01 9.999702820501784606e-01 9.999721920916971873e-01 9.999233695970677349e-01 9.999730090884949574e-01 9.999699724887679553e-01 9.999630562441144122e-01 9.999803737373009760e-01
9.999683370263912074e-01 9.999697645851197692e-01 9.999627648648181655e-01 9.999319292033592710e-01 9.999698210603337190e-01 9.998444754210608076e-01 9.999746317294953002e-01 9.999458071705915607e-01 9.999709754433396824e-01 9.999553812271468889e-01
9.999166313625107438e-01 9.999759655885529508e-01 9.999507553712025931e-01 9.999816089955592124e-01 9.999736782546452263e-01 9.999803298820835185e-01 9.999870455768925526e-01 9.999262326387495792e-01 9.999718825766688024e-01 9.999758398060781817e-01
9.998914292985563446e-01 9.999751802360443698e-01 9.999110922914837829e-01 9.999784608587519719e-01 9.999599754092293180e-01 9.999226389715640817e-01 9.999728717321624272e-01 9.999562409393772944e-01 9.999823415325270748e-01 9.999397092713968593e-01
9.999754628781635235e-01 9.999479489557235867e-01 9.997059440268406538e-01 9.999876368451496855e-01 9.999768050543341724e-01 9.999510865632927903e-01 9.999562929737996209e-01 9.999621153917126470e-01 9.999370365092962176e-01 9.999595178561756503e-01
9.999747795028923747e-01 9.999481381115132850e-01 9.999823263327497491e-01 9.999710067679737913e-01 9.999407250163119265e-01 9.999286451409972187e-01 9.999459329541622310e-01 9.997864103477988040e-01 9.999428070847848904e-01 9.999812792732976074e-01
9.999641580146274578e-01 9.998874363468609472e-01 9.999847057092837721e-01 9.999643351864740959e-01 9.999203927970181649e-01 9.999803675849583406e-01 9.999609605537396195e-01 9.999446295281464447e-01 9.999191896461607776e-01 9.999770958016683808e-01
9.999565826638371346e-01 9.999755038358266734e-01 9.999528892560238802e-01 9.999004979328881548e-01 9.998962409632519144e-01 9.999444036700726457e-01 9.999647783065478412e-01 9.999450391832006568e-01 9.999584421899220255e-01 9.997215402228494252e-01
9.999495461314917844e-01 9.999611819348651620e-01 9.999665489797475715e-01 9.999652814688065883e-01 9.999778518817263873e-01 9.999728161142863447e-01 9.999724197878590015e-01 9.998323373838112760e-01 9.999028572392468783e-01 9.999545079071916476e-01
9.999597896084077009e-01 9.999518609314165252e-01 9.999665204103427296e-01 9.998572755637562537e-01 9.999625732698502745e-01 9.999628965747082709e-01 9.999747315741215337e-01 9.999356448932706920e-01 9.999735750260099199e-01 9.999855888845630147e-01
9.999661796847748585e-01 9.999211724226777509e-01 9.999622496249918058e-01 9.999456357885194713e-01 9.999710328446236307e-01 9.999414758186433438e-01 9.999751964008289917e-01 9.999613086232934656e-01 9.999719433745348773e-01 9.999667264834217750e-01
9.999564736392910769e-01 9.999615063928160019e-01 9.999655395020291548e-01 9.999697492357607631e-01 9.999250603947363869e-01 9.999800398433789095e-01 9.999311322989556938e-01 9.999484055290488449e-01 9.999429152842465029e-01 9.999415567694037721e-01
9.999464640047084352e-01 9.999754491392355282e-01 9.999757087399728794e-01 9.999837728787674962e-01 9.999211212310425978e-01 9.999286420373888484e-01 9.999687226432796283e-01 9.999757512296182371e-01 9.999344220737373945e-01 9.999762010327264417e-01
9.999646441348549741e-01 9.999752974835464103e-01 9.999510387281838053e-01 9.999686895773713946e-01 9.999040490708417384e-01 9.999774375809018512e-01 9.999574907014472380e-01 9.999432144914430776e-01 9.999821357448847037e-01 9.999429823291899888e-01
