9.422291792723760384e-01 9.601345880684603040e-01 9.860326123024473199e-01 9.734830017757439835e-01 9.788310217280700165e-01 9.735888784034065768e-01 9.955097486062083334e-01 9.856431383787941369e-01 9.242682398511514741e-01 9.691904543782752235e-01
9.876064042490511063e-01 9.962213218765942901e-01 9.949435954722539721e-01 9.851298222044566621e-01 9.774748566002727790e-01 9.803116509469448348e-01 9.708242662128246936e-01 9.788068213280646246e-01 9.818496233900153580e-01 9.729286952530519228e-01
9.820092331782734885e-01 9.812979970477618830e-01 9.829320406382366926e-01 9.818779948281125547e-01 9.800458802278239068e-01 9.878241166521397609e-01 9.906737008151971224e-01 9.850046104796643665e-01 9.480018337604084744e-01 9.094640216741547434e-01
9.855257813664729527e-01 9.481327692080523395e-01 9.729894241657360832e-01 9.797081674575865984e-01 9.535198345035493794e-01 9.551927267067640281e-01 9.736659621584561330e-01 9.558200043245684840e-01 9.885994625527101398e-01 9.894431871224779185e-01
9.822584169713186597e-01 9.687335811491536441e-01 9.828153369165774089e-01 9.866814123823322014e-01 9.853021751831209096e-01 9.882029922505205510e-01 9.590533373172376308e-01 9.336532806464010736e-01 8.895797860289067494e-01 9.836435850466145325e-01
9.679672724392672789e-01 9.773284479001846936e-01 9.777505110192634685e-01 9.506749994174505947e-01 9.638578487302176256e-01 9.872853664249757744e-01 9.519389715159984888e-01 9.603344158364911509e-01 9.730549160346787518e-01 9.726295358478430630e-01
9.720932619618372073e-01 9.806218482746698051e-01 9.899648819512131270e-01 9.497019712021299576e-01 9.823133883089806284e-01 9.866564466685675550e-01 9.832752811483402855e-01 9.806350235627540046e-01 9.551287836676897181e-01 9.887286191639006461e-01
9.593067997151938364e-01 9.518757924915453028e-01 9.939454765330247854e-01 9.729912030809115819e-01 9.785470829046303276e-01 9.357829439830755991e-01 9.762197738472215836e-01 9.742156233731041892e-01 9.924984208602330993e-01 8.848848291824198409e-01
9.770993623069776923e-01 9.814741510522029255e-01 9.925118875656002704e-01 9.775677823925743581e-01 8.433216030767307636e-01 9.593568753797701021e-01 9.752315594272593646e-01 9.675784124895105975e-01 9.871845402344684439e-01 9.775505242501300041e-01
9.904962200724901633e-01 9.904736097917695714e-01 9.899029134918678752e-01 9.754855983987442691e-01 9.649789884626537306e-01 9.667404177280123356e-01 9.934742888361548507e-01 9.879337805812772322e-01 9.752686721110995771e-01 9.504675225631029623e-01
9.672748656925831412e-01 9.792559193439840382e-01 9.539006007139425591e-01 9.624229733754440241e-01 9.786619028135850051e-01 9.877487025462564629e-01 9.241508702902854200e-01 9.827919403234018914e-01 9.901750372560657043e-01 9.743376344982762616e-01
9.468918707466675855e-01 9.834930292301724553e-01 7.853280376423862341e-01 9.771195498405851332e-01 9.548598922226519958e-01 9.238578722689195777e-01 9.695253440864421979e-01 7.378589085573858952e-01 9.474736877149710912e-01 9.839914172406026838e-01
9.877309437484291799e-01 9.934911032699293987e-01 9.495235069253030735e-01 9.765803257347586142e-01 9.038666187123192142e-01 9.394694060550483616e-01 9.778624112798153245e-01 9.335678529036827156e-01 9.925249600899469504e-01 9.835196644372113939e-01
9.432366460177563638e-01 9.889552444667456532e-01 9.887172842360706371e-01 9.742495062104538084e-01 9.244770801696964302e-01 9.754496982468705557e-01 9.906863155117301423e-01 9.637852632231924677e-01 9.790040994993427503e-01 9.653369143687106080e-01
9.668239060120373818e-01 9.687877619882315772e-01 9.894113168421376781e-01 8.982340600325979807e-01 9.872625700555048844e-01 9.872299619079568656e-01 9.833326410951146457e-01 9.837730657154660774e-01 9.610921152637864617e-01 7.665577884117652507e-01
9.842953951072132002e-01 9.883687514743967339e-01 9.812636496454472113e-01 9.870212421362848376e-01 9.946343874149468078e-01 9.716707159182106368e-01 9.782049634982340480e-01 9.794693014513867757e-01 9.841873821793635235e-01 9.847731200020602982e-01
9.561407289885738292e-01 9.880718081501188577e-01 9.810975633934132523e-01 9.872926566078646937e-01 9.887589087885292338e-01 9.875789593907490227e-01 9.858340607392662713e-01 9.462878229590164780e-01 9.709860579733101682e-01 9.763390758027247207e-01
9.868943467564471606e-01 9.920391055405867187e-01 9.791064302949876730e-01 9.836805106806166821e-01 9.802304802845124287e-01 9.930503598310245206e-01 9.700181630550561707e-01 9.930282198718770603e-01 9.002917122963176588e-01 9.883659181339276012e-01
9.706975735535098293e-01 9.526219745452511045e-01 9.882027022329485932e-01 8.600851603279293656e-01 9.689116523389293967e-01 9.877284601525008201e-01 9.820352844261380776e-01 9.817160516340575072e-01 9.830223312433719052e-01 9.843235002956837176e-01
9.707719132221594993e-01 9.869191564427711727e-01 9.697354791381668226e-01 9.768545425513185387e-01 9.666481115181509987e-01 9.509835455186774755e-01 9.753433980673587023e-01 9.902864745715469486e-01 9.751904571479939055e-01 9.799921983353832022e-01
9.608034390052988538e-01 9.660660654432876582e-01 9.925842425273888603e-01 9.809315636420782303e-01 9.870348867177103358e-01 9.792448801220813293e-01 9.899623287865456644e-01 9.256059113143078054e-01 9.012183835294700351e-01 9.597389627113708244e-01
9.098487245697783887e-01 9.792467887389346703e-01 9.657499082199748619e-01 9.446907849918033673e-01 9.629477221198831094e-01 9.377521953179133174e-01 9.573426776748852340e-01 9.787587107261438435e-01 9.809332551140622636e-01 9.649326147495078665e-01
9.645643344013531406e-01 9.913559972498913186e-01 9.919059477679945669e-01 9.518051340916420244e-01 8.926788024697595025e-01 9.952706215807958223e-01 9.925428818923778262e-01 9.786178965147147579e-01 9.854959969256089636e-01 9.900993216019650101e-01
9.840501492615578716e-01 9.890454758838537197e-01 9.648047871347705806e-01 9.605042009974775752e-01 9.680990431224929527e-01 9.805630535835891948e-01 8.219855079751586802e-01 9.786072268580100486e-01 9.880122434956657429e-01 9.900816595491384042e-01
9.901688422667218603e-01 9.831640712981922769e-01 9.014403083124521432e-01 9.766897567768868527e-01 9.800669599812976696e-01 9.810237982695838577e-01 9.814341482125940042e-01 9.653797409507914873e-01 9.885277896329711655e-01 9.733380434046770002e-01
9.704556892564456527e-01 9.338178492185322810e-01 9.766709834839305548e-01 9.786329971546373629e-01 9.745741145025190733e-01 9.879549911689404773e-01 9.735952156888192377e-01 9.835235627258761548e-01 9.918635913348458066e-01 9.887156967679893160e-01
9.714722523559150558e-01 9.840830604320774944e-01 9.883962015964182779e-01 9.587565076124630048e-01 9.659697747477229424e-01 9.867045382300972944e-01 9.927788786773752427e-01 9.823190109389111635e-01 9.900953227565563175e-01 9.792080945205559050e-01
9.489220518262014847e-01 9.886599198634090646e-01 9.411626503523958798e-01 9.605143344898221525e-01 9.867099802617576021e-01 9.717462249118120621e-01 9.763009645846156825e-01 9.848883471393616862e-01 9.915852527394657390e-01 9.791368400034238251e-01
9.822331041394615214e-01 9.552949050398304998e-01 9.802673185105571507e-01 9.852869271695734454e-01 9.911881886218043558e-01 9.553787939847656618e-01 9.729292888080065538e-01 9.876249792063415134e-01 9.780580352784130627e-01 9.862113728376653565e-01
9.887269474331438213e-01 9.716925893848167295e-01 9.682502524312824876e-01 9.905258148225120074e-01 9.575156316426153280e-01 9.600310730899094258e-01 9.831620637232789672e-01 9.340370140177461922e-01 9.532301016942638094e-01 9.780407420742280866e-01
9.681434397839856487e-01 9.506051396311004931e-01 9.809465639929965119e-01 9.729945061052515110e-01 9.252798330280895822e-01 9.628287975686382616e-01 9.920550493284586713e-01 9.867695530342277532e-01 9.673612046544223242e-01 9.852973673092146889e-01
9.694728120195961196e-01 9.670872389307646477e-01 9.714838069067576187e-01 9.730523583083612316e-01 9.683937977020583565e-01 9.701639618398082421e-01 9.095753005744036113e-01 9.719754053613390843e-01 9.767390077596053155e-01 9.789250897105364890e-01
7.909833814269501273e-01 9.896523997219921487e-01 9.479577171195434637e-01 9.890175790003131739e-01 9.510621864259919400e-01 9.859636668051652286e-01 9.857656193789294807e-01 9.922620411117504258e-01 9.113542058412663627e-01 9.919203792714671453e-01
9.912922196103095551e-01 9.288696847957202962e-01 9.814803174530091212e-01 9.916148919214422541e-01 9.766567774482122211e-01 9.423952804281719997e-01 9.907193224439073687e-01 9.720333798342402076e-01 9.609815796883712791e-01 9.480143570897848759e-01
9.665650240561299844e-01 9.339902140502645000e-01 9.879871860698524744e-01 9.839966306890673975e-01 9.805435282616059567e-01 5.850002737970000366e-01 9.737268404897985175e-01 9.660693389030041711e-01 9.685604394802682648e-01 9.694189984279746319e-01
9.671990441494054958e-01 9.954661160304532075e-01 9.868167522485359333e-01 9.771719970746937101e-01 9.794498060482619284e-01 9.883882897722202632e-01 9.656853768672855054e-01 9.904586747189592089e-01 9.837858838248395577e-01 9.952749142003713967e-01
9.833903463237250175e-01 9.811149782683435960e-01 9.756604440235366882e-01 9.829639120036790523e-01 8.552719380947972905e-01 9.836254834902954380e-01 9.658442156151073599e-01 9.770916024206560691e-01 9.029849407215753132e-01 9.889187678577293639e-01
9.738330470314536802e-01 9.757402158783420321e-01 9.604129248439747801e-01 9.679523397458049683e-01 9.851504794544041488e-01 9.491097231137436419e-01 9.732262601474223063e-01 9.868933472020486874e-01 9.717618924422708471e-01 9.878223323986436988e-01
9.909644922374395426e-01 9.876883568691079418e-01 8.828885682594805884e-01 9.950422217014754933e-01 9.836525192208979140e-01 9.350631149341647186e-01 9.532612437661405203e-01 9.593148435657631312e-01 9.332159121218459585e-01 9.876648060096765436e-01
9.880366551416168708e-01 9.841186047572780815e-01 9.833455835877905615e-01 9.904301715882747326e-01 7.832340448966741420e-01 9.450627688338795185e-01 9.875788197829867832e-01 9.751270672016062457e-01 9.622150438275302031e-01 9.825462877108597226e-01
9.799927643797679000e-01 9.910356577946680678e-01 8.011214702417267519e-01 9.807821176494557758e-01 9.891199399711567697e-01 9.797916603798167978e-01 9.906487304903519586e-01 9.862124697543006580e-01 9.801918824622135595e-01 9.820320885314985926e-01
9.637973832155208864e-01 9.723148432395442020e-01 9.793671494577822489e-01 9.552013333532831663e-01 9.529397340123363369e-01 9.710018046285464610e-01 9.625543121944943881e-01 9.814757807065799255e-01 9.855472306882466782e-01 9.322527713975653496e-01
8.985667363166944810e-01 9.850694136314152027e-01 9.810607426890498584e-01 9.613436553156241571e-01 9.368978079619705301e-01 9.609125689106370327e-01 9.801061912047314140e-01 9.887928625442033992e-01 9.596179899458181506e-01 9.849633972512632507e-01
9.752619272776630321e-01 9.768049167538821465e-01 9.892592089454170790e-01 9.738937672333016771e-01 9.472575072739415347e-01 9.645611965962924694e-01 9.654370530852339760e-01 9.817117293656688615e-01 9.916846241503911585e-01 9.882656156057847419e-01
8.810767941687688287e-01 9.725676929908761981e-01 9.732481227902005649e-01 9.703017274515816082e-01 9.892346978265903479e-01 9.860094182395733320e-01 8.392862747644800336e-01 9.933924899306655343e-01 9.792288008355098938e-01 9.626281535641880716e-01
9.828310675359562820e-01 9.855970568446489333e-01 9.369828825900201608e-01 8.538028688513488174e-01 9.573302708624878976e-01 9.938115049290867642e-01 9.592162358856618498e-01 9.929481540389422101e-01 9.760768123176840616e-01 9.554786472349806603e-01
9.790810135596336172e-01 9.776518649099351643e-01 8.344913091993693133e-01 9.572405048562333540e-01 9.344502484385127650e-01 9.899734763377302516e-01 9.886527557379125586e-01 3.786389198327259620e-01 9.651786477532455777e-01 9.868941630853876879e-01
9.924361488125899022e-01 9.674529738404265000e-01 9.756818732033496477e-01 9.874774685300228283e-01 9.725064533903813313e-01 9.652224196697662961e-01 9.717160432814530013e-01 9.916870569368583244e-01 9.785936861203878845e-01 9.815405318710154203e-01
9.865911253554418003e-01 9.820530083502946317e-01 9.914306612495439319e-01 9.879411070819240637e-01 9.679237956794116693e-01 9.759185093043134529e-01 9.863362966233828466e-01 9.776258464964728834e-01 9.732079588303353956e-01 9.551622725222685961e-01
9.708391359229090467e-01 9.152905321327214905e-01 9.861553103292470812e-01 8.092573273666611167e-01 9.906643014093160504e-01 9.680092247505956982e-01 9.886035850227682387e-01 9.494663525643415314e-01 9.590377007879578031e-01 9.878552378714215987e-01
9.758621895309741445e-01 9.904449157235927226e-01 9.813442293411988038e-01 9.869128340986041970e-01 9.506648668715670381e-01 7.702296994839269439e-01 9.742665788273170424e-01 9.850619454617514092e-01 9.890076552875861626e-01 9.537848873283110152e-01
9.675460249186644823e-01 9.886175972096069575e-01 9.862048658157575032e-01 9.690573340074141173e-01 9.887716068253152857e-01 9.861277826688229498e-01 9.703312602190959923e-01 9.419094701665089442e-01 9.595662227344385897e-01 9.586130274233608528e-01
9.810363139126411225e-01 9.862046753324498205e-01 9.712030447814368195e-01 9.004708088575404945e-01 9.700295210715607075e-01 9.707891576808261869e-01 9.633810030067172514e-01 9.666911430593179144e-01 9.502716178056129781e-01 9.803743425928436173e-01
9.907160972077033723e-01 9.552194811615226655e-01 9.751198185399896357e-01 9.779098072197129898e-01 9.849269090555599071e-01 9.912032419733846078e-01 9.836160211004268961e-01 9.857891663904324586e-01 9.832148897042709557e-01 9.851088714755532605e-01
9.882986244129575715e-01 9.428453378924981365e-01 9.839026727100226299e-01 9.638978004430835966e-01 9.895343239808206404e-01 9.769554127189158388e-01 9.693065426106621807e-01 9.701812861306008395e-01 9.811626363715587607e-01 9.595171716987653809e-01
9.870656365780218211e-01 9.861393567566761886e-01 9.779564677882530699e-01 9.873699425487250103e-01 9.549340024757382306e-01 9.843039084744548139e-01 9.888306119749142864e-01 9.450893845524281911e-01 9.907608287080986731e-01 9.853124975312544942e-01
9.893001554672078424e-01 9.369508959680229454e-01 9.765127232507641031e-01 9.672697862264613144e-01 6.261799030112982223e-01 9.901224889075902480e-01 9.773483651842710396e-01 9.741435558168061171e-01 8.778220640674784248e-01 9.909584285133888892e-01
9.508652270554822650e-01 9.610424958087080416e-01 9.901264719007307757e-01 9.524551036676577320e-01 9.783997273558586727e-01 9.451506990378290007e-01 9.751504744389947188e-01 9.871293987745456411e-01 9.550900238367960871e-01 8.136048094933643338e-01
9.698342105771035060e-01 9.933661592997047318e-01 9.862944556586360489e-01 9.754711752767605271e-01 9.901338098029901502e-01 9.672450808969151881e-01 9.893812148286397212e-01 9.390853693362840593e-01 9.529079664627942980e-01 9.868213693174825440e-01
9.513157473353844873e-01 9.577372255754678099e-01 9.938174945904345581e-01 9.630390272248173789e-01 9.915550928566486677e-01 9.931547087074247271e-01 9.642815050053671344e-01 9.761285606410378124e-01 9.567564098038089382e-01 9.809598723948311783e-01
9.886383010262552729e-01 9.679851076683548827e-01 9.814130516740667831e-01 9.825767992771422543e-01 9.849755421105543807e-01 9.812726955855367583e-01 9.582982602664730232e-01 9.675513078654957022e-01 9.717055338598696856e-01 9.858939003736880702e-01
9.840397883325704420e-01 9.894092063692671024e-01 9.919166284173828174e-01 9.446483352610487438e-01 9.814743905353480180e-01 9.460792379170489541e-01 9.860604722662678068e-01 9.837055302582836669e-01 9.888986965624113612e-01 9.557720346716020998e-01
9.196561294722165325e-01 9.896008399871294436e-01 9.710777691979997073e-01 9.786864098933348854e-01 9.948782614032366522e-01 9.232840149816574637e-01 9.785736823546381524e-01 9.221037471038554534e-01 9.918314289702448994e-01 9.949381727265261821e-01
9.685551319168300699e-01 9.868833204195011088e-01 9.699586012160834603e-01 9.335452399211070507e-01 9.825295099718197589e-01 9.657491737451625591e-01 9.791406607326132994e-01 9.875234565319370716e-01 9.353509899790175552e-01 9.648933058903440552e-01
9.919447916850251401e-01 9.787590477195752259e-01 9.718066154036335558e-01 9.660197470738236536e-01 9.636176236766823555e-01 9.825563904410723470e-01 9.672050032426661170e-01 9.788258987328252170e-01 9.846048159389915178e-01 9.727184170994895851e-01
9.838835529781535527e-01 9.857300613936123002e-01 7.174866932733978686e-01 9.950549118991610653e-01 9.777564439215971070e-01 9.568988980252630672e-01 9.754537864838466188e-01 9.797358461342815517e-01 9.852935998319317656e-01 9.743040631917305738e-01
9.921231148117120036e-01 9.880549763884701742e-01 9.802769263892811002e-01 9.805486528590635631e-01 9.924749632664575660e-01 9.807328584740566679e-01 9.843384453206625029e-01 9.831099676827849132e-01 9.613711387167813704e-01 9.795607032532179792e-01
9.868030740219623231e-01 8.567727807059369871e-01 9.502883457783993792e-01 8.511645283489417402e-01 9.930183564258548978e-01 9.812730944066208050e-01 9.662042108892275882e-01 9.942265355481357814e-01 9.866403516169772736e-01 9.479954915207075006e-01
9.818197783814678337e-01 9.866668729877787758e-01 9.666025639065835007e-01 9.457428546573954931e-01 9.654794807279682978e-01 9.725201205253051207e-01 9.710838530404573010e-01 9.794398454462140968e-01 8.689944879826194679e-01 9.858453723641956712e-01
9.811096970066794931e-01 9.718535144165516559e-01 9.224332767703523617e-01 9.693578775811499959e-01 9.891179212446900015e-01 9.869222429164233867e-01 9.898598579305819545e-01 9.850425640824151952e-01 9.724178926450706140e-01 9.904024364451068374e-01
9.885201132015569714e-01 9.862929733026518653e-01 9.803268758804046801e-01 9.735506724948471691e-01 9.843978999589945156e-01 9.833625991729717519e-01 9.922364840393247398e-01 9.901821378059463274e-01 9.892121870382870608e-01 9.799109961188143814e-01
9.732544439766490640e-01 9.890696419667064365e-01 9.724320952213787450e-01 9.522994483190303505e-01 9.448775669661665377e-01 9.873699217731881639e-01 9.764259148359067941e-01 9.646972901128261224e-01 8.595375961994115022e-01 9.536741839804186993e-01
9.142941188911937189e-01 9.751195305382563960e-01 9.843686480000677363e-01 9.655761364654722456e-01 9.809683966227590313e-01 9.394715339414825284e-01 9.824530584657812371e-01 9.824801322971975504e-01 9.667445757965976716e-01 9.821488838800167542e-01
9.765247973592283692e-01 9.761922393365931594e-01 9.732535280653455967e-01 9.741067764575417343e-01 9.865386257122459313e-01 9.480653338382762918e-01 9.817530317757552361e-01 9.847617427405582768e-01 9.671911997649293991e-01 9.960176527295468984e-01
9.333331817984487078e-01 9.824189828251466139e-01 8.900782062228892455e-01 9.836183855978095636e-01 9.718639597704522570e-01 9.840530112142018559e-01 9.655587579558152500e-01 9.742006860116045885e-01 9.801491931377979139e-01 9.684686646053077830e-01
9.487125603879558167e-01 9.948808823892237863e-01 9.384559867596193872e-01 8.926423606517798204e-01 9.888982337095129083e-01 9.719456223053690724e-01 9.468332997371741167e-01 9.651460198924395328e-01 9.908926604025753981e-01 9.317128901749597292e-01
9.767398013573158622e-01 9.893107478410144706e-01 9.837231577574764296e-01 9.939192417718847317e-01 9.560249946362439077e-01 9.860691502770786432e-01 9.448881502606422123e-01 9.517589401662399640e-01 9.817504406449256704e-01 9.893526122994845684e-01
9.731651463638478772e-01 9.391440378110619269e-01 9.891597660353572685e-01 9.480895481442882522e-01 9.860390268082501741e-01 9.897341069003600111e-01 9.816456708962932876e-01 9.717517640355752828e-01 9.678442667879739725e-01 9.900915151382179147e-01
9.779813077506458452e-01 9.313494773554665818e-01 9.805062961033300661e-01 9.665972239718123582e-01 9.654729963042272267e-01 9.933271440253048645e-01 9.932190888576672982e-01 9.891233831775738672e-01 9.935243643123116142e-01 9.879639436610925252e-01
9.781280749580520961e-01 9.753580264608554540e-01 9.781422678947337968e-01 9.743458905246151769e-01 9.102370225905511703e-01 7.729093350620392933e-01 9.851813113766799690e-01 9.828330118821438921e-01 9.875734141551897327e-01 8.820536791617630268e-01
9.792684035866427994e-01 9.884553820906817334e-01 9.788557101788881720e-01 9.760765402664450807e-01 7.208937722441599583e-01 9.879123477051030555e-01 9.909108910334628595e-01 9.522935395882654586e-01 9.800333216212240295e-01 9.820789906136631053e-01
9.806974019618923677e-01 9.840230011669439669e-01 9.914603534197523604e-01 9.844083802177130416e-01 8.623717684252418803e-01 9.883398927441835458e-01 9.893093447784537808e-01 9.716476629293603340e-01 9.646845806846596760e-01 9.751456371225799558e-01
9.598570756439029905e-01 9.636323276744243049e-01 9.293637115050129571e-01 9.718817108130565208e-01 9.567618371719570636e-01 9.921227519273477791e-01 8.457652430176650915e-01 9.770558227519562378e-01 9.894774057230488751e-01 9.917529096163333335e-01
9.921221796877516264e-01 9.836346919711752568e-01 8.928242408863437118e-01 9.879002395777065626e-01 9.524117281602797469e-01 9.887123872254089951e-01 9.691087057599828691e-01 9.776841449864690503e-01 9.483806350945169772e-01 9.665952228089259579e-01
9.888783195527088843e-01 9.926070158692348322e-01 9.787321107434714396e-01 9.799481652001218457e-01 9.907986513152631236e-01 9.889446548724708519e-01 9.622179567567044067e-01 9.650517879828867107e-01 8.769165394003874958e-01 9.857474454855800206e-01
9.859439056610189711e-01 9.809220821775747057e-01 9.787827462378391186e-01 9.777738878229292885e-01 9.789373321926113647e-01 8.412605154363287374e-01 9.858950589496627837e-01 9.620707888341206715e-01 9.869698703311902133e-01 9.710181132984363472e-01
7.624810708130635994e-01 9.847790919539298748e-01 9.897590424012344679e-01 9.870494442539342606e-01 9.674578777618660919e-01 9.882236412110574353e-01 9.682371512795161506e-01 9.789733473542220343e-01 9.728203117545025647e-01 9.578724760859799181e-01
3.633943190048229965e-01 9.908244206996124070e-01 9.432797503327401412e-01 8.950624324660133579e-01 9.782755591018315044e-01 9.882201130209931073e-01 9.828786381451116716e-01 9.705588737224168927e-01 9.935905010942664983e-01 9.926015525757347913e-01
9.902724996252476597e-01 9.745805578434284522e-01 9.308365860850349449e-01 8.775477903116042366e-01 9.853347805002010684e-01 9.784307010772320679e-01 9.715016825118163446e-01 9.737844484863589223e-01 9.895742978665832412e-01 9.877509312075756220e-01
9.794501891626007373e-01 9.841874888323616233e-01 9.699091013318399401e-01 9.828668189640774600e-01 9.424621756815300122e-01 9.860426006861989778e-01 9.476262090153756423e-01 9.873980522583998276e-01 9.792825589132851949e-01 9.802541412044826208e-01
8.727358151007545972e-01 9.867398302180869774e-01 8.889912594722187977e-01 9.591023422738470527e-01 9.884475529554327400e-01 9.279418089617407217e-01 9.900059716863860437e-01 9.767057183820870847e-01 9.585708342832506279e-01 9.724618021299822335e-01
9.854880254804615491e-01 9.845059152016403248e-01 9.537068463735963730e-01 9.840147519838986501e-01 9.893447152809594636e-01 9.854593364716506265e-01 9.916887621327622471e-01 9.884215598774995781e-01 9.710941021887402602e-01 9.703869518470403799e-01
9.776667892542035831e-01 9.472955371705840122e-01 9.830769039544251520e-01 9.917189542078993503e-01 9.700949800214200280e-01 9.902323861370840863e-01 9.857205874747554386e-01 9.674581877507743011e-01 9.245301781026513677e-01 7.369684615231140157e-01
9.792911853871428818e-01 9.898689863739296158e-01 9.719131187895098112e-01 9.863216627440509754e-01 9.035468697760815626e-01 9.795819737230800905e-01 9.664134711295545577e-01 9.699551643308903515e-01 9.825979246162113157e-01 9.350199462295378794e-01
9.809039577588858361e-01 9.774297228793794590e-01 9.880907045899943730e-01 9.685321425477267931e-01 9.862633477716442609e-01 9.912043517631983214e-01 9.721193707150510566e-01 9.789396950161908251e-01 9.860987518581568745e-01 9.415990524196532485e-01
9.891483633044816370e-01 9.493370526989961533e-01 9.920906616483918805e-01 5.815308622544888006e-01 9.665027392203063838e-01 9.445373148474253133e-01 9.764367538350420261e-01 9.852794863655335300e-01 9.734336501195640645e-01 9.704761307928100322e-01
9.750877135812554553e-01 9.817409994208374791e-01 9.897095294705022805e-01 9.837141814154006791e-01 9.466022048713885750e-01 9.536925294482392346e-01 9.780197957057210623e-01 9.814943384789163172e-01 9.888413688192401185e-01 9.767280778141524955e-01
9.925123442915706473e-01 9.765627631789109975e-01 9.693384609336688218e-01 9.679852485680161545e-01 9.506403551154143372e-01 9.890437174504652651e-01 9.503970267345894785e-01 9.750969288202138152e-01 9.704976377704317425e-01 9.888344994401150334e-01
9.892473559960907048e-01 9.794542275818834964e-01 9.386196161608592048e-01 9.778685342291737470e-01 9.752156558610379777e-01 9.829363519097562563e-01 9.864615790636412918e-01 9.873111764742119600e-01 9.762015842422082645e-01 9.747298061512905676e-01
9.748649128905896299e-01 9.425375039307466452e-01 9.713870999553823049e-01 9.787283917409661527e-01 9.599832474805797267e-01 9.394991233384467622e-01 9.884192550501228469e-01 9.877377737976579253e-01 9.852723093215470795e-01 9.730645424051744818e-01
