9.998226814107515903e-01 9.999641001082132385e-01 9.997402323765087750e-01 9.999742024368463156e-01 9.999465250603604138e-01 9.999799488524021562e-01 9.999659573033957694e-01 9.999586457078678547e-01 9.999668867727528054e-01 9.999750248163810085e-01
9.999667109913004115e-01 9.999702633202275370e-01 9.999558885964804356e-01 9.999798331760325620e-01 9.999341064358594489e-01 9.999671542553889569e-01 9.999764700660976890e-01 9.999357413676509543e-01 9.999835566601276149e-01 9.999581115682738552e-01
9.999578157427120306e-01 9.999326505437715618e-01 9.999563201007213298e-01 9.999790449580935325e-01 9.999832598798613637e-01 9.999618629111558521e-01 9.999700715675838847e-01 9.998378996496949389e-01 9.999758616577013592e-01 9.999781830148127826e-01
9.999394781512620511e-01 9.999614824696901882e-01 9.999346939360385100e-01 9.999728646515553265e-01 9.999725371149278397e-01 9.999818657250928444e-01 9.999644323078571428e-01 9.999777584295750366e-01 9.999638555503902460e-01 9.999826918989200841e-01
9.998797152712655123e-01 9.999708314778402718e-01 9.999788491473259322e-01 9.997005688781726018e-01 9.999710097654399554e-01 9.999809474201005743e-01 9.999749174686263231e-01 9.999863090655047859e-01 9.999516914153139258e-01 9.999542656219829739e-01
9.999425556103506141e-01 9.999838860215972680e-01 9.999693537030912571e-01 9.999463133934021197e-01 9.999549904802563782e-01 9.999789214417369454e-01 9.999729738159721659e-01 9.999750496391611732e-01 9.999516291913100874e-01 9.999849747624548479e-01
9.999802404672654133e-01 9.999679496179613158e-01 9.999765816360182136e-01 9.999397253121490303e-01 9.999814645274671676e-01 9.999591148303682564e-01 9.999695407669014768e-01 9.999668890847898117e-01 9.999758168022777616e-01 9.999284000590148436e-01
9.999389396191161739e-01 9.999889045970900003e-01 9.999725531044554305e-01 9.999781858116296718e-01 9.999601397941799696e-01 9.999230470030269213e-01 9.999707632628594967e-01 9.999785023362536274e-01 9.999526510571021820e-01 9.999099459836687798e-01
9.999795302608370795e-01 9.998215272479359372e-01 9.998261372883449072e-01 9.999902795570337899e-01 9.999938164853590106e-01 9.999677334656402738e-01 9.999899952243909151e-01 9.999599483137472378e-01 9.999696389855338152e-01 9.999583151006259385e-01
9.999692227738925521e-01 9.999581414635280163e-01 9.999530552386902693e-01 9.997664359300270087e-01 9.999671967095409286e-01 9.999801783045618730e-01 9.999816795383377199e-01 9.999650581314000197e-01 9.999699946566147357e-01 9.999843430664954180e-01
9.999807201269030887e-01 9.999792036860184474e-01 9.999561559918884734e-01 9.999646071695886818e-01 9.999697291380731379e-01 9.999666187110869409e-01 9.999453462735766740e-01 9.999805798326121264e-01 9.999590875408477242e-01 9.999851037285725219e-01
9.999762995328316251e-01 9.999747348124160551e-01 9.999712937373098631e-01 9.999633440448950639e-01 9.999791415898100500e-01 9.999713368152816084e-01 9.999812733013048183e-01 9.999731467821435515e-01 9.999803514743440536e-01 9.999601985464429132e-01
9.999569016920248909e-01 9.999723001137043044e-01 9.999675599215378519e-01 9.999797577404219151e-01 9.999635768903246680e-01 9.999885817041043179e-01 9.999740660625907607e-01 9.999699189423284507e-01 9.999700151793204927e-01 9.999405719753288180e-01
9.999767702262647440e-01 9.999049980986496333e-01 9.999374994167780084e-01 9.999768154345761717e-01 9.999326767612425337e-01 9.999521089651139949e-01 9.999834791194841532e-01 9.999824904038694395e-01 9.999687507247925211e-01 9.999774273184566242e-01
9.999688330860789787e-01 9.999089208244998916e-01 9.999684676492094360e-01 9.999799976857660644e-01 9.999722550045099245e-01 9.999703209236945334e-01 9.999763694057534069e-01 9.999826620598464277e-01 9.999677931508504924e-01 9.999642576655380921e-01
9.999365356511674685e-01 9.999657444041483156e-01 9.999535800757823889e-01 9.999795229578458677e-01 9.999505723273367508e-01 9.999589652711547982e-01 9.999797921749296048e-01 9.999662660229003963e-01 9.999561523326856438e-01 9.999797416531933658e-01
9.999737504024737156e-01 9.998584222611834882e-01 9.999878186330785068e-01 9.999757256105723524e-01 9.999601978992124218e-01 9.999759360058003699e-01 9.999548766155124113e-01 9.999748090195647032e-01 9.999658243086472220e-01 9.999598798725867210e-01
9.999839500355102162e-01 9.999755636485521126e-01 9.999772104989338439e-01 9.999689009186389921e-01 9.999887265856152174e-01 9.999248583286189929e-01 9.999490737245818606e-01 9.999641862648346313e-01 9.999636679534414929e-01 9.999896532311257635e-01
9.999864130400882845e-01 9.999319703355545874e-01 9.999540367098607163e-01 9.999538632254321158e-01 9.999540846109516989e-01 9.999858458551720286e-01 9.999752099683015816e-01 9.999788561655602592e-01 9.999791234237135340e-01 9.999879788459823393e-01
9.999620289114273808e-01 9.999431987477614969e-01 9.999488175374402488e-01 9.999691790394257263e-01 9.999816646456615166e-01 9.999807036113529390e-01 9.999774172956276130e-01 9.999526684437657353e-01 9.999845252743730928e-01 9.999785369612397279e-01
9.999776257489341180e-01 9.999822220431576758e-01 9.999917989744240288e-01 9.999718571830179537e-01 9.999834753488637817e-01 9.999792900257193917e-01 9.999340035010219063e-01 9.999757583441308828e-01 9.999596643004275975e-01 9.999878536945712160e-01
9.999895000097802633e-01 9.999918746644057554e-01 9.999823048226967881e-01 9.999613532447987341e-01 9.998295859876740188e-01 9.999786828267061001e-01 9.999792893042892539e-01 9.999692967566244928e-01 9.999736329050473715e-01 9.999710856813784909e-01
9.999870210515297009e-01 9.999668648608084354e-01 9.999825730856854999e-01 9.999442018412024735e-01 9.999496067297315438e-01 9.999298186553904344e-01 9.999420738266731057e-01 9.999834090606340986e-01 9.999660774398735352e-01 9.999606952919781744e-01
9.999611570713767827e-01 9.999804695680873934e-01 9.999732516017345585e-01 9.998869502733629400e-01 9.999567251211792795e-01 9.999487164116427351e-01 9.999387965513006904e-01 9.999625926429962508e-01 9.999528128069861133e-01 9.999604266228379057e-01
9.999866602183515862e-01 9.999003469542958600e-01 9.999740423410509171e-01 9.999609152155387592e-01 9.999842858365506348e-01 9.999637144674639044e-01 9.999776236469547497e-01 9.999072493392539007e-01 9.998620638182381670e-01 9.999811904535365059e-01
9.999641837700357083e-01 9.999661118294648210e-01 9.999844676864323434e-01 9.999856028822176057e-01 9.999709881691075664e-01 9.999730891023629331e-01 9.998885387423146476e-01 9.999494124762896563e-01 9.999728053239840264e-01 9.999584625384567715e-01
9.998619345027294214e-01 9.999545790433411740e-01 9.999599582999072478e-01 9.999837138644196433e-01 9.999713634472060519e-01 9.999850181218242762e-01 9.999397979925502833e-01 9.999803092454877529e-01 9.999407635382231430e-01 9.999802485130075969e-01
9.999734014621164402e-01 9.999617327643243181e-01 9.999609609216497663e-01 9.999782740552852767e-01 9.999820205355371971e-01 9.999809697327800562e-01 9.999718097093828195e-01 9.999681992287882126e-01 9.999743573932392549e-01 9.999538909317048363e-01
9.999717311317268820e-01 9.999573633643611403e-01 9.999674384570945707e-01 9.999512077989395342e-01 9.999828017029326332e-01 9.999909503776757136e-01 9.999823732321045933e-01 9.999784476058425353e-01 9.999333342145633186e-01 9.999714077362567011e-01
9.999367006591441953e-01 9.999721612687184624e-01 9.999798689492325199e-01 9.999874192888773550e-01 9.999803949204830733e-01 9.999157450746323228e-01 9.999586847372731180e-01 9.999842603885688019e-01 9.999340978118926859e-01 9.999585398303330042e-01
9.999802487827815778e-01 9.999680751294411918e-01 9.999838106425110729e-01 9.999725224676092594e-01 9.999718579284578857e-01 9.999774371918959126e-01 9.999843941735093722e-01 9.999383045036674966e-01 9.998887598152628176e-01 9.999693257213754238e-01
9.999715308681375037e-01 9.999741479330773730e-01 9.999641699103467563e-01 9.999575045281475782e-01 9.999408459810961158e-01 9.999832284126836113e-01 9.999752815834676012e-01 9.999558579930510893e-01 9.999563131999706922e-01 9.999690727689652947e-01
9.999873915810908453e-01 9.999802270553977968e-01 9.999146107946219608e-01 9.999724472298688882e-01 9.999454205546206564e-01 9.999623779388825406e-01 9.999665136193987003e-01 9.999589407171491917e-01 9.999277229999525840e-01 9.999508201695752607e-01
9.999669057182222209e-01 9.999727777809731544e-01 9.999695317511096970e-01 9.999640471984072576e-01 9.999269177144445298e-01 9.999287109906197513e-01 9.999871469466365959e-01 9.999704618187568173e-01 9.999744003179551477e-01 9.999779738177599908e-01
9.999691153839158630e-01 9.999612779802986573e-01 9.998972344979183413e-01 9.999644599983728011e-01 9.999778841957717157e-01 9.999829415502459184e-01 9.999579264343840812e-01 9.999555137463319587e-01 9.999386597217619910e-01 9.999704392499434435e-01
9.999668927346334613e-01 9.999809044219131193e-01 9.999144332213160125e-01 9.999724898402386764e-01 9.999604173703614540e-01 9.999733549862714899e-01 9.999796098775616260e-01 9.999801878607544880e-01 9.999765149022350474e-01 9.999845706930570177e-01
9.999146911404338534e-01 9.999651325027643090e-01 9.999868794140539530e-01 9.999395960435937258e-01 9.999644471950392965e-01 9.999729960021115360e-01 9.999778958887818314e-01 9.999617383389678427e-01 9.999582949593740500e-01 9.999555693208881380e-01
9.999600459094843963e-01 9.999563912264706200e-01 9.999742878758943743e-01 9.999465321621191505e-01 9.999411725859997935e-01 9.998992631495968730e-01 9.998039424782187989e-01 9.999802200344402037e-01 9.999744656299690559e-01 9.999728909712762848e-01
9.998984154423709025e-01 9.999752197596478709e-01 9.999742697484299558e-01 9.999630286697948067e-01 9.998968216787301744e-01 9.999804983595118602e-01 9.999624200306141963e-01 9.999864257316272154e-01 9.999509644556759946e-01 9.999263826081528084e-01
9.999491345317782498e-01 9.999829688998379540e-01 9.998984532862680297e-01 9.999587823665154751e-01 9.999442155069827587e-01 9.999833867789136299e-01 9.999409361733218038e-01 9.999697536970014733e-01 9.999786088761599689e-01 9.999508684475040265e-01
9.999661542119506752e-01 9.999737038765211805e-01 9.999330264108607924e-01 9.999541417871496973e-01 9.999804838741745971e-01 9.999178736539792167e-01 9.999268358931413525e-01 9.998605254203255521e-01 9.999677094915508935e-01 9.999487428192030958e-01
9.999933981473116962e-01 9.999561642423462349e-01 9.999230636347873347e-01 9.999596642529930968e-01 9.998776300404010886e-01 9.999534368933655770e-01 9.999284575299498545e-01 9.999566895183634729e-01 9.999411321472445602e-01 9.999709070356250784e-01
9.999698568215774630e-01 9.999687404394524970e-01 9.997345508735481223e-01 9.999846740803305378e-01 9.999360051174730479e-01 9.999766283610750373e-01 9.999790088374506114e-01 9.999528242872708361e-01 9.999605909714642804e-01 9.999180451076867815e-01
9.999634173414293503e-01 9.999860717170949709e-01 9.999697821270470133e-01 9.999889298594050180e-01 9.996663935727322370e-01 9.999738252893007884e-01 9.999623198347764585e-01 9.999744019233570702e-01 9.999786870014298890e-01 9.999853823469998515e-01
9.999430475617586689e-01 9.999854243315321467e-01 9.999126136543576848e-01 9.999834809301259009e-01 9.999588783712352047e-01 9.999658466938555756e-01 9.999873337535555295e-01 9.999652079539164129e-01 9.999871465487305544e-01 9.999797723308870845e-01
9.999478423139613881e-01 9.999859943280935415e-01 9.999567626277581223e-01 9.999551204282252082e-01 9.999731775671559797e-01 9.999712252260591905e-01 9.999766928309015146e-01 9.998912447869595654e-01 9.999734328789637861e-01 9.999457248648202512e-01
9.999675593440022769e-01 9.999866223686083577e-01 9.999498399769802814e-01 9.999345775729442387e-01 9.999549731323000845e-01 9.999569085296926563e-01 9.999641409141920567e-01 9.999874269922217618e-01 9.999735586267692877e-01 9.999704283457716558e-01
9.999542625451894873e-01 9.999380117096349219e-01 9.999493236867793566e-01 9.999749179236577801e-01 9.999592126841843065e-01 9.999585144804349346e-01 9.999810385272636104e-01 9.999240894363808918e-01 9.999424583100106068e-01 9.999821108985621487e-01
9.999483990864436178e-01 9.999491220770024835e-01 9.999753963773586607e-01 9.999684979889115199e-01 9.999360165506298026e-01 9.999792025304099496e-01 9.999702113235707790e-01 9.999560467151402676e-01 9.998357297085231910e-01 9.999655748766994590e-01
9.998436995138731964e-01 9.999768203561546498e-01 9.999743280658515143e-01 9.999815299108085753e-01 9.999254823723834340e-01 9.999774487934923739e-01 9.999518562833259461e-01 9.999888894331039335e-01 9.997771660975010022e-01 9.999787910955053594e-01
9.999726451188001297e-01 9.999796412471421148e-01 9.999774929434133153e-01 9.999815407543315438e-01 9.999803776441913428e-01 9.999797239584354847e-01 9.999625366435817009e-01 9.999741155940354842e-01 9.999929253098183146e-01 9.999861524244975097e-01
9.999810713870593837e-01 9.999856846368930796e-01 9.999661844338938455e-01 9.999454634281446097e-01 9.999497635680061336e-01 9.998189699423316590e-01 9.999732979693661816e-01 9.999649539935020481e-01 9.999895212438044689e-01 9.999793100548254321e-01
9.999595031757497754e-01 9.999644455929221909e-01 9.999768102375253820e-01 9.999461994281270139e-01 9.999212235336520926e-01 9.999781174264782413e-01 9.999458731362107500e-01 9.999648889574563881e-01 9.999662784448530850e-01 9.999718846626051150e-01
9.999864190569965894e-01 9.999138042071774590e-01 9.999734571261564842e-01 9.999449306427151685e-01 9.999359887045934370e-01 9.999571911938333058e-01 9.999874738220716486e-01 9.999849944039810312e-01 9.999273184847943252e-01 9.999873507121708194e-01
9.999380681636889090e-01 9.999738872821359870e-01 9.999725905998454456e-01 9.999864268991036642e-01 9.999714910098868037e-01 9.999423008622262410e-01 9.999736552489525421e-01 9.999775926669287607e-01 9.999647670810536404e-01 9.999697741563630116e-01
9.999602937985921924e-01 9.999570138495019744e-01 9.998859737098299005e-01 9.999649887637535040e-01 9.999813085888382691e-01 9.999736875566571648e-01 9.999695331199138781e-01 9.999577726425475932e-01 9.999665535590553933e-01 9.999801427232494211e-01
9.999946067288328910e-01 9.999605738089367701e-01 9.999236690791838411e-01 9.999811609079777286e-01 9.999827161548463517e-01 9.999610552122134566e-01 9.999705618321265144e-01 9.999605909439170937e-01 9.999308910883025758e-01 9.999671941033766442e-01
9.999753503205532912e-01 9.999803663520193675e-01 9.999660067711424460e-01 9.999733338711135344e-01 9.999793275530511893e-01 9.999853264442781775e-01 9.999475588619668454e-01 9.999808396137304101e-01 9.999608544478368888e-01 9.999840697724823313e-01
9.999584085700514713e-01 9.999519432325066903e-01 9.997936887154511565e-01 9.999746744813571286e-01 9.999614287000556656e-01 9.998763381141682061e-01 9.999379030994079987e-01 9.999680455846090554e-01 9.999594241176513743e-01 9.999673755237478145e-01
9.999742782216316517e-01 9.999843729740073295e-01 9.999926269561052461e-01 9.999630449126707399e-01 9.999783747866107797e-01 9.999740890948161098e-01 9.999695280579981027e-01 9.999868923819502653e-01 9.999834236028302126e-01 9.999140608086657389e-01
9.999268861321701785e-01 9.999587617682593743e-01 9.999711620143820756e-01 9.999794651608409080e-01 9.999662072748400909e-01 9.999806247842888407e-01 9.999485173160627127e-01 9.999445658487563504e-01 9.999800852256043315e-01 9.999697903176432146e-01
9.999588459174904020e-01 9.999736245175158134e-01 9.999838544609132018e-01 9.999700688503518897e-01 9.999744574153357490e-01 9.999860791406365301e-01 9.999427248540827540e-01 9.999642212742313463e-01 9.999563395431561030e-01 9.999500717251013082e-01
9.999738042196177901e-01 9.999613114432414074e-01 9.999539644563472107e-01 9.999861440910753352e-01 9.999656512828127841e-01 9.999685316560876780e-01 9.999622162913683887e-01 9.999658613588906508e-01 9.999749506169453017e-01 9.999687186762136193e-01
9.999783463916253057e-01 9.999749014601401198e-01 9.998470557328106301e-01 9.999595688603188925e-01 9.999731961433111493e-01 9.999570472546611688e-01 9.999557248109720575e-01 9.999921705259945393e-01 9.999423472105010147e-01 9.999877344803549395e-01
9.999781972036674293e-01 9.999363959140024072e-01 9.999674136130309865e-01 9.999863910819140056e-01 9.999373985148747312e-01 9.999753690709142218e-01 9.999941426019617330e-01 9.999346510317308478e-01 9.999581721559713809e-01 9.999772990446301746e-01
9.999899131725642487e-01 9.999633714181631605e-01 9.999726164995722533e-01 9.999818990369754301e-01 9.999612933845258844e-01 9.999231942687232255e-01 9.999836639905301805e-01 9.999797884735571740e-01 9.999746813953162006e-01 9.999892451383416425e-01
9.999683498759044387e-01 9.999803396847177783e-01 9.999922332353311516e-01 9.999825119526819517e-01 9.999826727926575121e-01 9.999883414066880194e-01 9.999848541497955434e-01 9.999909654748663224e-01 9.999604450082939522e-01 9.999217207786511574e-01
9.999810649856704092e-01 9.999871677368658007e-01 9.999820902929901223e-01 9.999502331439084069e-01 9.999687286126276442e-01 9.999689033360823487e-01 9.998760117636201761e-01 9.999715446868030488e-01 9.998769474701219018e-01 9.999517307857411774e-01
9.999052653832544157e-01 9.999618598795291247e-01 9.999522522323599505e-01 9.999657073087748760e-01 9.999874693400760961e-01 9.999815745648230614e-01 9.999658774968155361e-01 9.999670449142006312e-01 9.999491294380254969e-01 9.999676018841702207e-01
9.999876979854338543e-01 9.999887853909591451e-01 9.999430657757035767e-01 9.999789964748877491e-01 9.999609147785714081e-01 9.999821026800919110e-01 9.999698872278472983e-01 9.999850325406273166e-01 9.999864023922614420e-01 9.999736058129500282e-01
9.999824720856547167e-01 9.999718630386836837e-01 9.999037982585813333e-01 9.999685487927202354e-01 9.999729754515115365e-01 9.999870144750639955e-01 9.999613776937953391e-01 9.999261493290546587e-01 9.998609898433755694e-01 9.999133104219670720e-01
9.999545754359143723e-01 9.999740300578244812e-01 9.999817391167420411e-01 9.999748652236466473e-01 9.999844790497945946e-01 9.999844209786908911e-01 9.999799556900810238e-01 9.999832949588299824e-01 9.999513649123851211e-01 9.999546751902128605e-01
9.999838965807672508e-01 9.999800629064667934e-01 9.999646316498458365e-01 9.999695138041387876e-01 9.999859247254699879e-01 9.999495633828271446e-01 9.999693081721163779e-01 9.999218946788194229e-01 9.999911915651947814e-01 9.999894676541765115e-01
9.999499712620492087e-01 9.999769538950222802e-01 9.999487176589569870e-01 9.998342070601908826e-01 9.998880646629303426e-01 9.999333920230361050e-01 9.999717389003509593e-01 9.999671961994648361e-01 9.999537731969111443e-01 9.998987380435184757e-01
9.999888395584488610e-01 9.999677302281450020e-01 9.999793016529017198e-01 9.999690130439928826e-01 9.999591479682929940e-01 9.999675123102281793e-01 9.999778887612137401e-01 9.999699952742301390e-01 9.999720924298894920e-01 9.999790455170951553e-01
9.999496058729947512e-01 9.999691416280970246e-01 9.999831334424272855e-01 9.999351678613277450e-01 9.999706696419918828e-01 9.999348049001020033e-01 9.999578492221932180e-01 9.999839982039734343e-01 9.999709753648500232e-01 9.999785752267424943e-01
9.999733503420323855e-01 9.999664109198589390e-01 9.999146801099701998e-01 9.999552798753534866e-01 9.999806142295027955e-01 9.999621296618674826e-01 9.999797011406216241e-01 9.999510440676718792e-01 9.999863211475014113e-01 9.999428579636987502e-01
9.999544163133711194e-01 9.999621382906411782e-01 9.999662085350832230e-01 9.999818905556919768e-01 9.999700631574774956e-01 9.999725657724721772e-01 9.999772705611146284e-01 9.999872913561340670e-01 9.999236277129205375e-01 9.998912262810000229e-01
9.999714387268094917e-01 9.999563341984406550e-01 9.999687903900761343e-01 9.997261698528535634e-01 9.999857989238564171e-01 9.999365252976156748e-01 9.999728998999587448e-01 9.999695689291662193e-01 9.999687863096415885e-01 9.999816717017107059e-01
9.999857162695674484e-01 9.999770310208554447e-01 9.999825426767348091e-01 9.999574239207859039e-01 9.999722106756766538e-01 9.999641107328621770e-01 9.999680213487804892e-01 9.999871396518897892e-01 9.999639426339482773e-01 9.999563376346911614e-01
9.999492966957148621e-01 9.999663197485989530e-01 9.999522566155119030e-01 9.999383851196778084e-01 9.999383011382976250e-01 9.999533924267063334e-01 9.999759453104906104e-01 9.999811961806656102e-01 9.999366625937479158e-01 9.999775487961971576e-01
9.999680243557470538e-01 9.999849997738610163e-01 9.999804863354253559e-01 9.999125739544783009e-01 9.999672859051417229e-01 9.999555386211899100e-01 9.999828903051070084e-01 9.999787668520342399e-01 9.999369541308748000e-01 9.999722173007139503e-01
9.999820694115366670e-01 9.999269660197522835e-01 9.999850524189284329e-01 9.999817743379386670e-01 9.999689363359985927e-01 9.999730818775233177e-01 9.999525196801283267e-01 9.999438416268602303e-01 9.999735687341965162e-01 9.999626447298702869e-01
9.998877747273858807e-01 9.998711111396146878e-01 9.999641338955114200e-01 9.999842317425805538e-01 9.999714813843906258e-01 9.999785677897754521e-01 9.999623836549659250e-01 9.999553488087286057e-01 9.999712351767240381e-01 9.998617145142668639e-01
9.999375800403897951e-01 9.999652414672592915e-01 9.999655626649343043e-01 9.999884262106684130e-01 9.999802690462957777e-01 9.999620314339062732e-01 9.999707285918505439e-01 9.999836083356259397e-01 9.999671213729487418e-01 9.999845565210706555e-01
9.999845509784750508e-01 9.999763323138177729e-01 9.999683751706502921e-01 9.999815005704519866e-01 9.999817033448343828e-01 9.999529153433971418e-01 9.999123806870279241e-01 9.999793424777523310e-01 9.999249983500893002e-01 9.999731058445079368e-01
9.999674441724096807e-01 9.999741205077534723e-01 9.999645341453085035e-01 9.999784937275525420e-01 9.999669334607084181e-01 9.999489559178900144e-01 9.999844141667294517e-01 9.999684904674024377e-01 9.999692059628945140e-01 9.999280363651582570e-01
9.999753621473107534e-01 9.999509780988062868e-01 9.999620091349690210e-01 9.999815258086212078e-01 9.999575989999840431e-01 9.999764546211449279e-01 9.999538111052339584e-01 9.999641195796596937e-01 9.999786004415743834e-01 9.999863386501690599e-01
9.999781170200369163e-01 9.999838544420371900e-01 9.999759906522841524e-01 9.999387951085220161e-01 9.999748876396525876e-01 9.999836303940670135e-01 9.999520251710313223e-01 9.999405415733423341e-01 9.999145381095303486e-01 9.999860661941952777e-01
9.999414312075282085e-01 9.999404695729653403e-01 9.999849286546651506e-01 9.999872502157671761e-01 9.999835522703443003e-01 9.999713448058432652e-01 9.999752349962649500e-01 9.999808329211267166e-01 9.999684617853730195e-01 9.999731730999817936e-01
9.999349124322700622e-01 9.999820921700642851e-01 9.999676426545955898e-01 9.999730008029820150e-01 9.999665930272797487e-01 9.999915011854612068e-01 9.999732312359974618e-01 9.999830208297204592e-01 9.999607773413937695e-01 9.999711994611961696e-01
9.999750145895345277e-01 9.999922275285674234e-01 9.999784450003641467e-01 9.999826593406236919e-01 9.999833500664543351e-01 9.999504998163870617e-01 9.999353800794693603e-01 9.999879670964015865e-01 9.999686476362619203e-01 9.999836623650435463e-01
9.999546478529790505e-01 9.999505143426294929e-01 9.999644687438983270e-01 9.999911605728981634e-01 9.999805404294541678e-01 9.999842862307483093e-01 9.999604828687638225e-01 9.999923124209689762e-01 9.999782061953571555e-01 9.999693796882291874e-01
9.999736438076488598e-01 9.999755169258990328e-01 9.999692715782450003e-01 9.998928784564337091e-01 9.999686699360681441e-01 9.999745989768492604e-01 9.999911485017257684e-01 9.999788369632021112e-01 9.999832799347043721e-01 9.999487910109730038e-01
9.999596761178642934e-01 9.999467081871363794e-01 9.999624784551249812e-01 9.999647404854539179e-01 9.998606070300158910e-01 9.999583516683832052e-01 9.999565722269874168e-01 9.999741075726136241e-01 9.999885950662629197e-01 9.998228458171275479e-01
9.999680022325774242e-01 9.999731262938363896e-01 9.999746164579652596e-01 9.999827275804715754e-01 9.999331404542443069e-01 9.999311483823878355e-01 9.999821804152005944e-01 9.999267777941179824e-01 9.999855284505709818e-01 9.999861747944680523e-01
9.999793748615680711e-01 9.999572650614598768e-01 9.999739809649923483e-01 9.999232211115676172e-01 9.999490796878888199e-01 9.999800283009445678e-01 9.999484704280389158e-01 9.999701515962995391e-01 9.999243805152999709e-01 9.999664898140465663e-01
9.999524389966926163e-01 9.999212325920401323e-01 9.999731984000038709e-01 9.999412926016648662e-01 9.999207748732422685e-01 9.999893904469099315e-01 9.999626385779940563e-01 9.999732791818011224e-01 9.998809651197850812e-01 9.999858645886084973e-01
9.999693451927961219e-01 9.999644894554092778e-01 9.999744482391266232e-01 9.999827497405585630e-01 9.999796672613577853e-01 9.999756016053683583e-01 9.999766111495608234e-01 9.999233115698278329e-01 9.999817012519135462e-01 9.999434420136010804e-01
9.999859865288707184e-01 9.999589917048020693e-01 9.999898003644289712e-01 9.999454202839916928e-01 9.999453870442650549e-01 9.999745486353835977e-01 9.999517077138206922e-01 9.999769628965491375e-01 9.999697457475023032e-01 9.999765993778395590e-01
