9.999978235716389108e-01 9.999965829026425945e-01 9.999960606219552295e-01 9.999981366629908663e-01 9.999882336236189939e-01 9.999926324069127181e-01 9.999964684598603437e-01 9.999944008626232561e-01 9.999950703937078300e-01 9.999939341860787367e-01
9.999931933055653532e-01 9.999940387807837450e-01 9.999943360270348025e-01 9.999953371805798685e-01 9.999974697543532187e-01 9.999986757427662409e-01 9.999844715606389656e-01 9.999974267237533576e-01 9.999962377498395893e-01 9.999985250707205120e-01
9.999928212724144005e-01 9.999974927778748635e-01 9.999928614560628093e-01 9.999944304212317059e-01 9.999920943103304261e-01 9.999967540177008285e-01 9.999983727493640950e-01 9.999988005771981436e-01 9.999935982243685073e-01 9.999969854652234202e-01
9.999978652459153849e-01 9.999952753339653722e-01 9.999948811609803423e-01 9.999949755056449785e-01 9.999966889891271915e-01 9.999952825285268743e-01 9.999980334568980833e-01 9.999962755229179212e-01 9.999947311427044294e-01 9.999954135395969779e-01
9.999958986638717295e-01 9.999933874053926752e-01 9.999951610014976566e-01 9.999937565177043908e-01 9.999983252823867463e-01 9.999956475710883863e-01 9.999980660191514215e-01 9.999969769641737782e-01 9.999905420044933324e-01 9.999898204517452260e-01
9.999845743507748130e-01 9.999956173986043195e-01 9.999974259979621527e-01 9.999963577990174102e-01 9.999966136585118903e-01 9.999967676444284637e-01 9.999977154765846699e-01 9.999956227506893169e-01 9.999972007845527866e-01 9.999983189693998353e-01
9.999948121018291669e-01 9.999932001807738668e-01 9.999955672668352502e-01 9.999957403514714294e-01 9.999925920591961059e-01 9.999972764820342919e-01 9.999950067950473809e-01 9.999922352611083642e-01 9.999976979948251854e-01 9.999953650793831361e-01
9.999952346730457409e-01 9.999948306539924170e-01 9.999983855064247251e-01 9.999997351531029199e-01 9.999979598823200977e-01 9.999955734706389432e-01 9.999946282006969556e-01 9.999945126860817490e-01 9.999962761498881747e-01 9.999996469454929260e-01
9.999979518079461505e-01 9.999986311347835999e-01 9.999953405406223350e-01 9.999938459308048699e-01 9.999960404902578093e-01 9.999833960341866224e-01 9.999919549636983040e-01 9.999973267687087830e-01 9.999991404679544615e-01 9.999965472320445636e-01
9.999944161429181744e-01 9.999940015265411652e-01 9.999978043295383312e-01 9.999907240800371966e-01 9.999939817156495714e-01 9.999959278456993506e-01 9.999985469280545658e-01 9.999966636336918846e-01 9.999920184205074447e-01 9.999968932639251573e-01
9.999962882377702034e-01 9.999921201734504050e-01 9.999966244282285643e-01 9.999984947517392975e-01 9.999955361820985766e-01 9.999972628207215442e-01 9.999939527865617794e-01 9.999953553208207335e-01 9.999978876795599936e-01 9.999950365312655354e-01
9.999970088144530811e-01 9.999946161396274791e-01 9.999944801189470933e-01 9.999982611423313683e-01 9.999956806457031000e-01 9.999947607112982251e-01 9.999976915238375508e-01 9.999942450193329835e-01 9.999921316377238245e-01 9.999981067837740989e-01
9.999991432803615465e-01 9.999967260554623039e-01 9.999973265323537364e-01 9.999962024549362560e-01 9.999973845831829911e-01 9.999942980055809283e-01 9.999921775731063223e-01 9.999984486662080174e-01 9.999947150567931597e-01 9.999995562467675070e-01
9.999992140439460941e-01 9.999967708165619085e-01 9.999986029673674226e-01 9.999961632218047347e-01 9.999966398024627834e-01 9.999895192652001885e-01 9.999978416940471515e-01 9.999950778239925508e-01 9.999975340651320321e-01 9.999961888891899520e-01
9.999981689384744854e-01 9.999949731600347169e-01 9.999982447947354247e-01 9.999977055470271603e-01 9.999975729876235953e-01 9.999958841702214496e-01 9.999948397625676444e-01 9.999982462590162324e-01 9.999969770328989149e-01 9.999942620082293843e-01
9.999962224994816129e-01 9.999927703787676592e-01 9.999959096151324056e-01 9.999944713607047397e-01 9.999984758834635779e-01 9.999985106507763843e-01 9.999955024507755086e-01 9.999973668495213408e-01 9.999924635807772022e-01 9.999974744632754708e-01
9.999931225872447094e-01 9.999976552958464993e-01 9.999904147082444572e-01 9.999967723427986011e-01 9.999947160802744595e-01 9.999909626731583456e-01 9.999981477011421482e-01 9.999958498404409868e-01 9.999965538830832834e-01 9.999953872198555915e-01
9.999886525850218977e-01 9.999979110733483445e-01 9.999980167977934320e-01 9.999977757879741080e-01 9.999989390390556787e-01 9.999945053158751929e-01 9.999955149266209764e-01 9.999985603286088987e-01 9.999950178763347131e-01 9.999976829780209409e-01
9.999986519566395060e-01 9.999938204753576754e-01 9.999981263483751492e-01 9.999988405914114198e-01 9.999916204805723297e-01 9.999974097675139451e-01 9.999976575266140699e-01 9.999961121307997525e-01 9.999975099695792569e-01 9.999980678770090670e-01
9.999983208104447074e-01 9.999964896840906059e-01 9.999958090571333669e-01 9.999947744747739176e-01 9.999963186720884911e-01 9.999930557113315688e-01 9.999982093259622840e-01 9.999941527658857687e-01 9.999971431783012399e-01 9.999950560311750003e-01
9.999946739894212122e-01 9.999987947364922247e-01 9.999970435607601349e-01 9.999920147961668393e-01 9.999959649078005164e-01 9.999973377357036508e-01 9.999965057142111702e-01 9.999868726165451749e-01 9.999888982488008837e-01 9.999955302459382356e-01
9.999956833341793194e-01 9.999974510081738321e-01 9.999966069240507904e-01 9.999957230223751603e-01 9.999943412150579247e-01 9.999966147172711928e-01 9.999989863975512483e-01 9.999970742510880806e-01 9.999958323894309054e-01 9.999972940927004394e-01
9.999963242402373220e-01 9.999970675502527495e-01 9.999969682281666383e-01 9.999916708067730919e-01 9.999959255447855577e-01 9.999970430519659059e-01 9.999899548375434932e-01 9.999960526633824287e-01 9.999980016738945210e-01 9.999947073283006471e-01
9.999972243306124442e-01 9.999954958497784263e-01 9.999977585569707061e-01 9.999940230973141109e-01 9.999969626424374258e-01 9.999981628223704178e-01 9.999962459608298104e-01 9.999939801510848714e-01 9.999966633045881403e-01 9.999940669541831362e-01
9.999962605311256691e-01 9.999979008047080731e-01 9.999920945548060880e-01 9.999967215326032166e-01 9.999944818120176659e-01 9.999976666926029267e-01 9.999972322147034909e-01 9.999976157016207123e-01 9.999908404422866992e-01 9.999963679506652658e-01
9.999899621802739169e-01 9.999973534015113019e-01 9.999962430582712836e-01 9.999979767999428448e-01 9.999935305285544418e-01 9.999974810339047337e-01 9.999986145569410567e-01 9.999972994274041183e-01 9.999987471656714977e-01 9.999958949919366402e-01
9.999933514836094606e-01 9.999977210809621875e-01 9.999864644427010063e-01 9.999944954652471019e-01 9.999983192872167193e-01 9.999986603320326628e-01 9.999928991356569208e-01 9.999961111415144321e-01 9.999970055929915391e-01 9.999989156374158306e-01
9.999989484562801234e-01 9.999979628489018557e-01 9.999978920146765926e-01 9.999906425158102685e-01 9.999945259702095468e-01 9.999904718773445778e-01 9.999953231364364648e-01 9.999966258846959555e-01 9.999917066779171471e-01 9.999991980454718821e-01
9.999912848119064668e-01 9.999940566606139170e-01 9.999963332901874447e-01 9.999958118429577159e-01 9.999968211511093275e-01 9.999989808215449250e-01 9.999981984989776418e-01 9.999979446104362291e-01 9.999951536676854325e-01 9.999961863178040700e-01
9.999910817070190028e-01 9.999984592996308264e-01 9.999959404304468169e-01 9.999943201474476018e-01 9.999973124283364490e-01 9.999940928100020665e-01 9.999956708315861365e-01 9.999973307251694976e-01 9.999861782381592734e-01 9.999946126116345813e-01
9.999933247794096092e-01 9.999933550257038561e-01 9.999952066178744436e-01 9.999935322132049720e-01 9.999952823604802976e-01 9.999944030819011287e-01 9.999964809142183331e-01 9.999955436313691104e-01 9.999963955928133919e-01 9.999982181761034594e-01
9.999944508064869675e-01 9.999962566812102827e-01 9.999940901729699183e-01 9.999959677613279307e-01 9.999947047812299816e-01 9.999972848016348559e-01 9.999945686430792291e-01 9.999921874171506797e-01 9.999975668450823418e-01 9.999968933790279735e-01
9.999948210709350693e-01 9.999974718344121216e-01 9.999913248302951807e-01 9.999958046122613409e-01 9.999968649363246698e-01 9.999993079883890967e-01 9.999955633012419520e-01 9.999978946735751384e-01 9.999954386145595286e-01 9.999980815574556203e-01
9.999938188674059036e-01 9.999945070140743297e-01 9.999960160574941082e-01 9.999979590159033815e-01 9.999980952877448592e-01 9.999968618372283569e-01 9.999973826923926890e-01 9.999987368151500577e-01 9.999985011767175136e-01 9.999929843193401391e-01
9.999938339312558488e-01 9.999971041346760181e-01 9.999965750600394720e-01 9.999979770844499294e-01 9.999958678320660654e-01 9.999977641986823595e-01 9.999966340963640787e-01 9.999981959146081456e-01 9.999980914511064078e-01 9.999982237561980680e-01
9.999981159818157606e-01 9.999974753493549029e-01 9.999980400069574671e-01 9.999943144702885256e-01 9.999965288323484636e-01 9.999947686592848273e-01 9.999967485923629829e-01 9.999976259797770384e-01 9.999966665195954008e-01 9.999955232647655956e-01
9.999969158857070495e-01 9.999965815276234959e-01 9.999975237384484128e-01 9.999962283903809368e-01 9.999940641428221033e-01 9.999953021107652607e-01 9.999929386606273285e-01 9.999989959210966450e-01 9.999956828056282276e-01 9.999968122600197962e-01
9.999934724430762367e-01 9.999968429851148199e-01 9.999958431446358542e-01 9.999957242132972990e-01 9.999900362521617625e-01 9.999892676660551150e-01 9.999985971819019825e-01 9.999981549027106009e-01 9.999896171430460168e-01 9.999923157874878177e-01
9.999979092160619087e-01 9.999903467631080511e-01 9.999957274222787129e-01 9.999978323837457328e-01 9.999974068247903247e-01 9.999983377719499078e-01 9.999984297751818296e-01 9.999955685190157206e-01 9.999961869907182388e-01 9.999980101272376576e-01
9.999948096505301143e-01 9.999927863741802092e-01 9.999947540552649450e-01 9.999919880833202379e-01 9.999952953981086079e-01 9.999982332904004956e-01 9.999984025484169869e-01 9.999926071782356818e-01 9.999966424842110513e-01 9.999970636879130792e-01
9.999979789809341213e-01 9.999987679456696643e-01 9.999988022673260701e-01 9.999970190404872117e-01 9.999981383579539251e-01 9.999979097045966769e-01 9.999911338579777764e-01 9.999984135497360649e-01 9.999947318231268145e-01 9.999971487491587929e-01
9.999926796810625351e-01 9.999907658651265852e-01 9.999957262944447756e-01 9.999977907744073136e-01 9.999955272468995515e-01 9.999987901320366301e-01 9.999958549193264101e-01 9.999891609252641311e-01 9.999955293665732103e-01 9.999940704351014675e-01
9.999984122688309052e-01 9.999938661313186872e-01 9.999970695161948253e-01 9.999989494460205242e-01 9.999985343663452264e-01 9.999962301790505936e-01 9.999960624260103570e-01 9.999971240903748892e-01 9.999968341597907928e-01 9.999992852472066041e-01
9.999966876151761275e-01 9.999974113840756074e-01 9.999975004056343986e-01 9.999980393623264519e-01 9.999941396846756536e-01 9.999969420242339480e-01 9.999973620454405410e-01 9.999962327551965569e-01 9.999978584140856164e-01 9.999985419019791211e-01
9.999925785487367991e-01 9.999974543954470718e-01 9.999932172217192994e-01 9.999966647693306898e-01 9.999966184109112532e-01 9.999984520832855273e-01 9.999958736796856762e-01 9.999978912137528209e-01 9.999965058545250418e-01 9.999973744744409254e-01
9.999941309690331126e-01 9.999964721598245676e-01 9.999973454197386147e-01 9.999944714037026783e-01 9.999949108536849707e-01 9.999985291274158250e-01 9.999931925105963737e-01 9.999939813663710764e-01 9.999992852919423747e-01 9.999981105592720132e-01
9.999940676101890524e-01 9.999929799984219603e-01 9.999981835517264273e-01 9.999931786729354677e-01 9.999935063523955892e-01 9.999951202589136834e-01 9.999934053634152997e-01 9.999991501115541581e-01 9.999938707262936433e-01 9.999976910458298063e-01
9.999966011353013107e-01 9.999948833484332278e-01 9.999971489070567099e-01 9.999975922135034834e-01 9.999971768287720941e-01 9.999993702316732902e-01 9.999971983307810453e-01 9.999936210689113203e-01 9.999936957894095535e-01 9.999969050571303475e-01
9.999949170231859918e-01 9.999946271351156657e-01 9.999986105319506047e-01 9.999961171142917049e-01 9.999990314551077120e-01 9.999967531121588538e-01 9.999979759893405928e-01 9.999928928790099425e-01 9.999966695812441131e-01 9.999950129400145826e-01
9.999963643187069762e-01 9.999991717499011612e-01 9.999981688141964531e-01 9.999948946116051784e-01 9.999909275912880480e-01 9.999926160758785265e-01 9.999930653264791358e-01 9.999966230929677735e-01 9.999889531691463773e-01 9.999938207897598463e-01
9.999972274203772216e-01 9.999901466018444873e-01 9.999974316070225910e-01 9.999969142869905570e-01 9.999974762619396884e-01 9.999953936042303981e-01 9.999924335200907066e-01 9.999984159629049518e-01 9.999988142290026083e-01 9.999983885617890200e-01
9.999980188483956756e-01 9.999952936904921152e-01 9.999978064427651470e-01 9.999974255350937424e-01 9.999904457281777459e-01 9.999960712236145577e-01 9.999974994000141448e-01 9.999953364310196768e-01 9.999975732792892869e-01 9.999955620814107160e-01
9.999972375071586317e-01 9.999956628484236720e-01 9.999955357969569913e-01 9.999983808957891851e-01 9.999931089655833549e-01 9.999980967262857012e-01 9.999959310753684383e-01 9.999961572261364395e-01 9.999988369917134357e-01 9.999972114789970057e-01
9.999977128112196301e-01 9.999925654992546376e-01 9.999916801520059018e-01 9.999897007377325231e-01 9.999956974314665459e-01 9.999959051928631881e-01 9.999966909763129408e-01 9.999950956819340098e-01 9.999932602264899328e-01 9.999959791444663626e-01
9.999966150902686035e-01 9.999978664796720373e-01 9.999935552383422133e-01 9.999963031189588181e-01 9.999941357060987412e-01 9.999983755897456916e-01 9.999956839760414384e-01 9.999968706689429387e-01 9.999934723610279796e-01 9.999972977611982783e-01
9.999966495339938088e-01 9.999969834192251605e-01 9.999978215493678935e-01 9.999984512383200963e-01 9.999898952164457677e-01 9.999977284825350976e-01 9.999956217503481737e-01 9.999971592922259900e-01 9.999933584232225670e-01 9.999936864907523759e-01
9.999955619951982344e-01 9.999953898949283104e-01 9.999937592823133770e-01 9.999950418461630575e-01 9.999974398031896694e-01 9.999899161260763503e-01 9.999970683793341086e-01 9.999932880732307350e-01 9.999956771787620324e-01 9.999981289147240604e-01
9.999972540695974965e-01 9.999935603984152488e-01 9.999939256416400246e-01 9.999960881940377355e-01 9.999960367361693248e-01 9.999967927247804811e-01 9.999988810838945641e-01 9.999866182289539607e-01 9.999975259551531215e-01 9.999980450475864924e-01
9.999927371935578568e-01 9.999989108598424936e-01 9.999963671093975437e-01 9.999915009913983299e-01 9.999972257825536781e-01 9.999961519047135816e-01 9.999923415031868323e-01 9.999994674634603564e-01 9.999972433729168442e-01 9.999910828921860784e-01
9.999982191149512367e-01 9.999959949328687259e-01 9.999967802944572659e-01 9.999952264911989852e-01 9.999971839738061030e-01 9.999992652860503206e-01 9.999976841740455535e-01 9.999988118153703143e-01 9.999959561654848672e-01 9.999951339227490799e-01
9.999806649013286419e-01 9.999938949569817659e-01 9.999953001031558486e-01 9.999959504619041484e-01 9.999982378568579300e-01 9.999941243298731131e-01 9.999932856935747072e-01 9.999962668104839247e-01 9.999896840854153313e-01 9.999990135460617990e-01
9.999939821268816198e-01 9.999945453781857729e-01 9.999952178378065382e-01 9.999922185657429408e-01 9.999945724626642107e-01 9.999964436987777150e-01 9.999980449405206917e-01 9.999949300348445203e-01 9.999992105040373946e-01 9.999941105592685675e-01
9.999930706825881366e-01 9.999977326575051340e-01 9.999984744661331026e-01 9.999948065325834357e-01 9.999916642490045415e-01 9.999979282754424270e-01 9.999946562309989240e-01 9.999942574490678915e-01 9.999919939842910610e-01 9.999983296080200423e-01
9.999954276187330571e-01 9.999940515924553575e-01 9.999961066634227569e-01 9.999908476999446183e-01 9.999973213062725019e-01 9.999962774880960525e-01 9.999956174493604966e-01 9.999968710773363689e-01 9.999986622649874590e-01 9.999952631748004750e-01
9.999901315829478055e-01 9.999969456507206145e-01 9.999941190097344501e-01 9.999991915826620392e-01 9.999913102233005668e-01 9.999965100911316629e-01 9.999978448175189660e-01 9.999975669437777270e-01 9.999930579843887557e-01 9.999916676570130836e-01
9.999988012764435830e-01 9.999956038549949744e-01 9.999975799990749037e-01 9.999969371322999789e-01 9.999967383930622455e-01 9.999953869126876338e-01 9.999967298364588197e-01 9.999977288379128249e-01 9.999930848798544991e-01 9.999981417278187568e-01
9.999959407571115122e-01 9.999986928546923393e-01 9.999970167704834711e-01 9.999972294891972258e-01 9.999925778076010907e-01 9.999981177996825066e-01 9.999981331785574579e-01 9.999959345756989082e-01 9.999991869185042015e-01 9.999961072181992039e-01
9.999974283222397009e-01 9.999980148759268772e-01 9.999907041538679264e-01 9.999976402460980518e-01 9.999939095423817648e-01 9.999943777657994692e-01 9.999981655113032719e-01 9.999939675810897155e-01 9.999968644284037422e-01 9.999909578006956901e-01
9.999956258270769061e-01 9.999966520386860402e-01 9.999898178886129640e-01 9.999972553258343888e-01 9.999970861970484126e-01 9.999943986248870376e-01 9.999966600856803334e-01 9.999945863422329273e-01 9.999973528625621944e-01 9.999983452032188413e-01
9.999975718735591990e-01 9.999937161203921177e-01 9.999943611449304548e-01 9.999983917470312011e-01 9.999974116241869826e-01 9.999988766662485373e-01 9.999972443977637182e-01 9.999968282642507367e-01 9.999979355156535243e-01 9.999960914055606720e-01
9.999934888270556321e-01 9.999979481488325828e-01 9.999970995907957461e-01 9.999951912304975155e-01 9.999995441209155178e-01 9.999955071000637963e-01 9.999975172611523799e-01 9.999968506684724368e-01 9.999960052177950809e-01 9.999958054246559369e-01
9.999989759533197686e-01 9.999983591893997215e-01 9.999920678386100548e-01 9.999980616707304648e-01 9.999985003937146288e-01 9.999975780330360164e-01 9.999965219085469315e-01 9.999971412976098595e-01 9.999928754659003216e-01 9.999985124912650347e-01
9.999937676024341915e-01 9.999989453121204130e-01 9.999953648681140228e-01 9.999987825267624419e-01 9.999972426056390473e-01 9.999974653896965826e-01 9.999982424793660840e-01 9.999968138562499442e-01 9.999989790688320612e-01 9.999951720911225417e-01
9.999978514871287194e-01 9.999920482953655876e-01 9.999978192699451318e-01 9.999972822556484342e-01 9.999949646535133407e-01 9.999937039150560425e-01 9.999922961146083811e-01 9.999965731484892206e-01 9.999931778492680001e-01 9.999941857521202904e-01
9.999934080229990752e-01 9.999955788749913532e-01 9.999949517505063445e-01 9.999980103288386157e-01 9.999935317265482571e-01 9.999912896072785662e-01 9.999960980368685082e-01 9.999958533075816725e-01 9.999912664995801448e-01 9.999970356069460831e-01
9.999962083492605069e-01 9.999994477760641987e-01 9.999965756024837837e-01 9.999921883079833096e-01 9.999984256455231035e-01 9.999906949393649880e-01 9.999944096849789910e-01 9.999970631290178158e-01 9.999984686318578175e-01 9.999981876543606596e-01
9.999974737109927903e-01 9.999965334134430783e-01 9.999985467134477890e-01 9.999950104097173886e-01 9.999987634302672790e-01 9.999940400801332618e-01 9.999955589945527246e-01 9.999970640189043136e-01 9.999875257129671180e-01 9.999951799938963104e-01
9.999976726914289182e-01 9.999964604939050039e-01 9.999936432963016930e-01 9.999905783569765783e-01 9.999981267803167428e-01 9.999915548542588351e-01 9.999953443312228352e-01 9.999973432709365895e-01 9.999969218586073350e-01 9.999904077648972267e-01
9.999961561340747762e-01 9.999923364150937743e-01 9.999964175745831296e-01 9.999975151785670535e-01 9.999973552344548766e-01 9.999981918796410074e-01 9.999976678277981978e-01 9.999917504010739089e-01 9.999965049739518719e-01 9.999959793387913631e-01
9.999939749901765040e-01 9.999986932512477944e-01 9.999948733415909841e-01 9.999945724783518841e-01 9.999990875860290673e-01 9.999979573266324362e-01 9.999967674558842834e-01 9.999932592007354515e-01 9.999920014286762804e-01 9.999927695719348364e-01
9.999955536759008723e-01 9.999976185714125609e-01 9.999966914664853990e-01 9.999954882348234264e-01 9.999862157632600779e-01 9.999969389086422744e-01 9.999948100358384551e-01 9.999906212778371106e-01 9.999978315413278196e-01 9.999960996462420315e-01
9.999941013142978896e-01 9.999946414112562687e-01 9.999950725961179732e-01 9.999968787348540999e-01 9.999977336126286698e-01 9.999962228836005718e-01 9.999984229340003195e-01 9.999890943748230843e-01 9.999958391190645335e-01 9.999964059209881517e-01
9.999958350635577142e-01 9.999944037150242382e-01 9.999996224355053309e-01 9.999927032131813442e-01 9.999886833405033926e-01 9.999972030985561089e-01 9.999952993402396739e-01 9.999968711629103613e-01 9.999952133709181235e-01 9.999945201554124585e-01
9.999952230431147226e-01 9.999940474936740431e-01 9.999982367941594452e-01 9.999927040097790210e-01 9.999883073428199598e-01 9.999969439829916595e-01 9.999953577310638497e-01 9.999920615562396531e-01 9.999975978612740679e-01 9.999960047845674049e-01
9.999975008783870134e-01 9.999931277783972172e-01 9.999966946596834383e-01 9.999897242393362973e-01 9.999976857691688092e-01 9.999959283706630897e-01 9.999971945426250342e-01 9.999896479593642917e-01 9.999978980921573335e-01 9.999941298383793198e-01
9.999943178900884133e-01 9.999980809943900262e-01 9.999972181663130399e-01 9.999969825549038793e-01 9.999951123321555446e-01 9.999972118834196122e-01 9.999960348261975884e-01 9.999982565658063205e-01 9.999955083317737525e-01 9.999981764832308606e-01
9.999963704473437964e-01 9.999964733416850660e-01 9.999935281678362653e-01 9.999990869129290472e-01 9.999942127863467034e-01 9.999978900346339072e-01 9.999888407560347803e-01 9.999968723861797359e-01 9.999983493700504988e-01 9.999907764882024486e-01
9.999977806729115626e-01 9.999979021593772277e-01 9.999941786890909068e-01 9.999932914836867637e-01 9.999986461008620875e-01 9.999929592928951116e-01 9.999966186864883699e-01 9.999969399690521454e-01 9.999955077273493531e-01 9.999907193280634932e-01
9.999970359904993833e-01 9.999961453772436837e-01 9.999969591557660298e-01 9.999970484989604280e-01 9.999978793009242084e-01 9.999943857638684541e-01 9.999977526597904065e-01 9.999987478891880777e-01 9.999978388551186148e-01 9.999914042204600673e-01
9.999944088591191660e-01 9.999991638027064811e-01 9.999937756919941023e-01 9.999969832107322709e-01 9.999917286600765731e-01 9.999979709002188022e-01 9.999968141698104551e-01 9.999959161354946557e-01 9.999962578349528286e-01 9.999904668421978338e-01
9.999978923204487780e-01 9.999907626085200452e-01 9.999992746147924327e-01 9.999937045579995187e-01 9.999983272316951277e-01 9.999974115721211865e-01 9.999948157422725581e-01 9.999924435054390326e-01 9.999956304260484430e-01 9.999966854595961907e-01
9.999971946643811949e-01 9.999955250292605902e-01 9.999987391601048436e-01 9.999941476809404151e-01 9.999951840530260094e-01 9.999942697624032428e-01 9.999965366524241617e-01 9.999960189983411185e-01 9.999981968600192284e-01 9.999929781308615206e-01
9.999938449012233388e-01 9.999978225414688504e-01 9.999971450167772780e-01 9.999988239961983272e-01 9.999947516999848629e-01 9.999954827404844426e-01 9.999941895522075352e-01 9.999953653298981893e-01 9.999988680675838681e-01 9.999991261051948133e-01
9.999940780670727447e-01 9.999961727679373968e-01 9.999927818632895482e-01 9.999953164588905041e-01 9.999944046169837453e-01 9.999963555735784659e-01 9.999982555798516692e-01 9.999934270257700986e-01 9.999895367493477627e-01 9.999986355993166764e-01
9.999952307167083720e-01 9.999956091426778215e-01 9.999963541330119110e-01 9.999941899726069172e-01 9.999971735532934280e-01 9.999981982981513973e-01 9.999936897794101665e-01 9.999958817016071366e-01 9.999964638661803518e-01 9.999989574074363841e-01
9.999955453989068932e-01 9.999963377950252807e-01 9.999983623697662471e-01 9.999933812743397876e-01 9.999961621623957297e-01 9.999943621094077306e-01 9.999962437838186835e-01 9.999949258384616124e-01 9.999990938360817649e-01 9.999967811918637484e-01
9.999912706623802494e-01 9.999944664685780360e-01 9.999979849831507339e-01 9.999977408409393975e-01 9.999939077980810609e-01 9.999972418280796971e-01 9.999983844681720191e-01 9.999976789207535299e-01 9.999937203389481777e-01 9.999951657901884339e-01
9.999976515150190703e-01 9.999968953621362067e-01 9.999989203698979034e-01 9.999953314157139506e-01 9.999954786747240476e-01 9.999991215734835848e-01 9.999948342083815334e-01 9.999915453676323507e-01 9.999974745518653840e-01 9.999923611431649206e-01
9.999964844142678055e-01 9.999933769423065000e-01 9.999960982409038523e-01 9.999995989475018998e-01 9.999981534168902453e-01 9.999947089545246914e-01 9.999975920332689894e-01 9.999940689612427658e-01 9.999904948967091034e-01 9.999966860224791532e-01
9.999956612275502366e-01 9.999961963381110985e-01 9.999987293239598340e-01 9.999952510855304455e-01 9.999933365501028071e-01 9.999978881563565958e-01 9.999925090825219076e-01 9.999945762400006544e-01 9.999982645650866697e-01 9.999965994651472956e-01
