9.999936203995943851e-01 9.999932928702551793e-01 9.999959175721874205e-01 9.999929005008565408e-01 9.999843340178846685e-01 9.999884333450297369e-01 9.999931473797533110e-01 9.999764735324685461e-01 9.999830311947353056e-01 9.999879007454398616e-01
9.999867784126853509e-01 9.999911310189025793e-01 9.999841071615099830e-01 9.999909165820711765e-01 9.999793958333353938e-01 9.999985059805633902e-01 9.999516632206320033e-01 9.999950433729974941e-01 9.999941951778600346e-01 9.999935062307540035e-01
9.999835465196535988e-01 9.999966996785051299e-01 9.999832478932758617e-01 9.999910336295780855e-01 9.999931523853627935e-01 9.999886721856375837e-01 9.999942499467340262e-01 9.999959379900310585e-01 9.999692089240247439e-01 9.999891673263331393e-01
9.999916846889815858e-01 9.999896626362051455e-01 9.999797103419056921e-01 9.999892818204773048e-01 9.999947311170552799e-01 9.999928130745079358e-01 9.999967146625562409e-01 9.999941710808910589e-01 9.999794416062383062e-01 9.999886860206665951e-01
9.999879054151924462e-01 9.999813326452395845e-01 9.999905595365682354e-01 9.999856367645106880e-01 9.999900133158292626e-01 9.999889683899650938e-01 9.999961152176307655e-01 9.999888104655816345e-01 9.999770901366819009e-01 9.999774023414058632e-01
9.999745521877130283e-01 9.999929765524754322e-01 9.999929377724571244e-01 9.999944770540173389e-01 9.999929331390575715e-01 9.999813119669520578e-01 9.999932314921126109e-01 9.999892357782500518e-01 9.999819094900780359e-01 9.999982939192411102e-01
9.999784867744975214e-01 9.999784120189785241e-01 9.999974956750025123e-01 9.999902727595700869e-01 9.999705295950780393e-01 9.999907987987287639e-01 9.999892607903339004e-01 9.999951256015700007e-01 9.999942978991173126e-01 9.999940915141264375e-01
9.999894443975009262e-01 9.999919771970849913e-01 9.999935711415739448e-01 9.999953296777590595e-01 9.999903685213087368e-01 9.999946029913240331e-01 9.999885059802827714e-01 9.999779739189308403e-01 9.999921518869151482e-01 9.999912526246493849e-01
9.999942240021625350e-01 9.999969253835744309e-01 9.999959736511135899e-01 9.999826335492740803e-01 9.999744901883526049e-01 9.999701158946225910e-01 9.999717538624476321e-01 9.999918399183894691e-01 9.999956448793805297e-01 9.999890419219326088e-01
9.999953498803590968e-01 9.999817328305308228e-01 9.999903802981056078e-01 9.999631819472507566e-01 9.999801321631167639e-01 9.999910771672591014e-01 9.999964247749034696e-01 9.999955423282621547e-01 9.999816181743134136e-01 9.999933233604680893e-01
9.999927362766746208e-01 9.999844899026106848e-01 9.999941232920808165e-01 9.999978712855404073e-01 9.999868929295711029e-01 9.999923157671477547e-01 9.999851832748868352e-01 9.999892110480754770e-01 9.999936606591681709e-01 9.999892395224555530e-01
9.999922838130650415e-01 9.999736792252835738e-01 9.999925164111231890e-01 9.999926541650192569e-01 9.999953611491749772e-01 9.999933306302687397e-01 9.999957512636000745e-01 9.999826721546183350e-01 9.999746311041077806e-01 9.999940401864292339e-01
9.999971009230324004e-01 9.999949299912144207e-01 9.999960089823644038e-01 9.999811685346366996e-01 9.999990846325722549e-01 9.999898742505919369e-01 9.999867467691555545e-01 9.999905976372098770e-01 9.999900118168366658e-01 9.999938621551193174e-01
9.999943886450300967e-01 9.999884967367799193e-01 9.999992183605619367e-01 9.999738039253432964e-01 9.999857004431421670e-01 9.999872446618652821e-01 9.999976796631551146e-01 9.999952237488559659e-01 9.999912182947428008e-01 9.999856641927881151e-01
9.999948869403787466e-01 9.999893126964938261e-01 9.999947300519835824e-01 9.999882503218633367e-01 9.999959924148180690e-01 9.999955054701461510e-01 9.999944852373819915e-01 9.999951875155885794e-01 9.999902122024328932e-01 9.999927994969439737e-01
9.999899942879992842e-01 9.999827928962615742e-01 9.999879604086765461e-01 9.999766988530074396e-01 9.999902628628039025e-01 9.999961955414913284e-01 9.999875781689074872e-01 9.999845047602052839e-01 9.999915073616771899e-01 9.999890342940326304e-01
9.999803571016873116e-01 9.999758252652828361e-01 9.999717493556368186e-01 9.999959701153312563e-01 9.999373534105689965e-01 9.999814688707725496e-01 9.999988629041511867e-01 9.999921819169412807e-01 9.999827087709365347e-01 9.999929832186560397e-01
9.999731212211963038e-01 9.999943598930822741e-01 9.999932017458699196e-01 9.999937865867529752e-01 9.999956584862002007e-01 9.999893161697740451e-01 9.999821974368010569e-01 9.999974195022557355e-01 9.999941736309606588e-01 9.999897463322815483e-01
9.999979113113834917e-01 9.999948239181428722e-01 9.999925972313404854e-01 9.999773311144222188e-01 9.999899827865900148e-01 9.999954774921666623e-01 9.999961349786827824e-01 9.999860784295552252e-01 9.999974554249750902e-01 9.999933909620717376e-01
9.999968181503697817e-01 9.999922668289248362e-01 9.999875432033724643e-01 9.999837057997496004e-01 9.999943706968774659e-01 9.999859339464476360e-01 9.999963379008095510e-01 9.999829817513621322e-01 9.999939348298045871e-01 9.999789933590070845e-01
9.999934652699475901e-01 9.999915667636750660e-01 9.999805769210236006e-01 9.999856214660772791e-01 9.999873992279333379e-01 9.999835256543666562e-01 9.999915765209831386e-01 9.999758695913580908e-01 9.999612638283662536e-01 9.999891288993628669e-01
9.999944581784728781e-01 9.999926152900275866e-01 9.999886078445122672e-01 9.998907887034195197e-01 9.999701859301656226e-01 9.999933538710322756e-01 9.999788747759751351e-01 9.999109106199308705e-01 9.999867897930599936e-01 9.999958900553230778e-01
9.999930952323418110e-01 9.999921384212193676e-01 9.999883115209211581e-01 9.999364179276603037e-01 9.999897302790410336e-01 9.999906829145351894e-01 9.999847610187933000e-01 9.999858775144974121e-01 9.999876953524029499e-01 9.999765520417497333e-01
9.999948884275178251e-01 9.999826093096313429e-01 9.999960958118567778e-01 9.999934638533232167e-01 9.999858636254643773e-01 9.999896751701193853e-01 9.999910387275938728e-01 9.999835938109242761e-01 9.999879022751889668e-01 9.999881209836738449e-01
9.999926783780822559e-01 9.999921179924200487e-01 9.999532241549599076e-01 9.999580028715341351e-01 9.999907723710563801e-01 9.999940826275968142e-01 9.999937560432125006e-01 9.999965046496354093e-01 9.999848303985002795e-01 9.999967554927673419e-01
9.999743959597484633e-01 9.999977168343354705e-01 9.999889617426249711e-01 9.999899046499864941e-01 9.999900219158436299e-01 9.999892787082408363e-01 9.999930871916474784e-01 9.999948835383523082e-01 9.999936749781335177e-01 9.999944885331685240e-01
9.999663392967622633e-01 9.999898747473846550e-01 9.999687764038417415e-01 9.999915295897752188e-01 9.999895663606175322e-01 9.999904189656654285e-01 9.999487492150946899e-01 9.999971900457298446e-01 9.999751445800902916e-01 9.999934051594786544e-01
9.999959648895893061e-01 9.999962486466763556e-01 9.999839447696752259e-01 9.999823285407124507e-01 9.999910761433111750e-01 9.999669348971707006e-01 9.999789045535876220e-01 9.999922701329243546e-01 9.999865914842169801e-01 9.999946296755474195e-01
9.999814627604494133e-01 9.999951067906236446e-01 9.999744948453657134e-01 9.999756988225143584e-01 9.999878126638661602e-01 9.999961646213970656e-01 9.999914345629610235e-01 9.999838937502464331e-01 9.999908218983840635e-01 9.999886400358923844e-01
9.999845453777265192e-01 9.999914375353980978e-01 9.999865006652174371e-01 9.999978592207399153e-01 9.999889532575754192e-01 9.999814317186973556e-01 9.999864178251266500e-01 9.999958093791979641e-01 9.999723417520421931e-01 9.999607726602146585e-01
9.999116805073917646e-01 9.999870502747695289e-01 9.999874168645830341e-01 9.999883600908665571e-01 9.999874713405482174e-01 9.999879669866209575e-01 9.999910996831876675e-01 9.999839646137977933e-01 9.999950889700948142e-01 9.999922409006397617e-01
9.999751532084800720e-01 9.999921688929805930e-01 9.999779201116899552e-01 9.999914918465621083e-01 9.999895268082679145e-01 9.999967985451817531e-01 9.999584424484385670e-01 9.999949320850501921e-01 9.999938176077851626e-01 9.999981532045367771e-01
9.999906151429590606e-01 9.999947513323050874e-01 9.999853680823382884e-01 9.999817468322275138e-01 9.999885466373417131e-01 9.999980082273908222e-01 9.999902036300647445e-01 9.999958066288366920e-01 9.999817241584734173e-01 9.999975036188969435e-01
9.999876969466507948e-01 9.999864147219373889e-01 9.999894384652104895e-01 9.999933897154599238e-01 9.999962182037250846e-01 9.999942926560949630e-01 9.999966640433294307e-01 9.999947004157091479e-01 9.999983711822977295e-01 9.999763660915492736e-01
9.999871370152867422e-01 9.999947921720231392e-01 9.999893753165326471e-01 9.999912602002176687e-01 9.999884612109274373e-01 9.999916111869621149e-01 9.999927903644387772e-01 9.999972319010983490e-01 9.999872590011138485e-01 9.999963214891474106e-01
9.999834196205833470e-01 9.999949339298085382e-01 9.999927530761125727e-01 9.999896155900531713e-01 9.999870502541210460e-01 9.999853364093018726e-01 9.999920068127938766e-01 9.999954582136489911e-01 9.999914859550879109e-01 9.999901206132353337e-01
9.999915553488173403e-01 9.999932505339177435e-01 9.999966772302648632e-01 9.999880631939782605e-01 9.999837645508564687e-01 9.999870451065924204e-01 9.999845765857771074e-01 9.999953931994119971e-01 9.999939212004367306e-01 9.999930478503419318e-01
9.999763622194015600e-01 9.999926395700233783e-01 9.999741366894191463e-01 9.999934869594980791e-01 9.999768112544714649e-01 9.999689966105793637e-01 9.999972270877497404e-01 9.999952014835609138e-01 9.999680642350017301e-01 9.999860793471165854e-01
9.999922858012798565e-01 9.999868161889393647e-01 9.999986154492029877e-01 9.999962123374827039e-01 9.999967523755786125e-01 9.999755626621233962e-01 9.999937095752068350e-01 9.999870416268324957e-01 9.999917785849974372e-01 9.999946051354038357e-01
9.999837490828049624e-01 9.999876481819541807e-01 9.999942066237046401e-01 9.999791438600861282e-01 9.999896338769485027e-01 9.999950498983550817e-01 9.999984869340609039e-01 9.999927411196484206e-01 9.999942091551081713e-01 9.999942220332334042e-01
9.999973908166632786e-01 9.999900167254971439e-01 9.999927909449639607e-01 9.999896149038201010e-01 9.999925789198750303e-01 9.999933751191525388e-01 9.999728283514440763e-01 9.999964439394760651e-01 9.999913927672952063e-01 9.999916669145991754e-01
9.999901725512011508e-01 9.999831348216909888e-01 9.999699373818641268e-01 9.999956627102669637e-01 9.999878165364977090e-01 9.999928745517016049e-01 9.999512789205864394e-01 9.999670184622461155e-01 9.999866284178035025e-01 9.999858984838454479e-01
9.999951651091484317e-01 9.999725415366079728e-01 9.999958944381737158e-01 9.999957464053359502e-01 9.999979999960041388e-01 9.999935314678845000e-01 9.999921626853889300e-01 9.999801599019575438e-01 9.999955247842526873e-01 9.999885805251604864e-01
9.999848679328580126e-01 9.999919737447132695e-01 9.999843932960920112e-01 9.999968186135196335e-01 9.999874020522785401e-01 9.999894655169532243e-01 9.999890743517778624e-01 9.999909767228772894e-01 9.999799721507077743e-01 9.999988226468482511e-01
9.999948172078637620e-01 9.999850273482643326e-01 9.999860633297477097e-01 9.999846827225563617e-01 9.999930387360193018e-01 9.999971152399732555e-01 9.999855056346766968e-01 9.999969327155778798e-01 9.999979575450588243e-01 9.999938124984396604e-01
9.999940654233400172e-01 9.999854867094130073e-01 9.999900731465293235e-01 9.999906987690972970e-01 9.999713522023170320e-01 9.999937161159488941e-01 9.999918993851415472e-01 9.999942911164246828e-01 9.999974136383554812e-01 9.999958029357582934e-01
9.999766122811379887e-01 9.999852432174970440e-01 9.999858186740605559e-01 9.999845731052414699e-01 9.999851922829128270e-01 9.999862208597596336e-01 9.999758631820293564e-01 9.999931549430860489e-01 9.999918826334276423e-01 9.999725614115628769e-01
9.999941714702036411e-01 9.999904666443899526e-01 9.999897264760284621e-01 9.999950993210827699e-01 9.999965446404569525e-01 9.999956234946217881e-01 9.999892093287738870e-01 9.999882418631598213e-01 9.999757459094145151e-01 9.999883007050882622e-01
9.999825577680439004e-01 9.999842163195736822e-01 9.999902861480782779e-01 9.999877179967652241e-01 9.999880121136915934e-01 9.999895006117819340e-01 9.999912203367254948e-01 9.999846138931587358e-01 9.999908578411444982e-01 9.999874140342013273e-01
9.999917938065625567e-01 9.999975699485327274e-01 9.999900052123582572e-01 9.999840680053414532e-01 9.999857243471997892e-01 9.999889831999932976e-01 9.999744552738450976e-01 9.999893043729853881e-01 9.999820100648817434e-01 9.999911679301450862e-01
9.999481275210096998e-01 9.999760401104809127e-01 9.999945079157078753e-01 9.999926494953305101e-01 9.999967389965194187e-01 9.999036927299818078e-01 9.999809442833711426e-01 9.999967282090583831e-01 9.999906781731275895e-01 9.999932475136406040e-01
9.999943082464495259e-01 9.999915905226732793e-01 9.999984922117640673e-01 9.999709468355116870e-01 9.999785057835335333e-01 9.999958843978954404e-01 9.999912943369996254e-01 9.999940829331805947e-01 9.999941437652016818e-01 9.999817313605874336e-01
9.999949020933508459e-01 9.999890052591901002e-01 9.999948622538927800e-01 9.999923415981152308e-01 9.999897214286994629e-01 9.999951557506626676e-01 9.999817811701315895e-01 9.999907733908742768e-01 9.999939834120890048e-01 9.999950772500451057e-01
9.999948026284944946e-01 9.999388338522586794e-01 9.999933183378465484e-01 9.999812640619251125e-01 9.999940800208332314e-01 9.999957147046065753e-01 9.999965180878411797e-01 9.999904440193407851e-01 9.999755376739019042e-01 9.999959725224991658e-01
9.999925411152182919e-01 9.999839325538291135e-01 9.999833980269922096e-01 9.999915722016347042e-01 9.999888611285061568e-01 9.999958351595523709e-01 9.999961601543163603e-01 9.999920013429478560e-01 9.999958102344133071e-01 9.999842769297743184e-01
9.999867887502552621e-01 9.999871730205638354e-01 9.999966719335532384e-01 9.999949172584534640e-01 9.999341912640467012e-01 9.999911591954028234e-01 9.999867408537166380e-01 9.999929519509548337e-01 9.999845261309231459e-01 9.999862125950030878e-01
9.999786031904662753e-01 9.999937437050956390e-01 9.999805220072992551e-01 9.999891253323343054e-01 9.999956221193291306e-01 9.999868235180152665e-01 9.999927464513557185e-01 9.999899837587690188e-01 9.999959465251618829e-01 9.999934406774336759e-01
9.999942709976821220e-01 9.999769959288149490e-01 9.999784997634276751e-01 9.999842627954125263e-01 9.999941378084447052e-01 9.999909817898290365e-01 9.999972547912079346e-01 9.999785520786673709e-01 9.999942716196541515e-01 9.999972817946962689e-01
9.999797971530536289e-01 9.999879748958443448e-01 9.999815998276387896e-01 9.999650180568681046e-01 9.999923807675648035e-01 9.999857269829615092e-01 9.999855818647004346e-01 9.999967694494612536e-01 9.999959726371919766e-01 9.999313791841200061e-01
9.999954444285479305e-01 9.999920220155154027e-01 9.999941066647326515e-01 9.999895153598681308e-01 9.999914432230716521e-01 9.999953928160302263e-01 9.999934561819285861e-01 9.999940928225534709e-01 9.999917699121519954e-01 9.999882084970074247e-01
9.999618319661027765e-01 9.999807224868506594e-01 9.999890456660454063e-01 9.999913777328163222e-01 9.999919671174472002e-01 9.999860779039901892e-01 9.999664852173374419e-01 9.999908541465880596e-01 9.999760691161743154e-01 9.999974636588429000e-01
9.999941851604184917e-01 9.999895009527089984e-01 9.999891438542308775e-01 9.999878179909369447e-01 9.999915047933949364e-01 9.999846088772627040e-01 9.999972207928423673e-01 9.999653060704369878e-01 9.999923208498573413e-01 9.999902497653160305e-01
9.999794341429694144e-01 9.999961267991591685e-01 9.999949567993420274e-01 9.999863319118170724e-01 9.999499079817119052e-01 9.999866746208535551e-01 9.999639284627767077e-01 9.999868424154211288e-01 9.999809628923086446e-01 9.999933714807511809e-01
9.999897079949002787e-01 9.999725885158636807e-01 9.999921542469036861e-01 9.999768753540099198e-01 9.999884633347941865e-01 9.999923992694387254e-01 9.999852770981814132e-01 9.999963835167574588e-01 9.999976795208934677e-01 9.999840425732486882e-01
9.999812082829937498e-01 9.999970745899599001e-01 9.999849195920721412e-01 9.999953741234948179e-01 9.999865574650724787e-01 9.999942519176613365e-01 9.999863804634246955e-01 9.999966307639214236e-01 9.999886953753945873e-01 9.999822825410230598e-01
9.999949704445602050e-01 9.999908694008318166e-01 9.999947249209593103e-01 9.999955359194239168e-01 9.999925535988709591e-01 9.999917409303805682e-01 9.999923726218656883e-01 9.999940309321161402e-01 9.999805084322882509e-01 9.999991451298362310e-01
9.999954673992557108e-01 9.999871803383515445e-01 9.999958284325909386e-01 9.999885884741452902e-01 9.999797834017876141e-01 9.999895545719033052e-01 9.999945926816374842e-01 9.999911424500778079e-01 9.999960636954804416e-01 9.999919854913071893e-01
9.999944072360829050e-01 9.999936599015941674e-01 9.999859599407537880e-01 9.999943774514745698e-01 9.999682763146664488e-01 9.999880373033336323e-01 9.999858805302629383e-01 9.999921383892808047e-01 9.999944687290562850e-01 9.999813229878071752e-01
9.999901321061769321e-01 9.999964012050428508e-01 9.999539942897476275e-01 9.999917062742081919e-01 9.999830524805313203e-01 9.999834206619603316e-01 9.999927602708551522e-01 9.999855195063004354e-01 9.999929901665708387e-01 9.999990353673758881e-01
9.999897141242866105e-01 9.999839459921830986e-01 9.999847651575228813e-01 9.999948864335675980e-01 9.999743506518575797e-01 9.999818144214848159e-01 9.999927232012565392e-01 9.999910472058688438e-01 9.999963272887861798e-01 9.999774157480061376e-01
9.999882070721687333e-01 9.999949921604718295e-01 9.999987714589203547e-01 9.999826344913042009e-01 9.999988148138000410e-01 9.999940159759965752e-01 9.999931398478103528e-01 9.999932598296720210e-01 9.999941378746000087e-01 9.999832308173302042e-01
9.999943876285882771e-01 9.999970967396807353e-01 9.999852063637888477e-01 9.999905468104086648e-01 9.999967126352725666e-01 9.999959037620952396e-01 9.999924450451028735e-01 9.999989536327577033e-01 9.999834149184241294e-01 9.999978644624688551e-01
9.999876714240307773e-01 9.999966513736451290e-01 9.999950454691151069e-01 9.999899637571014743e-01 9.999936674520686353e-01 9.999797292910947988e-01 9.999971818200985574e-01 9.999976584531418133e-01 9.999936274851539686e-01 9.999820074827737715e-01
9.999925667498490434e-01 9.999809795853461525e-01 9.999914279985279153e-01 9.999903414853785755e-01 9.999808756313410818e-01 9.999838875552753414e-01 9.999844971181375275e-01 9.999946672360147115e-01 9.999871249663555561e-01 9.999843208921879167e-01
9.999835519149653518e-01 9.999959519122660900e-01 9.999912967515484086e-01 9.999967797888188459e-01 9.999907654391781975e-01 9.999786582010927738e-01 9.999912662527581375e-01 9.999874270720162661e-01 9.999827462261121624e-01 9.999923735755416043e-01
9.999917700866491899e-01 9.999960818460471579e-01 9.999447854356545706e-01 9.999762451574353284e-01 9.999887122128076067e-01 9.999807382852138327e-01 9.999923911695139944e-01 9.999892998659625221e-01 9.999973070439909240e-01 9.999944816103031320e-01
9.999936336328084652e-01 9.999973588702864014e-01 9.999966597298308724e-01 9.999687830802239663e-01 9.999880000925664980e-01 9.999790430560098198e-01 9.999950598392655099e-01 9.999928745796113905e-01 9.999820876786583712e-01 9.999836538329088809e-01
9.999908704278590577e-01 9.999935071885416304e-01 9.999931110969175752e-01 9.999925294084469618e-01 9.999955137897029722e-01 9.999856330352615563e-01 9.999915309267569663e-01 9.999967761329331406e-01 9.999930972703744425e-01 9.999753698690789783e-01
9.999810582039573292e-01 9.999878638297512445e-01 9.999882244709651369e-01 9.999953078149482755e-01 9.999894552030593742e-01 9.999981326068323462e-01 9.999933121784807533e-01 9.999865442378987890e-01 9.999756380956462687e-01 9.999817123098886373e-01
9.999847457693574748e-01 9.999968992438021953e-01 9.999895714038468109e-01 9.999934508860284232e-01 9.999951216608554683e-01 9.999926049324997512e-01 9.999810982428062323e-01 9.999913635542900803e-01 9.999895637150029160e-01 9.999828147705586145e-01
9.999749433737340487e-01 9.999929248663206316e-01 9.999931364824468094e-01 9.999903722415569574e-01 9.999609001816444076e-01 9.999828389164427955e-01 9.999838267895080346e-01 9.999631196102871655e-01 9.999973957926467927e-01 9.999959434332260644e-01
9.999726259444132737e-01 9.999804014905324667e-01 9.999778658211355697e-01 9.999964711711822885e-01 9.999981128199906255e-01 9.999752909258264877e-01 9.999853601003911852e-01 9.999753737777211660e-01 9.999882426663845303e-01 9.999865841216489804e-01
9.999848335676269073e-01 9.999738622502388763e-01 9.999874091909063401e-01 9.999963875619889420e-01 9.999817694480611641e-01 9.999922710160554784e-01 9.999652267127434602e-01 9.999917553864388076e-01 9.999904991525618847e-01 9.999722719389434467e-01
9.999902223151162506e-01 9.999871362477293912e-01 9.999958243017544879e-01 9.999781388573221186e-01 9.999747851624228856e-01 9.999920328716498386e-01 9.999924147225361937e-01 9.999785771445542926e-01 9.999964630508038077e-01 9.999737047288093095e-01
9.999939619707229888e-01 9.999693786165614329e-01 9.999867934101436262e-01 9.999736209206958604e-01 9.999971719201123932e-01 9.999926604544433495e-01 9.999831219115952186e-01 9.999441792963010833e-01 9.999925471222681495e-01 9.999796613140798929e-01
9.999858935007732708e-01 9.999947099797202865e-01 9.999956033637187325e-01 9.999910404378008488e-01 9.999716174508048727e-01 9.999893315905106217e-01 9.999851768434097066e-01 9.999896729234347692e-01 9.999938787303189747e-01 9.999930580779917699e-01
9.999920180074173270e-01 9.999915622971061735e-01 9.999912155445501716e-01 9.999952295090581700e-01 9.999868256185441284e-01 9.999968532001739518e-01 9.999855892851212680e-01 9.999943631043346493e-01 9.999955164498823823e-01 9.999514930897321907e-01
9.999899357294358415e-01 9.999978972867715754e-01 9.999901337109129429e-01 9.999929644468359413e-01 9.999879757308871575e-01 9.999807302257577302e-01 9.999870082988043807e-01 9.999933718470733757e-01 9.999951918813184681e-01 9.999661851604745300e-01
9.999967714949390407e-01 9.999958449186540088e-01 9.999957704626717403e-01 9.999887720858898765e-01 9.999801383104085506e-01 9.999757557848215628e-01 9.999861384147459287e-01 9.999956590770628928e-01 9.999916847505125883e-01 9.999784886011022778e-01
9.999954069982025517e-01 9.999943801970528900e-01 9.999882944657121353e-01 9.999975303219192924e-01 9.999892918374145845e-01 9.999912501705027212e-01 9.999981528726081814e-01 9.999863224972713738e-01 9.999652270329821846e-01 9.999796135826789500e-01
9.999906313601935048e-01 9.999706398788683614e-01 9.999981499094858783e-01 9.999903518033907979e-01 9.999943155155871510e-01 9.999880495721213958e-01 9.999608564396589294e-01 9.999812516323003386e-01 9.999879491479114479e-01 9.999968281152625815e-01
9.999893378447529679e-01 9.999401995225902784e-01 9.999918628500188422e-01 9.999864385528764998e-01 9.999923624648303644e-01 9.999852464857454937e-01 9.999376483531514648e-01 9.999805410195311550e-01 9.999865501006938162e-01 9.999883388638597381e-01
9.999872361637028861e-01 9.999971657681419046e-01 9.999947781645529554e-01 9.999939404402589105e-01 9.999929227105802676e-01 9.999867513608650116e-01 9.999848336305521279e-01 9.999937348411616078e-01 9.999977508452341235e-01 9.999941806675719524e-01
9.999835744443819063e-01 9.999806545763521015e-01 9.999749981828803813e-01 9.999828694424843789e-01 9.999831729801881286e-01 9.999912352171934637e-01 9.999954778847151005e-01 9.999768238621894456e-01 9.999849149722103148e-01 9.999873251398457841e-01
9.999584832362481412e-01 9.999950560068086025e-01 9.999940351568634700e-01 9.999849306020096584e-01 9.999785287763424124e-01 9.999914932786814203e-01 9.999545662258016998e-01 9.999874720787560456e-01 9.999889557442258603e-01 9.999955629649222022e-01
9.999877321920265238e-01 9.999843415328273366e-01 9.999920132732880163e-01 9.999882067742927871e-01 9.999904415563469762e-01 9.999907212446967897e-01 9.999926919420614180e-01 9.999789213057953541e-01 9.999665206068829582e-01 9.999962623255438388e-01
9.999754203550343945e-01 9.999912257633115642e-01 9.999950977342340064e-01 9.999962345986289636e-01 9.999890531023279960e-01 9.999942609847185526e-01 9.999966245232480011e-01 9.999982171491957894e-01 9.999879527252103495e-01 9.999831374957185437e-01
9.999930278237986192e-01 9.999912270264047498e-01 9.999951829039344098e-01 9.999892343078383705e-01 9.999829484271969271e-01 9.999789199551910590e-01 9.999837724208616718e-01 9.999809157181233088e-01 9.999964038161361923e-01 9.999845270701689381e-01
9.999841834314849853e-01 9.999961348536113848e-01 9.999893045452897811e-01 9.999949119966540234e-01 9.999969362263293471e-01 9.999805101252743356e-01 9.999980764551237300e-01 9.999813231271977854e-01 9.999800208848231842e-01 9.999816519871369547e-01
9.999935783633974173e-01 9.999940589694019666e-01 9.999953948231856682e-01 9.999938262522856114e-01 9.999921427951573571e-01 9.999976345490886320e-01 9.999862860111271567e-01 9.999870628163753938e-01 9.999971719786283630e-01 9.999975857499762144e-01
