9.999960638894352938e-01 9.999957051261404439e-01 9.999979020339829772e-01 9.999970787286576179e-01 9.999974972220287972e-01 9.999961428183161694e-01 9.999987355662751654e-01 9.999953240881365168e-01 9.999980257722415056e-01 9.999995063971253151e-01
9.999964853627898442e-01 9.999968967287342636e-01 9.999968487505347392e-01 9.999977718091741519e-01 9.999957009092441673e-01 9.999974555040221924e-01 9.999974572127388051e-01 9.999937744209720369e-01 9.999984866408028195e-01 9.999977582450252367e-01
9.999953697001264796e-01 9.999973921850799918e-01 9.999971061480429357e-01 9.999898326904320678e-01 9.999978327507382803e-01 9.999979268065469773e-01 9.999960688198692438e-01 9.999985740488982477e-01 9.999877705816830886e-01 9.999955592928729819e-01
9.999954360577794077e-01 9.999930021147815928e-01 9.999970152483342867e-01 9.999989952521944891e-01 9.999973535628433607e-01 9.999985800910746736e-01 9.999961503600028889e-01 9.999978169406633643e-01 9.999947673472424636e-01 9.999976546459530269e-01
9.999944811533033606e-01 9.999929038564088213e-01 9.999977789750555957e-01 9.999985878094007630e-01 9.999919140615339819e-01 9.999968602863567035e-01 9.999888149083939748e-01 9.999970557862103426e-01 9.999978342159094868e-01 9.999970730481607673e-01
9.999990234509862352e-01 9.999971060375246745e-01 9.999985987867551218e-01 9.999978718615583073e-01 9.999961676238484642e-01 9.999895107373438785e-01 9.999971114493795277e-01 9.999960148614959188e-01 9.999972096676716937e-01 9.999966724825405384e-01
9.999993104937433541e-01 9.999988103243356852e-01 9.999971402016896160e-01 9.999979263221364656e-01 9.999945371695535545e-01 9.999943597895737391e-01 9.999982285175337271e-01 9.999963585013591505e-01 9.999961521654425756e-01 9.999989928193133704e-01
9.999932075060158354e-01 9.999980615362656922e-01 9.999971880854964246e-01 9.999925694682602062e-01 9.999993135453263404e-01 9.999977326385138809e-01 9.999976629484667034e-01 9.999932663668426036e-01 9.999983516788355509e-01 9.999981097115919759e-01
9.999990000234202370e-01 9.999967295947349566e-01 9.999989072351022079e-01 9.999983375924402784e-01 9.999964429248144882e-01 9.999978355222440829e-01 9.999992416668744832e-01 9.999982015191362095e-01 9.999995874223296388e-01 9.999959024474833758e-01
9.999980252427426164e-01 9.999988777570882892e-01 9.999967059274426084e-01 9.999953958467253656e-01 9.999992007889568768e-01 9.999977967028853554e-01 9.999961486328822202e-01 9.999988778854423943e-01 9.999869781684969094e-01 9.999989155343376179e-01
9.999970096880483883e-01 9.999977980620624596e-01 9.999944980886046331e-01 9.999979041393135537e-01 9.999981705381416619e-01 9.999984878917999032e-01 9.999969269190047694e-01 9.999969577734201254e-01 9.999981477556163512e-01 9.999973427570807427e-01
9.999976513511933396e-01 9.999954882738423256e-01 9.999986891284305957e-01 9.999908551362475251e-01 9.999907974304307334e-01 9.999932932670404506e-01 9.999824926953266857e-01 9.999920495152000433e-01 9.999914544418500029e-01 9.999970184606616908e-01
9.999975800535184645e-01 9.999992461120719156e-01 9.999976778997559101e-01 9.999955736078388613e-01 9.999966318916148067e-01 9.999973063590437139e-01 9.999922439469700608e-01 9.999977818429158782e-01 9.999981732794609446e-01 9.999988634570192714e-01
9.999969418707691515e-01 9.999979987949141336e-01 9.999963949608184910e-01 9.999971939520921893e-01 9.999982881252572620e-01 9.999972492621014286e-01 9.999984138726530913e-01 9.999992815566265403e-01 9.999972350282976263e-01 9.999924625612317541e-01
9.999992140563510601e-01 9.999985920645781956e-01 9.999994222752648376e-01 9.999955117476005961e-01 9.999920141709148780e-01 9.999993526391939280e-01 9.999978060675053237e-01 9.999991269815100559e-01 9.999915259561421577e-01 9.999987030623982420e-01
9.999976144963695912e-01 9.999969804606551049e-01 9.999971629434482034e-01 9.999948330594227164e-01 9.999970218871436778e-01 9.999960597459739420e-01 9.999959232799173758e-01 9.999981173322128880e-01 9.999981592178721623e-01 9.999936028298102020e-01
9.999983274043817705e-01 9.999966210207458239e-01 9.999981558280297556e-01 9.999916646838411527e-01 9.999961373564582034e-01 9.999928444625330037e-01 9.999974784656963100e-01 9.999959138636184131e-01 9.999969962352869279e-01 9.999984805825646861e-01
9.999923437476000432e-01 9.999955187725181327e-01 9.999914488374435084e-01 9.999980286829349696e-01 9.999973220042567279e-01 9.999917166460052798e-01 9.999975977471312616e-01 9.999933041022761593e-01 9.999988627380074213e-01 9.999944199110414322e-01
9.999957384194789745e-01 9.999898458006851731e-01 9.999931580118491814e-01 9.999979931917369891e-01 9.999859236273849206e-01 9.999969962033350424e-01 9.999981274859057745e-01 9.999973065763432256e-01 9.999981598946888761e-01 9.999960842154036467e-01
9.999982775342587393e-01 9.999956755380944307e-01 9.999984177276641795e-01 9.999962525943879577e-01 9.999856106785511844e-01 9.999951708166727737e-01 9.999911733365354216e-01 9.999949411501243279e-01 9.999871024657963625e-01 9.999910527125901449e-01
9.999976338187305247e-01 9.999984464464247713e-01 9.999966979310755955e-01 9.999930208909751927e-01 9.999968331980889635e-01 9.999977808700394322e-01 9.999933424803848503e-01 9.999980539349617725e-01 9.999920180885529808e-01 9.999935670608184335e-01
9.999960777999173933e-01 9.999966176219896585e-01 9.999993283395154364e-01 9.999985783639634418e-01 9.999962988995607649e-01 9.999996391759483627e-01 9.999971207536066942e-01 9.999965248608901902e-01 9.999973252467730944e-01 9.999989403760829454e-01
9.999954053319486391e-01 9.999987078860981260e-01 9.999961149749686529e-01 9.999986335944086591e-01 9.999955172739172227e-01 9.999922859779197815e-01 9.999975652361493550e-01 9.999939714359714626e-01 9.999969451089730788e-01 9.999986833847477330e-01
9.999928443851787696e-01 9.999975198108790320e-01 9.999978522474893827e-01 9.999951121531742704e-01 9.999900404383048613e-01 9.999958139272447921e-01 9.999983563796696062e-01 9.999992021082777516e-01 9.999961523943190489e-01 9.999984917569819665e-01
9.999970189745731597e-01 9.999956294804074330e-01 9.999971294783681630e-01 9.999988468422955634e-01 9.999991224395350375e-01 9.999965496255498465e-01 9.999931551569783972e-01 9.999974495313286305e-01 9.999949202743040333e-01 9.999959182970745708e-01
9.999963897466419560e-01 9.999943167653640996e-01 9.999938551114805341e-01 9.999985429063443787e-01 9.999952653518568990e-01 9.999889095449249199e-01 9.999943462898386315e-01 9.999956551898023793e-01 9.999988696103913055e-01 9.999979575257058606e-01
9.999949473344643680e-01 9.999979168304846677e-01 9.999992832521892305e-01 9.999962423013009083e-01 9.999974466878480683e-01 9.999993708614752785e-01 9.999902357261125641e-01 9.999962482461139945e-01 9.999978929952920703e-01 9.999979437055200870e-01
9.999985578259574792e-01 9.999983265675587152e-01 9.999979662848522688e-01 9.999985540977160969e-01 9.999987121257877254e-01 9.999966172353262905e-01 9.999997598755498984e-01 9.999984560587769078e-01 9.999961922185821583e-01 9.999956903048721202e-01
9.999988798858464589e-01 9.999929976365525830e-01 9.999980573743119106e-01 9.999946614954673407e-01 9.999988309666189013e-01 9.999981558866377629e-01 9.999973152754240147e-01 9.999972419794121992e-01 9.999978503696845822e-01 9.999980075823372561e-01
9.999949698786695373e-01 9.999964269276349071e-01 9.999976509598947905e-01 9.999983605200523096e-01 9.999992702720535975e-01 9.999979520790209797e-01 9.999976111147271807e-01 9.999968634815755708e-01 9.999961155168939353e-01 9.999948393372374289e-01
9.999986829728073623e-01 9.999884751295786689e-01 9.999983138896983981e-01 9.999982665945497118e-01 9.999958882475343813e-01 9.999981879964060516e-01 9.999966561205501092e-01 9.999981006726289534e-01 9.999981543475239265e-01 9.999994100771838479e-01
9.999978050280310393e-01 9.999895208006202019e-01 9.999984708599692906e-01 9.999964409086135042e-01 9.999962178451905492e-01 9.999952272837396849e-01 9.999940389251923412e-01 9.999978610351238917e-01 9.999875246135276896e-01 9.999984184765131623e-01
9.999959520305259364e-01 9.999947353689739860e-01 9.999972004081060239e-01 9.999986713968352925e-01 9.999993348653726244e-01 9.999975960705219657e-01 9.999980291451989745e-01 9.999980269139407962e-01 9.999963495481353215e-01 9.999921432368185092e-01
9.999943035553160442e-01 9.999981304821665695e-01 9.999976225886287873e-01 9.999955344349382713e-01 9.999984150686215267e-01 9.999993434782633583e-01 9.999978987751532156e-01 9.999956266377895142e-01 9.999974294057496493e-01 9.999962686547634316e-01
9.999968858864397570e-01 9.999939973369794677e-01 9.999977127700530044e-01 9.999960150528932612e-01 9.999982558028761570e-01 9.999956111730297081e-01 9.999990414009339856e-01 9.999969360974106936e-01 9.999963322985282455e-01 9.999986699971586956e-01
9.999954044666474751e-01 9.999964757457167064e-01 9.999979366403831671e-01 9.999980402702994819e-01 9.999970838430393139e-01 9.999981762476035652e-01 9.999985883568670575e-01 9.999934997780456358e-01 9.999971973039480932e-01 9.999967822112203475e-01
9.999963152328779081e-01 9.999977093144725160e-01 9.999982371120670344e-01 9.999981963787961670e-01 9.999973587876233028e-01 9.999993132503990356e-01 9.999968097840441494e-01 9.999975520699131426e-01 9.999913620109244228e-01 9.999964542977417548e-01
9.999998165806747163e-01 9.999986101033624397e-01 9.999941665920850653e-01 9.999969041878323806e-01 9.999960103591387650e-01 9.999968948609556652e-01 9.999990065987112153e-01 9.999989650048535239e-01 9.999978380991462190e-01 9.999979742260808324e-01
9.999973547734579693e-01 9.999946828846035807e-01 9.999963693715414603e-01 9.999974291292302864e-01 9.999954138848060614e-01 9.999964513009995670e-01 9.999935926808790621e-01 9.999950429834035814e-01 9.999935949905405241e-01 9.999962218028433103e-01
9.999984175966393218e-01 9.999966457052715807e-01 9.999993837883786041e-01 9.999978806047474800e-01 9.999956328147466822e-01 9.999977072386948551e-01 9.999829871947869542e-01 9.999951495187590078e-01 9.999981878805070945e-01 9.999973954416994104e-01
9.999942128085809179e-01 9.999972514787230926e-01 9.999966321234549094e-01 9.999888734024789949e-01 9.999947080991458126e-01 9.999956120471432675e-01 9.999964392059336182e-01 9.999982776252696048e-01 9.999982807474883106e-01 9.999961238717391954e-01
9.999985090934281340e-01 9.999958747144447324e-01 9.999994701092425053e-01 9.999980274291928595e-01 9.999991071579245050e-01 9.999895011508701526e-01 9.999962574556791051e-01 9.999985356623276589e-01 9.999971893117508559e-01 9.999824641949807136e-01
9.999986081279339523e-01 9.999986408348322531e-01 9.999967232231239400e-01 9.999984037573212969e-01 9.999986238896634294e-01 9.999951122617574129e-01 9.999969943649706927e-01 9.999993578612410561e-01 9.999967552319513064e-01 9.999970071931222337e-01
9.999971164848192595e-01 9.999963851906583656e-01 9.999958643675153080e-01 9.999960506574223640e-01 9.999973998733477920e-01 9.999957992707737553e-01 9.999945247340249477e-01 9.999946384619383677e-01 9.999987380132959736e-01 9.999958922583562781e-01
9.999941692755324185e-01 9.999979358351351877e-01 9.999980070557348277e-01 9.999982814290760968e-01 9.999986122303713421e-01 9.999936459929729127e-01 9.999936750031858113e-01 9.999893518002027637e-01 9.999975246028658393e-01 9.999942001415246251e-01
9.999979719581206794e-01 9.999969427735596605e-01 9.999976723175513227e-01 9.999980916865289782e-01 9.999942445029726956e-01 9.999979573787712850e-01 9.999966966913717004e-01 9.999955730428170542e-01 9.999962977719931700e-01 9.999984179221612646e-01
9.999993140603495867e-01 9.999986381488255027e-01 9.999970766150554358e-01 9.999979333435373707e-01 9.999971394358775356e-01 9.999986717796353064e-01 9.999953987493437335e-01 9.999975461330680160e-01 9.999958074521585472e-01 9.999940198471233277e-01
9.999990335908425232e-01 9.999974575738964644e-01 9.999974073820887543e-01 9.999993634535908615e-01 9.999989462097996773e-01 9.999968439830210221e-01 9.999979915799351859e-01 9.999933697129849142e-01 9.999977640603630036e-01 9.999978316419927404e-01
9.999984063517407540e-01 9.999955082009307494e-01 9.999973547624805281e-01 9.999972813931822246e-01 9.999978161249520880e-01 9.999990605453769055e-01 9.999953873228567547e-01 9.999967395613837962e-01 9.999963213868239276e-01 9.999977735218376074e-01
9.999950630581802002e-01 9.999958802456032636e-01 9.999960080194997269e-01 9.999983037439005296e-01 9.999977826840086292e-01 9.999965553063991930e-01 9.999978058939182901e-01 9.999949559596529314e-01 9.999961505156094166e-01 9.999976077181976786e-01
9.999969717134218339e-01 9.999949834497439127e-01 9.999985745234549750e-01 9.999964834425749682e-01 9.999945610083236236e-01 9.999970774224504755e-01 9.999928251821116332e-01 9.999988634050133163e-01 9.999973648089058864e-01 9.999986399400343506e-01
9.999978296859367566e-01 9.999956909858659371e-01 9.999968863720193335e-01 9.999991006452920717e-01 9.999943941498876665e-01 9.999949680645187078e-01 9.999984388334133278e-01 9.999961440122598910e-01 9.999991407429530410e-01 9.999984484658478445e-01
9.999997326349455706e-01 9.999938883806539502e-01 9.999935976094945778e-01 9.999987717119543928e-01 9.999976635178323692e-01 9.999960115125285931e-01 9.999986646590598438e-01 9.999961987109360351e-01 9.999964240386071124e-01 9.999979475584133137e-01
9.999964321672822898e-01 9.999965410075999372e-01 9.999968511141394956e-01 9.999883007902466980e-01 9.999980911973179731e-01 9.999973086597956362e-01 9.999826434375779227e-01 9.999977382377117641e-01 9.999941179386094836e-01 9.999983214964209832e-01
9.999994736549941976e-01 9.999949134251404637e-01 9.999985401668948226e-01 9.999978402791310783e-01 9.999982342726904117e-01 9.999989488236393775e-01 9.999951903540384990e-01 9.999948892374687093e-01 9.999970596125210553e-01 9.999975571533086249e-01
9.999925633204755915e-01 9.999984969829421866e-01 9.999966728854737807e-01 9.999929261451284690e-01 9.999970372199646906e-01 9.999949994421610810e-01 9.999968164715093977e-01 9.999983092375889226e-01 9.999993425450898199e-01 9.999991420464273695e-01
9.999827800939596889e-01 9.999944881058060453e-01 9.999978320519126163e-01 9.999982866035418416e-01 9.999991085329362761e-01 9.999987687391356239e-01 9.999990397928808505e-01 9.999978997434580963e-01 9.999962465946587997e-01 9.999945289748187749e-01
9.999993200674949234e-01 9.999975597974751773e-01 9.999975771980709194e-01 9.999983916509903592e-01 9.999956916218875058e-01 9.999967469766041228e-01 9.999940967261375935e-01 9.999921004173427663e-01 9.999987875481530786e-01 9.999985328596409095e-01
9.999976564598250794e-01 9.999953379640058593e-01 9.999914467109152216e-01 9.999975332031116881e-01 9.999985917567850713e-01 9.999965827758544590e-01 9.999873635291492979e-01 9.999952300051303533e-01 9.999946950162044157e-01 9.999974252721373080e-01
9.999971738935155008e-01 9.999983685255153798e-01 9.999979541786786497e-01 9.999968225141587785e-01 9.999989955347790005e-01 9.999982558044633318e-01 9.999969481944492866e-01 9.999981512256582716e-01 9.999981771666048846e-01 9.999990556507274420e-01
9.999974413253642780e-01 9.999967548700249287e-01 9.999980360340960939e-01 9.999948464579193619e-01 9.999948659396395989e-01 9.999973979882557096e-01 9.999974307031472831e-01 9.999971513730571138e-01 9.999936340051831518e-01 9.999993090021782605e-01
9.999997670769196212e-01 9.999947590749721504e-01 9.999971226696658944e-01 9.999984419116668688e-01 9.999995979917637445e-01 9.999959652964541812e-01 9.999981945155353991e-01 9.999984211133029488e-01 9.999990971037273635e-01 9.999951122630137412e-01
9.999968951275788331e-01 9.999978988950221082e-01 9.999981426869384293e-01 9.999978917105659670e-01 9.999964601956645716e-01 9.999957759217191766e-01 9.999924195605696120e-01 9.999991966016369416e-01 9.999974387331800330e-01 9.999954477002158670e-01
9.999958794223116065e-01 9.999931102250717574e-01 9.999990137498300236e-01 9.999960677240865570e-01 9.999986646084846331e-01 9.999992632907761525e-01 9.999966622831242269e-01 9.999973059686696475e-01 9.999931325762724255e-01 9.999970434418676835e-01
9.999980437631211805e-01 9.999961235199414933e-01 9.999992928366068234e-01 9.999973584413189842e-01 9.999973039783532913e-01 9.999932485415994332e-01 9.999985618033337964e-01 9.999892204594950096e-01 9.999935972603185563e-01 9.999902354525913584e-01
9.999992333108072007e-01 9.999972207921644651e-01 9.999994152217059895e-01 9.999962720823623030e-01 9.999977772220380867e-01 9.999962415526909565e-01 9.999928902417034582e-01 9.999985217419687933e-01 9.999989199129294404e-01 9.999975373653391397e-01
9.999964142222893537e-01 9.999982257922563900e-01 9.999944535372243815e-01 9.999976739221330124e-01 9.999950266805937016e-01 9.999914141547177060e-01 9.999940560559111846e-01 9.999948335625558071e-01 9.999979231133041546e-01 9.999948483162385271e-01
9.999970866583005602e-01 9.999976081114064774e-01 9.999939742987961067e-01 9.999946341856318366e-01 9.999968536449157508e-01 9.999991414752826824e-01 9.999938546869194811e-01 9.999997498519802575e-01 9.999962099707242480e-01 9.999962203628675050e-01
9.999964872543916083e-01 9.999852142683366418e-01 9.999975981340901710e-01 9.999948074488737015e-01 9.999972837828515759e-01 9.999982138263345810e-01 9.999893756751367935e-01 9.999971696390935749e-01 9.999973168872401397e-01 9.999960931405514897e-01
9.999974515430901656e-01 9.999986809875074378e-01 9.999969452655761426e-01 9.999976327509688678e-01 9.999976252192991355e-01 9.999892176813449662e-01 9.999969281246362529e-01 9.999976361703442063e-01 9.999966218700359066e-01 9.999926299389455542e-01
9.999988530881944726e-01 9.999976489302754290e-01 9.999958062077962673e-01 9.999994735931092560e-01 9.999893065522471591e-01 9.999988321895151300e-01 9.999971469720586592e-01 9.999957106421213382e-01 9.999965966930424166e-01 9.999982707526080539e-01
9.999961830391640438e-01 9.999990908194608119e-01 9.999990934400669884e-01 9.999989317479689444e-01 9.999991731524642269e-01 9.999955781171572244e-01 9.999981298323266099e-01 9.999992854247077290e-01 9.999935999064947234e-01 9.999963501672451960e-01
9.999982092751641405e-01 9.999961262763172876e-01 9.999889889266089238e-01 9.999970245003521052e-01 9.999979757995564045e-01 9.999980665347198983e-01 9.999961095555012225e-01 9.999966927082820645e-01 9.999969795544331186e-01 9.999992063218638982e-01
9.999993746773251369e-01 9.999964987457836685e-01 9.999952012294505144e-01 9.999959935560115420e-01 9.999955242503241193e-01 9.999964472827032047e-01 9.999975717773249562e-01 9.999971943475168823e-01 9.999963488853149673e-01 9.999968934213041560e-01
9.999966078197654040e-01 9.999991949562910820e-01 9.999981554980540421e-01 9.999932895286387513e-01 9.999969949308394890e-01 9.999935307012159935e-01 9.999985518814751284e-01 9.999948427822998864e-01 9.999962549546381751e-01 9.999986408553482864e-01
9.999974978389600810e-01 9.999965705863117504e-01 9.999960643419899542e-01 9.999981337399527215e-01 9.999962825351763618e-01 9.999979164384089625e-01 9.999960947919567245e-01 9.999983812506868519e-01 9.999973795635646034e-01 9.999989471071348834e-01
9.999988076637488232e-01 9.999963905902704564e-01 9.999941812642704209e-01 9.999925793481898584e-01 9.999897486227661281e-01 9.999974595567094893e-01 9.999969702494675428e-01 9.999979679287880341e-01 9.999974893164169654e-01 9.999971631290172080e-01
9.999992940374948791e-01 9.999942869105644672e-01 9.999971200949953065e-01 9.999928041850174587e-01 9.999966353403125785e-01 9.999981061632985391e-01 9.999896929325654549e-01 9.999984611316569127e-01 9.999948832947331834e-01 9.999996559018790032e-01
9.999989161100594215e-01 9.999988948449851645e-01 9.999984645412228756e-01 9.999987020001714910e-01 9.999959423431560301e-01 9.999969079526734861e-01 9.999961727013476631e-01 9.999965321752823932e-01 9.999960348146048617e-01 9.999972336619751268e-01
9.999987352797450324e-01 9.999969061027388362e-01 9.999940392745049200e-01 9.999993935585527183e-01 9.999984622787724264e-01 9.999993494196496302e-01 9.999995049798771074e-01 9.999989863708380611e-01 9.999988995562404392e-01 9.999996214362724123e-01
9.999993677366936229e-01 9.999976823093545963e-01 9.999975349436297511e-01 9.999920991377793111e-01 9.999972388918064725e-01 9.999991274151341925e-01 9.999944849099350330e-01 9.999970915980214148e-01 9.999972979876596835e-01 9.999986342373243797e-01
9.999973762593684645e-01 9.999974884571827261e-01 9.999994097863027509e-01 9.999988552296162903e-01 9.999964659679365653e-01 9.999952171644653776e-01 9.999981723578812431e-01 9.999991728225071652e-01 9.999916155129758844e-01 9.999964056055051786e-01
9.999961654943471112e-01 9.999955703881262536e-01 9.999953287205782804e-01 9.999950085451846382e-01 9.999883268247008461e-01 9.999982875777863045e-01 9.999964897872137826e-01 9.999990320768430418e-01 9.999970822118907643e-01 9.999977908516575198e-01
9.999889465148094070e-01 9.999969965726159815e-01 9.999967218994889606e-01 9.999988376227872955e-01 9.999980988287261452e-01 9.999926565561748637e-01 9.999974194956756657e-01 9.999972964318245561e-01 9.999974488409717477e-01 9.999932194228258187e-01
9.999976906814119770e-01 9.999981662666670434e-01 9.999965318663796010e-01 9.999928711569330275e-01 9.999992071955564610e-01 9.999984293550919778e-01 9.999977164512685590e-01 9.999954775134918261e-01 9.999971136700596119e-01 9.999983745984694083e-01
9.999948625050565365e-01 9.999965942891488879e-01 9.999960395520910428e-01 9.999986151394585354e-01 9.999989790578959203e-01 9.999979866715382748e-01 9.999993624343171961e-01 9.999995117874734829e-01 9.999981798150916479e-01 9.999950460299479316e-01
9.999935664370989130e-01 9.999933757063492745e-01 9.999920674200576398e-01 9.999987373550287550e-01 9.999987274237095436e-01 9.999964532357296099e-01 9.999976064200329917e-01 9.999966558851205445e-01 9.999942319820480652e-01 9.999950482474784241e-01
9.999944581340038940e-01 9.999977190685490624e-01 9.999959170145799048e-01 9.999976302323552169e-01 9.999979330155589485e-01 9.999981573292240355e-01 9.999983407171912919e-01 9.999984689959795503e-01 9.999984244777957443e-01 9.999963441195851566e-01
9.999967202197509453e-01 9.999960123979469984e-01 9.999952605176198883e-01 9.999973905830897847e-01 9.999985823663773976e-01 9.999983297921555270e-01 9.999973284820488084e-01 9.999935926384408980e-01 9.999967874498714160e-01 9.999966224038056017e-01
9.999992598570610625e-01 9.999966582059686138e-01 9.999956527389854966e-01 9.999958031983645634e-01 9.999983882886916975e-01 9.999973836298392538e-01 9.999981092292311580e-01 9.999934955937903602e-01 9.999961090409993369e-01 9.999956515260672862e-01
9.999991086283624986e-01 9.999987181185483465e-01 9.999988895314638748e-01 9.999981783531619595e-01 9.999937081956884466e-01 9.999984841711599959e-01 9.999977909959036904e-01 9.999978679002041737e-01 9.999991649142261352e-01 9.999984609560352844e-01
9.999921714768063019e-01 9.999987996960721937e-01 9.999906810553088610e-01 9.999972070268658975e-01 9.999937177488987805e-01 9.999986468838347742e-01 9.999978718385996723e-01 9.999895555480036169e-01 9.999985378399611768e-01 9.999913148938879282e-01
9.999888133737758755e-01 9.999964358424769939e-01 9.999918434157913927e-01 9.999983412458310905e-01 9.999964526034098578e-01 9.999901855259468730e-01 9.999988113017950209e-01 9.999944835464477100e-01 9.999925423356397225e-01 9.999967829525518992e-01
9.999974045766558683e-01 9.999972574062900854e-01 9.999943859855829897e-01 9.999933145381566524e-01 9.999908279534565070e-01 9.999988371507467777e-01 9.999975349563593463e-01 9.999951931371815483e-01 9.999848803651590901e-01 9.999980716010299364e-01
9.999982667092232047e-01 9.999966938707386399e-01 9.999984624142823630e-01 9.999983365929699941e-01 9.999971702902940018e-01 9.999974306998099527e-01 9.999949849065974394e-01 9.999989633771884101e-01 9.999969455796782203e-01 9.999989012219659967e-01
9.999937603385973262e-01 9.999981606194862094e-01 9.999989718956492357e-01 9.999981223736821301e-01 9.999966208672190771e-01 9.999961893308663141e-01 9.999955933757869175e-01 9.999992249929258170e-01 9.999976487673088998e-01 9.999975389981963225e-01
9.999970507119634311e-01 9.999953471500192537e-01 9.999970807973651565e-01 9.999970866267332559e-01 9.999985041395792473e-01 9.999975695420186828e-01 9.999986798600635218e-01 9.999933747977250986e-01 9.999946846722336247e-01 9.999927775365037297e-01
9.999982197488198610e-01 9.999983964061048836e-01 9.999992895208370536e-01 9.999980129406086382e-01 9.999952675057103280e-01 9.999940621584848532e-01 9.999957561059871214e-01 9.999992245560767046e-01 9.999966131667088476e-01 9.999969394083131347e-01
9.999981898086586218e-01 9.999902710001395967e-01 9.999972438691803189e-01 9.999979617058484260e-01 9.999916499059050556e-01 9.999984393045185938e-01 9.999969831928041675e-01 9.999982343904143534e-01 9.999914411364341227e-01 9.999947790766694489e-01
9.999978853731056327e-01 9.999976210533310095e-01 9.999964470641952152e-01 9.999980691329241056e-01 9.999966065322841713e-01 9.999965358580658048e-01 9.999977627772692612e-01 9.999991246431488845e-01 9.999958819624094053e-01 9.999936145100134510e-01
