9.999522595907718303e-01 9.999576738150532940e-01 9.999639282466312729e-01 9.999631482225027623e-01 9.999656786484599769e-01 9.999589831985180588e-01 9.999557890717670761e-01 9.999614466768959042e-01 9.999408005395847843e-01 9.999494793631122924e-01
9.999528370860919502e-01 9.999542890161543518e-01 9.999589774610153636e-01 9.999551486900253305e-01 9.999589150087028200e-01 9.999510521151048215e-01 9.999530868519180826e-01 9.999740849836825651e-01 9.999447072376110857e-01 9.999580000174298489e-01
9.999547382031335196e-01 9.999463202263485506e-01 9.999462689156320971e-01 9.999519881516786279e-01 9.999593980519589920e-01 9.999501424728219900e-01 9.999571431660425613e-01 9.999666815572211265e-01 9.999623772749199890e-01 9.999443042574053253e-01
9.999655515824830143e-01 9.999528053165196440e-01 9.999517390422208996e-01 9.999537089273425883e-01 9.999586588879215698e-01 9.999649442156955947e-01 9.999597865066823799e-01 9.999563139896706643e-01 9.999622054708711127e-01 9.999498507728658003e-01
9.999656765657966018e-01 9.999595579745341745e-01 9.999515339279365644e-01 9.999595278308720525e-01 9.999611784581564633e-01 9.999686530575361276e-01 9.999610772040307127e-01 9.999508030705537287e-01 9.999623415332329346e-01 9.999433959656225390e-01
9.999549868181122347e-01 9.999608848302304898e-01 9.999521030901735719e-01 9.999587953013344688e-01 9.999587897901921485e-01 9.999337058235150399e-01 9.999592373355795649e-01 9.999480820627412170e-01 9.999619138896369552e-01 9.999446809927943214e-01
9.999529243114334554e-01 9.999529896978276433e-01 9.999469092017024829e-01 9.999544078066131547e-01 9.999640091519271801e-01 9.999550959580683074e-01 9.999479809386413454e-01 9.999522596089313042e-01 9.999621196833250458e-01 9.999630851497851580e-01
9.999683556489694647e-01 9.999583501150814957e-01 9.999489489813514487e-01 9.999489866990176612e-01 9.999563754153606432e-01 9.999351626343513377e-01 9.999567401820537160e-01 9.999531401393545460e-01 9.999540268015988387e-01 9.999714113581121833e-01
9.999647622013368986e-01 9.999638167724236304e-01 9.999437944271060141e-01 9.999626052682714095e-01 9.999476374556774960e-01 9.999608720603833101e-01 9.999536526321498586e-01 9.999355651113034371e-01 9.999472073538734351e-01 9.999537477392793638e-01
9.999674887886859098e-01 9.999553601511950163e-01 9.999616758054538090e-01 9.999605659318854256e-01 9.999655072863790073e-01 9.999630067966317482e-01 9.999427801725744303e-01 9.999645763589044556e-01 9.999603714215717920e-01 9.999595813779414977e-01
9.999423950341456147e-01 9.999592944307814646e-01 9.999502896220235915e-01 9.999350048028540217e-01 9.999555662760130081e-01 9.999585375760432493e-01 9.999484137332617095e-01 9.999500112609517322e-01 9.999611977594758949e-01 9.999516012369620288e-01
9.999685727501977928e-01 9.999704305798189363e-01 9.999599235438176859e-01 9.999566107486311806e-01 9.999546203273708134e-01 9.999631732485553259e-01 9.999590022853926952e-01 9.999600422855252635e-01 9.999605810053349142e-01 9.999618920820625423e-01
9.999650925058233275e-01 9.999558582975560661e-01 9.999576656878783609e-01 9.999537810367958857e-01 9.999531502790185433e-01 9.999509250351950040e-01 9.999521999939179340e-01 9.999567299473564042e-01 9.999611254638433033e-01 9.999392431065937670e-01
9.999590606019402861e-01 9.999581696388183394e-01 9.999608611734347452e-01 9.999481883574770080e-01 9.999357311961226680e-01 9.999597312394762350e-01 9.999634580668219641e-01 9.999559989530344417e-01 9.999649289651237893e-01 9.999575447489515989e-01
9.999604099186152339e-01 9.999509233115210227e-01 9.999477596000505564e-01 9.999502837061355898e-01 9.999491385533921806e-01 9.999642620792315029e-01 9.999442782676057906e-01 9.999514321708348197e-01 9.999668271497371697e-01 9.999448444416813020e-01
9.999421033807355252e-01 9.999647839478695843e-01 9.999617983403644716e-01 9.999585505648458383e-01 9.999489340334923870e-01 9.999670218259737453e-01 9.999661757541544738e-01 9.999484211408095069e-01 9.999526283732211862e-01 9.999486907525065860e-01
9.999610492776278559e-01 9.999382026512804167e-01 9.999524267258568244e-01 9.999716446100528344e-01 9.999355346858053162e-01 9.999592881131155186e-01 9.999598105757764310e-01 9.999465837368559651e-01 9.999558921303938197e-01 9.999657447159904233e-01
9.999605133052656969e-01 9.999444513200197449e-01 9.999573396673316905e-01 9.999509486955244775e-01 9.999510386771894854e-01 9.999676943807676022e-01 9.999560140551200238e-01 9.999459278732701906e-01 9.999709200089238470e-01 9.999697373363347630e-01
9.999567976826740923e-01 9.999457213572585657e-01 9.999458538476967417e-01 9.999494570376715741e-01 9.999656417630909955e-01 9.999673888618755280e-01 9.999448499266786472e-01 9.999411235063466741e-01 9.999617224906696134e-01 9.999408064064893020e-01
9.999523040196478529e-01 9.999556777089423365e-01 9.999506482636900673e-01 9.999598118116268530e-01 9.999363066721024262e-01 9.999340642645482280e-01 9.999462172144937266e-01 9.999557650519351748e-01 9.999542849429439162e-01 9.999593326270987959e-01
9.999570786316122062e-01 9.999507552731359272e-01 9.999686268266975153e-01 9.999349396189223249e-01 9.999616231099459629e-01 9.999404663342013055e-01 9.999619710118532456e-01 9.999650768676626722e-01 9.999400198583759947e-01 9.999619656129548062e-01
9.999564737729426112e-01 9.999504074809693055e-01 9.999560728780330088e-01 9.999510394589926632e-01 9.999398170634985483e-01 9.999633038642929961e-01 9.999700718185600135e-01 9.999430189529378010e-01 9.999541873777415546e-01 9.999627478812750381e-01
9.999549988413964918e-01 9.999558254478423391e-01 9.999575116351794302e-01 9.999645639969134692e-01 9.999561952976322443e-01 9.999570025636065340e-01 9.999417075868165528e-01 9.999471183720890499e-01 9.999455252608007161e-01 9.999608238541594085e-01
9.999502001391850081e-01 9.999561785295207894e-01 9.999540189825402159e-01 9.999559357806637738e-01 9.999491539670891660e-01 9.999482700942015079e-01 9.999498110909229576e-01 9.999543491421882813e-01 9.999453650016010275e-01 9.999592514334173510e-01
9.999580554826608125e-01 9.999481109266947776e-01 9.999677978860139760e-01 9.999645186533760999e-01 9.999531961367666977e-01 9.999576003019234882e-01 9.999708450426485484e-01 9.999475619572598672e-01 9.999701197591406299e-01 9.999597648880944600e-01
9.999605001684968020e-01 9.999602351894062435e-01 9.999569432810452296e-01 9.999587894537823596e-01 9.999482373919177380e-01 9.999536758897936695e-01 9.999466928140637867e-01 9.999416873684385809e-01 9.999535072507529376e-01 9.999525272073189752e-01
9.999544051098940844e-01 9.999697666678385444e-01 9.999610946242003529e-01 9.999498486569692313e-01 9.999586916397927849e-01 9.999547433452614653e-01 9.999537130067445156e-01 9.999447145925103309e-01 9.999602202175558174e-01 9.999660344040858240e-01
9.999526917409402582e-01 9.999561199184247018e-01 9.999396564796928510e-01 9.999460051025047536e-01 9.999565114877134731e-01 9.999662816482883798e-01 9.999486515419180321e-01 9.999580718812258739e-01 9.999578295492081992e-01 9.999570651118426801e-01
9.999579437992349717e-01 9.999435008916592871e-01 9.999433033406929239e-01 9.999616524764951553e-01 9.999575647320165794e-01 9.999426978860709303e-01 9.999662548386830663e-01 9.999619490396001176e-01 9.999525930676333996e-01 9.999470343078932233e-01
9.999605880991969675e-01 9.999626216241940257e-01 9.999587216109656618e-01 9.999520967734447652e-01 9.999635578898593558e-01 9.999719834381656236e-01 9.999529542751377509e-01 9.999645870412396942e-01 9.999553131005185502e-01 9.999580861885113414e-01
9.999553190649967949e-01 9.999566277341377374e-01 9.999598479161579956e-01 9.999626709959091864e-01 9.999404838868963807e-01 9.999695444042100423e-01 9.999521057861868734e-01 9.999756572745360783e-01 9.999639979768338849e-01 9.999557822071127866e-01
9.999526502910905945e-01 9.999579823387152455e-01 9.999655084234297941e-01 9.999577770525893694e-01 9.999451050664204255e-01 9.999565836192899626e-01 9.999654919045305457e-01 9.999615083497804813e-01 9.999606916845161786e-01 9.999648475117224322e-01
9.999629931932388915e-01 9.999641612372704991e-01 9.999668047701297802e-01 9.999587888593820528e-01 9.999642800714482194e-01 9.999588534636028037e-01 9.999438933271356245e-01 9.999579944683557597e-01 9.999499252405696925e-01 9.999530487362309206e-01
9.999667931937662457e-01 9.999514443018662213e-01 9.999471984019646653e-01 9.999665494602385518e-01 9.999520625582567490e-01 9.999360265760564026e-01 9.999528124492225167e-01 9.999647189208324960e-01 9.999619577413182414e-01 9.999567064287441243e-01
9.999584692309850809e-01 9.999370090740432593e-01 9.999622433978155867e-01 9.999462117449881005e-01 9.999644267580828361e-01 9.999612527582883992e-01 9.999529025229754176e-01 9.999605467553934757e-01 9.999524804151830315e-01 9.999543200929079667e-01
9.999590297699616492e-01 9.999590209512042582e-01 9.999631844895858768e-01 9.999540528002791584e-01 9.999542577626545636e-01 9.999660496240394547e-01 9.999571430644099701e-01 9.999666034526055736e-01 9.999493068372756754e-01 9.999552493341888892e-01
9.999453016468369260e-01 9.999603159873557967e-01 9.999551104686070779e-01 9.999616620158756630e-01 9.999477203382823864e-01 9.999620656382376405e-01 9.999635413815870510e-01 9.999453248221079615e-01 9.999287517057180441e-01 9.999573244073359790e-01
9.999520168525845021e-01 9.999657352430921797e-01 9.999704742718181771e-01 9.999518202114306975e-01 9.999602211409478469e-01 9.999577554495747700e-01 9.999642264075239151e-01 9.999544203460872804e-01 9.999556770620388058e-01 9.999583038105352983e-01
9.999459074746500642e-01 9.999449184372114496e-01 9.999558220902621253e-01 9.999359396710661985e-01 9.999568327027247294e-01 9.999610396733130679e-01 9.999493673565831298e-01 9.999500042582475379e-01 9.999662660468228159e-01 9.999541197781462998e-01
9.999602020761286791e-01 9.999521314661126148e-01 9.999514812253131879e-01 9.999622862242540933e-01 9.999594375915545896e-01 9.999694081224246300e-01 9.999605449374235899e-01 9.999470084970455419e-01 9.999607728840615994e-01 9.999480470084839423e-01
9.999646058005523530e-01 9.999524976839110346e-01 9.999584012813409473e-01 9.999470094456052172e-01 9.999537947899009849e-01 9.999531896600514225e-01 9.999406487629203255e-01 9.999302309400867061e-01 9.999622273774707581e-01 9.999383635018395111e-01
9.999426504969974872e-01 9.999463596459051695e-01 9.999567534410943592e-01 9.999550373823256066e-01 9.999556993709082242e-01 9.999623286848260406e-01 9.999569062715972789e-01 9.999527051276082545e-01 9.999621737133989052e-01 9.999517381442251107e-01
9.999457714182963253e-01 9.999472262755920715e-01 9.999545351824208339e-01 9.999445292360656934e-01 9.999585951980294318e-01 9.999532507645748636e-01 9.999598702709429077e-01 9.999530770805535873e-01 9.999549428020532149e-01 9.999555873556055241e-01
9.999521287925268176e-01 9.999453096259099949e-01 9.999364996589461541e-01 9.999601937401301210e-01 9.999514341457415023e-01 9.999560177240510717e-01 9.999515398151731516e-01 9.999503897857086043e-01 9.999468315697008780e-01 9.999457930658989246e-01
9.999676758771182117e-01 9.999546278005582156e-01 9.999350338140354788e-01 9.999283033936732235e-01 9.999538209599234673e-01 9.999577349501383994e-01 9.999519027791019532e-01 9.999495029175067273e-01 9.999625514691634631e-01 9.999352474455585060e-01
9.999517047314617768e-01 9.999496929877644824e-01 9.999535230439534628e-01 9.999472907462059190e-01 9.999542961841525468e-01 9.999595454819476537e-01 9.999494289843019468e-01 9.999636139618420794e-01 9.999510311238940519e-01 9.999569899964017017e-01
9.999660742595959384e-01 9.999353715305748791e-01 9.999662964293327683e-01 9.999565237634996384e-01 9.999595602275677120e-01 9.999503502308041414e-01 9.999567118780432473e-01 9.999319080137855087e-01 9.999434753019144084e-01 9.999450082089909042e-01
9.999503519195619416e-01 9.999560164260838935e-01 9.999614199225648203e-01 9.999605580906721913e-01 9.999602818075986610e-01 9.999610119170115885e-01 9.999634955283098758e-01 9.999654811480137573e-01 9.999475106377656575e-01 9.999548370082649296e-01
9.999523613233252117e-01 9.999541258948894118e-01 9.999542512001786676e-01 9.999497370987113776e-01 9.999477849982494337e-01 9.999619687742536955e-01 9.999775423787204964e-01 9.999562773400029192e-01 9.999486418670668897e-01 9.999523970442124599e-01
9.999519593375264526e-01 9.999508144767056406e-01 9.999440397215489940e-01 9.999566487100037815e-01 9.999452769243180050e-01 9.999567047446854540e-01 9.999597768823553778e-01 9.999460799422918988e-01 9.999627854313752895e-01 9.999473006754333593e-01
9.999540249864456998e-01 9.999495318015029222e-01 9.999609359803216524e-01 9.999597040325082231e-01 9.999521149703604062e-01 9.999447068055378196e-01 9.999565009546631522e-01 9.999607214792058940e-01 9.999484303577894639e-01 9.999599959932774507e-01
9.999606761784218811e-01 9.999699792709590973e-01 9.999648989404783528e-01 9.999618300362944634e-01 9.999576299337541441e-01 9.999649007747071217e-01 9.999323374363181527e-01 9.999537291082475354e-01 9.999530821046163087e-01 9.999427531322135909e-01
9.999591325662742225e-01 9.999494736943883577e-01 9.999534929408895323e-01 9.999309505918531071e-01 9.999521133624525993e-01 9.999582494014693790e-01 9.999597600417409193e-01 9.999641149041037513e-01 9.999551533649317925e-01 9.999540604552219492e-01
9.999684306216097829e-01 9.999532355778776305e-01 9.999487718863224739e-01 9.999548384831296044e-01 9.999676369109625762e-01 9.999558120771732117e-01 9.999476299209021368e-01 9.999606834634842123e-01 9.999635751848738874e-01 9.999525319266315826e-01
9.999580101652965070e-01 9.999669792076193442e-01 9.999398047005831902e-01 9.999670657099228865e-01 9.999521731704300587e-01 9.999702657997980859e-01 9.999410748817235683e-01 9.999481384599565592e-01 9.999596509017032453e-01 9.999610543030968968e-01
9.999655723401869034e-01 9.999518494452633854e-01 9.999483396591848372e-01 9.999458908184830630e-01 9.999437376772430941e-01 9.999461144254842004e-01 9.999528713700178706e-01 9.999560226991918155e-01 9.999554826139237518e-01 9.999533502578079602e-01
9.999654528020731625e-01 9.999371272992065851e-01 9.999445071670572949e-01 9.999689331137406878e-01 9.999713563704216712e-01 9.999381006348152523e-01 9.999566068558010112e-01 9.999439038731096074e-01 9.999548756757653534e-01 9.999668347731573981e-01
9.999643090131348222e-01 9.999694675855390624e-01 9.999696438085833305e-01 9.999591784432561026e-01 9.999557433504284720e-01 9.999502374804566385e-01 9.999593735943703710e-01 9.999662657554193590e-01 9.999484047752632554e-01 9.999487659183049493e-01
9.999577784639848144e-01 9.999304629805801925e-01 9.999495678356283834e-01 9.999427484363655472e-01 9.999623731692011130e-01 9.999413285969239729e-01 9.999585340441827785e-01 9.999406373795778347e-01 9.999420841302986140e-01 9.999661573506992696e-01
9.999546068354689954e-01 9.999603972832323828e-01 9.999552581037978172e-01 9.999621919809364989e-01 9.999592997909165781e-01 9.999485011560915737e-01 9.999724842725702390e-01 9.999666721471153208e-01 9.999441699111694115e-01 9.999629892892540894e-01
9.999427672220340124e-01 9.999647210440554268e-01 9.999622772937740711e-01 9.999564872929932458e-01 9.999512951676990946e-01 9.999574964052935222e-01 9.999557007226584915e-01 9.999551144536623637e-01 9.999714459106670006e-01 9.999731839588522631e-01
9.999562178901127973e-01 9.999546060594575181e-01 9.999637517682310461e-01 9.999709271528877119e-01 9.999702621928316937e-01 9.999480434817440422e-01 9.999374832262408752e-01 9.999468984159479712e-01 9.999654225970765475e-01 9.999660934742972129e-01
9.999542877022664644e-01 9.999458567291448219e-01 9.999516010080387041e-01 9.999462600509396726e-01 9.999536585285189183e-01 9.999709475343789844e-01 9.999527804125097896e-01 9.999391702583723118e-01 9.999509614068042840e-01 9.999568922053639897e-01
9.999538163699724924e-01 9.999606925443220717e-01 9.999537875459862946e-01 9.999687500898933878e-01 9.999515396018294755e-01 9.999460574276370917e-01 9.999550103457720551e-01 9.999616023977265789e-01 9.999432930456089164e-01 9.999504008661035392e-01
9.999638524214526925e-01 9.999500716749646356e-01 9.999607144936946135e-01 9.999584974437381035e-01 9.999475399210311366e-01 9.999592206942359285e-01 9.999476476435974481e-01 9.999582292432149799e-01 9.999655503290635350e-01 9.999621619446064091e-01
9.999551822314426408e-01 9.999566971667307458e-01 9.999663520265095196e-01 9.999580081013015320e-01 9.999414053796015223e-01 9.999544050581370414e-01 9.999654070125635341e-01 9.999631857535010715e-01 9.999584815201371102e-01 9.999461898684642858e-01
9.999681416887354901e-01 9.999638642040811209e-01 9.999487010643216545e-01 9.999590070204978920e-01 9.999639433888626305e-01 9.999451163284268640e-01 9.999552315565579663e-01 9.999538257922578888e-01 9.999511291442068073e-01 9.999498003791518208e-01
9.999595309020578027e-01 9.999537059237048053e-01 9.999526346957632317e-01 9.999355897203024979e-01 9.999521394647157280e-01 9.999514223313656913e-01 9.999600394724890151e-01 9.999636117504221433e-01 9.999568636494283735e-01 9.999604158412966903e-01
9.999584776459080615e-01 9.999516341838089462e-01 9.999552910293619812e-01 9.999531978384658126e-01 9.999599638177759653e-01 9.999518107659236543e-01 9.999575247453508231e-01 9.999605098331861841e-01 9.999515552218699588e-01 9.999531659173501730e-01
9.999644282292496911e-01 9.999701022677176532e-01 9.999602397167905998e-01 9.999588558909335845e-01 9.999563773598962868e-01 9.999626966701871122e-01 9.999596394650437370e-01 9.999560666543572118e-01 9.999591389005515474e-01 9.999236203525173616e-01
9.999705159579190816e-01 9.999692939074620313e-01 9.999402312207003041e-01 9.999743387318539289e-01 9.999283875838154145e-01 9.999563368626684934e-01 9.999637957400849819e-01 9.999684962577211067e-01 9.999641299510642067e-01 9.999480889386958005e-01
9.999469549410754388e-01 9.999520036225229003e-01 9.999530623334650370e-01 9.999600340330264681e-01 9.999494085773734664e-01 9.999598129518915135e-01 9.999570929682372045e-01 9.999572945922636791e-01 9.999426916004728882e-01 9.999665132704390613e-01
9.999497216454510395e-01 9.999669443916352485e-01 9.999455819780571630e-01 9.999658158059006041e-01 9.999585733497929896e-01 9.999513784017698415e-01 9.999475548612738462e-01 9.999569579983355050e-01 9.999595484536835110e-01 9.999509561704421623e-01
9.999512163569884704e-01 9.999548653204090032e-01 9.999600888106685570e-01 9.999586031101249661e-01 9.999550001006604072e-01 9.999595144710988759e-01 9.999528405896135341e-01 9.999613057297093155e-01 9.999449024260388397e-01 9.999629633695945596e-01
9.999705426098989269e-01 9.999400223301101454e-01 9.999511875025479668e-01 9.999606973430458234e-01 9.999371680468270851e-01 9.999584217709376333e-01 9.999623531020725986e-01 9.999623640240206113e-01 9.999450445648744301e-01 9.999570162450015509e-01
9.999609956635264751e-01 9.999313832808103264e-01 9.999555948980597408e-01 9.999699258778141919e-01 9.999668668046355346e-01 9.999628619178135835e-01 9.999541097731899919e-01 9.999523474699648640e-01 9.999602774790449233e-01 9.999600497431540003e-01
9.999670272587605213e-01 9.999379784983333241e-01 9.999624328555570818e-01 9.999448317500103656e-01 9.999460009414508077e-01 9.999609399808498944e-01 9.999637874292797157e-01 9.999531067988296495e-01 9.999601797874126952e-01 9.999593561471861181e-01
9.999537242273808246e-01 9.999627604823960736e-01 9.999621195039710697e-01 9.999576283587094938e-01 9.999517448790431473e-01 9.999675808499742802e-01 9.999553809597393483e-01 9.999625806560388241e-01 9.999492320407790125e-01 9.999681775963453756e-01
9.999675657942450613e-01 9.999532862268645239e-01 9.999574707874842039e-01 9.999549633726029230e-01 9.999530199798729591e-01 9.999599975577291300e-01 9.999649292700024672e-01 9.999375280183383508e-01 9.999587186464136135e-01 9.999592498326531631e-01
9.999496017465039355e-01 9.999504839666304434e-01 9.999556577207329155e-01 9.999498956168352271e-01 9.999527653018257523e-01 9.999547037030050989e-01 9.999578860392352997e-01 9.999475784597007255e-01 9.999482266296336741e-01 9.999656626329970210e-01
9.999411618140533475e-01 9.999442950453227841e-01 9.999594329351544353e-01 9.999529306803750517e-01 9.999470636359036879e-01 9.999482842890679013e-01 9.999499621761956947e-01 9.999485705299369087e-01 9.999622152148571752e-01 9.999598018163652347e-01
9.999543587513499698e-01 9.999678367555977498e-01 9.999705215083815046e-01 9.999570082010852401e-01 9.999517356645387656e-01 9.999527200303981456e-01 9.999498193128169010e-01 9.999653149514228234e-01 9.999689006021478255e-01 9.999524417072893634e-01
9.999625306802261138e-01 9.999441778884026188e-01 9.999700731200041881e-01 9.999559918934549652e-01 9.999412283212086860e-01 9.999643111824387809e-01 9.999526220334972182e-01 9.999551993943724959e-01 9.999487832092919248e-01 9.999520084796575947e-01
9.999590176859727286e-01 9.999467557460209877e-01 9.999611044919579639e-01 9.999480887130101081e-01 9.999525744183057618e-01 9.999514075837289129e-01 9.999633639590672640e-01 9.999567633204801131e-01 9.999530486429520915e-01 9.999331200588805757e-01
9.999531046320259131e-01 9.999547434170038551e-01 9.999565608404341610e-01 9.999543446285019677e-01 9.999566502740261376e-01 9.999605516762805069e-01 9.999612766577573586e-01 9.999411001669342713e-01 9.999616301565219523e-01 9.999623052934576428e-01
9.999450341096857153e-01 9.999538188533309002e-01 9.999595529275346895e-01 9.999530700975136632e-01 9.999600547997589128e-01 9.999478469603048092e-01 9.999384669055527697e-01 9.999527101221272751e-01 9.999569707353975767e-01 9.999460339112139495e-01
9.999518356917154183e-01 9.999488088262911134e-01 9.999605704301244291e-01 9.999542198600037679e-01 9.999505780334811966e-01 9.999650155242829630e-01 9.999331711104120224e-01 9.999673189665509998e-01 9.999633285124823745e-01 9.999606840279655628e-01
9.999354721390234513e-01 9.999366663814533984e-01 9.999598839402796813e-01 9.999696986458584957e-01 9.999497011792739531e-01 9.999623175425235155e-01 9.999436676746763508e-01 9.999474238422604300e-01 9.999491225656471638e-01 9.999605847890757904e-01
9.999507717449912514e-01 9.999607690175870145e-01 9.999471858265052138e-01 9.999515210690609335e-01 9.999551271680612308e-01 9.999517555737051921e-01 9.999455385543633001e-01 9.999563112490177375e-01 9.999403600991536578e-01 9.999686674609671311e-01
9.999588482337457007e-01 9.999487229241941222e-01 9.999496882741332193e-01 9.999478332666562608e-01 9.999540489688079070e-01 9.999405840832732428e-01 9.999386539455176193e-01 9.999455388773496045e-01 9.999620368281377791e-01 9.999500045393876491e-01
9.999326664292922384e-01 9.999513719261182709e-01 9.999681146666974385e-01 9.999444096920176994e-01 9.999606459137779790e-01 9.999623296082402746e-01 9.999561695758597546e-01 9.999528737322044281e-01 9.999717476278240369e-01 9.999488409934165212e-01
9.999562022886276935e-01 9.999532557781394271e-01 9.999525129179268612e-01 9.999494321831481347e-01 9.999621411460617448e-01 9.999802898576841681e-01 9.999553505077699578e-01 9.999655449466879897e-01 9.999393383509934674e-01 9.999508743030632862e-01
9.999671349843928247e-01 9.999378625531704090e-01 9.999509343395014405e-01 9.999519681807158555e-01 9.999571593757399235e-01 9.999614700654669841e-01 9.999417917406533407e-01 9.999586880796477173e-01 9.999635548672465291e-01 9.999675664529900088e-01
9.999546784592525661e-01 9.999619231904660621e-01 9.999572087844310619e-01 9.999210776050247995e-01 9.999636624465927381e-01 9.999566572915906670e-01 9.999564714436507407e-01 9.999617290474139830e-01 9.999442423113080736e-01 9.999531406706784198e-01
9.999500247603461123e-01 9.999484001225180663e-01 9.999494386746226038e-01 9.999573765366134293e-01 9.999598030164953411e-01 9.999540845183709781e-01 9.999656310778589630e-01 9.999497665225681731e-01 9.999531236824912295e-01 9.999426108271196600e-01
9.999374683436518252e-01 9.999546866397176492e-01 9.999567972823955042e-01 9.999555416996379620e-01 9.999600572982975111e-01 9.999535792907368048e-01 9.999605340121959784e-01 9.999610662924380833e-01 9.999382362408362201e-01 9.999574457050234289e-01
9.999394561651053781e-01 9.999570550610866748e-01 9.999444550760531181e-01 9.999583509569078821e-01 9.999609939319120677e-01 9.999460131286114217e-01 9.999324091602448394e-01 9.999655206843272026e-01 9.999623468921989833e-01 9.999618238507778090e-01
9.999510111632697873e-01 9.999608017311250041e-01 9.999606806289962346e-01 9.999380005742248834e-01 9.999347963836945352e-01 9.999587933458754518e-01 9.999415232691266642e-01 9.999426984611060609e-01 9.999671619158184699e-01 9.999556928587437499e-01
9.999418301334197512e-01 9.999618579204589963e-01 9.999600137374050624e-01 9.999351163081556804e-01 9.999565543117799882e-01 9.999524621443927064e-01 9.999410318450717705e-01 9.999420655728489260e-01 9.999447369054381696e-01 9.999700339571589991e-01
9.999460112822950997e-01 9.999542353236341441e-01 9.999587648157853836e-01 9.999635442719991829e-01 9.999460179124382009e-01 9.999504220382341435e-01 9.999611972721700326e-01 9.999441070698565914e-01 9.999568868652084497e-01 9.999441553572806507e-01
