9.999075754428672358e-01 9.999056191207350563e-01 9.998776517559758714e-01 9.999083550244394214e-01 9.999104646951856301e-01 9.999093970995736047e-01 9.999208959128388363e-01 9.999134148477293316e-01 9.998880229493657401e-01 9.999076535303401680e-01
9.998918618060030905e-01 9.999016053817680882e-01 9.998859860706069691e-01 9.999192689788601873e-01 9.999216711272241875e-01 9.999044052890144751e-01 9.998987010100147677e-01 9.998859694305458623e-01 9.999014541369877218e-01 9.998889103667042422e-01
9.999097399356998705e-01 9.999059414230606624e-01 9.999305311131257978e-01 9.998926952080838815e-01 9.999120268274146461e-01 9.999045188060757816e-01 9.999110285244137142e-01 9.999001839464232155e-01 9.999042301308208591e-01 9.998940322208221820e-01
9.999121000950217386e-01 9.998989299412216480e-01 9.999126276024834503e-01 9.999204903747285211e-01 9.999031228191553877e-01 9.998964420742605386e-01 9.998967404997745057e-01 9.999175684209629100e-01 9.999051916633612258e-01 9.999164949237080435e-01
9.999178230335690198e-01 9.999176178255937408e-01 9.999065442308637808e-01 9.998819446877569295e-01 9.999038566815104945e-01 9.998895767948460245e-01 9.999061550875721904e-01 9.999114787061107457e-01 9.999244135578010395e-01 9.999038547870798821e-01
9.998984028922139888e-01 9.999190543602907155e-01 9.999016022097411138e-01 9.999203724241096936e-01 9.999392734968103325e-01 9.999060779615722705e-01 9.998932889806225743e-01 9.999025804885380841e-01 9.999186707172078581e-01 9.999185120640293745e-01
9.999070435454834316e-01 9.999273907608985379e-01 9.998991343480034821e-01 9.998993164891457619e-01 9.999159228453746717e-01 9.999308938158975035e-01 9.999320103498788859e-01 9.999109362426372716e-01 9.999092359563244159e-01 9.999293155359898488e-01
9.999035253677420743e-01 9.999118485540646750e-01 9.999093009897050965e-01 9.999115908451630119e-01 9.999067133974560706e-01 9.999374788003856374e-01 9.999361959994768068e-01 9.999218437204328014e-01 9.998962564593806279e-01 9.999070316776541567e-01
9.998884176841708049e-01 9.999254606198912931e-01 9.999208052701077376e-01 9.999094766328495698e-01 9.999140086126563354e-01 9.999126546516197145e-01 9.998864677078730390e-01 9.999109447249068250e-01 9.998960833446112195e-01 9.998930908045243759e-01
9.998720057213555945e-01 9.999019887950241214e-01 9.999135823969185211e-01 9.999219818251749992e-01 9.998965382086312248e-01 9.999304219799703963e-01 9.998710327677837739e-01 9.999035414334731531e-01 9.999080634648569443e-01 9.999155318660537528e-01
9.998768741578845098e-01 9.998940063513912513e-01 9.999162188328403200e-01 9.999167423360196816e-01 9.999221146258929771e-01 9.998949226017562752e-01 9.999181851152105782e-01 9.998810067503364207e-01 9.999006992874454047e-01 9.999083938127362181e-01
9.999263323643542423e-01 9.998953594601008854e-01 9.998771809861785043e-01 9.999172421306133929e-01 9.999030352473821104e-01 9.999069961904336612e-01 9.999091007920392071e-01 9.999067571831470325e-01 9.999001991456021310e-01 9.999273760143932988e-01
9.998983780892908291e-01 9.999024312318721686e-01 9.998987326943369336e-01 9.999093713535593952e-01 9.999115316288710309e-01 9.999197601043243733e-01 9.999214332341924694e-01 9.998831311463527438e-01 9.999108990260332508e-01 9.999120145797458781e-01
9.998886727995277557e-01 9.999018083698975046e-01 9.999158154858880376e-01 9.999055662599465322e-01 9.998966607091427372e-01 9.999246040952916026e-01 9.998983714315772264e-01 9.999119574587096437e-01 9.999153669214582152e-01 9.999388753887228365e-01
9.999115582943337577e-01 9.999178101869888868e-01 9.999108353015631057e-01 9.999183423494332201e-01 9.999273224037582564e-01 9.999196536671866031e-01 9.999292356128171022e-01 9.998946925028854293e-01 9.999131214805160317e-01 9.999204522002314022e-01
9.999038584609974967e-01 9.999168594515494002e-01 9.999138105914143759e-01 9.999099780802556126e-01 9.999035443214983054e-01 9.999005715012697637e-01 9.999062654995686250e-01 9.999161411001598054e-01 9.999203705283263854e-01 9.999083885224282486e-01
9.999387537663233516e-01 9.999111611690212342e-01 9.998950420952733564e-01 9.999077150669237746e-01 9.999147099926686266e-01 9.999031961706459359e-01 9.999068556028429811e-01 9.999170163951196511e-01 9.999395989002221041e-01 9.999019492612011284e-01
9.999035835264128425e-01 9.999246885991391887e-01 9.999214785641634684e-01 9.999145350905208618e-01 9.999133539276729987e-01 9.999229803762629265e-01 9.999278973826454253e-01 9.999151118267531890e-01 9.999023186244262451e-01 9.999068513391046187e-01
9.999054613602510466e-01 9.999150665885566669e-01 9.998948241247451740e-01 9.999125982998317008e-01 9.999155363849135947e-01 9.999102175225219602e-01 9.999195159758565987e-01 9.999101048131415759e-01 9.999216053984333330e-01 9.999060681820249874e-01
9.998709571504817983e-01 9.999109036322739730e-01 9.998912991348820611e-01 9.999067055929011794e-01 9.998909658147568935e-01 9.999192000790717572e-01 9.998966158332531773e-01 9.999224137290874115e-01 9.999155935365849901e-01 9.999050752330861380e-01
9.998910563153695641e-01 9.998893282340410860e-01 9.999263572601200245e-01 9.999105286445906238e-01 9.998988703682928358e-01 9.999096477581350673e-01 9.998909155269697369e-01 9.999172151633322070e-01 9.999001164583792844e-01 9.999239225977778478e-01
9.999205216301645383e-01 9.999025532516477854e-01 9.999094592943298387e-01 9.999040807296279976e-01 9.999123576897351873e-01 9.999189728288505608e-01 9.998960044012972226e-01 9.998984604995185821e-01 9.998927113995417226e-01 9.999178264477109890e-01
9.999188244951627835e-01 9.998857033845626185e-01 9.998924113771282540e-01 9.998863002833524583e-01 9.999115742764841386e-01 9.999105856709061824e-01 9.999178556580412547e-01 9.998978996471939995e-01 9.999030351558111374e-01 9.999050182033243361e-01
9.999010939501128403e-01 9.998997075832273262e-01 9.999327480442512517e-01 9.999042929303170180e-01 9.998958034388156779e-01 9.999188209110961845e-01 9.999073729003703503e-01 9.999048300416062407e-01 9.999095134213979996e-01 9.998929138624967905e-01
9.999292646396468198e-01 9.999112474357916280e-01 9.999187742882458263e-01 9.999092956162694001e-01 9.998956096641167246e-01 9.998997709374045639e-01 9.999265607431867542e-01 9.999142173474258044e-01 9.999177243290360284e-01 9.999147874554968896e-01
9.999073111986056528e-01 9.999205430333711897e-01 9.999090218777656469e-01 9.999016658303319094e-01 9.999073910388832642e-01 9.999144664065879873e-01 9.999001604894669493e-01 9.999152166067025727e-01 9.999134971973131503e-01 9.999175129647919213e-01
9.999207696557571579e-01 9.999071550368469063e-01 9.999075548098288468e-01 9.999152318852415622e-01 9.998951546805392443e-01 9.999120300014106011e-01 9.999050511915840156e-01 9.999195706570828124e-01 9.999113551598052263e-01 9.998813251669359525e-01
9.998837295734008812e-01 9.999017829883191100e-01 9.999121335686274037e-01 9.998943452652560016e-01 9.998998496147519788e-01 9.999035936826693449e-01 9.999146834075745005e-01 9.999177869515216699e-01 9.998994358189668974e-01 9.998839782412275445e-01
9.999176992814194920e-01 9.999101792611764239e-01 9.999084443460899418e-01 9.998912612587244064e-01 9.999151028934356589e-01 9.999112773788555453e-01 9.999217262943362883e-01 9.999115686047418405e-01 9.999248788663999132e-01 9.999272371924428082e-01
9.999176270731661154e-01 9.998989540891016770e-01 9.998998125831569661e-01 9.998855923496442477e-01 9.999129999551110703e-01 9.998787976364286179e-01 9.998878406772637728e-01 9.999203668833286374e-01 9.999068536372356375e-01 9.998957137514969951e-01
9.998983644029837414e-01 9.998973876096270974e-01 9.999162004569536188e-01 9.998991952342821676e-01 9.998844563499941218e-01 9.999244465699620443e-01 9.999060642626697026e-01 9.999245117980787301e-01 9.998950343004657793e-01 9.999164472795947223e-01
9.999164301829401857e-01 9.999051559580133253e-01 9.999285576615444260e-01 9.999167044781058777e-01 9.998887124982620556e-01 9.999054654353707328e-01 9.999166184626631093e-01 9.999119105212940228e-01 9.999105295748184075e-01 9.998991348674306501e-01
9.999250584839235456e-01 9.999053312336605437e-01 9.999185345089780519e-01 9.998887509206448865e-01 9.999142386087527257e-01 9.999186079499349233e-01 9.999180010457057177e-01 9.999138558814884004e-01 9.999082309808783320e-01 9.999107638613430327e-01
9.999050488481987520e-01 9.999149138737770670e-01 9.999102286247196769e-01 9.999168271667621122e-01 9.999188464318442549e-01 9.999192450341294336e-01 9.998999514531164978e-01 9.998851648527361524e-01 9.998965453530808123e-01 9.999245166725114764e-01
9.998958127330417334e-01 9.999010644863053354e-01 9.999017496687142570e-01 9.999246767784798484e-01 9.999052544055483382e-01 9.999159349337115588e-01 9.999140453800335893e-01 9.999083127006387350e-01 9.999120176861542308e-01 9.998964802759282566e-01
9.998808134331473862e-01 9.999169234142079032e-01 9.999147460918940133e-01 9.999094100631050752e-01 9.999252933789720688e-01 9.999016722028550852e-01 9.999225412122970669e-01 9.999043504840227081e-01 9.999000992137673238e-01 9.998821707450236129e-01
9.999169264544296443e-01 9.998946730728994758e-01 9.999310971087589373e-01 9.998962304530494283e-01 9.999113240554990956e-01 9.999159929375206479e-01 9.999242621788032581e-01 9.999196416562278200e-01 9.999074874586192374e-01 9.999145583497628387e-01
9.999306614573151286e-01 9.999113214581013542e-01 9.998866720406462960e-01 9.999146826787368436e-01 9.999038994535016656e-01 9.999117467390956637e-01 9.999091577164362921e-01 9.999026290089138014e-01 9.999052397339308618e-01 9.999035630892950666e-01
9.999189211518382248e-01 9.999093404899610515e-01 9.999267048444603345e-01 9.999149332237459165e-01 9.999159233935195346e-01 9.998896595874251503e-01 9.999183629864130118e-01 9.998927735444590459e-01 9.999185362566579416e-01 9.999182012125188423e-01
9.999220697710881067e-01 9.999127171182475848e-01 9.999265592148642856e-01 9.998906235098030670e-01 9.999136855708725680e-01 9.999181996539313610e-01 9.999049398089837615e-01 9.999140075758911061e-01 9.999242670336468963e-01 9.999269168461377699e-01
9.999205290552952707e-01 9.998877448106396892e-01 9.999116581290237171e-01 9.998992196572141777e-01 9.999083022348713712e-01 9.998996304436709170e-01 9.999156327253537757e-01 9.999206523877262054e-01 9.999020896679454706e-01 9.998979348394342326e-01
9.998984239472509250e-01 9.999114242369381289e-01 9.998929426117637576e-01 9.999007273962784437e-01 9.999029464952249313e-01 9.999410206532829415e-01 9.999071396497745123e-01 9.999046123899480998e-01 9.999140285634289249e-01 9.999246135308670347e-01
9.999233462961057972e-01 9.999090718132740419e-01 9.999349829809316414e-01 9.999134723096733124e-01 9.999107698206743944e-01 9.999222133936050971e-01 9.998970040706136597e-01 9.999112556352510728e-01 9.998884216064645170e-01 9.998960161816463632e-01
9.999213662906829558e-01 9.998995854390483329e-01 9.998937399644394208e-01 9.998868966855289919e-01 9.998997823676022412e-01 9.999103443144952141e-01 9.998839450886600755e-01 9.999159471976135638e-01 9.998924760802095912e-01 9.998982457196610163e-01
9.999274971453842031e-01 9.999219112714486934e-01 9.999054070561472773e-01 9.999289196282207248e-01 9.999161669208541658e-01 9.999150191296169998e-01 9.999052199929742146e-01 9.998907673906073379e-01 9.999109752240825655e-01 9.999260141001006241e-01
9.999130757673763137e-01 9.998995798392574796e-01 9.998947715464313601e-01 9.999250585418759663e-01 9.999281363277805479e-01 9.999134916542306017e-01 9.999113689122528514e-01 9.999019460057343434e-01 9.999081381363738030e-01 9.999144979514014153e-01
9.998989614756399469e-01 9.999255335245426091e-01 9.999179113331554403e-01 9.999027932187699585e-01 9.999136094638624295e-01 9.999330770237974120e-01 9.999000129166718542e-01 9.998953750103874993e-01 9.998963823168177667e-01 9.998724340619353779e-01
9.999253475296135951e-01 9.999141062575864769e-01 9.999307838321919162e-01 9.998847504098656858e-01 9.999126898120861417e-01 9.999003195507354391e-01 9.999077107456415536e-01 9.999360046884193665e-01 9.999021706155579725e-01 9.999041141717835979e-01
9.999107235339211863e-01 9.999089115593522425e-01 9.998963906517115419e-01 9.999101063674312728e-01 9.998988666071506604e-01 9.999275750376027672e-01 9.998904303105105029e-01 9.999080147515966299e-01 9.999119962375957460e-01 9.998984292136859908e-01
9.999152998673682680e-01 9.999068664020469566e-01 9.998999337348025707e-01 9.999088085461207420e-01 9.998843447551304386e-01 9.999160899810725089e-01 9.998909206460701027e-01 9.998867309183258056e-01 9.999053464853442375e-01 9.998996995526697740e-01
9.999064153438989022e-01 9.999029827760861355e-01 9.999124477602090444e-01 9.999002119661021259e-01 9.999300698698948553e-01 9.998895639583655903e-01 9.998964335785247570e-01 9.999092385585648390e-01 9.999213303739088454e-01 9.999139081899521830e-01
9.999044021754446288e-01 9.999115954961821373e-01 9.998984458627732108e-01 9.998962945440966754e-01 9.998989089366058236e-01 9.999162417576413775e-01 9.999046855492552677e-01 9.999139115921690246e-01 9.999169525728756058e-01 9.999157368422701975e-01
9.999216268440636046e-01 9.999004387701311281e-01 9.999066420969012770e-01 9.999073270843922279e-01 9.999112835645572739e-01 9.999228170818332817e-01 9.999232591805652381e-01 9.998995111495305732e-01 9.999040485372014953e-01 9.998896230029835630e-01
9.999055112360676345e-01 9.999233950967243434e-01 9.999052195409077193e-01 9.999103704918658186e-01 9.999122117917307317e-01 9.999193025492217890e-01 9.999009017909653574e-01 9.998732255246219891e-01 9.999040905983292982e-01 9.999219997285504480e-01
9.999110869011785807e-01 9.998959303667108722e-01 9.999044399324464871e-01 9.999134076593740872e-01 9.999070424504018506e-01 9.999024487560721486e-01 9.999183589248414883e-01 9.999164003555357505e-01 9.999083984152133953e-01 9.998983156446114018e-01
9.999067267417371951e-01 9.999044510144586839e-01 9.999091369148143116e-01 9.999100996631492544e-01 9.999213088462693966e-01 9.999060850443826087e-01 9.999146413050663540e-01 9.998760952169948313e-01 9.998666253818598859e-01 9.999228013128595993e-01
9.999142002238614602e-01 9.998820791842301103e-01 9.998991448182961150e-01 9.999024179108219057e-01 9.999306777546322911e-01 9.999193604406535485e-01 9.999136460711323116e-01 9.999088719171477235e-01 9.999087222069404923e-01 9.999202446604281702e-01
9.999082999839914443e-01 9.999127134845439135e-01 9.999071450586738408e-01 9.999246509803898508e-01 9.999135942175054748e-01 9.999095328787320769e-01 9.999182376828111840e-01 9.999161425431152272e-01 9.998943656248961975e-01 9.998890910366730056e-01
9.998959276205992008e-01 9.999128450393046652e-01 9.999040499757402278e-01 9.999038871809480256e-01 9.998942340724017441e-01 9.999002771412617285e-01 9.999169633521278744e-01 9.999291388930914293e-01 9.999131811104593481e-01 9.998981643384656781e-01
9.999056324384874017e-01 9.999233257972511835e-01 9.999119752797753780e-01 9.999046839128026276e-01 9.999025296850654332e-01 9.999207021378265781e-01 9.999106220813381851e-01 9.999264083853413032e-01 9.998854786346094148e-01 9.999117806098297701e-01
9.999133386989437211e-01 9.999300887971440677e-01 9.999024383386134751e-01 9.999125501209453759e-01 9.998944931074198461e-01 9.999152935910766704e-01 9.998950100806031083e-01 9.999069649326398634e-01 9.999209015641514764e-01 9.999212416623440847e-01
9.999125837823040763e-01 9.999150120226761862e-01 9.998935394116837960e-01 9.999122515879440565e-01 9.998996872957084392e-01 9.999327857749572557e-01 9.999032126682726451e-01 9.999007062613964880e-01 9.999014576930358444e-01 9.999225517922819551e-01
9.999194928832438878e-01 9.999264600891839549e-01 9.999303961789542949e-01 9.999073203599497806e-01 9.998882325038164209e-01 9.999084684893799757e-01 9.998968107866575972e-01 9.999122309135775044e-01 9.999203374947550627e-01 9.999089460333521195e-01
9.999060504045036435e-01 9.999163932469360416e-01 9.999091576930773106e-01 9.999233316772029312e-01 9.999093954239288706e-01 9.999181357023464445e-01 9.999229544893678545e-01 9.999028553315980616e-01 9.998981321995089599e-01 9.999095419428711828e-01
9.999232855355508764e-01 9.999039801861563381e-01 9.999162832651286026e-01 9.999148726976628820e-01 9.999065138946143794e-01 9.998868456081386746e-01 9.999039905214894830e-01 9.999209880370586445e-01 9.999133160597090120e-01 9.999058651700458711e-01
9.999318085982531468e-01 9.999043929119671992e-01 9.998985370262979400e-01 9.999194730218423643e-01 9.999340092981052752e-01 9.999139975703962291e-01 9.999299013257247903e-01 9.998840799881217878e-01 9.998963163248407726e-01 9.998908379977894390e-01
9.999264745516527331e-01 9.999186678442835152e-01 9.999271118524197810e-01 9.998884612277769701e-01 9.999119736725466945e-01 9.999308304697708261e-01 9.999207182630398538e-01 9.999053311122187981e-01 9.999139961896637008e-01 9.998759845066826912e-01
9.999081580144073556e-01 9.999214755446608205e-01 9.998999446945948666e-01 9.999122094459415022e-01 9.999095430318454270e-01 9.999150225973544304e-01 9.999054308957269210e-01 9.998803421630106936e-01 9.999268352350696443e-01 9.998901681115265339e-01
9.999281300486296820e-01 9.998972977634574821e-01 9.998917895306874692e-01 9.999081364131223726e-01 9.999077543661144540e-01 9.999020465305492600e-01 9.998982935039517628e-01 9.999085540639613967e-01 9.998869048268944626e-01 9.999106223185907361e-01
9.999013238907082934e-01 9.998954946271253474e-01 9.999102576401666109e-01 9.999080321129054649e-01 9.999061076314800234e-01 9.999094572035787110e-01 9.999147116720804584e-01 9.999377626915816331e-01 9.999385780905725163e-01 9.998951701740943498e-01
9.999039622155647677e-01 9.999177138552313160e-01 9.999300783724557329e-01 9.999063994470241967e-01 9.998970374845645992e-01 9.999355042063418075e-01 9.999078222699944174e-01 9.999330049869855630e-01 9.998909559738660136e-01 9.999114558081546589e-01
9.999161069986850503e-01 9.999031823063379010e-01 9.999013127174364302e-01 9.999241438173683827e-01 9.999047114410798409e-01 9.998867384508338674e-01 9.998879203390660386e-01 9.999185511329882203e-01 9.999175122790801007e-01 9.998970344173340186e-01
9.999124798872474074e-01 9.999149837785752393e-01 9.999052553830760637e-01 9.998817571557105932e-01 9.999166699905893685e-01 9.999206707430702279e-01 9.999124533785174185e-01 9.999302591227002823e-01 9.999162844825411067e-01 9.999095571726819287e-01
9.998979085324130045e-01 9.999084185559872218e-01 9.999025612099244897e-01 9.999071496199891662e-01 9.999041923054476921e-01 9.999096999610236347e-01 9.998854127080797349e-01 9.998871836769249732e-01 9.999108793342100787e-01 9.999100230716406745e-01
9.999111444953651118e-01 9.999082584572468457e-01 9.999229595449113939e-01 9.998925425163655012e-01 9.998927805442227035e-01 9.999041199410090286e-01 9.999179891092234707e-01 9.999139899963686018e-01 9.999170947187320246e-01 9.999166248831320436e-01
9.999161666999085707e-01 9.999170509987842514e-01 9.999065450069365424e-01 9.999052060874381587e-01 9.998797212916872290e-01 9.998697903893820627e-01 9.998993533294671110e-01 9.998954925537894001e-01 9.999111239227519432e-01 9.998890879821141775e-01
9.999039083372526227e-01 9.999091797865445885e-01 9.999031080618181466e-01 9.998952357875532382e-01 9.999012179911968001e-01 9.999200110658075236e-01 9.999099418446164567e-01 9.998925384356476265e-01 9.999048332663746930e-01 9.999112098054007136e-01
9.999065492555336832e-01 9.999196212543532969e-01 9.999040070098492716e-01 9.998894481064722894e-01 9.999145961655176995e-01 9.999120511165996428e-01 9.999062343609234071e-01 9.999098796791645594e-01 9.999159618727623267e-01 9.999148029952169558e-01
9.999402528287418823e-01 9.999087950668543723e-01 9.999386753631358538e-01 9.999178489992767149e-01 9.998884288211686844e-01 9.998853576933638410e-01 9.999117670332020591e-01 9.998986873289950061e-01 9.999009686135151842e-01 9.999075782531670065e-01
9.999142115567544176e-01 9.999212628747488063e-01 9.999214737960111510e-01 9.999046673130698171e-01 9.999016152620463505e-01 9.999096379111187538e-01 9.999148903189628568e-01 9.999035798127262620e-01 9.999017891454374807e-01 9.999020618744612898e-01
9.998912385001537118e-01 9.999160299709282107e-01 9.999195482082476882e-01 9.998917588463560602e-01 9.999121516814276633e-01 9.998806571004476007e-01 9.999176102184281767e-01 9.999356749852720272e-01 9.999252534871639897e-01 9.998900601700941859e-01
9.998839186822434666e-01 9.999095872423685583e-01 9.999215064703123046e-01 9.999044329116548724e-01 9.999228926278599383e-01 9.999360693418334334e-01 9.999144770466962262e-01 9.999079475534446981e-01 9.999118619729794322e-01 9.999098669375043880e-01
9.999124629363054240e-01 9.999197438188951459e-01 9.998852868464793708e-01 9.999136108990124283e-01 9.999178354389671730e-01 9.999098090860761845e-01 9.999035697713311022e-01 9.999129697028383834e-01 9.999165302526160648e-01 9.999257972819529661e-01
9.999234936698203624e-01 9.998847662626173527e-01 9.999195668467272258e-01 9.999083522256770884e-01 9.998929330449867203e-01 9.999191958673612213e-01 9.999130148694796993e-01 9.999113188488556458e-01 9.999122042079239270e-01 9.999221560536041276e-01
9.999138739551528543e-01 9.999059688910126864e-01 9.999291526999828372e-01 9.999110102254203936e-01 9.999108767585332957e-01 9.999107077509032937e-01 9.999163865572412435e-01 9.998953581358572817e-01 9.999108564597973814e-01 9.999106851398376072e-01
9.999214512402235799e-01 9.999164499776672654e-01 9.999181606079029505e-01 9.999064950747434954e-01 9.999184221932103656e-01 9.999017470712205924e-01 9.999085485813870022e-01 9.999022734460355499e-01 9.998928512974006866e-01 9.999149970607228433e-01
9.999179824567763220e-01 9.999067861623218700e-01 9.999022273305847586e-01 9.999118457437142782e-01 9.999050591054187143e-01 9.998987703779699254e-01 9.999251197130404334e-01 9.998930849195618586e-01 9.999081949932157043e-01 9.998957902483345261e-01
9.999185087629942625e-01 9.999197466488384256e-01 9.999350116005008005e-01 9.998947283178644119e-01 9.998736201473810148e-01 9.999016373734020968e-01 9.999031861205136540e-01 9.999138826866103003e-01 9.999162050041926486e-01 9.999131081884737871e-01
9.999152797200607790e-01 9.999085875264925871e-01 9.999239008383598026e-01 9.999019856051084565e-01 9.999158630543986126e-01 9.999090638752587967e-01 9.999189605253394619e-01 9.998843503999673699e-01 9.999185590608007379e-01 9.998999999264276406e-01
9.998922712162674475e-01 9.999155603753255850e-01 9.999143036019662034e-01 9.999015651467272336e-01 9.999040925539022240e-01 9.999184379377850096e-01 9.999134517712895409e-01 9.999082088986664951e-01 9.999031629974804991e-01 9.999168649909487838e-01
9.999303594648809579e-01 9.999063953994667964e-01 9.999053158374114902e-01 9.999204198946918254e-01 9.999207488254125975e-01 9.999179093989625233e-01 9.998957976654351265e-01 9.999041968486919174e-01 9.998998922641981757e-01 9.999206931357322858e-01
9.999007620297977184e-01 9.999066052128463555e-01 9.999058191494900605e-01 9.999173468238226059e-01 9.999242214778374382e-01 9.998869567546477821e-01 9.998957713948164461e-01 9.998927119718803436e-01 9.999214515771147616e-01 9.999100837950022358e-01
9.999008121175040342e-01 9.999252525857857954e-01 9.999256129286862027e-01 9.999221332399134132e-01 9.998963350426596230e-01 9.999116656711111162e-01 9.999193413611831005e-01 9.998999357527340592e-01 9.999233070283776170e-01 9.999037473945908694e-01
9.999198526274235554e-01 9.999086480926527853e-01 9.999240834570136682e-01 9.998932154420682172e-01 9.999022006374959082e-01 9.998994279183582856e-01 9.999136053928404655e-01 9.998914161204345286e-01 9.999043447362793158e-01 9.999049173435329285e-01
9.999179253976165915e-01 9.999042286270369839e-01 9.999275640516023245e-01 9.999298612131233277e-01 9.999294247887096088e-01 9.999111155243084470e-01 9.999176093112175367e-01 9.999129083329461043e-01 9.998904152312291238e-01 9.999189604464846504e-01
9.999223381283154355e-01 9.999000382288688593e-01 9.999092627863575000e-01 9.999202398706511508e-01 9.998995783371283919e-01 9.998997159010736269e-01 9.999089787541995955e-01 9.998809579112081236e-01 9.999279697864162930e-01 9.999199032621546301e-01
9.999245355400045998e-01 9.998786392868943551e-01 9.999212977069860120e-01 9.999190151940653415e-01 9.998977981739324283e-01 9.999098850516050518e-01 9.998930278386136683e-01 9.999080234724293526e-01 9.999183748544434591e-01 9.998884089168963429e-01
9.998916255909098272e-01 9.998883670733722528e-01 9.998984009995151023e-01 9.998911381953552446e-01 9.999102780101383203e-01 9.998940922598837933e-01 9.999200084186614657e-01 9.999128197016647901e-01 9.999007216179242041e-01 9.998899127710660917e-01
9.999239366639290916e-01 9.999203705880297388e-01 9.999011647106187395e-01 9.998882718407799963e-01 9.999043046386697497e-01 9.998851219474748087e-01 9.999234689610947413e-01 9.999212613715855458e-01 9.999136147028192534e-01 9.999313194408214756e-01
9.999190261957773274e-01 9.999250853484971113e-01 9.999071107519883483e-01 9.998878253678031847e-01 9.999181883061092346e-01 9.999172797873578933e-01 9.999117216499038285e-01 9.999267481757297960e-01 9.999182597270764861e-01 9.999296511249408104e-01
