9.998591163574260809e-01 9.998178975372574717e-01 9.999084421866177852e-01 9.998706310023171007e-01 9.998819579141255964e-01 9.998678978718786858e-01 9.998842273751299414e-01 9.998710798969547842e-01 9.998848713564099100e-01 9.998255469699803832e-01
9.998741082770797872e-01 9.998250308533019881e-01 9.998831459966499580e-01 9.998788624925307733e-01 9.998473890628986060e-01 9.998728265343486132e-01 9.998871469007333257e-01 9.998829787401987135e-01 9.998255459959560776e-01 9.998760735231113639e-01
9.998235819215264275e-01 9.998586822995704226e-01 9.998558057478321714e-01 9.998464208261150787e-01 9.998169748420341341e-01 9.998176165129187831e-01 9.998669491366937168e-01 9.998430150365417157e-01 9.998784454969655844e-01 9.998723130431226291e-01
9.998889123621956809e-01 9.999042133435659396e-01 9.998791747235532545e-01 9.998183630038590675e-01 9.998706789265274786e-01 9.998238535291154028e-01 9.998479176552326209e-01 9.998081604791572152e-01 9.998908786715295927e-01 9.998527724831510755e-01
9.998313174705102391e-01 9.998685082774435573e-01 9.998718691730987818e-01 9.998152634427001084e-01 9.997915719423109415e-01 9.998667276187551689e-01 9.998843080835576602e-01 9.998436672063319985e-01 9.998939325233738851e-01 9.998543258635331776e-01
9.998326105888415416e-01 9.998736551701624675e-01 9.998467177268161032e-01 9.998179668372422224e-01 9.998406282958841595e-01 9.998602445492167368e-01 9.999025054520948030e-01 9.998097677017849794e-01 9.999032489163465209e-01 9.998652089666321130e-01
9.998131251982126377e-01 9.998308393220319834e-01 9.998361034420482074e-01 9.998267446520631152e-01 9.998941033471124840e-01 9.998431404177249293e-01 9.998399467311261946e-01 9.998642828493351509e-01 9.998691338781549032e-01 9.999095250816558700e-01
9.998478179719120229e-01 9.998737775245569726e-01 9.998611785151152453e-01 9.998425603701246445e-01 9.998935819153295101e-01 9.998645856785794983e-01 9.998171527740566944e-01 9.998391991480395369e-01 9.998621686608668568e-01 9.998671662664120330e-01
9.998379358695029806e-01 9.998747117477252422e-01 9.998574095180458032e-01 9.998124964087630184e-01 9.998589357087162011e-01 9.998578056688517401e-01 9.998547739020227088e-01 9.998709904307210294e-01 9.998872006880149543e-01 9.998431553650414250e-01
9.998423539735958876e-01 9.998789480946004282e-01 9.998210938008845750e-01 9.999004112281737466e-01 9.998435960902914976e-01 9.999166398562575608e-01 9.998346240249116335e-01 9.998459666103503007e-01 9.998631920568482601e-01 9.998656633887131884e-01
9.998580806318673186e-01 9.998553143834542078e-01 9.998585675120561511e-01 9.998236630768476685e-01 9.998697152835003266e-01 9.998622894461784982e-01 9.998720826113161042e-01 9.997946374590550578e-01 9.998941575792368308e-01 9.998266468934117190e-01
9.998765832831335576e-01 9.998181293905828992e-01 9.998838010757947758e-01 9.998646070585158752e-01 9.998678542241705713e-01 9.998479401134022782e-01 9.998852683450425438e-01 9.998352852997910434e-01 9.998683732361919319e-01 9.998638313880497952e-01
9.998679202678195654e-01 9.998772278097780575e-01 9.998958291069107718e-01 9.998411163949100233e-01 9.998626542285744545e-01 9.998420621451521439e-01 9.998497807826191019e-01 9.998928356802094797e-01 9.998243585765087538e-01 9.998935820124513763e-01
9.998937597928047039e-01 9.998392515854116480e-01 9.998105929082972132e-01 9.998633774638334692e-01 9.998506219329669209e-01 9.997649880069081618e-01 9.998364831031535394e-01 9.998494382825211524e-01 9.998610881322459454e-01 9.998321805812316887e-01
9.998350795988799611e-01 9.998454772763291087e-01 9.998615082349069372e-01 9.998973329928034781e-01 9.998070000632249821e-01 9.998592053078021458e-01 9.998192552453948334e-01 9.998436820750246090e-01 9.998278440319523508e-01 9.998599359619648741e-01
9.998975264016242148e-01 9.998414278842465697e-01 9.998604105396011743e-01 9.998358500463585541e-01 9.998897292187512997e-01 9.998816330166134803e-01 9.998375593145986118e-01 9.998537506677475095e-01 9.998593721994413208e-01 9.998556789752433005e-01
9.998508312897995687e-01 9.998697785317391951e-01 9.998281557129751196e-01 9.997982234523423717e-01 9.998357580778651776e-01 9.998439029142746071e-01 9.998622010022254480e-01 9.998181764852539510e-01 9.999005489851705564e-01 9.998858956818943433e-01
9.998391808726899699e-01 9.997989517605376797e-01 9.998804563579036797e-01 9.998095189622721035e-01 9.998287840577420038e-01 9.998240680419657744e-01 9.998817588383510646e-01 9.998156942067952802e-01 9.998904168038229567e-01 9.998777661048433574e-01
9.998442464217455194e-01 9.998359120791177057e-01 9.998216855705304162e-01 9.998831608767969614e-01 9.998487743166782904e-01 9.998647770190062234e-01 9.998614137685954972e-01 9.998182922676737139e-01 9.998707111951724569e-01 9.998525428117609470e-01
9.998217961388194963e-01 9.998247884825266496e-01 9.998384417516540390e-01 9.998405400188531411e-01 9.998999943946312863e-01 9.998805193920109469e-01 9.998118277778275109e-01 9.998474795310602348e-01 9.998851161276960386e-01 9.998523817809625847e-01
9.998952256021040874e-01 9.998792732779062664e-01 9.998331317744408864e-01 9.998212512933877250e-01 9.998221520652366134e-01 9.998732227164323083e-01 9.998877607062222062e-01 9.999047769437574562e-01 9.998415659179917814e-01 9.998659268559175750e-01
9.998584633632734420e-01 9.998711970610459909e-01 9.998656858319515672e-01 9.998850400847678621e-01 9.998186699394755461e-01 9.999091438577751845e-01 9.998128397735528416e-01 9.998309880451989873e-01 9.997822619401448563e-01 9.999165422058191588e-01
9.998582622733223069e-01 9.998728551574912471e-01 9.998251415508050410e-01 9.998454106375581629e-01 9.998473650649444266e-01 9.998381209984338325e-01 9.998627979342240568e-01 9.998907165067351110e-01 9.998516055297925753e-01 9.997769687102275871e-01
9.998591193934770471e-01 9.998265940128739926e-01 9.998688157576428592e-01 9.998305679494429166e-01 9.998330286465947347e-01 9.998694972220482091e-01 9.998549336303156343e-01 9.997987336386989776e-01 9.998642615753333684e-01 9.999019094735782653e-01
9.998698737127439395e-01 9.998599622411500354e-01 9.998813440409518583e-01 9.998542702756650913e-01 9.998632769469898429e-01 9.998277695258799280e-01 9.998547854982543504e-01 9.998267325561750463e-01 9.998696230413827157e-01 9.998975295574280553e-01
9.998553833816786751e-01 9.998829553283374860e-01 9.998533888622075372e-01 9.998419210672927493e-01 9.998433024503396993e-01 9.998204571076105829e-01 9.997540996121958567e-01 9.998488729707502021e-01 9.998534838020627369e-01 9.998335245054179587e-01
9.998785753719545699e-01 9.998576808925888626e-01 9.998914794371160930e-01 9.998371550834553867e-01 9.998500376035119874e-01 9.998330658256523451e-01 9.998633903656148902e-01 9.999026171613231151e-01 9.998963063531696172e-01 9.998286674297713894e-01
9.998159319627178965e-01 9.998568264447939002e-01 9.999135575565945011e-01 9.998798293077846289e-01 9.998736963499647024e-01 9.998116895691221417e-01 9.998194118449260648e-01 9.998683987508641957e-01 9.998586448171691288e-01 9.998892838404952466e-01
9.998665930040065986e-01 9.998972915067194656e-01 9.998619436618976231e-01 9.998557728473065342e-01 9.998432706188919994e-01 9.998421770670440356e-01 9.998624882367997957e-01 9.998231201640744858e-01 9.998460785625128411e-01 9.998740859462962316e-01
9.998298430108070178e-01 9.998471873187378955e-01 9.998604394948870100e-01 9.998194747975219787e-01 9.997929829207209407e-01 9.998467792419653000e-01 9.999235431937509855e-01 9.998761920948445736e-01 9.998803959983061374e-01 9.998530361530247879e-01
9.998402139346662665e-01 9.998130113131673546e-01 9.998527293083476764e-01 9.998097945200595804e-01 9.999016230259969440e-01 9.998621133914589176e-01 9.998476126943387499e-01 9.998507269401233355e-01 9.999014178877658754e-01 9.998290537105950504e-01
9.998233171035291189e-01 9.998463888670641175e-01 9.998980807163602158e-01 9.998727032737840803e-01 9.998291843560338510e-01 9.997982057623169272e-01 9.998623242410471512e-01 9.998883724897342784e-01 9.998624177313932826e-01 9.998619062431124416e-01
9.998662523374333144e-01 9.998831528391285417e-01 9.998572142736013024e-01 9.998314486409628499e-01 9.998304609702328705e-01 9.998784455122480264e-01 9.998433449888562974e-01 9.998738730591294477e-01 9.998196671999868279e-01 9.998791639154328559e-01
9.998711879248277645e-01 9.998890881073128067e-01 9.998713795467590870e-01 9.998925677070426010e-01 9.998703145686009819e-01 9.998762114819707003e-01 9.998551047518096091e-01 9.999127739677940996e-01 9.998325629482318622e-01 9.998140701385389573e-01
9.998680735800709041e-01 9.998370414310464582e-01 9.998674389734081291e-01 9.998337082922653662e-01 9.998487435416890667e-01 9.998693452187160657e-01 9.998246268219356248e-01 9.998413790259530476e-01 9.998995450890867387e-01 9.998255454086252270e-01
9.999134280929196095e-01 9.998763234086588403e-01 9.998463728163229369e-01 9.998384037598914142e-01 9.998364917054292089e-01 9.998954170636271677e-01 9.998913852589677020e-01 9.998988952017050513e-01 9.998189724107678922e-01 9.998657079612912613e-01
9.998645181869021403e-01 9.998974769851429745e-01 9.998676938416786175e-01 9.998531376739544507e-01 9.998963185045998125e-01 9.998691283567618937e-01 9.998752991086261588e-01 9.998656354304852334e-01 9.998365715076378279e-01 9.998791743753567829e-01
9.998910655499501088e-01 9.998419137124424649e-01 9.999029331806923437e-01 9.998945915999218892e-01 9.998998733313654297e-01 9.998835812661759359e-01 9.998391414261125210e-01 9.998557223018761375e-01 9.998844878220068955e-01 9.998557900566923395e-01
9.998474655920612797e-01 9.998682269237830766e-01 9.998827608428224600e-01 9.998593039420108353e-01 9.997899363666709061e-01 9.998774895815686348e-01 9.998384203083832134e-01 9.998733137212122424e-01 9.998908907720340800e-01 9.998268342932944419e-01
9.998253601095290488e-01 9.998969396528563092e-01 9.998991781652777355e-01 9.998430959464773560e-01 9.998564534102190038e-01 9.998681618707560004e-01 9.998349051273835997e-01 9.998915382293975807e-01 9.998995092307698673e-01 9.998451024654055885e-01
9.998294920910165695e-01 9.998963377735555769e-01 9.998850050928310695e-01 9.998707828647379614e-01 9.999016280686701119e-01 9.998221904052495557e-01 9.998622099915368544e-01 9.998602843281213515e-01 9.998594415871603358e-01 9.998330462579981814e-01
9.998382697019775334e-01 9.998444061825541018e-01 9.998369071706547651e-01 9.998435656155391094e-01 9.998859818226014662e-01 9.998937073360887329e-01 9.998497363075182776e-01 9.998656740117637387e-01 9.998665675451801071e-01 9.998803599045039681e-01
9.998685517451046945e-01 9.998970058288106921e-01 9.998700649844838306e-01 9.998481238748979649e-01 9.998908878625079044e-01 9.998650256752386056e-01 9.998481067184695759e-01 9.998579187070912866e-01 9.998457677947403255e-01 9.998436977846435481e-01
9.998454583156896058e-01 9.998653843884826031e-01 9.998389487735401815e-01 9.998870329843638771e-01 9.998912017540810826e-01 9.998680607465113557e-01 9.998362099406391534e-01 9.998508770951165525e-01 9.998429138930757798e-01 9.998642146674950881e-01
9.998880911651930603e-01 9.998655390111215180e-01 9.998756359963160145e-01 9.998416136651882002e-01 9.998264486322492317e-01 9.998266094887946487e-01 9.998668845414699913e-01 9.998687421011567267e-01 9.998477405124271966e-01 9.998547382777994708e-01
9.998381503663551495e-01 9.998595233496979651e-01 9.998805631534537497e-01 9.998584690868422831e-01 9.998549909064505803e-01 9.998681313182063990e-01 9.998735953725241821e-01 9.998776017536841199e-01 9.998879183507266566e-01 9.998608935638573225e-01
9.998843203821820014e-01 9.998551256737667758e-01 9.998421202861118573e-01 9.998796550521124038e-01 9.998130450677004122e-01 9.998998900020501512e-01 9.998749462080539496e-01 9.998701654776939174e-01 9.998363710538304971e-01 9.998535555974743527e-01
9.998551295499390479e-01 9.998430047260004061e-01 9.998291626328412729e-01 9.998934001243989789e-01 9.998858628084940081e-01 9.998220679451140791e-01 9.997509369744304042e-01 9.998277390935290665e-01 9.998562247163740313e-01 9.998595663704815673e-01
9.998594858976584954e-01 9.998883757723282528e-01 9.998276175147169376e-01 9.998357259312672385e-01 9.998645058373865080e-01 9.998428440581428323e-01 9.998189514525036570e-01 9.998509349924834533e-01 9.998730509802826738e-01 9.998835322105407153e-01
9.998989122936917662e-01 9.998062483211914708e-01 9.998245154772158472e-01 9.998336102140903403e-01 9.999150740201225851e-01 9.998252509450463732e-01 9.999113463065933960e-01 9.998536421188349843e-01 9.998770741707058152e-01 9.998702424960297375e-01
9.998261022857599656e-01 9.998491659253553321e-01 9.998590380580152370e-01 9.998552927566375370e-01 9.998797999772648382e-01 9.998392130373706665e-01 9.998264217318555414e-01 9.998549936178491304e-01 9.999048450868834870e-01 9.998529986278746895e-01
9.998789874853322157e-01 9.998438905524157372e-01 9.998676851897239093e-01 9.998381327405108099e-01 9.998563368615238645e-01 9.998141263259463507e-01 9.998552588846821854e-01 9.998717334524789280e-01 9.998401714003992691e-01 9.998706753269331893e-01
9.999011288787706953e-01 9.998081917832801757e-01 9.998425027215278593e-01 9.998504057436301551e-01 9.998346149353195544e-01 9.998766372823026938e-01 9.998347571852853610e-01 9.998675910371487285e-01 9.998176785754778750e-01 9.998300605682285402e-01
9.998862400841861398e-01 9.998536405825797502e-01 9.998948308463788681e-01 9.998081767597513103e-01 9.998585226673093462e-01 9.998853745416238503e-01 9.998491217692320188e-01 9.998053300110818498e-01 9.998811711467010532e-01 9.998948189844715229e-01
9.998368828772471462e-01 9.998697287333051520e-01 9.998399999973291985e-01 9.998379734597507840e-01 9.998652039104845013e-01 9.998733417513135935e-01 9.998811609397700861e-01 9.999327936265118844e-01 9.998432800513801233e-01 9.999052890670944160e-01
9.998776767071724247e-01 9.998709287059949213e-01 9.998527225860825984e-01 9.998343845540982322e-01 9.998266854219362010e-01 9.998614790793145524e-01 9.998486593032237524e-01 9.998389713662267919e-01 9.998539378489261775e-01 9.998258068068446303e-01
9.998840884068971313e-01 9.998988889309480266e-01 9.998845796223608806e-01 9.998691755190567410e-01 9.998777304335201288e-01 9.998801343568259892e-01 9.998410180837337125e-01 9.998769038949778531e-01 9.998338355341326311e-01 9.998428903766021225e-01
9.998476748915173795e-01 9.998828932133334568e-01 9.998354932705184606e-01 9.999110763543107572e-01 9.997746411657748578e-01 9.998703543864314591e-01 9.998399740557923909e-01 9.998543696690614935e-01 9.998274928189532229e-01 9.998792674658762980e-01
9.998641273454532685e-01 9.998597219542009196e-01 9.998626310149968388e-01 9.998659231003836911e-01 9.998205916074790478e-01 9.998666006511213178e-01 9.998136446976653158e-01 9.998608750650076482e-01 9.998539248691760140e-01 9.998230854981877691e-01
9.998168326334434530e-01 9.998353897595868567e-01 9.998878297080319166e-01 9.997888674735826431e-01 9.998547352461207849e-01 9.998637321178410753e-01 9.998427697493605937e-01 9.998661170837191969e-01 9.998158613517765803e-01 9.998461967807579232e-01
9.998858052191147427e-01 9.998645014441845946e-01 9.998228680887909503e-01 9.998782750794732443e-01 9.998872416347772685e-01 9.998606044114318747e-01 9.998374288057730874e-01 9.998764881657473680e-01 9.998840097505352631e-01 9.998352917390461725e-01
9.998507810663280759e-01 9.998710459041223464e-01 9.998695759906750524e-01 9.998817302389412243e-01 9.998317804302592204e-01 9.998218191166603486e-01 9.998601094030329373e-01 9.998882712250587446e-01 9.998484915744944024e-01 9.998909310317601884e-01
9.998831786962130153e-01 9.998364660488061606e-01 9.998618151098070950e-01 9.998396465070789052e-01 9.998725378940761521e-01 9.998838537339670429e-01 9.998768514032034815e-01 9.998908561581275611e-01 9.998509603205002483e-01 9.998919871172287088e-01
9.998315510440720644e-01 9.999031033735779062e-01 9.998685471904479316e-01 9.998503580742006402e-01 9.998539903995510292e-01 9.998987278121630462e-01 9.998393507485552334e-01 9.998743781189119995e-01 9.998584961470825538e-01 9.998862285465544009e-01
9.998608955293224465e-01 9.998683787737235873e-01 9.998260094141643295e-01 9.998637786055981636e-01 9.998417224539195569e-01 9.998324526040466287e-01 9.998315779883205634e-01 9.998456208587731542e-01 9.998511746162297431e-01 9.998787366949343225e-01
9.998729344637479199e-01 9.998238127663168218e-01 9.998818403603491056e-01 9.998458504311472650e-01 9.998121277163440901e-01 9.998685233223041369e-01 9.998337314725247449e-01 9.998482720478315544e-01 9.998514724583259516e-01 9.998323011035068486e-01
9.998901657832158785e-01 9.998695421895351654e-01 9.998545878779701024e-01 9.998877073327674392e-01 9.998651850181264900e-01 9.998334262645109938e-01 9.998488635000418734e-01 9.998814296929529055e-01 9.997772329600512764e-01 9.998676639145904765e-01
9.998695510231603301e-01 9.998803331848463705e-01 9.998835116897174524e-01 9.998936718182639405e-01 9.998253391944195156e-01 9.998592394894805224e-01 9.998159655448538574e-01 9.998317955525756195e-01 9.998580083246987327e-01 9.998688854439946594e-01
9.997945642057755045e-01 9.998526562066890611e-01 9.998815592707627209e-01 9.998622313488159108e-01 9.998421775384090937e-01 9.998955708379277940e-01 9.998614864884356468e-01 9.998504778979478980e-01 9.998806045504009532e-01 9.998827184365883802e-01
9.998263041621678893e-01 9.998781894584760632e-01 9.998957818827890476e-01 9.998336662119238216e-01 9.998957422986357590e-01 9.998483491361418452e-01 9.998694581506155643e-01 9.998750074655027298e-01 9.998629818105527756e-01 9.998538519214369424e-01
9.998581950532267060e-01 9.998364018378542717e-01 9.998932200531229775e-01 9.997800452313245767e-01 9.998712367356388242e-01 9.998732012242612655e-01 9.998833831935790561e-01 9.998632225764668702e-01 9.998850616377350509e-01 9.998236048935912335e-01
9.998880233209366253e-01 9.998918908385802107e-01 9.998466942896814258e-01 9.998558316123650203e-01 9.998900256584910551e-01 9.998642273797879731e-01 9.998494545057249328e-01 9.998521022537500968e-01 9.998905747550532741e-01 9.998998754742539630e-01
9.998240785397742858e-01 9.998740843358849828e-01 9.998550544285664810e-01 9.998196384377412427e-01 9.998688003713676054e-01 9.998911361708936463e-01 9.998919528837927340e-01 9.998792881744149597e-01 9.998537691654151294e-01 9.998574215166063928e-01
9.998678107025424922e-01 9.998496882545405695e-01 9.999078656836555279e-01 9.998843175192334565e-01 9.998754410747173749e-01 9.998290592509869734e-01 9.998418141772583700e-01 9.998378415648692119e-01 9.998474912258237257e-01 9.998573581197806037e-01
9.998786810052202600e-01 9.998564519579259402e-01 9.998744760366551354e-01 9.998802210079399400e-01 9.998956974621184823e-01 9.998606765200881430e-01 9.998614465423751874e-01 9.998568769647717680e-01 9.998593309503701620e-01 9.998786599920373996e-01
9.998560850243349840e-01 9.998689859631429977e-01 9.998787686215055981e-01 9.998313816394328590e-01 9.998530353984955710e-01 9.999066203731258318e-01 9.998541235359971191e-01 9.998838557403865179e-01 9.998770741537397200e-01 9.998527451740983896e-01
9.998436769967293802e-01 9.998671276965185317e-01 9.998848313642515473e-01 9.998391167450745298e-01 9.998583870273054508e-01 9.998495577408927915e-01 9.998602804531890875e-01 9.998272297217530857e-01 9.998327704826002194e-01 9.998797205867102633e-01
9.998289409345277878e-01 9.997864796209771088e-01 9.998599523145104140e-01 9.998719861830502875e-01 9.998293242349559629e-01 9.998582335102892404e-01 9.997703556662572710e-01 9.998570687745810259e-01 9.998648293598658698e-01 9.998746596439949119e-01
9.998940754590427415e-01 9.998758113283250371e-01 9.998578184331261554e-01 9.998701526961977226e-01 9.999156337514896187e-01 9.998320634073665225e-01 9.998883597821046632e-01 9.998948270906632407e-01 9.998485790473661261e-01 9.998790252842542081e-01
9.998627499015633191e-01 9.998952749112149929e-01 9.998784155071652746e-01 9.998259943128091631e-01 9.998494392744062820e-01 9.998894996565529381e-01 9.998940523746709941e-01 9.998709129043760191e-01 9.998150450349454488e-01 9.998997187085820748e-01
9.998385362461448267e-01 9.998462578074334139e-01 9.997482742937250366e-01 9.998522394214811593e-01 9.998746222498330338e-01 9.998616716417940697e-01 9.999054278702826926e-01 9.998703214316290167e-01 9.998502158915255622e-01 9.998676631738960818e-01
9.998744037236019233e-01 9.998665905164838552e-01 9.998791061995728757e-01 9.998657197427828214e-01 9.999196493708807365e-01 9.998672514836117742e-01 9.998943238585029647e-01 9.997834784646294493e-01 9.997945982990004143e-01 9.998865256314134475e-01
9.998677071879971123e-01 9.998571361046120209e-01 9.998546190526634847e-01 9.998443202248550321e-01 9.998923001346544659e-01 9.999084469319137192e-01 9.998273085220682477e-01 9.997985024532983767e-01 9.998582682441738978e-01 9.998724980861104505e-01
9.998544955837713744e-01 9.998615661854627357e-01 9.998941379006571761e-01 9.997832633862568930e-01 9.998198246381497789e-01 9.998891015034360175e-01 9.998451421654233062e-01 9.998381253522895529e-01 9.998692418434408369e-01 9.998412025358796029e-01
9.998533515527968651e-01 9.999045951481796424e-01 9.998884919736310550e-01 9.998685986522466429e-01 9.998339863270795380e-01 9.998399071447929831e-01 9.998754288910837174e-01 9.997475560935755734e-01 9.998779135487854131e-01 9.997975988480167775e-01
9.998230930548731576e-01 9.998514239804331405e-01 9.998728823998307425e-01 9.998731824266380297e-01 9.998746178857182976e-01 9.998743276387594969e-01 9.998294984096411930e-01 9.998789898943726273e-01 9.998364110285142825e-01 9.998783387842197223e-01
9.998994523028920112e-01 9.998883875000501575e-01 9.998918238918953483e-01 9.999020646328523609e-01 9.998244305026465772e-01 9.998854299320827366e-01 9.998989656713278551e-01 9.999053931003716311e-01 9.998315467221253749e-01 9.998499192071350627e-01
9.998494047239971927e-01 9.998578981714434377e-01 9.999007189877154866e-01 9.998756000298496538e-01 9.998540648033771294e-01 9.998345966423816122e-01 9.998482676010429504e-01 9.998897205232027963e-01 9.999018868266332793e-01 9.998682108437182414e-01
9.998089719187864821e-01 9.998799951971654165e-01 9.998790466865316029e-01 9.998422917126411624e-01 9.998786824090665215e-01 9.998460285294425987e-01 9.998771242688008209e-01 9.998651365412307701e-01 9.998321712129687455e-01 9.998657299914005536e-01
9.998878653809226691e-01 9.999007290983294993e-01 9.998359910246120696e-01 9.998428638043993510e-01 9.998616100548995966e-01 9.998042987449445862e-01 9.998391226321466929e-01 9.997827312174866199e-01 9.998440058207581638e-01 9.998217551470008901e-01
9.998829535685622716e-01 9.998857565549974513e-01 9.998579326622505370e-01 9.998571772087536669e-01 9.998437191752334030e-01 9.998150287588121188e-01 9.998551417845075173e-01 9.998281500941691435e-01 9.998416442530922987e-01 9.998867115071394807e-01
9.998743903775847430e-01 9.998579222443932935e-01 9.998540956504879951e-01 9.998637649353492307e-01 9.998647623829621800e-01 9.997797158414176710e-01 9.998346688036507945e-01 9.998775934470676141e-01 9.998542955712631519e-01 9.998837734629807406e-01
9.998766890236437943e-01 9.998962847913211993e-01 9.998333357469091354e-01 9.998556701598962926e-01 9.998186261866938151e-01 9.998521300821128222e-01 9.998617303760466424e-01 9.998688973401830271e-01 9.998248915537546466e-01 9.998273526092930075e-01
9.999122103957023278e-01 9.998009919489402320e-01 9.998531813470475926e-01 9.998428876580831570e-01 9.998744561827686006e-01 9.998579221089985980e-01 9.998681452022980531e-01 9.998354641876927573e-01 9.998517120638907851e-01 9.998080148734878048e-01
9.998679578570089932e-01 9.997981568936917807e-01 9.998982060316616849e-01 9.998180716821831737e-01 9.998947440173986401e-01 9.998956879887395122e-01 9.998564531938056721e-01 9.998754265962472854e-01 9.998546142240017920e-01 9.998272621557735551e-01
9.998661691709412880e-01 9.998190572952899702e-01 9.998833604626002902e-01 9.998407475301308578e-01 9.998754437517515248e-01 9.999055430559811164e-01 9.998712826745832505e-01 9.998613991628680919e-01 9.998800968995571470e-01 9.997563830502689264e-01
9.998839954761867821e-01 9.998490618370023952e-01 9.998461211907270219e-01 9.998590838878066434e-01 9.998790054870811961e-01 9.998858247216307893e-01 9.998059163721498832e-01 9.998520774153786261e-01 9.998536054115747529e-01 9.998022760078901783e-01
9.998396314542634666e-01 9.998413038873634751e-01 9.998720481071416977e-01 9.998289631884330619e-01 9.998406981088887591e-01 9.998926463305241041e-01 9.998167820392945826e-01 9.997957624586079062e-01 9.997962213545437127e-01 9.998420268897382224e-01
9.998814215558274876e-01 9.998751861705262867e-01 9.998553743005371697e-01 9.998066199182987779e-01 9.998656028511474503e-01 9.998038183348322283e-01 9.998538094588889091e-01 9.997856088323543444e-01 9.998369039194198171e-01 9.998019318361207608e-01
9.998717963098935346e-01 9.998623159053657838e-01 9.998945848556183291e-01 9.998547680088921696e-01 9.997735072742843787e-01 9.999108814269060952e-01 9.998859774525105104e-01 9.998509819440225543e-01 9.998697430559834176e-01 9.999066427722761441e-01
