9.999982455592931752e-01 9.999980612687020542e-01 9.999974898350501018e-01 9.999984750104621289e-01 9.999985293900301997e-01 9.999985797077444172e-01 9.999983701424581817e-01 9.999982169226365736e-01 9.999986154746297595e-01 9.999985605262833310e-01
9.999980172794646904e-01 9.999978833216337515e-01 9.999979021072397112e-01 9.999951598148606458e-01 9.999967512269013481e-01 9.999986957661521902e-01 9.999979256649064174e-01 9.999974653432740501e-01 9.999980248702288188e-01 9.999981536837543317e-01
9.999975862491131684e-01 9.999979406167882612e-01 9.999981922052582073e-01 9.999974196475028831e-01 9.999974775447943998e-01 9.999981407087694674e-01 9.999976840872241146e-01 9.999977306989078496e-01 9.999978885772234927e-01 9.999969860937588662e-01
9.999963324891474326e-01 9.999981231236809709e-01 9.999976204403662194e-01 9.999981607462575806e-01 9.999980120336530165e-01 9.999976835907670170e-01 9.999968540315373744e-01 9.999968102727220254e-01 9.999983389276255741e-01 9.999978513369611743e-01
9.999980292258692227e-01 9.999989642419555569e-01 9.999986986857486437e-01 9.999971097926454444e-01 9.999971794631015154e-01 9.999976855158904110e-01 9.999983557406508794e-01 9.999967773346649658e-01 9.999980540677059215e-01 9.999975445851057021e-01
9.999970315435453561e-01 9.999969040714008495e-01 9.999970232210111387e-01 9.999983503563123488e-01 9.999979522679647292e-01 9.999983327460929550e-01 9.999980608010057281e-01 9.999980800734127317e-01 9.999970853020789807e-01 9.999983668306917650e-01
9.999982501798322376e-01 9.999970654986264362e-01 9.999977489206995918e-01 9.999977828600093988e-01 9.999978160244616943e-01 9.999974203872603606e-01 9.999979653599975205e-01 9.999974654459031775e-01 9.999976814333882968e-01 9.999989735380808709e-01
9.999985525191630309e-01 9.999981396352265461e-01 9.999967555275084408e-01 9.999981913997935123e-01 9.999971805140973613e-01 9.999982571699792544e-01 9.999982828550035840e-01 9.999981285173656920e-01 9.999980381428271725e-01 9.999976297784961554e-01
9.999978720102441487e-01 9.999979029463411662e-01 9.999975081224021789e-01 9.999979834856792538e-01 9.999987706763838746e-01 9.999973774626761402e-01 9.999991693576744112e-01 9.999986039590064157e-01 9.999971182858602425e-01 9.999981503903971891e-01
9.999980903099294771e-01 9.999975729591219498e-01 9.999987960653389241e-01 9.999982955308517329e-01 9.999978681948233916e-01 9.999982669090916598e-01 9.999980274969803018e-01 9.999959582354630561e-01 9.999962591685748192e-01 9.999977127868613369e-01
9.999972916927003519e-01 9.999972659197485791e-01 9.999988089514868506e-01 9.999977804675320714e-01 9.999978189605940315e-01 9.999979776318195235e-01 9.999969852328187692e-01 9.999977081597937190e-01 9.999983027909702393e-01 9.999973888313739012e-01
9.999977099898126331e-01 9.999974008608232268e-01 9.999982713467424622e-01 9.999972155724630163e-01 9.999980848314847792e-01 9.999971731478751735e-01 9.999980432912424222e-01 9.999986955323996174e-01 9.999985664569686072e-01 9.999980840623836631e-01
9.999979529502187603e-01 9.999986380378435014e-01 9.999979075604507051e-01 9.999974969895786270e-01 9.999980420101938217e-01 9.999976262932617210e-01 9.999980724763799511e-01 9.999956450308892242e-01 9.999987806783752209e-01 9.999984006131938941e-01
9.999968628577847740e-01 9.999977730463917025e-01 9.999977908484369848e-01 9.999982009178307596e-01 9.999981466390118756e-01 9.999974158120612522e-01 9.999974359410797042e-01 9.999975599009042204e-01 9.999980757410698029e-01 9.999973611236844251e-01
9.999965409297090213e-01 9.999978935674885827e-01 9.999982494923409515e-01 9.999977065113055952e-01 9.999986135173085655e-01 9.999980559326844265e-01 9.999977198036509307e-01 9.999981067922599776e-01 9.999982834813406773e-01 9.999980875850615902e-01
9.999979471941308207e-01 9.999984998475015541e-01 9.999978013342678551e-01 9.999961965248740370e-01 9.999986267731710843e-01 9.999985051582480633e-01 9.999981475162665889e-01 9.999978422133080080e-01 9.999966055955352706e-01 9.999977324177752314e-01
9.999978781781504455e-01 9.999972205262888103e-01 9.999983499631878159e-01 9.999984245198861865e-01 9.999980217272715910e-01 9.999964517874828651e-01 9.999969300946618400e-01 9.999989516561987868e-01 9.999977311033685368e-01 9.999984182392531729e-01
9.999984475302651221e-01 9.999986375946332551e-01 9.999985491230354295e-01 9.999983994424975764e-01 9.999974287839897835e-01 9.999987542359657366e-01 9.999984506456865985e-01 9.999973903820452703e-01 9.999969778069529580e-01 9.999977995143691789e-01
9.999981933547512636e-01 9.999984409856600420e-01 9.999982796197125490e-01 9.999964847761514397e-01 9.999980702484303485e-01 9.999984975360517447e-01 9.999970612745118226e-01 9.999985655934956474e-01 9.999975497060260565e-01 9.999971051169541658e-01
9.999984030533911605e-01 9.999979798635306727e-01 9.999966547633482028e-01 9.999974846381624038e-01 9.999973388225115167e-01 9.999978911256176550e-01 9.999981227335703604e-01 9.999973564837578710e-01 9.999978466906721541e-01 9.999977307516836333e-01
9.999977596416442793e-01 9.999979136463932328e-01 9.999978363801712566e-01 9.999979258582912811e-01 9.999963006570606883e-01 9.999975736760455813e-01 9.999982987748597951e-01 9.999976763195644880e-01 9.999979380573680299e-01 9.999981876129836467e-01
9.999978111454460583e-01 9.999965199828465545e-01 9.999976815540396746e-01 9.999972617070961300e-01 9.999986383213247398e-01 9.999977023120147912e-01 9.999980813193070084e-01 9.999980102347690858e-01 9.999973269642871143e-01 9.999973636268214561e-01
9.999983346608704027e-01 9.999969125148912008e-01 9.999971098044850848e-01 9.999983768362911141e-01 9.999976372041560202e-01 9.999972846820928130e-01 9.999978809572315219e-01 9.999967349534898409e-01 9.999984966067174685e-01 9.999980805687098684e-01
9.999968890119019793e-01 9.999981633416632487e-01 9.999971028645733284e-01 9.999979548664963414e-01 9.999972736750325497e-01 9.999983370250701276e-01 9.999978966360680843e-01 9.999981641845850922e-01 9.999976989187889798e-01 9.999973547400969887e-01
9.999970519808698555e-01 9.999968776449531527e-01 9.999983191347381339e-01 9.999977895634801772e-01 9.999975162214274071e-01 9.999979508277787588e-01 9.999985858062344635e-01 9.999984750219751417e-01 9.999958624421010356e-01 9.999976561759906790e-01
9.999984107402620781e-01 9.999986568832381906e-01 9.999978862003729985e-01 9.999982097200311726e-01 9.999975789694514061e-01 9.999973583365187046e-01 9.999970979750987254e-01 9.999970007414347162e-01 9.999977118608011084e-01 9.999975988522554760e-01
9.999979234401510375e-01 9.999981078815185498e-01 9.999982509876379488e-01 9.999971910052736224e-01 9.999981540361916332e-01 9.999978178455531941e-01 9.999983946373004473e-01 9.999989871438610400e-01 9.999974325897930116e-01 9.999977153455898993e-01
9.999967952420537598e-01 9.999978948748421415e-01 9.999977857369310996e-01 9.999980697704833332e-01 9.999979926012934062e-01 9.999981097206438463e-01 9.999981177990894254e-01 9.999975870996051786e-01 9.999976152724598943e-01 9.999970364714367843e-01
9.999979345370577644e-01 9.999976913220101071e-01 9.999983648858210561e-01 9.999976843660088877e-01 9.999971512535621443e-01 9.999978250199617058e-01 9.999978830285138898e-01 9.999973236072563498e-01 9.999978414630654733e-01 9.999974370864678219e-01
9.999978029195943918e-01 9.999971738689000800e-01 9.999971325541711087e-01 9.999980660737590732e-01 9.999956323634089372e-01 9.999973805366794144e-01 9.999988905389858296e-01 9.999973983367242969e-01 9.999980803905301752e-01 9.999965646388752072e-01
9.999976413857959434e-01 9.999961243981393411e-01 9.999976574770822468e-01 9.999976848650850014e-01 9.999973299394979698e-01 9.999977878794253927e-01 9.999979478223016693e-01 9.999974826176862841e-01 9.999974571153039671e-01 9.999980272331758790e-01
9.999982556617652563e-01 9.999976844297815415e-01 9.999977352081503845e-01 9.999979946607283621e-01 9.999976079354032654e-01 9.999971823332798326e-01 9.999987808786051646e-01 9.999978088293185463e-01 9.999979739436589687e-01 9.999978531255154790e-01
9.999985404019816615e-01 9.999973725385101764e-01 9.999976189114386793e-01 9.999981480311957993e-01 9.999980219458978192e-01 9.999971246818716297e-01 9.999980124500907896e-01 9.999972904547600461e-01 9.999978537015420388e-01 9.999978351728794346e-01
9.999977617541734309e-01 9.999981473688653866e-01 9.999982071176356513e-01 9.999980418965568330e-01 9.999967602392528798e-01 9.999982207973301396e-01 9.999976722589031253e-01 9.999970597271415906e-01 9.999986429538681998e-01 9.999977842040164155e-01
9.999964795132172402e-01 9.999977766680342439e-01 9.999980106863316509e-01 9.999984292818857590e-01 9.999971273883481171e-01 9.999991022109336880e-01 9.999979794070916750e-01 9.999954893220213137e-01 9.999984964466138715e-01 9.999978419349643266e-01
9.999975911461593814e-01 9.999990837775887265e-01 9.999984257236388396e-01 9.999981270219105989e-01 9.999982854448428160e-01 9.999967163810289383e-01 9.999981506154826949e-01 9.999977062061289335e-01 9.999959413504645456e-01 9.999981943004514484e-01
9.999978924095076493e-01 9.999985350554202457e-01 9.999986781517317125e-01 9.999970335816935618e-01 9.999981222532530190e-01 9.999988919901979800e-01 9.999978339121694537e-01 9.999980988483733180e-01 9.999984834169065584e-01 9.999974205395251170e-01
9.999977977239801197e-01 9.999988384493907478e-01 9.999983002333641124e-01 9.999968984802266592e-01 9.999979154840196172e-01 9.999988542066475805e-01 9.999982562050161450e-01 9.999976851524476906e-01 9.999981319113486755e-01 9.999976457520033390e-01
9.999964314449505398e-01 9.999978934186696256e-01 9.999980747863796982e-01 9.999987603711395501e-01 9.999976198386980597e-01 9.999978325522688172e-01 9.999972880215870497e-01 9.999972752225958494e-01 9.999985245489311225e-01 9.999973178960598341e-01
9.999973002421232993e-01 9.999975943025669611e-01 9.999988751534633069e-01 9.999976497363201045e-01 9.999979791407165308e-01 9.999979188759337001e-01 9.999977031071074496e-01 9.999985780880905617e-01 9.999975777516469932e-01 9.999973756908171474e-01
9.999988467645014589e-01 9.999976450705083675e-01 9.999981816731110529e-01 9.999981663195621762e-01 9.999984453712411625e-01 9.999977884012980489e-01 9.999984177243257388e-01 9.999975123802257171e-01 9.999980926527403113e-01 9.999956877236446662e-01
9.999967743050166558e-01 9.999961957166018101e-01 9.999975574027931691e-01 9.999974742149693174e-01 9.999983370856845299e-01 9.999974539410455554e-01 9.999976537108985486e-01 9.999978893394405599e-01 9.999969448500545255e-01 9.999980577361361478e-01
9.999968582812577278e-01 9.999980686815027608e-01 9.999967834346246143e-01 9.999981646407044567e-01 9.999980163250398180e-01 9.999980339100920101e-01 9.999982666682835086e-01 9.999974362585796195e-01 9.999966565999051094e-01 9.999983345062251061e-01
9.999963365673826265e-01 9.999977282551036906e-01 9.999982862096306047e-01 9.999970744042988580e-01 9.999975365758376755e-01 9.999980268620006774e-01 9.999980074777701233e-01 9.999982578892285812e-01 9.999982843012131806e-01 9.999977867373815998e-01
9.999979667126785987e-01 9.999983407113710587e-01 9.999975913494165702e-01 9.999969507361367027e-01 9.999977433797470061e-01 9.999981341502176546e-01 9.999986024577602883e-01 9.999973476413940299e-01 9.999977861967113135e-01 9.999972506118215421e-01
9.999977905541094225e-01 9.999987928406127713e-01 9.999984159827282060e-01 9.999984684442131400e-01 9.999975596091467134e-01 9.999966743960961857e-01 9.999985542171373476e-01 9.999982171268049225e-01 9.999981316036988810e-01 9.999978957249163747e-01
9.999967789950598984e-01 9.999978388377793737e-01 9.999989888522655690e-01 9.999967731241025115e-01 9.999980079226322704e-01 9.999965964431060117e-01 9.999972082396619832e-01 9.999967150944502059e-01 9.999981092122702808e-01 9.999965490518417655e-01
9.999988279496422328e-01 9.999972958937677348e-01 9.999978470066603897e-01 9.999988819945503371e-01 9.999982679392044327e-01 9.999986667681893815e-01 9.999986981757873483e-01 9.999979454110143884e-01 9.999979192399200967e-01 9.999979891978961755e-01
9.999970373894864206e-01 9.999972856974614910e-01 9.999969947474230958e-01 9.999979755803939385e-01 9.999977692051162936e-01 9.999984034953689482e-01 9.999979860692634892e-01 9.999970357325054238e-01 9.999974373100126712e-01 9.999983250499883125e-01
9.999982568163013896e-01 9.999963458548324358e-01 9.999981147726363373e-01 9.999984151710374913e-01 9.999977829662394235e-01 9.999979665007311391e-01 9.999982431719574016e-01 9.999977410877551876e-01 9.999984567091569909e-01 9.999976430049855036e-01
9.999975489426620179e-01 9.999966305111884779e-01 9.999973108162021340e-01 9.999977016211533121e-01 9.999969348716097883e-01 9.999983557532250433e-01 9.999979087375325815e-01 9.999979755505966628e-01 9.999979443892305087e-01 9.999982822117329251e-01
9.999973233680711227e-01 9.999975079867131633e-01 9.999977316033864527e-01 9.999975847772305526e-01 9.999968740452105376e-01 9.999980588180165109e-01 9.999978654004331169e-01 9.999979390755655562e-01 9.999973868700022805e-01 9.999984701161679368e-01
9.999966931878830900e-01 9.999973223246626519e-01 9.999974103396874758e-01 9.999984676068529588e-01 9.999987892704768067e-01 9.999969395255099425e-01 9.999986797930257021e-01 9.999983936031996423e-01 9.999982590760766454e-01 9.999979718338644075e-01
9.999976918315099939e-01 9.999977089742294600e-01 9.999971046259265028e-01 9.999970581974735317e-01 9.999980631692467758e-01 9.999984581764894687e-01 9.999956563660036268e-01 9.999982545708014925e-01 9.999981164751993168e-01 9.999974045335410233e-01
9.999985009324663388e-01 9.999978724352646120e-01 9.999975883715419567e-01 9.999986126765048056e-01 9.999976246776983713e-01 9.999973579764418474e-01 9.999988249473322766e-01 9.999970883816333700e-01 9.999977443200410709e-01 9.999980143752273953e-01
9.999983462305078730e-01 9.999977111849771561e-01 9.999989677333148697e-01 9.999976738779219332e-01 9.999975459644251385e-01 9.999980280630424989e-01 9.999983849063420749e-01 9.999982577087935809e-01 9.999981911294322234e-01 9.999976037276965268e-01
9.999983014770823520e-01 9.999984100030633316e-01 9.999975082098851997e-01 9.999988937898691699e-01 9.999980427291648155e-01 9.999977994996267494e-01 9.999961836810824511e-01 9.999978547276814345e-01 9.999978840100802735e-01 9.999974472623172073e-01
9.999984909399814992e-01 9.999980085745376890e-01 9.999978324894386317e-01 9.999974039419539107e-01 9.999972240542385205e-01 9.999976296545542986e-01 9.999978328829594032e-01 9.999990694030325145e-01 9.999979737865137830e-01 9.999987112044022020e-01
9.999979131452000347e-01 9.999976593301950212e-01 9.999987951214185378e-01 9.999973518008484774e-01 9.999970216446746329e-01 9.999975821925695119e-01 9.999977223654644698e-01 9.999991038558631029e-01 9.999979424752681867e-01 9.999975795473075024e-01
9.999981738566326994e-01 9.999976625794558815e-01 9.999981535532708188e-01 9.999968254822074742e-01 9.999979603016644347e-01 9.999980883981079982e-01 9.999976668917017752e-01 9.999986633692640181e-01 9.999983928650977294e-01 9.999976365587444072e-01
9.999981436115257249e-01 9.999971726757317381e-01 9.999970313820085721e-01 9.999978128467337246e-01 9.999972789617734836e-01 9.999981513136204647e-01 9.999974602818409997e-01 9.999983687584104164e-01 9.999979990254097562e-01 9.999970801463160530e-01
9.999977283309668952e-01 9.999984209412610126e-01 9.999981476522725732e-01 9.999974971086706965e-01 9.999978649878429326e-01 9.999987101798493150e-01 9.999979157678040576e-01 9.999982280731209983e-01 9.999983483348661162e-01 9.999975995380897542e-01
9.999975091843386066e-01 9.999967835949509221e-01 9.999973547183690359e-01 9.999982179594532061e-01 9.999976775630683434e-01 9.999983258371428763e-01 9.999978284490366187e-01 9.999978170505976482e-01 9.999970355605695138e-01 9.999971894337449374e-01
9.999983471549578340e-01 9.999982719241182760e-01 9.999970918533374054e-01 9.999977968932509675e-01 9.999977990340069844e-01 9.999970080385780502e-01 9.999977362333665187e-01 9.999979169058491602e-01 9.999970549663081965e-01 9.999974823211106312e-01
9.999975587139056099e-01 9.999979850593601061e-01 9.999969058136163325e-01 9.999981919693764487e-01 9.999969066329604805e-01 9.999988240978145981e-01 9.999987563184554729e-01 9.999983705255780508e-01 9.999987330735018443e-01 9.999973679021127992e-01
9.999980883294506961e-01 9.999979259291743583e-01 9.999976494250100156e-01 9.999977564626449933e-01 9.999969639308865510e-01 9.999985462515771362e-01 9.999979079010838934e-01 9.999984781115797139e-01 9.999976951199071040e-01 9.999984605362338685e-01
9.999979008618780085e-01 9.999981031312421553e-01 9.999967478685065636e-01 9.999977070604596507e-01 9.999982760873087351e-01 9.999967008827524984e-01 9.999974658380267334e-01 9.999979440498576455e-01 9.999980896950616538e-01 9.999976547582410946e-01
9.999979290450522473e-01 9.999985939150348724e-01 9.999976469842994931e-01 9.999984340848593334e-01 9.999974662490380695e-01 9.999971451603744121e-01 9.999972996237853629e-01 9.999983971758080736e-01 9.999980213554322539e-01 9.999988916793527416e-01
9.999982869357497695e-01 9.999977605314592788e-01 9.999980425163050857e-01 9.999976859866732681e-01 9.999968856018096597e-01 9.999985092786345398e-01 9.999975606189099864e-01 9.999986422306027523e-01 9.999974771336301860e-01 9.999974783264654610e-01
9.999982400180297271e-01 9.999986388985637742e-01 9.999977377794315725e-01 9.999982904987564369e-01 9.999982020521528403e-01 9.999976143135740347e-01 9.999988733963633969e-01 9.999983957936301460e-01 9.999981016107523102e-01 9.999979011089170644e-01
9.999977172113776458e-01 9.999978447369808343e-01 9.999983205228772931e-01 9.999980727018500382e-01 9.999976141507347371e-01 9.999979073199435353e-01 9.999984088957968309e-01 9.999984151269962762e-01 9.999976121111953109e-01 9.999983073596044880e-01
9.999981380976270540e-01 9.999977800344100887e-01 9.999969244967860105e-01 9.999980741443164067e-01 9.999982793418970006e-01 9.999982816193863089e-01 9.999973955950200999e-01 9.999987958517945197e-01 9.999978068469682624e-01 9.999982431715426223e-01
9.999980662070228066e-01 9.999976236441621147e-01 9.999988129721847363e-01 9.999983145900193104e-01 9.999982137015913652e-01 9.999971132521389139e-01 9.999972506016701068e-01 9.999973046303195501e-01 9.999972295572819858e-01 9.999979560828146097e-01
9.999979911207136363e-01 9.999967275065654304e-01 9.999979727376686611e-01 9.999988730315296781e-01 9.999974107484813635e-01 9.999970876597782388e-01 9.999985664431856325e-01 9.999988685922807097e-01 9.999980996343786899e-01 9.999981515581735092e-01
9.999972566317812950e-01 9.999984172911152713e-01 9.999961195794621061e-01 9.999978630055329498e-01 9.999982031538161564e-01 9.999982647126542945e-01 9.999980597659073878e-01 9.999983127681528750e-01 9.999981986914801002e-01 9.999972663700867903e-01
9.999986039766632917e-01 9.999983243803163280e-01 9.999987023037517631e-01 9.999975341630231718e-01 9.999961634633893759e-01 9.999985179462560492e-01 9.999971603315023216e-01 9.999984233898239205e-01 9.999971976464372414e-01 9.999975585682938650e-01
9.999977618126294487e-01 9.999970101260919897e-01 9.999984541747325428e-01 9.999987984384527406e-01 9.999974856762668951e-01 9.999984863930652113e-01 9.999985188027946670e-01 9.999985768319493706e-01 9.999979019407494452e-01 9.999983776990377660e-01
9.999977834717247438e-01 9.999962941376113745e-01 9.999967530749098721e-01 9.999972581607674549e-01 9.999977636896507649e-01 9.999971596668753016e-01 9.999982090234275089e-01 9.999973400588937356e-01 9.999977392915363472e-01 9.999977845695995349e-01
9.999986222029036975e-01 9.999972407669679431e-01 9.999989001782310094e-01 9.999980132137010758e-01 9.999982880637677818e-01 9.999986580666614389e-01 9.999975549443300693e-01 9.999972441729829686e-01 9.999975429183761699e-01 9.999967367426111364e-01
9.999966371176483015e-01 9.999975973129006102e-01 9.999976490607171975e-01 9.999975914449318326e-01 9.999978099893396255e-01 9.999981242824843575e-01 9.999983919096900875e-01 9.999977416052080459e-01 9.999977909378997554e-01 9.999972704197402917e-01
9.999983642001163409e-01 9.999963286252540051e-01 9.999977237348863790e-01 9.999969132794600535e-01 9.999978321557212446e-01 9.999984379406543500e-01 9.999972763652711372e-01 9.999974977261875120e-01 9.999977209624424379e-01 9.999980029488443334e-01
9.999971308075003007e-01 9.999977888110560542e-01 9.999975606680359119e-01 9.999983719714347075e-01 9.999977625200001663e-01 9.999967756941157138e-01 9.999983515938662970e-01 9.999982113622487567e-01 9.999983504191024553e-01 9.999977358623785006e-01
9.999984239141153086e-01 9.999982669533614699e-01 9.999984882740375891e-01 9.999975322200195249e-01 9.999977618112474431e-01 9.999983240136306462e-01 9.999985063955559861e-01 9.999989993379111430e-01 9.999969657142024904e-01 9.999982416291164355e-01
9.999979704498703770e-01 9.999981537759984329e-01 9.999976104401753219e-01 9.999979741129969568e-01 9.999968837403286903e-01 9.999977665841168761e-01 9.999984459412918358e-01 9.999973813144562573e-01 9.999973115245914812e-01 9.999976713785381222e-01
9.999978757591149181e-01 9.999980447396304983e-01 9.999979974597921206e-01 9.999979469750172045e-01 9.999988239682422453e-01 9.999978326331406819e-01 9.999979795201682231e-01 9.999979448958034034e-01 9.999981371265123098e-01 9.999977238383987999e-01
9.999986202361267340e-01 9.999972883094077059e-01 9.999982040885552204e-01 9.999986875196086311e-01 9.999980172932105837e-01 9.999988206570074034e-01 9.999971056167984429e-01 9.999983091360489240e-01 9.999984923916573898e-01 9.999976632117870690e-01
9.999978938421111296e-01 9.999971760794864606e-01 9.999983641939582668e-01 9.999972543383706114e-01 9.999966977867450479e-01 9.999983747379244114e-01 9.999978071374657773e-01 9.999983864523299681e-01 9.999975529543787545e-01 9.999974823570018101e-01
9.999974673632785471e-01 9.999990332990476016e-01 9.999982476650467467e-01 9.999971199819348566e-01 9.999987272219679202e-01 9.999974626911295461e-01 9.999987888246589796e-01 9.999980453930411572e-01 9.999979366886178056e-01 9.999988500923329138e-01
9.999984904344335623e-01 9.999978003410029403e-01 9.999979872995037322e-01 9.999979067020626777e-01 9.999987519076798392e-01 9.999979536570470229e-01 9.999988382212848803e-01 9.999972821585069171e-01 9.999980348821639886e-01 9.999980071849289276e-01
9.999982345658275928e-01 9.999981038831442515e-01 9.999982709258863345e-01 9.999983940559917794e-01 9.999984261226975146e-01 9.999981705929090747e-01 9.999983554346045800e-01 9.999982603147065108e-01 9.999965550835873129e-01 9.999983167990480482e-01
9.999990309469711791e-01 9.999977612032077134e-01 9.999983787582132910e-01 9.999979532575556940e-01 9.999974476377561095e-01 9.999983416147441018e-01 9.999978027504804468e-01 9.999978619303475647e-01 9.999976302683376561e-01 9.999984222254310051e-01
9.999976708885606191e-01 9.999972666996618242e-01 9.999974323086981975e-01 9.999989532992793473e-01 9.999975557298984574e-01 9.999973116900788828e-01 9.999982493310014542e-01 9.999966769081501949e-01 9.999975819873974103e-01 9.999964270777432773e-01
9.999983219668281409e-01 9.999969186875206084e-01 9.999982137109556524e-01 9.999977838177871448e-01 9.999981585707609089e-01 9.999972295129173627e-01 9.999978886604321549e-01 9.999977736991142452e-01 9.999979948852196765e-01 9.999976182307142025e-01
9.999974445587226368e-01 9.999984006543027881e-01 9.999973461019648902e-01 9.999984655608875617e-01 9.999977979521700311e-01 9.999984289806975735e-01 9.999981183765015436e-01 9.999980053966924798e-01 9.999983247484223181e-01 9.999978096120860638e-01
9.999980113897483092e-01 9.999973370097946512e-01 9.999982701621468184e-01 9.999971585338228719e-01 9.999981768018396666e-01 9.999964077864572642e-01 9.999980558549902421e-01 9.999978599405724422e-01 9.999979795390390169e-01 9.999964643768154415e-01
9.999984234779956127e-01 9.999980588640070556e-01 9.999982603651415003e-01 9.999978451215294495e-01 9.999984982161768121e-01 9.999968913853078956e-01 9.999984696208357171e-01 9.999970926722182574e-01 9.999983436319637153e-01 9.999972939183545684e-01
9.999975314287916639e-01 9.999977435372137125e-01 9.999991318558031361e-01 9.999987869155795295e-01 9.999975151442612731e-01 9.999982310286794629e-01 9.999972722204771847e-01 9.999978759627444758e-01 9.999984948229141413e-01 9.999988631870939670e-01
9.999974216734403010e-01 9.999973628940799220e-01 9.999970212954780724e-01 9.999975086731864860e-01 9.999975697428681309e-01 9.999985582951256280e-01 9.999978662577675426e-01 9.999983592199885862e-01 9.999977444521868097e-01 9.999988103908094006e-01
9.999971106809366628e-01 9.999980189334266578e-01 9.999957448675906857e-01 9.999969328026652171e-01 9.999981951116474477e-01 9.999969405184421234e-01 9.999978908214529616e-01 9.999975436806287643e-01 9.999967914817743386e-01 9.999979383680236422e-01
9.999986260560719264e-01 9.999980546954999605e-01 9.999971469313089223e-01 9.999972176008730118e-01 9.999982737085949536e-01 9.999982331916311695e-01 9.999967316202749146e-01 9.999985995934670413e-01 9.999984923004491266e-01 9.999981327470283121e-01
