9.998200694709458158e-01 9.998032606886317897e-01 9.997691782324414911e-01 9.999120194355891611e-01 9.997181966275698883e-01 9.999137030997311548e-01 9.998659062454605673e-01 9.999442910870520729e-01 9.998162420121240457e-01 9.999408981814513764e-01
9.998872623778582991e-01 9.998300060548218626e-01 9.998724753778105434e-01 9.999115321483189600e-01 9.999642393270385954e-01 9.999656461823365206e-01 9.999361455583376523e-01 9.999173465752686507e-01 9.999052172971771846e-01 9.999198443748168463e-01
9.998167768133409128e-01 9.999673965639990225e-01 9.998746912567152423e-01 9.999261923107790606e-01 9.999364343156084134e-01 9.995120242731527771e-01 9.995345952498674302e-01 9.999364505191811192e-01 9.999076513179685488e-01 9.998661365046153104e-01
9.999007455496985441e-01 9.999488012722654862e-01 9.999322490517469353e-01 9.999665244992510527e-01 9.998708079341792621e-01 9.999699556491002950e-01 9.999409184638209380e-01 9.998936106415449165e-01 9.999067074311689396e-01 9.999733467065690107e-01
9.999065399976682089e-01 9.998847664794752177e-01 9.998508666285257362e-01 9.998523577653973815e-01 9.997587001895059666e-01 9.999773615468720012e-01 9.999734118985181830e-01 9.995942233133876531e-01 9.999700577375557620e-01 9.999612199212982722e-01
9.999548707096443945e-01 9.999309806533394074e-01 9.998793928255683694e-01 9.998120358845118405e-01 9.999088398105039355e-01 9.998728052317052972e-01 9.999751774864120701e-01 9.999172786816949987e-01 9.999314511205660283e-01 9.999513871434452250e-01
9.996636126006610557e-01 9.999523048413805348e-01 9.999837506657480724e-01 9.999522639193751949e-01 9.999362886325222632e-01 9.998415763746837381e-01 9.998717226012250325e-01 9.999801203783577064e-01 9.998352117046885867e-01 9.999509475921168900e-01
9.998099039786013664e-01 9.999367639400138508e-01 9.999716530267680481e-01 9.999717030407777596e-01 9.996499556438098733e-01 9.999578385601644026e-01 9.999281241456665636e-01 9.999558863417409293e-01 9.998947455524849204e-01 9.999293601682290866e-01
9.999304305624459044e-01 9.999122345649816834e-01 9.998872834225975836e-01 9.999362670943815479e-01 9.997808917752665225e-01 9.999527920757419475e-01 9.997950399013395550e-01 9.999945355971495697e-01 9.999200550351683425e-01 9.996345132159983882e-01
9.999368469049468855e-01 9.998964219116226460e-01 9.999518815089694090e-01 9.999210102824890312e-01 9.999145408207059660e-01 9.999049373296788890e-01 9.999121187690713786e-01 9.998740030102251097e-01 9.998810908602782099e-01 9.998457799632846088e-01
9.999210808929617222e-01 9.998102042199434880e-01 9.998418083784835764e-01 9.999198712988152105e-01 9.998243884877934251e-01 9.998738102724790133e-01 9.998230753306658336e-01 9.999725678447396460e-01 9.999200191755709399e-01 9.998292081981913215e-01
9.999050921629002442e-01 9.998169149166687975e-01 9.998946652393245760e-01 9.998169641863687840e-01 9.999098714095885354e-01 9.999806758083075175e-01 9.999162886540741146e-01 9.999614056633225889e-01 9.999124239910155421e-01 9.998931204185250721e-01
9.999321652936562499e-01 9.998615926263683118e-01 9.999488779978581432e-01 9.999335274063687606e-01 9.999432687518574614e-01 9.999602962967393260e-01 9.999145912962201788e-01 9.997565884187818996e-01 9.998770546797194347e-01 9.998714841635397699e-01
9.999413432192423290e-01 9.999290332844136264e-01 9.999295745971964466e-01 9.996668215314995498e-01 9.997698743530774035e-01 9.998604702251401299e-01 9.999001581847825060e-01 9.999050562801942155e-01 9.997419561701880175e-01 9.999572324972699766e-01
9.998729992140188427e-01 9.999147432602740748e-01 9.999830012316707206e-01 9.998911277340645221e-01 9.999174612477438329e-01 9.999626927511570118e-01 9.998095782866864845e-01 9.998198668335823713e-01 9.998878784256410857e-01 9.997252749065103083e-01
9.999102582971677311e-01 9.998818692902455840e-01 9.999528254386440551e-01 9.998613122892838767e-01 9.997968457807598908e-01 9.999663504647868795e-01 9.999186706824166881e-01 9.997943534445883351e-01 9.997712539028990042e-01 9.999805500119666180e-01
9.999459119500958559e-01 9.998159378743873837e-01 9.999083092378955318e-01 9.999404220968465262e-01 9.999020390536373926e-01 9.999030879789990722e-01 9.998905715375944192e-01 9.999351385402771575e-01 9.999478420160159420e-01 9.998510341913332544e-01
9.999215275850631413e-01 9.999235770661087930e-01 9.999735619207750226e-01 9.999326046508599797e-01 9.999794833591704180e-01 9.996774308437145207e-01 9.996750233318434375e-01 9.999176367203659321e-01 9.999852823786599121e-01 9.999461290205587938e-01
9.998463366833773014e-01 9.995693490184048846e-01 9.998730268316792236e-01 9.998689546198868960e-01 9.999431649637356978e-01 9.999031369529549629e-01 9.998624096500898784e-01 9.998594633066286708e-01 9.999107769667605616e-01 9.999114499828245517e-01
9.998874052324432382e-01 9.999648017727142957e-01 9.998712685049057081e-01 9.998408107387429800e-01 9.998816678082949050e-01 9.998630255888196761e-01 9.999219139045300020e-01 9.998749814270039282e-01 9.999554788455661258e-01 9.999452961714246912e-01
9.998774795157452377e-01 9.998590853201008155e-01 9.999483845059120579e-01 9.999663516653463091e-01 9.997817053078628113e-01 9.999574881717416819e-01 9.999212757910281857e-01 9.999109128147077863e-01 9.999030950162104414e-01 9.999330973043650816e-01
9.998817862959660241e-01 9.999274317797139933e-01 9.999510448861107514e-01 9.998163670840545247e-01 9.999718263409868024e-01 9.999361637060903973e-01 9.999468012702420472e-01 9.999025783461229500e-01 9.998507735048588474e-01 9.999290804731880700e-01
9.999118729843340381e-01 9.998714550611924601e-01 9.999535063489000120e-01 9.998890808183866774e-01 9.998764828798516469e-01 9.999717075992334836e-01 9.997850822353606670e-01 9.997307443280998296e-01 9.999845521517353175e-01 9.997254428499835477e-01
9.999337453841664614e-01 9.999120419573435115e-01 9.999634947297814103e-01 9.998378480028369264e-01 9.998768859814510801e-01 9.996697304822927954e-01 9.999533591399720756e-01 9.997737485011044534e-01 9.999531617246872894e-01 9.998774570060749989e-01
9.998900906005423472e-01 9.998768639359013610e-01 9.998607571948653350e-01 9.999805973488155031e-01 9.998581069341103689e-01 9.999612781080622348e-01 9.997618239124843598e-01 9.999684396064261183e-01 9.999159174120503257e-01 9.999658013931891354e-01
9.998806972523649472e-01 9.999001419462643092e-01 9.997443241306095407e-01 9.999458577470967668e-01 9.999551426195465442e-01 9.999335752352722650e-01 9.998639541672155184e-01 9.997458211934195926e-01 9.999570614404592606e-01 9.999378728125368765e-01
9.998151951523660541e-01 9.998147573224971385e-01 9.998501576277445402e-01 9.999861040372891585e-01 9.999102316592024531e-01 9.999824677892904523e-01 9.999149679767492804e-01 9.999294627479660136e-01 9.999680445209095936e-01 9.999269635650159804e-01
9.998910376396565880e-01 9.999335795577760644e-01 9.998901033364242519e-01 9.999406630790654837e-01 9.999072835056762587e-01 9.999555498477824544e-01 9.999251158729073330e-01 9.998886742670471950e-01 9.999018248321284164e-01 9.999575849400550442e-01
9.999564876370891087e-01 9.998573401234585045e-01 9.999776642924104175e-01 9.998811668417593168e-01 9.999030365459792291e-01 9.998812416010562920e-01 9.998463369839910575e-01 9.999111413550089145e-01 9.999340316069650347e-01 9.999413287754399526e-01
9.999731594742157226e-01 9.998271362659448824e-01 9.997658936817052089e-01 9.998971903577946740e-01 9.999640095989920097e-01 9.999417774552067373e-01 9.997367392969910282e-01 9.998975140079364721e-01 9.999502884343800524e-01 9.999612855065584949e-01
9.999403134013711281e-01 9.999143689154754711e-01 9.999003424896101277e-01 9.999533917522805959e-01 9.998889712198453239e-01 9.998052077339154575e-01 9.998812625145712119e-01 9.998429860705229100e-01 9.998129091120140366e-01 9.999055388115678511e-01
9.998456079696832477e-01 9.999269804401250683e-01 9.998696512209684917e-01 9.997969987232286915e-01 9.999051495690923774e-01 9.998764374806095034e-01 9.998653069704328544e-01 9.998571942499961951e-01 9.999685993908242754e-01 9.995963969669886540e-01
9.999176022208442483e-01 9.999786568228175021e-01 9.999421331749054342e-01 9.998838052931426912e-01 9.999384767428903809e-01 9.999380716476407027e-01 9.999587663014505301e-01 9.999221217762994662e-01 9.998883102334272799e-01 9.999453289597627359e-01
9.997092993491848434e-01 9.998785537101309018e-01 9.997941901431780520e-01 9.998835669362082790e-01 9.998606131751427428e-01 9.997078359447412188e-01 9.999424112447956592e-01 9.998749244748353915e-01 9.998448571330477153e-01 9.998792163543172018e-01
9.999687378508674840e-01 9.998832927542498084e-01 9.998784180188164949e-01 9.997705591765969624e-01 9.999087200865589553e-01 9.999029305792743738e-01 9.999553739208617564e-01 9.999392903414834333e-01 9.999490265386766774e-01 9.999418684770060572e-01
9.999632021854535369e-01 9.998623480610172587e-01 9.998314787026526540e-01 9.998921417128769917e-01 9.997394966991606235e-01 9.999398230212555028e-01 9.998759129910956833e-01 9.998800386322628242e-01 9.998414394681705009e-01 9.999020306444798001e-01
9.999213953814399813e-01 9.998176170153367792e-01 9.999262814968059576e-01 9.998141334840430217e-01 9.998480773694817803e-01 9.999527930158816913e-01 9.997255705361864919e-01 9.999563193711007436e-01 9.998514726739157199e-01 9.999142207048082875e-01
9.999605906222776008e-01 9.999245039294026860e-01 9.999626909013419329e-01 9.997395262789459114e-01 9.997668740717153835e-01 9.998407022023759749e-01 9.998192009582838047e-01 9.999200868719709812e-01 9.999212319015237105e-01 9.999646011152658609e-01
9.999348367522971071e-01 9.999319385445626374e-01 9.997596856382202635e-01 9.998668059638775585e-01 9.998176421149005400e-01 9.997367401347350135e-01 9.998703065604275242e-01 9.996833986621942447e-01 9.999755494750728335e-01 9.999328211587558135e-01
9.997835332303318667e-01 9.998776846862676981e-01 9.997201190987573538e-01 9.999398518004880554e-01 9.998474836991535497e-01 9.998153131207919708e-01 9.999203347107468165e-01 9.999039963223247396e-01 9.998666044813483422e-01 9.998682206525975058e-01
9.999667917241302773e-01 9.998067347420157569e-01 9.999100980860897714e-01 9.999726903370992348e-01 9.999341163350815576e-01 9.998660532120703381e-01 9.999570239149410122e-01 9.998960366911695541e-01 9.998752472381272627e-01 9.999297503048268920e-01
9.999243079408555168e-01 9.999074061915799172e-01 9.998713929860759686e-01 9.998965529425092313e-01 9.998813296705653109e-01 9.999333345791397987e-01 9.999770166899737411e-01 9.999086437955150286e-01 9.999377669088181930e-01 9.999465729995827834e-01
9.998731225643754383e-01 9.999350062623235669e-01 9.999510328554954697e-01 9.997159575898511008e-01 9.999598732235966958e-01 9.998277725375813718e-01 9.997024675323019638e-01 9.999303136479136267e-01 9.999653857865794526e-01 9.999053154980350744e-01
9.999628249400756008e-01 9.998003606505503349e-01 9.998918649145276394e-01 9.999472918088128104e-01 9.999516262373995268e-01 9.999274461792801993e-01 9.998806739815593314e-01 9.998830354969814316e-01 9.998176629783450675e-01 9.998985711756606110e-01
9.999851259409141546e-01 9.998570542309375142e-01 9.999319067614057532e-01 9.998996128822054130e-01 9.998827622334451881e-01 9.999471413986369406e-01 9.998653341574770259e-01 9.999778278650487406e-01 9.999123079599704367e-01 9.998889580791442411e-01
9.998444045412971937e-01 9.999405009204399564e-01 9.998722239471823370e-01 9.999693153525172074e-01 9.999392683425888384e-01 9.999146231641667937e-01 9.999677101565181969e-01 9.999167649652307421e-01 9.999579102739030168e-01 9.999112723597923802e-01
9.998002773396662546e-01 9.998653744919708819e-01 9.999293563180927658e-01 9.998168262621374147e-01 9.999229505546816110e-01 9.999122308044695595e-01 9.999549772778640877e-01 9.998797146513080936e-01 9.999734863608495949e-01 9.999559629200075461e-01
9.998885984924498205e-01 9.999193199952037814e-01 9.998658746049541302e-01 9.999272183937611969e-01 9.999467687663489146e-01 9.998876698292163967e-01 9.999656313904131677e-01 9.996486282267745827e-01 9.998362447484347992e-01 9.999264141569443876e-01
9.994357300538829758e-01 9.998786055136646977e-01 9.997430783717757841e-01 9.999120482892448480e-01 9.998797438492611489e-01 9.997393490200794375e-01 9.997907078430678940e-01 9.999335535073634595e-01 9.999557174116707747e-01 9.999525838694964808e-01
9.999708168206168368e-01 9.999176469007725609e-01 9.999370397855007475e-01 9.998342592442169829e-01 9.999498348002670012e-01 9.999086209935457159e-01 9.999159707624725169e-01 9.997333864205680820e-01 9.997727685390476182e-01 9.998518932240328949e-01
9.999558746632980499e-01 9.999594400743005984e-01 9.999289540669945575e-01 9.999378394743846377e-01 9.999052083905823896e-01 9.999245724022233217e-01 9.999724010772023108e-01 9.999313282942071668e-01 9.999362049719220380e-01 9.999227985190686230e-01
9.998868658640007734e-01 9.998875500500334912e-01 9.994385691023843776e-01 9.999355117349117972e-01 9.999201568296948173e-01 9.998748612203767205e-01 9.999330440692155708e-01 9.999875901830342917e-01 9.999561449057865481e-01 9.999024476842924836e-01
9.997408328009870226e-01 9.999098628370776121e-01 9.998567764923137480e-01 9.997757083146107115e-01 9.999249859574034227e-01 9.999419088994350169e-01 9.998048114494201277e-01 9.998612773910094953e-01 9.999419703760373812e-01 9.996645911424731912e-01
9.999630241929037267e-01 9.999324143031778078e-01 9.998645100269758501e-01 9.998688166149531931e-01 9.997352597526349971e-01 9.998477133350549551e-01 9.998286995758295381e-01 9.999513412503656662e-01 9.999247885420643467e-01 9.999768959930990242e-01
9.998868714024639059e-01 9.998621189152361310e-01 9.998159383580967896e-01 9.998992981986900563e-01 9.999550329059373466e-01 9.999644359777530855e-01 9.997905112249793058e-01 9.999068617999091746e-01 9.998241095436565251e-01 9.999864512791608595e-01
9.999238960182045277e-01 9.999097612562658499e-01 9.995465974748000137e-01 9.998382227683118018e-01 9.997521277781623583e-01 9.998732762411235431e-01 9.998319051030908344e-01 9.998558089986947506e-01 9.999091814604654793e-01 9.997429130366110028e-01
9.999561095427420554e-01 9.999695076605038535e-01 9.999586353582193832e-01 9.999301095937470629e-01 9.998481028911833102e-01 9.999310884132525112e-01 9.997891209264028189e-01 9.999675918436718991e-01 9.999754460870805550e-01 9.998939955023381509e-01
9.998632353266275752e-01 9.999786802272321307e-01 9.999004804309009620e-01 9.999062145568301530e-01 9.998292176633218897e-01 9.995535413198189945e-01 9.998866640256763860e-01 9.999222999256646149e-01 9.998914368579299161e-01 9.999736351124054456e-01
9.998960164845578369e-01 9.997095254653061147e-01 9.998788295993256137e-01 9.999761807606613040e-01 9.999457548923167405e-01 9.999241039909786410e-01 9.999725689964897857e-01 9.999783280075102976e-01 9.999473549233096614e-01 9.999151207292383825e-01
9.997701065147072130e-01 9.995238918802087369e-01 9.997742337975876747e-01 9.998877732080705405e-01 9.997094644796848950e-01 9.999434124338885121e-01 9.999597628840598551e-01 9.997856951323510488e-01 9.997922720237862881e-01 9.999202475144385316e-01
9.998167981499124224e-01 9.998933546919748228e-01 9.999458272122290214e-01 9.999273341820258398e-01 9.999156424016633071e-01 9.999587733711513549e-01 9.999506439497254373e-01 9.998353580824347331e-01 9.997905832910404245e-01 9.998173469292672699e-01
9.998826083482252880e-01 9.999398423977482464e-01 9.999065766856939375e-01 9.999398726770954982e-01 9.995401350724850698e-01 9.997642917274340846e-01 9.996808665760048562e-01 9.999358415846186787e-01 9.998947101509272350e-01 9.999280203596042638e-01
9.998618390126327027e-01 9.998720747294630451e-01 9.999184656126938187e-01 9.997055344232231855e-01 9.998656023067364895e-01 9.999104070394120303e-01 9.999615101685950247e-01 9.999481230023898881e-01 9.999442958074885590e-01 9.999134511579766960e-01
9.999608459177951048e-01 9.999203530122513506e-01 9.999805631072025136e-01 9.997783302355767177e-01 9.999326167052680070e-01 9.997410470743707256e-01 9.994510201320041531e-01 9.998653449661898396e-01 9.997610108885452984e-01 9.997182390164607302e-01
9.999613853062975233e-01 9.998507019864278922e-01 9.999125686703250748e-01 9.999234399727214839e-01 9.998657047514130092e-01 9.997211970169048723e-01 9.998984894235415366e-01 9.997810914183384856e-01 9.999334571294932195e-01 9.998852176660193436e-01
9.998703469177577796e-01 9.998903832930807756e-01 9.999272959774000435e-01 9.998211496300802859e-01 9.997452730360111284e-01 9.999243630524203841e-01 9.999623974711792096e-01 9.998945760449420295e-01 9.998167597329332690e-01 9.998968372279740668e-01
9.998797370238050597e-01 9.999913521456731402e-01 9.998859759019679272e-01 9.999140512325267460e-01 9.999134855888841544e-01 9.999562267521375780e-01 9.999868638016549127e-01 9.998979310969390299e-01 9.998909526010693050e-01 9.998894609393419453e-01
9.999010779867983922e-01 9.998967544819521436e-01 9.999785626423646212e-01 9.999851148898474262e-01 9.999645081098399446e-01 9.999184841029823412e-01 9.999413386448207097e-01 9.998531042893287202e-01 9.999362723932297969e-01 9.999702774151111306e-01
9.999214850343987049e-01 9.999193782167803413e-01 9.998868686074402490e-01 9.998905890124291096e-01 9.999345404947976856e-01 9.999105021226640799e-01 9.999268565293832900e-01 9.998450020352546153e-01 9.999057613893950203e-01 9.998624118837173835e-01
9.999299940765583594e-01 9.999239227503858851e-01 9.999372667025751005e-01 9.998525192468622480e-01 9.998679593470850557e-01 9.999186655785243794e-01 9.999773714166494409e-01 9.999085299989342035e-01 9.999795629842145317e-01 9.999388029613228701e-01
9.999067482781081040e-01 9.998590270158810300e-01 9.998851592067381500e-01 9.999569656684318408e-01 9.999131747245150192e-01 9.999452167442728356e-01 9.999136277215450175e-01 9.998318268450939739e-01 9.997977335672091348e-01 9.999194744649998468e-01
9.998617562496043831e-01 9.999321217394769867e-01 9.999606516689492075e-01 9.999049481675081896e-01 9.997706534327615024e-01 9.999565085582131641e-01 9.999561433330349525e-01 9.997671466049603550e-01 9.999436251486817362e-01 9.998967845815650568e-01
9.998576911400064438e-01 9.998785528718785454e-01 9.999747113410987209e-01 9.999435702753791677e-01 9.998996780165908538e-01 9.999291038088266026e-01 9.999511330925032748e-01 9.999456409876742446e-01 9.998829586937503233e-01 9.998542306567179683e-01
9.998087462575550033e-01 9.998809354794250259e-01 9.998175057963855084e-01 9.997837927001775871e-01 9.997927364826836305e-01 9.998206984696900168e-01 9.998326104627787148e-01 9.999795886550782997e-01 9.998173092761025726e-01 9.998312052620192958e-01
9.998763471645623069e-01 9.999000225209144777e-01 9.998818736413478403e-01 9.999862586838272893e-01 9.999481032643361411e-01 9.998435018757287907e-01 9.998391050722308382e-01 9.997646798100373600e-01 9.999180927981505818e-01 9.999322048042574851e-01
9.999164885728334395e-01 9.999386922463566751e-01 9.998105298716846168e-01 9.998889874237758546e-01 9.999147318551738772e-01 9.999461077120639363e-01 9.998350009139450600e-01 9.998467227040083172e-01 9.998373628557903903e-01 9.999549543312582500e-01
9.997017617007337709e-01 9.999261678710441581e-01 9.999008236328660315e-01 9.999693023961289118e-01 9.999465426462897932e-01 9.998080801519622085e-01 9.998744268908709154e-01 9.999533925999193329e-01 9.999447166459740632e-01 9.999576380057418890e-01
9.999355328179292401e-01 9.998180234808027311e-01 9.998170193262498895e-01 9.998941371539988854e-01 9.998503552395386906e-01 9.999193016612646367e-01 9.996409901347821370e-01 9.999361575054445117e-01 9.997976963585409882e-01 9.999643557874094979e-01
9.998176038975883362e-01 9.999224595539797367e-01 9.999723657743335714e-01 9.998822950454882008e-01 9.999210332315435767e-01 9.999195645798204524e-01 9.998392256127059952e-01 9.999343760148581284e-01 9.998531953795581906e-01 9.999398618916335302e-01
9.997347735520869527e-01 9.999550646985069235e-01 9.997901069589242296e-01 9.999436671404101640e-01 9.996166500246348452e-01 9.999148924124409143e-01 9.998668820868394924e-01 9.999594512484027975e-01 9.999236267147290080e-01 9.997625910920510117e-01
9.999645835358471624e-01 9.999408868957393448e-01 9.999447635403672097e-01 9.998633350294797717e-01 9.999211854124760990e-01 9.997026930875880790e-01 9.997930537921045913e-01 9.999347871818933253e-01 9.999705038929057599e-01 9.998843350410235864e-01
9.999287777048503356e-01 9.997561513966265467e-01 9.998580746893206417e-01 9.998530227178784591e-01 9.999812370207763479e-01 9.998448441114595742e-01 9.999433646029551870e-01 9.999331151075826485e-01 9.998914315933797869e-01 9.999259292490390028e-01
9.999521215464571844e-01 9.999245912308351025e-01 9.999328144666345120e-01 9.999473899083435313e-01 9.999358181841736526e-01 9.999452149545258184e-01 9.999369405415097223e-01 9.999094631007153788e-01 9.999405038269091328e-01 9.998766235420014636e-01
9.999143128680417769e-01 9.999648187896262863e-01 9.999834236873884619e-01 9.998793112730460786e-01 9.998956022008141931e-01 9.998870842495746203e-01 9.999010469692637404e-01 9.998486920469128458e-01 9.999393267542736607e-01 9.999390082915350364e-01
9.999394984939335984e-01 9.997080856603719479e-01 9.998532490381619731e-01 9.997359484140918573e-01 9.999506587715436545e-01 9.998469263113469729e-01 9.999430005079765760e-01 9.998867380878541100e-01 9.999539470917774286e-01 9.998928596257554702e-01
9.999449525442634101e-01 9.999853494453175839e-01 9.998599772021522503e-01 9.999392232060765329e-01 9.998892073308039974e-01 9.999504925348677853e-01 9.998699413667064828e-01 9.998952317802262124e-01 9.999529981165852233e-01 9.999396583463098231e-01
9.997527796040567294e-01 9.999443301551171892e-01 9.999320029276719257e-01 9.997920347258698603e-01 9.998517443100670699e-01 9.998768085677021134e-01 9.999403351274701590e-01 9.999724593202842238e-01 9.999813011209709446e-01 9.996446207072792189e-01
9.998912642978742271e-01 9.997869556740041075e-01 9.997958557748547470e-01 9.998362151692744559e-01 9.998728680060718910e-01 9.999222850033594456e-01 9.996566684648956480e-01 9.999095023262771775e-01 9.998596284926921651e-01 9.999505519008567989e-01
9.999477306739650295e-01 9.997413360155890105e-01 9.999823545877584152e-01 9.999512099347662719e-01 9.998541533946063709e-01 9.998943405175052535e-01 9.997600458870790074e-01 9.998886596789108294e-01 9.999500354835827443e-01 9.999349811886631967e-01
9.999871631305103925e-01 9.999444669624503179e-01 9.998899199539500460e-01 9.999497217221389178e-01 9.999280038662973213e-01 9.999521463640881347e-01 9.999750759401174749e-01 9.998703835608517831e-01 9.996476452162542659e-01 9.999282096267068098e-01
9.997601021612244621e-01 9.999667628668564845e-01 9.999392621236591339e-01 9.998913383144971689e-01 9.999381713322529341e-01 9.999166351276707054e-01 9.998425916070893260e-01 9.998832457135298224e-01 9.999176496006285664e-01 9.998577910166160931e-01
9.998336067671119709e-01 9.998565230739446807e-01 9.998152918780934817e-01 9.998444702979144560e-01 9.996206043936952668e-01 9.999230094291063908e-01 9.992835549720429089e-01 9.998787018834370821e-01 9.999255236415018899e-01 9.999545507239375741e-01
9.997804755726859005e-01 9.999090270360651012e-01 9.999409766037251623e-01 9.998962499488844857e-01 9.998641802481336160e-01 9.999205848012755471e-01 9.999765708301791012e-01 9.999522863993133281e-01 9.999597227221621587e-01 9.998485067890040545e-01
9.998818730323840720e-01 9.999116578945155265e-01 9.999132126910037499e-01 9.999077779101895880e-01 9.998519524367508460e-01 9.998664266204476680e-01 9.999377936414929335e-01 9.999330862696922395e-01 9.997655994993362993e-01 9.999850416603477399e-01
9.999141283680844650e-01 9.998924481266868725e-01 9.998835252962262610e-01 9.999206945255706414e-01 9.999469384246713055e-01 9.998827007882898910e-01 9.998760902791750116e-01 9.998736089157942430e-01 9.999300071673795642e-01 9.999448353642985676e-01
9.999030117367319059e-01 9.999695111469959485e-01 9.997553924100762712e-01 9.991841256705814578e-01 9.998483388801888694e-01 9.998410005055199390e-01 9.998107385328042218e-01 9.999428361255291442e-01 9.998832440294029844e-01 9.999360492631722552e-01
9.998905688751864584e-01 9.998547719302262049e-01 9.999292181321961515e-01 9.997442958759569231e-01 9.998508410793228718e-01 9.998958449038282126e-01 9.999536824858693551e-01 9.998597260202081172e-01 9.999118399606025109e-01 9.998464336149592846e-01
9.999443580868413450e-01 9.999288837081737880e-01 9.998768917058510342e-01 9.998461278609672709e-01 9.997840585676399661e-01 9.999685647897220697e-01 9.999154438493684793e-01 9.999236789276219062e-01 9.998938549521532160e-01 9.999673085662871275e-01
9.999141446777584097e-01 9.999598505595703735e-01 9.998223787060396273e-01 9.998919877019698532e-01 9.999307810957556164e-01 9.998804784539698787e-01 9.997213303836096632e-01 9.998649350173165473e-01 9.999274613936072198e-01 9.998920866473729463e-01
9.999726705145275396e-01 9.999397082700554051e-01 9.999321125821590828e-01 9.999348381502166649e-01 9.999753445770090954e-01 9.999450988169604759e-01 9.996960858333477917e-01 9.998961489273860970e-01 9.999665585341265261e-01 9.999454626683798031e-01
