9.999618512089049061e-01 9.999678235562799999e-01 9.999416674940384553e-01 9.999495310092784139e-01 9.999707884500053101e-01 9.999484407419476639e-01 9.999712943789573760e-01 9.999555328476333882e-01 9.999512496004528961e-01 9.999893128659507191e-01
9.999727681603697294e-01 9.999809905278489452e-01 9.999541053602695184e-01 9.999790023740156020e-01 9.999754744502260539e-01 9.999753321861467592e-01 9.999731229716800618e-01 9.999720533735450001e-01 9.999822363272793391e-01 9.999652593966850134e-01
9.999870984688709052e-01 9.999647213367885978e-01 9.999520624500330968e-01 9.999469622644956424e-01 9.999780480538916771e-01 9.999616196777391108e-01 9.999689626265406694e-01 9.999672874364632369e-01 9.999728328013834933e-01 9.999637937013353683e-01
9.999868309857364856e-01 9.999461213384123193e-01 9.999482210154950756e-01 9.999704814821116505e-01 9.999673205904783257e-01 9.999778290284181415e-01 9.999868104081972575e-01 9.999750764981166773e-01 9.999618178958561421e-01 9.999606217830036003e-01
9.999823729516131854e-01 9.999757571491187935e-01 9.999662932341756294e-01 9.999702751883154939e-01 9.999766931184055352e-01 9.999663755350769456e-01 9.999407381472148471e-01 9.999318867713286041e-01 9.999637761953685811e-01 9.999729577173335215e-01
9.999712983141366696e-01 9.999749310435789296e-01 9.999389384646514278e-01 9.999832332480393937e-01 9.999729636922272125e-01 9.999476291540269068e-01 9.999663547231413263e-01 9.999864169887087151e-01 9.999659655561203842e-01 9.999639286335507693e-01
9.999715605413428410e-01 9.999428311351455934e-01 9.999729826248704434e-01 9.999381856892072262e-01 9.999754158179550156e-01 9.999389748692186775e-01 9.999574266349474660e-01 9.999763044289364800e-01 9.999670487706441291e-01 9.999703128877777125e-01
9.999626157460220766e-01 9.999725242115597990e-01 9.999699009609483991e-01 9.999642464057915126e-01 9.999897929278921405e-01 9.999738130964433980e-01 9.999631864194086228e-01 9.999588404897257199e-01 9.999804929764035677e-01 9.999772820934855755e-01
9.999613848486222922e-01 9.999656671361082383e-01 9.999651845809289785e-01 9.999717902282510007e-01 9.999613436767577079e-01 9.999530919278415420e-01 9.999631913165406560e-01 9.999822030036287224e-01 9.999813862221107463e-01 9.999528823598577976e-01
9.999875998592212545e-01 9.999594193021749122e-01 9.999562110801658577e-01 9.999836977459258813e-01 9.999686262574858375e-01 9.999778831394379175e-01 9.999852694330239045e-01 9.999802940059731027e-01 9.999834890763270590e-01 9.999721401420835765e-01
9.999740364130471626e-01 9.999769598884820088e-01 9.999693193853462780e-01 9.999600060419221448e-01 9.999465363730472012e-01 9.999679210851922795e-01 9.999764954539980266e-01 9.999709939002887626e-01 9.999809778345362110e-01 9.999721474275868882e-01
9.999646872198703074e-01 9.999625947666408443e-01 9.999747755831341900e-01 9.999771896218011547e-01 9.999533852954164415e-01 9.999631109841481402e-01 9.999803793137734820e-01 9.999728675787169507e-01 9.999765247509427857e-01 9.999796645438630005e-01
9.999595425432206142e-01 9.999496345406710951e-01 9.999725537732819802e-01 9.999855371285609751e-01 9.999768113675649994e-01 9.999800976890095283e-01 9.999752218455123520e-01 9.999779682748975995e-01 9.999660262607242833e-01 9.999602459569029156e-01
9.999751034868330501e-01 9.999760717277664801e-01 9.999724557467837283e-01 9.999747936158061012e-01 9.999862149475503559e-01 9.999584538868644401e-01 9.999842394699248738e-01 9.999439500371808398e-01 9.999570255216403414e-01 9.999535488832297370e-01
9.999744707316614578e-01 9.999818751931159877e-01 9.999775264606151071e-01 9.999697414213433166e-01 9.999765921350028952e-01 9.999543648320927680e-01 9.999805431626974661e-01 9.999691581042264854e-01 9.999676446983469802e-01 9.999751158924514716e-01
9.999519330068977752e-01 9.999583886006258027e-01 9.999634765918823387e-01 9.999921664435068580e-01 9.999762986645847063e-01 9.999603218783917891e-01 9.999539141827780142e-01 9.999686192751127134e-01 9.999796294531552165e-01 9.999756420123179224e-01
9.999682594737188124e-01 9.999592958569186729e-01 9.999460879272735747e-01 9.999847622330071406e-01 9.999736760682014225e-01 9.999792514802066101e-01 9.999605646345587351e-01 9.999787218835718416e-01 9.999639695650579529e-01 9.999439669449395884e-01
9.999619445193644873e-01 9.999591912272721705e-01 9.999766379064924937e-01 9.999798850848854448e-01 9.999645286964476965e-01 9.999750693523460354e-01 9.999624738599298679e-01 9.999697067559012442e-01 9.999819532520739518e-01 9.999723139482592504e-01
9.999567154562095661e-01 9.999511062106976045e-01 9.999750246480273441e-01 9.999795425621810230e-01 9.999779368720892458e-01 9.999764273753667387e-01 9.999706038363773697e-01 9.999692831256116188e-01 9.999883669794208396e-01 9.999745613095892827e-01
9.999691585103082092e-01 9.999624014072552303e-01 9.999812839233397366e-01 9.999600119853032654e-01 9.999762032698391589e-01 9.999767478372324492e-01 9.999766355299142262e-01 9.999768743001937743e-01 9.999604399176292846e-01 9.999781344060835186e-01
9.999642264691077642e-01 9.999908922121678589e-01 9.999583332016160897e-01 9.999794291854964268e-01 9.999695566299034999e-01 9.999697754107850223e-01 9.999726020703229024e-01 9.999732528043369095e-01 9.999663442271401470e-01 9.999869870060866806e-01
9.999432750571405348e-01 9.999588604215433607e-01 9.999865699860898127e-01 9.999581499192536915e-01 9.999852474376181855e-01 9.999691001735908635e-01 9.999377903014464719e-01 9.999554090781245241e-01 9.999644590955990564e-01 9.999688734090986797e-01
9.999729353749582383e-01 9.999533623227311319e-01 9.999803655088203014e-01 9.999513218227804590e-01 9.999796015036186425e-01 9.999802902468529764e-01 9.999778673655919103e-01 9.999524940938404605e-01 9.999474153110788910e-01 9.999765257175728950e-01
9.999802056316546839e-01 9.999648204215255687e-01 9.999406153402045083e-01 9.999738022555819672e-01 9.999798183642272242e-01 9.999504033019450677e-01 9.999864895737312631e-01 9.999859603486719317e-01 9.999724368428426491e-01 9.999657857759105539e-01
9.999844495334215821e-01 9.999372096442885605e-01 9.999712216030506307e-01 9.999774331779538450e-01 9.999543687406208248e-01 9.999840287333009448e-01 9.999739487886828426e-01 9.999546292555169247e-01 9.999679649687435168e-01 9.999687420136116334e-01
9.999631529890946613e-01 9.999804007000050454e-01 9.999604039138472178e-01 9.999730577228967965e-01 9.999710881570164078e-01 9.999559511654453337e-01 9.999609531075828173e-01 9.999566068793566131e-01 9.999363746395806274e-01 9.999788558301316854e-01
9.999724966440773910e-01 9.999355042859089382e-01 9.999407317270524453e-01 9.999460944225997405e-01 9.999739191723888698e-01 9.999389036737248437e-01 9.999629755593025804e-01 9.999879105418054692e-01 9.999632942838542204e-01 9.999763268063223132e-01
9.999804235772757899e-01 9.999720145715295105e-01 9.999797873548132987e-01 9.999806646782150032e-01 9.999757526094863458e-01 9.999572636258553526e-01 9.999661384647363649e-01 9.999679673149012293e-01 9.999698299968732274e-01 9.999800016522362167e-01
9.999760133681450114e-01 9.999499684630783758e-01 9.999610203431299471e-01 9.999557049352614246e-01 9.999440542335067406e-01 9.999558340890020158e-01 9.999538756592029065e-01 9.999858813559683313e-01 9.999779221351783320e-01 9.999638507004002808e-01
9.999714488203526042e-01 9.999914446107438515e-01 9.999808511013156265e-01 9.999803810341073573e-01 9.999387972382463019e-01 9.999796639412682486e-01 9.999724236250627785e-01 9.999648024845008143e-01 9.999739586311291450e-01 9.999778614741456906e-01
9.999827721710554673e-01 9.999605304551404394e-01 9.999790715297584009e-01 9.999519313942962784e-01 9.999655454729745596e-01 9.999854528172148482e-01 9.999805104268402189e-01 9.999635471844645629e-01 9.999649695722981901e-01 9.999601153443818946e-01
9.999834314103251964e-01 9.999824540078473545e-01 9.999596115327342716e-01 9.999590445200535749e-01 9.999694529801825826e-01 9.999689096163697499e-01 9.999756494233948967e-01 9.999577184924139939e-01 9.999662316813805463e-01 9.999804489148768072e-01
9.999440137331380152e-01 9.999671003466191754e-01 9.999584837738881848e-01 9.999815025948562974e-01 9.999821381163092049e-01 9.999699074131663812e-01 9.999674933594240311e-01 9.999700589673915507e-01 9.999927889450452856e-01 9.999671700065483337e-01
9.999594751823293048e-01 9.999577298492055011e-01 9.999830341325665062e-01 9.999550928471646616e-01 9.999762465996068217e-01 9.999395103864252565e-01 9.999885605759918361e-01 9.999823146215440772e-01 9.999714827500004732e-01 9.999789609691519532e-01
9.999814242491820160e-01 9.999773246761631817e-01 9.999724414696522512e-01 9.999832715559299201e-01 9.999621078511579109e-01 9.999655460999671286e-01 9.999537779744417376e-01 9.999752029907817974e-01 9.999787458923823369e-01 9.999607072724348011e-01
9.999649103387295845e-01 9.999643285064965248e-01 9.999754184376623556e-01 9.999542347294866351e-01 9.999726557007153627e-01 9.999812598823334397e-01 9.999798100632966147e-01 9.999461516618085577e-01 9.999685870086029160e-01 9.999806880046622215e-01
9.999622837157005062e-01 9.999753421195127778e-01 9.999777817178532313e-01 9.999730853422620358e-01 9.999665847381502548e-01 9.999704535968954033e-01 9.999322533736497709e-01 9.999793996098631510e-01 9.999681783849411199e-01 9.999468429316283880e-01
9.999584279234088324e-01 9.999714036560172215e-01 9.999763291794667719e-01 9.999698619468768701e-01 9.999789072160077952e-01 9.999687847682131592e-01 9.999788176653565674e-01 9.999808820904203532e-01 9.999858671380686959e-01 9.999784919376315528e-01
9.999629576573790812e-01 9.999770258653006838e-01 9.999709974454483730e-01 9.999740827921389519e-01 9.999788857739185799e-01 9.999830070437724094e-01 9.999772264289431556e-01 9.999640198050762097e-01 9.999639510063007553e-01 9.999527710016788973e-01
9.999451572601835148e-01 9.999782775676454571e-01 9.999714158632462269e-01 9.999687859521732003e-01 9.999264001222933906e-01 9.999708271469529564e-01 9.999720996868824985e-01 9.999766289262445040e-01 9.999564095123222307e-01 9.999471488090445614e-01
9.999541391450154082e-01 9.999717846155725676e-01 9.999541152804808375e-01 9.999549316583602465e-01 9.999667005874759429e-01 9.999747698749881231e-01 9.999536757366297435e-01 9.999614849126526872e-01 9.999675836128419926e-01 9.999794796660527174e-01
9.999921507853606339e-01 9.999829135600813990e-01 9.999617765877510944e-01 9.999682594652681278e-01 9.999773772880805600e-01 9.999737264902746059e-01 9.999758198903624384e-01 9.999566365593223205e-01 9.999859411169775836e-01 9.999682717111482155e-01
9.999890768275995212e-01 9.999901514860070062e-01 9.999656187672979479e-01 9.999609925968090396e-01 9.999677586850354016e-01 9.999597392178704025e-01 9.999466383762117827e-01 9.999778644289468721e-01 9.999673193154082762e-01 9.999848217200086875e-01
9.999855213071466853e-01 9.999645965406261938e-01 9.999658086147639180e-01 9.999785669539039690e-01 9.999662295680752377e-01 9.999810115253506826e-01 9.999593600387229886e-01 9.999765918504476270e-01 9.999444077283070609e-01 9.999833883790292255e-01
9.999762368753416508e-01 9.999637476684264392e-01 9.999722331645292117e-01 9.999776906339855609e-01 9.999805017957856812e-01 9.999667292768285032e-01 9.999779774277993694e-01 9.999727628256430689e-01 9.999555542635994998e-01 9.999770304153964284e-01
9.999852926348330451e-01 9.999653307457248008e-01 9.999681422900158489e-01 9.999581892577839026e-01 9.999679072422539283e-01 9.999758085252087314e-01 9.999634333849110046e-01 9.999798388277553185e-01 9.999440149836101854e-01 9.999594360360146705e-01
9.999727517836503043e-01 9.999593305131334597e-01 9.999542967968624296e-01 9.999821872787554300e-01 9.999631074664615538e-01 9.999785261390197189e-01 9.999764918679208137e-01 9.999850976672759462e-01 9.999669438108270692e-01 9.999770486169655692e-01
9.999728429407777064e-01 9.999862715490563936e-01 9.999748574875355622e-01 9.999848714875203548e-01 9.999735434432485137e-01 9.999532140596592011e-01 9.999562956994705321e-01 9.999815649300808351e-01 9.999682711825111925e-01 9.999799618078306640e-01
9.999711404142124227e-01 9.999692164703641861e-01 9.999507385492214517e-01 9.999754199693426937e-01 9.999706651295028337e-01 9.999666160554628869e-01 9.999475324665141329e-01 9.999828461534241431e-01 9.999767709260536375e-01 9.999712522354117228e-01
9.999775814859293011e-01 9.999625523882037514e-01 9.999596852911737388e-01 9.999625293878783294e-01 9.999511613236183871e-01 9.999375443550818643e-01 9.999806805909187135e-01 9.999722895989665572e-01 9.999807773058310145e-01 9.999671386928808969e-01
9.999824156226608807e-01 9.999672915098237747e-01 9.999770171379324113e-01 9.999834238886979865e-01 9.999680729281770208e-01 9.999752889245427934e-01 9.999831071059316345e-01 9.999492246690038222e-01 9.999678782659352505e-01 9.999599341012449516e-01
9.999708826276927365e-01 9.999756395340021475e-01 9.999628281223417181e-01 9.999695616667357845e-01 9.999574213900477293e-01 9.999502733674875410e-01 9.999816324883735730e-01 9.999594242549285639e-01 9.999708377812907001e-01 9.999690576025688227e-01
9.999701530162482532e-01 9.999681599178189551e-01 9.999656670026600969e-01 9.999796242476692854e-01 9.999634688387668557e-01 9.999475490548238588e-01 9.999741733723420678e-01 9.999321486924321878e-01 9.999683101411110941e-01 9.999626890032174975e-01
9.999638789575521214e-01 9.999648924351528523e-01 9.999639862029565673e-01 9.999568745939043657e-01 9.999731984811368601e-01 9.999687519496546217e-01 9.999712674827382353e-01 9.999829569087669290e-01 9.999824168389346291e-01 9.999636213663442019e-01
9.999551552342389460e-01 9.999525771440331834e-01 9.999464027832005719e-01 9.999575738455311891e-01 9.999770220948720478e-01 9.999647375912597003e-01 9.999640783401780864e-01 9.999735101513018698e-01 9.999627433664270981e-01 9.999807455897743447e-01
9.999799888735320108e-01 9.999619300427609048e-01 9.999663923764199325e-01 9.999700534330330237e-01 9.999606681325158286e-01 9.999888699404123615e-01 9.999625250062841308e-01 9.999709400196051812e-01 9.999796198755214194e-01 9.999794077895699518e-01
9.999451398915133460e-01 9.999765480483170377e-01 9.999562569879979490e-01 9.999535672633746985e-01 9.999731124230997192e-01 9.999593834246807145e-01 9.999692743417545326e-01 9.999409153393231664e-01 9.999646574664134979e-01 9.999762149300043257e-01
9.999872973704750923e-01 9.999626531055738621e-01 9.999780406265565968e-01 9.999603084178086965e-01 9.999657849161478484e-01 9.999431499397916090e-01 9.999747145948711946e-01 9.999674516020102821e-01 9.999325133519338937e-01 9.999713134219189170e-01
9.999731286860124024e-01 9.999812366563031185e-01 9.999832728622368716e-01 9.999489452792933442e-01 9.999734813297078695e-01 9.999261231725319332e-01 9.999389210369356018e-01 9.999803389311906487e-01 9.999733572427284001e-01 9.999524751919722787e-01
9.999682386524055833e-01 9.999669728583953088e-01 9.999793130678349407e-01 9.999370159743715680e-01 9.999620676615784687e-01 9.999500049433248661e-01 9.999675493779920377e-01 9.999779373201378441e-01 9.999693448718760536e-01 9.999715509662031598e-01
9.999730666681302393e-01 9.999710126915206665e-01 9.999822409676508705e-01 9.999198207697337359e-01 9.999779483067497976e-01 9.999450839870768215e-01 9.999624785142059435e-01 9.999707154203838488e-01 9.999783077591463121e-01 9.999829819937801068e-01
9.999351308847599373e-01 9.999693055979795853e-01 9.999718149721914529e-01 9.999686568377862406e-01 9.999569905355718547e-01 9.999736584821899976e-01 9.999753154233528285e-01 9.999766595199636177e-01 9.999547216040540754e-01 9.999748124424318041e-01
9.999680349794398682e-01 9.999767251118956146e-01 9.999644549227127976e-01 9.999807883065808811e-01 9.999760611951979961e-01 9.999733486689859063e-01 9.999475281478253930e-01 9.999770963789070821e-01 9.999729382662270183e-01 9.999611844924318760e-01
9.999499685686095152e-01 9.999869067892274144e-01 9.999757547135041946e-01 9.999724191840809739e-01 9.999543743105846483e-01 9.999607721598204879e-01 9.999592592978399086e-01 9.999577195789978168e-01 9.999776795550774366e-01 9.999658209082714633e-01
9.999721558944847377e-01 9.999717293243208793e-01 9.999736771394017731e-01 9.999813761435116799e-01 9.999681731456098177e-01 9.999909817552988800e-01 9.999586527750609077e-01 9.999736883651839658e-01 9.999316549062561288e-01 9.999555348235805718e-01
9.999639648479746734e-01 9.999671833174609281e-01 9.999648777466483285e-01 9.999765042111264934e-01 9.999740677258777133e-01 9.999657183121871684e-01 9.999530142355541606e-01 9.999600227033181854e-01 9.999727741339288212e-01 9.999807218253605745e-01
9.999777730063197367e-01 9.999421471285829810e-01 9.999794811059716793e-01 9.999763856107194426e-01 9.999619189736599356e-01 9.999538322385256306e-01 9.999684382578651887e-01 9.999580876794518236e-01 9.999673726536175700e-01 9.999735698905013459e-01
9.999750401633835661e-01 9.999779850358310185e-01 9.999675331345901919e-01 9.999561655431682405e-01 9.999810890666054330e-01 9.999591441868797004e-01 9.999801170619777579e-01 9.999852679461717075e-01 9.999836506799570923e-01 9.999836743275527517e-01
9.999660283793329052e-01 9.999507357266097518e-01 9.999333175598997814e-01 9.999687445286908893e-01 9.999605983493073946e-01 9.999640666154878677e-01 9.999678697238626457e-01 9.999833903217755227e-01 9.999830545920139757e-01 9.999692505342101523e-01
9.999919320937292744e-01 9.999857124588946711e-01 9.999754927447965791e-01 9.999899168154412488e-01 9.999866701076520759e-01 9.999757960520123667e-01 9.999702065201846457e-01 9.999585872666184594e-01 9.999827498910799362e-01 9.999602961336214735e-01
9.999800397916054351e-01 9.999689348086253649e-01 9.999772896816878642e-01 9.999796173161192847e-01 9.999860644666126452e-01 9.999727728233510637e-01 9.999765803951191634e-01 9.999771742299802257e-01 9.999817215162656314e-01 9.999641090562430001e-01
9.999823472828081039e-01 9.999796085901961895e-01 9.999561632305664638e-01 9.999580509888089663e-01 9.999676334007634448e-01 9.999268186882551701e-01 9.999742052932498737e-01 9.999869049778262742e-01 9.999626286085091520e-01 9.999567504892505898e-01
9.999734748207809165e-01 9.999628750690476853e-01 9.999755998819727099e-01 9.999831969133937681e-01 9.999705129078980681e-01 9.999540218914253487e-01 9.999772501973824834e-01 9.999824785377637859e-01 9.999709354190723376e-01 9.999538581231248724e-01
9.999415397317775733e-01 9.999359318540386177e-01 9.999826904865085631e-01 9.999864026415861140e-01 9.999674731810553885e-01 9.999721935467177358e-01 9.999823455170636644e-01 9.999734818946414139e-01 9.999732344738772039e-01 9.999793809475221451e-01
9.999731687066319985e-01 9.999766868826461819e-01 9.999411454885358541e-01 9.999680782361317632e-01 9.999666861790260652e-01 9.999878303319481576e-01 9.999629427579751484e-01 9.999571384535356211e-01 9.999430225841756670e-01 9.999353799754250316e-01
9.999554907156650296e-01 9.999636604392166950e-01 9.999821575140009910e-01 9.999498426025250630e-01 9.999575750140616837e-01 9.999427217526483114e-01 9.999719703832482542e-01 9.999750875570951880e-01 9.999850743487123106e-01 9.999594281275786534e-01
9.999720207418961726e-01 9.999796988515244900e-01 9.999784274109406734e-01 9.999724666113390947e-01 9.999801584046353886e-01 9.999745524727763346e-01 9.999868802180269522e-01 9.999679479169951701e-01 9.999502520811147654e-01 9.999318119081274103e-01
9.999597228426997386e-01 9.999315154960609631e-01 9.999547156768145983e-01 9.999682715113435982e-01 9.999596217522815911e-01 9.999876259126251332e-01 9.999773038576466044e-01 9.999631855277343329e-01 9.999851329222232410e-01 9.999802709185485750e-01
9.999609584678120777e-01 9.999315469263144740e-01 9.999714788136829791e-01 9.999782603608488030e-01 9.999714057466768669e-01 9.999819801015470411e-01 9.999862820740801350e-01 9.999680583380086141e-01 9.999740952528158866e-01 9.999690292412565240e-01
9.999664281132858434e-01 9.999840039508193223e-01 9.999707145876725045e-01 9.999767678378155278e-01 9.999719481038613633e-01 9.999727765496235765e-01 9.999554357250012293e-01 9.999753431279663207e-01 9.999623196300665429e-01 9.999496853097438187e-01
9.999864360737357183e-01 9.999777172633502742e-01 9.999592186643737612e-01 9.999727351543888920e-01 9.999583631946995510e-01 9.999790314860957929e-01 9.999806033488106705e-01 9.999655632264108363e-01 9.999688193240181544e-01 9.999630177743403792e-01
9.999732078322055573e-01 9.999879672639960804e-01 9.999766804700462863e-01 9.999626232525226088e-01 9.999853635872415492e-01 9.999643752016452725e-01 9.999528188492270431e-01 9.999444554813993191e-01 9.999616592283238070e-01 9.999808450188957254e-01
9.999688777555058028e-01 9.999697797425523005e-01 9.999824683272469095e-01 9.999687773328334028e-01 9.999698011811410936e-01 9.999788683056323180e-01 9.999743574320378858e-01 9.999738837345567566e-01 9.999541667596728578e-01 9.999648965272227574e-01
9.999719592959184222e-01 9.999767833947965645e-01 9.999496033375299131e-01 9.999600021724504018e-01 9.999803110399949624e-01 9.999421724774052445e-01 9.999730824998271927e-01 9.999816383497843741e-01 9.999836817303079384e-01 9.999888341086262677e-01
9.999722288150466598e-01 9.999800500807574100e-01 9.999704785426213327e-01 9.999629532926043174e-01 9.999689681429236865e-01 9.999458027321961318e-01 9.999757184664120890e-01 9.999746161385532073e-01 9.999844874029254482e-01 9.999527430165234820e-01
9.999724096798738859e-01 9.999659844164303646e-01 9.999893955339310692e-01 9.999620798952844059e-01 9.999857365227339256e-01 9.999685389930014212e-01 9.999693892819051522e-01 9.999860033925467295e-01 9.999551185784264495e-01 9.999777193330200431e-01
9.999631610425714356e-01 9.999534847237842028e-01 9.999574541148606999e-01 9.999708505361906141e-01 9.999650660195547047e-01 9.999614844022559623e-01 9.999696189941441604e-01 9.999656472722130429e-01 9.999671700851419098e-01 9.999730125470372988e-01
9.999551512907390860e-01 9.999803884892148886e-01 9.999472638959798765e-01 9.999533787572736365e-01 9.999746901242254626e-01 9.999524021006248597e-01 9.999569430649285495e-01 9.999623002689216333e-01 9.999603320764672842e-01 9.999842218070279509e-01
9.999573450804163377e-01 9.999843977694814479e-01 9.999795906501411924e-01 9.999752412511858646e-01 9.999544719075342813e-01 9.999771217631061582e-01 9.999797488458738171e-01 9.999724354165234752e-01 9.999853546040250452e-01 9.999798777346847745e-01
9.999713164972021673e-01 9.999607582862273247e-01 9.999535772143994805e-01 9.999610195230534959e-01 9.999870970096980116e-01 9.999724460857263297e-01 9.999659491416679202e-01 9.999355866622565703e-01 9.999829910617068496e-01 9.999770256416996572e-01
9.999590926249845024e-01 9.999490121097732720e-01 9.999793894522908122e-01 9.999639287540402766e-01 9.999545410677691537e-01 9.999545566684183706e-01 9.999720700683155661e-01 9.999829798951320736e-01 9.999709161075280850e-01 9.999677414501764172e-01
9.999525463961281835e-01 9.999526690198461409e-01 9.999795426152178202e-01 9.999763980226671345e-01 9.999797484110334311e-01 9.999822115976922943e-01 9.999747909832437109e-01 9.999490055079713891e-01 9.999779515761413329e-01 9.999832539051584090e-01
9.999849789465371508e-01 9.999708842992170998e-01 9.999836683327670839e-01 9.999714997583758480e-01 9.999761687352901607e-01 9.999687559408041437e-01 9.999812295190118050e-01 9.999692057997293659e-01 9.999739972623177264e-01 9.999736944335756439e-01
9.999823804758365409e-01 9.999645930678083827e-01 9.999689536486783270e-01 9.999568488840493430e-01 9.999584162749267646e-01 9.999816937250457505e-01 9.999769191307744665e-01 9.999720182449549633e-01 9.999557480067331472e-01 9.999759386530995275e-01
9.999693812043793928e-01 9.999736834799070051e-01 9.999731602543199260e-01 9.999741037777766239e-01 9.999675445497717696e-01 9.999756376120236823e-01 9.999747665553319065e-01 9.999644548539032840e-01 9.999747496867433805e-01 9.999726020962371731e-01
9.999593267775305216e-01 9.999775805623306590e-01 9.999553208344342803e-01 9.999691754103120500e-01 9.999662932490731571e-01 9.999799444004675575e-01 9.999806342248920288e-01 9.999854208170445569e-01 9.999711912958372251e-01 9.999789920750736805e-01
9.999775813278175551e-01 9.999613580283465142e-01 9.999694883575580562e-01 9.999708857232727510e-01 9.999726207952565060e-01 9.999646588082521381e-01 9.999632118575804141e-01 9.999565545883611906e-01 9.999679628263842268e-01 9.999493314554522838e-01
9.999500889783160540e-01 9.999777187687053370e-01 9.999771600327843624e-01 9.999697643410644377e-01 9.999762265550922180e-01 9.999859838386876421e-01 9.999744211675961614e-01 9.999595413492629037e-01 9.999765910081699349e-01 9.999689109504281692e-01
9.999378012241141311e-01 9.999738859047402340e-01 9.999697714800094284e-01 9.999847745614701688e-01 9.999586725973923507e-01 9.999538862031983610e-01 9.999626876088630878e-01 9.999654941078776060e-01 9.999773806448261082e-01 9.999838322943986890e-01
9.999558932265767419e-01 9.999681351969654797e-01 9.999700295843413356e-01 9.999760673607167583e-01 9.999686979467083958e-01 9.999528410329433514e-01 9.999191403648144405e-01 9.999720203643437388e-01 9.999491906732866919e-01 9.999681334705781133e-01
