9.999951096010013529e-01 9.999957077199389532e-01 9.999954040090447416e-01 9.999961426571305489e-01 9.999960218916990051e-01 9.999962373006664462e-01 9.999957383078902362e-01 9.999962604660562748e-01 9.999954134020486718e-01 9.999959647042786504e-01
9.999955729819036687e-01 9.999960807506184102e-01 9.999946142211734168e-01 9.999953411741392406e-01 9.999934041803272278e-01 9.999949544954078728e-01 9.999950653927942579e-01 9.999945086172532527e-01 9.999951686507982940e-01 9.999954718476410376e-01
9.999938180461358517e-01 9.999953586465116784e-01 9.999965547836133783e-01 9.999943197466075739e-01 9.999953992568539896e-01 9.999957615216151785e-01 9.999941394570197595e-01 9.999959926044033054e-01 9.999952404386872606e-01 9.999960844519257819e-01
9.999945568623245240e-01 9.999957293209444931e-01 9.999959555756630092e-01 9.999960914973348158e-01 9.999969294485225868e-01 9.999956954464783720e-01 9.999952292172391566e-01 9.999967625515805425e-01 9.999957608472476167e-01 9.999960459374355182e-01
9.999947459002935801e-01 9.999957438832263179e-01 9.999964942911098165e-01 9.999956435247486786e-01 9.999945707712990517e-01 9.999951649028407941e-01 9.999958597956754014e-01 9.999963591127607465e-01 9.999949635810734261e-01 9.999962740966394925e-01
9.999965213652112217e-01 9.999943051983970488e-01 9.999954569052359465e-01 9.999959099406372509e-01 9.999951981325403416e-01 9.999962550571238618e-01 9.999956966158926042e-01 9.999961440598079676e-01 9.999951955449757346e-01 9.999966435965301770e-01
9.999970665761565014e-01 9.999960442534121530e-01 9.999952190913443673e-01 9.999944305287636892e-01 9.999948697230894856e-01 9.999954996971679444e-01 9.999951536879441161e-01 9.999948210528420978e-01 9.999969329130221629e-01 9.999958058244691195e-01
9.999967391125887950e-01 9.999956483851536460e-01 9.999960145593539407e-01 9.999955763368696404e-01 9.999951664534357798e-01 9.999968106481141872e-01 9.999943465742187065e-01 9.999955747933606531e-01 9.999954005700217863e-01 9.999953887095711647e-01
9.999956956359874471e-01 9.999954189669792992e-01 9.999970037730862016e-01 9.999955442354463431e-01 9.999964061194683840e-01 9.999950846142873218e-01 9.999935922692700929e-01 9.999961961161248913e-01 9.999938079437573624e-01 9.999950108754368516e-01
9.999938977886744240e-01 9.999956107907791436e-01 9.999940692150293131e-01 9.999959916923771841e-01 9.999954307878419213e-01 9.999939309238090601e-01 9.999933404948989635e-01 9.999951436647441794e-01 9.999945164133848818e-01 9.999964724159210450e-01
9.999950031464357458e-01 9.999949728946070371e-01 9.999968597371586831e-01 9.999940391485729885e-01 9.999945602081041773e-01 9.999957620671152680e-01 9.999968115468482743e-01 9.999973080840346418e-01 9.999968407471983012e-01 9.999961718378462816e-01
9.999950158986170567e-01 9.999949933028586813e-01 9.999954958627171875e-01 9.999958552490713082e-01 9.999957103476710962e-01 9.999964209869938170e-01 9.999960628917831107e-01 9.999958591568952615e-01 9.999968789203329544e-01 9.999956586821614479e-01
9.999960002204769660e-01 9.999964051159855316e-01 9.999938230864371391e-01 9.999956868886428207e-01 9.999967822496976799e-01 9.999952130615248347e-01 9.999972688444774827e-01 9.999952885369080002e-01 9.999949334461699646e-01 9.999964731607230428e-01
9.999966746220984026e-01 9.999946141091877738e-01 9.999954768519053738e-01 9.999949368440281816e-01 9.999963058067852240e-01 9.999965151245709949e-01 9.999943903508281551e-01 9.999954005234020782e-01 9.999956496984079291e-01 9.999958993016679898e-01
9.999955796407687947e-01 9.999960678424867355e-01 9.999945321730884240e-01 9.999956491641872613e-01 9.999955738599766164e-01 9.999953921425074332e-01 9.999954093305410963e-01 9.999952667484076629e-01 9.999950361048030034e-01 9.999950112816907710e-01
9.999948905151749834e-01 9.999953420191406428e-01 9.999952978290786998e-01 9.999948977498133162e-01 9.999955870394114932e-01 9.999955720803810344e-01 9.999941226440710595e-01 9.999969680619500423e-01 9.999945762721970111e-01 9.999951361638864666e-01
9.999967995029777068e-01 9.999952798085330885e-01 9.999945400652596739e-01 9.999950528175509668e-01 9.999969576216160005e-01 9.999976116121059855e-01 9.999930293721671637e-01 9.999951316847958127e-01 9.999946924275959770e-01 9.999954321406584468e-01
9.999939223487001039e-01 9.999953991592551716e-01 9.999944339728570331e-01 9.999954224828278004e-01 9.999960832388433696e-01 9.999942200722194974e-01 9.999938681103950344e-01 9.999954842126022037e-01 9.999948091127455196e-01 9.999962722299464701e-01
9.999928499998957943e-01 9.999954916063130694e-01 9.999954647165777422e-01 9.999940107674070155e-01 9.999958270692151929e-01 9.999955602015763168e-01 9.999955818020769271e-01 9.999963448641822072e-01 9.999957968215125170e-01 9.999951115943965796e-01
9.999959458638071341e-01 9.999957452449812489e-01 9.999948857775570188e-01 9.999946224482234580e-01 9.999953634831528770e-01 9.999939748483035462e-01 9.999956366095733573e-01 9.999957058702482193e-01 9.999956798531292046e-01 9.999965353120549016e-01
9.999949658658529028e-01 9.999946913031744211e-01 9.999959632156404377e-01 9.999952950543763430e-01 9.999958739572242239e-01 9.999947227023675556e-01 9.999953749876193676e-01 9.999965003237728522e-01 9.999956743464619713e-01 9.999959756739791317e-01
9.999955959363846514e-01 9.999949739782710845e-01 9.999957539529409356e-01 9.999945606426842160e-01 9.999965571238749185e-01 9.999952981491475601e-01 9.999944738007071621e-01 9.999956591149540275e-01 9.999959090078102131e-01 9.999965749721700936e-01
9.999962040917687034e-01 9.999965396621482983e-01 9.999957844922358063e-01 9.999958203363961129e-01 9.999968170862144623e-01 9.999958144564263796e-01 9.999954685604579563e-01 9.999956734060997388e-01 9.999951822111464717e-01 9.999942969365889223e-01
9.999965535819843598e-01 9.999958697203752411e-01 9.999966729142075739e-01 9.999964077790207684e-01 9.999967230131402429e-01 9.999948733591955685e-01 9.999931035876677976e-01 9.999936102810733640e-01 9.999959289846154231e-01 9.999950072590129135e-01
9.999956450121327833e-01 9.999960766892140862e-01 9.999958669841345626e-01 9.999958928607485253e-01 9.999943374666554474e-01 9.999955638727520135e-01 9.999964014286482072e-01 9.999956177488777964e-01 9.999933405648672169e-01 9.999945527731894934e-01
9.999941494505638628e-01 9.999947975407177392e-01 9.999970452853451652e-01 9.999959179655455443e-01 9.999953528348339837e-01 9.999955168567311592e-01 9.999947712510208753e-01 9.999947841642649049e-01 9.999946969682105280e-01 9.999965695686799938e-01
9.999950255356659934e-01 9.999955043573648394e-01 9.999953240943528776e-01 9.999943358723549780e-01 9.999950472386489597e-01 9.999957889663985133e-01 9.999962167896231380e-01 9.999967111422426447e-01 9.999958380564361038e-01 9.999959134915108461e-01
9.999937177042016456e-01 9.999969815762124181e-01 9.999954399561252760e-01 9.999965385240269233e-01 9.999952596192872578e-01 9.999956261767577459e-01 9.999965963735160113e-01 9.999948410285015576e-01 9.999950493332359081e-01 9.999959396296761449e-01
9.999965575281429819e-01 9.999962768940636737e-01 9.999939171520434433e-01 9.999948218779122211e-01 9.999946835083436403e-01 9.999948788528749688e-01 9.999952934363335322e-01 9.999948863299208401e-01 9.999970329852426731e-01 9.999954401201712750e-01
9.999948107387730545e-01 9.999958779493388628e-01 9.999950251013599578e-01 9.999952702671013327e-01 9.999969387265194021e-01 9.999954105557402606e-01 9.999942129994368045e-01 9.999963024880076379e-01 9.999932697162415840e-01 9.999964294374066309e-01
9.999963195022557594e-01 9.999963476236776172e-01 9.999946820326445218e-01 9.999954675520207337e-01 9.999939989540670426e-01 9.999952938610170428e-01 9.999949975526416512e-01 9.999956566779194533e-01 9.999965808454679417e-01 9.999958276443708938e-01
9.999944926026418379e-01 9.999939212023687407e-01 9.999963106892603149e-01 9.999968601228008680e-01 9.999954209918002768e-01 9.999957407285712252e-01 9.999967253657736643e-01 9.999968424142425816e-01 9.999962024131457961e-01 9.999934943932627940e-01
9.999939070681203024e-01 9.999952365023521139e-01 9.999944541467800097e-01 9.999955731673590975e-01 9.999955858198890102e-01 9.999959706529578662e-01 9.999938270734548551e-01 9.999950754499277172e-01 9.999947649387436188e-01 9.999960735035563486e-01
9.999953912940663381e-01 9.999951234365531683e-01 9.999949768335660849e-01 9.999957051539043462e-01 9.999971940309940743e-01 9.999958506777785194e-01 9.999937754468652962e-01 9.999941465107327065e-01 9.999953035495855458e-01 9.999962495719526556e-01
9.999952594060953492e-01 9.999961450729871748e-01 9.999956451767544330e-01 9.999954318744934678e-01 9.999952709783374027e-01 9.999963339130567563e-01 9.999957526649123629e-01 9.999952480730234239e-01 9.999959821318294972e-01 9.999952720932797634e-01
9.999940831748189707e-01 9.999960409765324965e-01 9.999947976645424674e-01 9.999939309274332722e-01 9.999957071090277427e-01 9.999948289089095610e-01 9.999938831158494690e-01 9.999959180538331438e-01 9.999959255970027883e-01 9.999939312019615612e-01
9.999955728040985647e-01 9.999950334880327585e-01 9.999945058991536184e-01 9.999950433464873667e-01 9.999958926860537112e-01 9.999947069651352605e-01 9.999968550224831443e-01 9.999947624860247020e-01 9.999958693690532696e-01 9.999942692719525628e-01
9.999964454277336934e-01 9.999958088302857151e-01 9.999968159627447006e-01 9.999938229542801871e-01 9.999963578124372310e-01 9.999970473263359860e-01 9.999960455438360318e-01 9.999951283946396652e-01 9.999945172683861738e-01 9.999970165309955972e-01
9.999959423858395535e-01 9.999944788357422176e-01 9.999958336420646798e-01 9.999942594179814792e-01 9.999963088666483646e-01 9.999954082349740148e-01 9.999946044468600581e-01 9.999966508808155741e-01 9.999950440391098816e-01 9.999948913976312026e-01
9.999954342674498564e-01 9.999959405140275148e-01 9.999954916301233565e-01 9.999943788271670186e-01 9.999932975732922502e-01 9.999962291016117888e-01 9.999958901758077001e-01 9.999964119864627188e-01 9.999960303712780441e-01 9.999949143329281975e-01
9.999960609465691208e-01 9.999967578090273035e-01 9.999954953490107767e-01 9.999952372768684539e-01 9.999961231090132019e-01 9.999960156393341570e-01 9.999956767080513398e-01 9.999967147910852061e-01 9.999949850336818935e-01 9.999941760887122166e-01
9.999941602233043403e-01 9.999966046116506302e-01 9.999945258485480881e-01 9.999961605782392571e-01 9.999954469384003675e-01 9.999945814573205638e-01 9.999952233652165123e-01 9.999960035280469617e-01 9.999945692879850245e-01 9.999956467535221494e-01
9.999972249335661312e-01 9.999962899732061095e-01 9.999959628352065311e-01 9.999954747038016789e-01 9.999951200205056123e-01 9.999959592331634228e-01 9.999950723707312639e-01 9.999951034941038097e-01 9.999969550086361680e-01 9.999961652381865740e-01
9.999971214679457265e-01 9.999969564846369341e-01 9.999970500114154781e-01 9.999953744875005324e-01 9.999955569528720112e-01 9.999957149088769537e-01 9.999960551054033475e-01 9.999956100401472536e-01 9.999964526029562206e-01 9.999970493540976113e-01
9.999967500841743240e-01 9.999950135913531213e-01 9.999947489615950147e-01 9.999942007237787589e-01 9.999947315864294861e-01 9.999962471693810695e-01 9.999954881581282207e-01 9.999942255539634450e-01 9.999941639966538620e-01 9.999959264862278152e-01
9.999947547378630341e-01 9.999956551117048509e-01 9.999951195427559947e-01 9.999964787936859167e-01 9.999952059837748930e-01 9.999954566767418340e-01 9.999950479893806587e-01 9.999946194285364021e-01 9.999955997422023124e-01 9.999957784808568562e-01
9.999960605078611620e-01 9.999959234490888305e-01 9.999952936304298268e-01 9.999968026094633311e-01 9.999963163513451159e-01 9.999947953454131344e-01 9.999951084538251100e-01 9.999964289855435284e-01 9.999968205243379149e-01 9.999962117452413368e-01
9.999968502549909655e-01 9.999967732399692721e-01 9.999952116874518682e-01 9.999963732684729045e-01 9.999952687413120600e-01 9.999951217849867291e-01 9.999951110592097958e-01 9.999932416986561101e-01 9.999958382686710001e-01 9.999947572527714268e-01
9.999957161661326976e-01 9.999959464328060932e-01 9.999961996805457609e-01 9.999971317484216415e-01 9.999964630049983372e-01 9.999963973407016704e-01 9.999960343697409382e-01 9.999960300273724734e-01 9.999947851287758205e-01 9.999962730594400551e-01
9.999963995688203600e-01 9.999955103275093293e-01 9.999960491360019299e-01 9.999965420513476921e-01 9.999944751900916584e-01 9.999961621029391790e-01 9.999947812357744548e-01 9.999965032589238634e-01 9.999959926997563642e-01 9.999947472566503848e-01
9.999954011778495744e-01 9.999960930836664375e-01 9.999962947201507246e-01 9.999963935672688820e-01 9.999958802750030795e-01 9.999960188402312600e-01 9.999967618603294861e-01 9.999945510202067345e-01 9.999953020195933018e-01 9.999957212195218492e-01
9.999958290986979970e-01 9.999953195558911601e-01 9.999962624897039687e-01 9.999955515827290142e-01 9.999959688704505023e-01 9.999948410372516694e-01 9.999968509595802413e-01 9.999959316767770279e-01 9.999951774761803858e-01 9.999956615205509713e-01
9.999961566008318536e-01 9.999950964109064477e-01 9.999955665030076934e-01 9.999942930442224931e-01 9.999956028939906982e-01 9.999957600587728868e-01 9.999958880998894850e-01 9.999959417346349078e-01 9.999962972521517779e-01 9.999961076748374866e-01
9.999959444495331029e-01 9.999973460786912849e-01 9.999961468119825669e-01 9.999955310168885392e-01 9.999960117248711811e-01 9.999964068746609591e-01 9.999956062309409699e-01 9.999965478806932540e-01 9.999956672632281940e-01 9.999955048275254166e-01
9.999964833203562886e-01 9.999951744074762061e-01 9.999960413309956220e-01 9.999959134686863260e-01 9.999948430837981572e-01 9.999959367302457824e-01 9.999962751780211434e-01 9.999961022634364927e-01 9.999952243311781563e-01 9.999953117068199893e-01
9.999961489821423966e-01 9.999962414506365915e-01 9.999956710451547437e-01 9.999956663804855372e-01 9.999961675097583935e-01 9.999957490813770056e-01 9.999958807852413756e-01 9.999948184444527044e-01 9.999961630034999160e-01 9.999965622583637526e-01
9.999961834832314933e-01 9.999959386300366626e-01 9.999952462761450001e-01 9.999962874453370842e-01 9.999955434570354518e-01 9.999948911650734518e-01 9.999961012275184746e-01 9.999939022233895747e-01 9.999965692448178345e-01 9.999954368497943058e-01
9.999944643880140926e-01 9.999959390283099658e-01 9.999963681724917119e-01 9.999960323134550189e-01 9.999952985170941222e-01 9.999955696716760212e-01 9.999951159771043319e-01 9.999967625575590935e-01 9.999945607359453925e-01 9.999954426487392967e-01
9.999961060025311932e-01 9.999957424030420094e-01 9.999954566759187147e-01 9.999954957710827097e-01 9.999948191541846443e-01 9.999947846029504372e-01 9.999964252582075330e-01 9.999954162557056492e-01 9.999940367548333375e-01 9.999936079689686341e-01
9.999939698070740013e-01 9.999951761317148469e-01 9.999955174612669140e-01 9.999956537129089940e-01 9.999956591556168339e-01 9.999946340575002202e-01 9.999942158397403524e-01 9.999960354751148417e-01 9.999968546068285224e-01 9.999944789396821854e-01
9.999942785293595149e-01 9.999958624872872237e-01 9.999972230235677495e-01 9.999956064987587379e-01 9.999948048204827522e-01 9.999952576851707242e-01 9.999958118535159368e-01 9.999952411070077707e-01 9.999944019976587661e-01 9.999937788066035615e-01
9.999958277017431119e-01 9.999953176973750413e-01 9.999924325849625095e-01 9.999958574906355757e-01 9.999950397377759259e-01 9.999946989411724330e-01 9.999949600258343230e-01 9.999956759918540161e-01 9.999944651912962001e-01 9.999946523783210806e-01
9.999951940174786058e-01 9.999965070858419791e-01 9.999945072368270349e-01 9.999952048399737281e-01 9.999960041461941618e-01 9.999953134631605067e-01 9.999940754799185871e-01 9.999955504796806949e-01 9.999957927355976883e-01 9.999948350253994311e-01
9.999956569179713206e-01 9.999960071410844975e-01 9.999963212751290520e-01 9.999966307287759815e-01 9.999960635581169877e-01 9.999956923406576603e-01 9.999955963575312134e-01 9.999959958396535953e-01 9.999960240585782367e-01 9.999955949691280432e-01
9.999950581521618309e-01 9.999964759446630103e-01 9.999966145272528584e-01 9.999957107052980243e-01 9.999969458602029349e-01 9.999959059298112463e-01 9.999953812877272474e-01 9.999961200530765870e-01 9.999954059808036089e-01 9.999940410497807353e-01
9.999961161319345093e-01 9.999955947243075460e-01 9.999942561250056983e-01 9.999949309608711090e-01 9.999955619442881805e-01 9.999961986592350582e-01 9.999956039910899985e-01 9.999962718267927375e-01 9.999953685039580931e-01 9.999953123380447284e-01
9.999950185821681048e-01 9.999967565500359479e-01 9.999947583062093193e-01 9.999953392721806500e-01 9.999958292616581979e-01 9.999954692408304924e-01 9.999951740631221053e-01 9.999957194132543803e-01 9.999938888403722137e-01 9.999962549259445721e-01
9.999962955371395346e-01 9.999956265916765119e-01 9.999939606980038365e-01 9.999945716826520448e-01 9.999941927156702492e-01 9.999959844529763275e-01 9.999956580341126111e-01 9.999954355997981992e-01 9.999966456638520462e-01 9.999953983459066720e-01
9.999950646002340182e-01 9.999956966576227790e-01 9.999947178849725171e-01 9.999969286379142286e-01 9.999952964281466627e-01 9.999966462076912421e-01 9.999966846524978026e-01 9.999950493400564522e-01 9.999944897491103157e-01 9.999964127098002198e-01
9.999963006777292662e-01 9.999953434551381859e-01 9.999957924190413516e-01 9.999953364249667409e-01 9.999943280154182101e-01 9.999941936362445327e-01 9.999966084411802125e-01 9.999958516975568923e-01 9.999954461248677928e-01 9.999953595787652860e-01
9.999931586261650018e-01 9.999964642654451952e-01 9.999948923729019556e-01 9.999957563834619423e-01 9.999949601385675901e-01 9.999952938498993804e-01 9.999961930425510515e-01 9.999947175716683567e-01 9.999962953002630162e-01 9.999956717665550165e-01
9.999957846484736068e-01 9.999942919356310522e-01 9.999955216267744085e-01 9.999957467912375941e-01 9.999953467034404797e-01 9.999950176768863663e-01 9.999940844051646849e-01 9.999957863316696338e-01 9.999962263177967214e-01 9.999946635251261151e-01
9.999965015292566761e-01 9.999960749361411771e-01 9.999957227672051641e-01 9.999943882366262304e-01 9.999940108575318121e-01 9.999962837272290406e-01 9.999961671997090740e-01 9.999961808989139556e-01 9.999953117285673709e-01 9.999963077411391232e-01
9.999947788806522464e-01 9.999941868274654366e-01 9.999941500873494871e-01 9.999953553052475241e-01 9.999954817494662862e-01 9.999956445326944054e-01 9.999950970527048399e-01 9.999957891593277415e-01 9.999954698265750563e-01 9.999959824374933248e-01
9.999953224945153929e-01 9.999947869628914576e-01 9.999957975008267885e-01 9.999953513612526157e-01 9.999960029831510555e-01 9.999956862555652304e-01 9.999961528841702085e-01 9.999955071919864880e-01 9.999961732862973074e-01 9.999941724278492705e-01
9.999951253584351551e-01 9.999950462987891031e-01 9.999944446979567303e-01 9.999954283526445442e-01 9.999952153142696032e-01 9.999958504143795501e-01 9.999961536512314009e-01 9.999951862240528122e-01 9.999957220945644432e-01 9.999951678993210802e-01
9.999961670556405391e-01 9.999955171081237326e-01 9.999971942694412252e-01 9.999970955876439360e-01 9.999967684779470511e-01 9.999959599636787377e-01 9.999937911236439492e-01 9.999962458346260963e-01 9.999960051492278179e-01 9.999950668329466996e-01
9.999957705542678044e-01 9.999962172764028656e-01 9.999962606782337726e-01 9.999959699918962164e-01 9.999959922698629100e-01 9.999951082232575450e-01 9.999961929540509553e-01 9.999952151486849461e-01 9.999957716014541420e-01 9.999951757665802576e-01
9.999952584977934711e-01 9.999949707248532160e-01 9.999966876124074533e-01 9.999958091244570690e-01 9.999940956919113333e-01 9.999954241963080470e-01 9.999950970144393381e-01 9.999943352409753627e-01 9.999948483309093472e-01 9.999965946226606617e-01
9.999958799095697293e-01 9.999960403573031620e-01 9.999954251581057996e-01 9.999958988331749676e-01 9.999961144966555970e-01 9.999963235206937862e-01 9.999946022215852048e-01 9.999970506883916199e-01 9.999963708203980506e-01 9.999949142027233506e-01
9.999941173889945745e-01 9.999959753864382517e-01 9.999957460899386863e-01 9.999949128808391929e-01 9.999965150503837830e-01 9.999960094197889449e-01 9.999957403338759487e-01 9.999939825086523459e-01 9.999954356948612677e-01 9.999956974474878413e-01
9.999954699920649004e-01 9.999958417527563537e-01 9.999958252208289711e-01 9.999945096171526382e-01 9.999960860462949741e-01 9.999952472754102262e-01 9.999947858129392131e-01 9.999964617684412582e-01 9.999945628920305918e-01 9.999950761798214183e-01
9.999962332311103097e-01 9.999948637554029185e-01 9.999949437094342031e-01 9.999954674995092940e-01 9.999950735451869077e-01 9.999950073794680039e-01 9.999963499467213746e-01 9.999964593025523207e-01 9.999969911770245634e-01 9.999955221371295000e-01
9.999954235563742744e-01 9.999955617475158043e-01 9.999946255434865039e-01 9.999948059444794257e-01 9.999963572114177746e-01 9.999961813593776228e-01 9.999973200402431095e-01 9.999953838971911146e-01 9.999958417913162867e-01 9.999946280980663849e-01
9.999950571517342013e-01 9.999955678045989726e-01 9.999952725100296202e-01 9.999952961228784076e-01 9.999950480219602644e-01 9.999953609135939780e-01 9.999942544717140835e-01 9.999951958908619432e-01 9.999958547697161970e-01 9.999946017166946310e-01
9.999974591028797377e-01 9.999959859255157513e-01 9.999959314919482090e-01 9.999959007253605980e-01 9.999959128086476357e-01 9.999949729412633825e-01 9.999957201375134774e-01 9.999947838487286411e-01 9.999963824843280946e-01 9.999958201194933949e-01
9.999950803207177108e-01 9.999964268438343851e-01 9.999957024096411962e-01 9.999959784551188946e-01 9.999965693332780736e-01 9.999970510539182289e-01 9.999960436833175148e-01 9.999963453730278395e-01 9.999939034478856348e-01 9.999932621220888329e-01
9.999949097984247581e-01 9.999943844599125109e-01 9.999951068612510374e-01 9.999951037294074752e-01 9.999960521635765653e-01 9.999955896167970204e-01 9.999959743381322541e-01 9.999960338690861983e-01 9.999951625800755917e-01 9.999959692654102339e-01
9.999958313071874993e-01 9.999964580464246744e-01 9.999963146382084833e-01 9.999953006336411709e-01 9.999959137503319218e-01 9.999939983060183168e-01 9.999943531770107974e-01 9.999956198176070954e-01 9.999945330167259172e-01 9.999969006534169536e-01
9.999954304616275325e-01 9.999945770178478854e-01 9.999959509568809857e-01 9.999951081522637786e-01 9.999948295898715145e-01 9.999951846471764050e-01 9.999956160577333497e-01 9.999951275738147016e-01 9.999966348382987036e-01 9.999957421234819677e-01
9.999959193664027524e-01 9.999950739007256173e-01 9.999921713939746715e-01 9.999967697668545874e-01 9.999965691038517068e-01 9.999964127449215701e-01 9.999946022679879754e-01 9.999943143495152453e-01 9.999928787103066208e-01 9.999955734204192259e-01
9.999962533138613274e-01 9.999962658655933145e-01 9.999948443415914712e-01 9.999947726044586815e-01 9.999954088869582591e-01 9.999952405569384473e-01 9.999964815814874619e-01 9.999961799254689643e-01 9.999957526391206608e-01 9.999956160938406891e-01
9.999958242738278269e-01 9.999959237203883688e-01 9.999952383524119970e-01 9.999968577613860266e-01 9.999972682884881170e-01 9.999958319081786451e-01 9.999941488506539633e-01 9.999949707569233404e-01 9.999954317885577648e-01 9.999940885029195980e-01
9.999940175392538766e-01 9.999955531626518734e-01 9.999953974660688027e-01 9.999962190351466829e-01 9.999962295489417397e-01 9.999956250472754604e-01 9.999943754887785641e-01 9.999949842358667462e-01 9.999954393768142324e-01 9.999966118483325506e-01
9.999970095248769120e-01 9.999955247865686125e-01 9.999933201425857954e-01 9.999960070551241476e-01 9.999966426943848186e-01 9.999956571061364707e-01 9.999949706853844544e-01 9.999951609407077280e-01 9.999954482855651916e-01 9.999952480404907806e-01
9.999950271098292376e-01 9.999952191541412461e-01 9.999947971405112046e-01 9.999954782915236873e-01 9.999965152720076134e-01 9.999964100389565624e-01 9.999931168385685076e-01 9.999964227017623664e-01 9.999970924672076933e-01 9.999951496276551222e-01
9.999951369736509443e-01 9.999952960808161651e-01 9.999964655599271612e-01 9.999960399250230614e-01 9.999952881923680481e-01 9.999952218643504143e-01 9.999944423172101304e-01 9.999964424547947983e-01 9.999954119221441395e-01 9.999959140243035449e-01
9.999947041650791846e-01 9.999956238920081342e-01 9.999937211899909695e-01 9.999953147631233108e-01 9.999961865452372534e-01 9.999964512255868909e-01 9.999942070321093945e-01 9.999963313011928090e-01 9.999954183598230850e-01 9.999956566419283543e-01
9.999935382449173238e-01 9.999944247044424417e-01 9.999961364549488918e-01 9.999964325073512628e-01 9.999939469687986193e-01 9.999960757009136447e-01 9.999958286642468552e-01 9.999941026545223766e-01 9.999958617379024473e-01 9.999931145794722642e-01
9.999966977896587172e-01 9.999963695840251576e-01 9.999951937289247583e-01 9.999959932413940988e-01 9.999957137374979599e-01 9.999952755723019449e-01 9.999946230936713754e-01 9.999939339638245217e-01 9.999955229968777726e-01 9.999958452465292913e-01
