9.941245065939575687e-01 9.914197114356417817e-01 9.943008333661520481e-01 9.945093094712254000e-01 9.978383461441282520e-01 9.971157067502961491e-01 9.602574580942174753e-01 9.931237948068805110e-01 9.916245061403248240e-01 9.929368684299695325e-01
9.947009458010228622e-01 9.264004539470571675e-01 9.456341784548079055e-01 9.956701368219099679e-01 9.966337550914211585e-01 9.969935123093394136e-01 9.959330644404240651e-01 9.965951928672663884e-01 9.926363898644856576e-01 9.973484193766692929e-01
9.938775277162967825e-01 9.980290457495772927e-01 9.844934936825896488e-01 9.754585612662436400e-01 9.917554252205005305e-01 9.930350390672483263e-01 9.899687130490006925e-01 9.929588702617366813e-01 9.950692071086046919e-01 9.972910977946130018e-01
9.940011342313906928e-01 9.973133816772901117e-01 9.818130178119751639e-01 9.977923357312578068e-01 9.927503899930278930e-01 9.953499866988745337e-01 9.955989931999017495e-01 9.940645296113735929e-01 9.844354137106496871e-01 9.935367197894785507e-01
9.950046053736372187e-01 9.924834369698048997e-01 9.951438749376357862e-01 9.947805478397060419e-01 9.889027831641779009e-01 9.917434632253347981e-01 9.931785431675209663e-01 9.957645071453163910e-01 9.946318962904721062e-01 9.948689059323928552e-01
9.969063436692999769e-01 9.943905829131288732e-01 9.906590239938143361e-01 9.961582579659711278e-01 9.979390746015425195e-01 9.947896219602943013e-01 9.929294919521922669e-01 9.977065670265737873e-01 9.756316406739916625e-01 9.911164933196305871e-01
9.928409013570006492e-01 9.916541191647882947e-01 9.667608564258638459e-01 9.918739555475317715e-01 9.908612843272632809e-01 9.957724307032430611e-01 9.804068369994961563e-01 9.930739870571846373e-01 9.946363904263625377e-01 9.879447557837468530e-01
9.986484553627157368e-01 9.978640656552166810e-01 9.305722614953813032e-01 9.970523348076782977e-01 9.946444695051415152e-01 9.960535058021459109e-01 9.973720000042576306e-01 9.957205895516566541e-01 9.922867658400220670e-01 9.976955269427593143e-01
9.970969395518740619e-01 9.554774508734107386e-01 9.976058810801256005e-01 9.975599767432214993e-01 9.915369888932373810e-01 9.962263674980533779e-01 9.901591990797975473e-01 9.914532763210904820e-01 9.954095558225796170e-01 9.955089924473030649e-01
9.921809018114322587e-01 9.976040482914190211e-01 9.977846570735329212e-01 9.934536419413404484e-01 9.974929374509753366e-01 9.938943251041091331e-01 9.939500778876441123e-01 9.903165393545415585e-01 9.981926794633808608e-01 9.912474768023479266e-01
9.944912528901738158e-01 9.965121835811153739e-01 9.920012074900447230e-01 9.961522439706296250e-01 9.850642670034837067e-01 9.954671210924439517e-01 9.936151044970475965e-01 9.974189152573796902e-01 9.976308957550331646e-01 9.958657482055559562e-01
9.752977758577193734e-01 9.921181486019832185e-01 9.987005898803041903e-01 9.970784720356659081e-01 9.953883549345692305e-01 9.966499067100741405e-01 9.981208613713062894e-01 9.875852401499836120e-01 9.915317266984344791e-01 9.978662093316336135e-01
9.976319391932584324e-01 9.969691611510680396e-01 9.913588252770800802e-01 9.931199687689965527e-01 9.973993394181527306e-01 9.887293734075398577e-01 9.753050430081514621e-01 9.970809646647801339e-01 9.920170809818756874e-01 9.856068547375200772e-01
9.988536065518783813e-01 9.966243033323826106e-01 9.951797648257536544e-01 9.965854613143839691e-01 9.971441353182752820e-01 9.963680961851929530e-01 9.952477036653855080e-01 9.985487202538038121e-01 9.953794800566811984e-01 9.866692456251491272e-01
9.956039681589233803e-01 9.947185302264303086e-01 9.942991941218993768e-01 9.891653847251649090e-01 9.985606730727687452e-01 9.946457657497531635e-01 9.959937768690028115e-01 9.975674269234048319e-01 9.912720405425174963e-01 9.909123551041929545e-01
9.972992378889024012e-01 9.953242292013547710e-01 9.863404025340827275e-01 9.954900101719269534e-01 9.899156020145373214e-01 9.948424309639484209e-01 9.932902455678708220e-01 9.921112031019714284e-01 9.922562679255096940e-01 9.972702879027859346e-01
9.976136655376924844e-01 9.967731014765113251e-01 9.945434023694212922e-01 9.962689530368507018e-01 9.983928349421001824e-01 9.961344558763256529e-01 9.972737904618824700e-01 9.979659450083974148e-01 9.950783846929707188e-01 9.967023711713534073e-01
9.936514267371647779e-01 9.972636803176710973e-01 9.958787714017856008e-01 9.859967417486439345e-01 9.987054815477771630e-01 9.975503659367089826e-01 9.953048414014116219e-01 9.853718510885247639e-01 9.912949458491931987e-01 9.980775462272518661e-01
9.970074615018050812e-01 9.953539416361469883e-01 9.951245157449002399e-01 9.957369184207975898e-01 9.975984457381437132e-01 9.975861437382593788e-01 9.924844091966786852e-01 9.959001732323478073e-01 9.956423170030260783e-01 9.960279535212245294e-01
9.960227830046921582e-01 9.964086263313578495e-01 9.968291021754492887e-01 9.971143236126726039e-01 9.943293497232441602e-01 9.942688990270942551e-01 9.924393541951875841e-01 9.957725308212580506e-01 9.919220731330390395e-01 9.945835163263030410e-01
9.893811162533532322e-01 9.929541222830420288e-01 9.913457524982199898e-01 9.944539926983555489e-01 9.687368753940112098e-01 9.945783652338925362e-01 9.694304335724915900e-01 9.934359143231613620e-01 9.972118581472740884e-01 9.876448010688346768e-01
9.960433220560347412e-01 9.942842247016004942e-01 9.943376309490706833e-01 9.969299330673391246e-01 9.957319998159605001e-01 9.933066044707610232e-01 9.981920405254921524e-01 9.961880003856480315e-01 9.933022189533247115e-01 9.977306762172916121e-01
9.969582897271730415e-01 9.987415639913942433e-01 9.978520158696624343e-01 9.982522180919495280e-01 9.951154776734599805e-01 9.982209888565510836e-01 9.981949540848463753e-01 9.976172519349373324e-01 9.346017268215751628e-01 9.880849251266595745e-01
9.955097608671268361e-01 9.962167175629966787e-01 9.913827142366994361e-01 9.901349315689869091e-01 9.973883088461990010e-01 9.959604038357985356e-01 9.972730498930276744e-01 9.920509468053714253e-01 9.974522537872793082e-01 9.971843015414968425e-01
9.898517966997710804e-01 9.933381755383597911e-01 9.802590623189879615e-01 9.929580520005484301e-01 9.968620560523712149e-01 9.952417385919478665e-01 9.974708426343715795e-01 9.909772076197514989e-01 9.947376738620471448e-01 9.976984353297621011e-01
9.644469939006580228e-01 9.954800105294947521e-01 9.953522821020041045e-01 9.782724540422179649e-01 9.974275631529336827e-01 9.982046058317247672e-01 9.923730971687135805e-01 9.716857991667573469e-01 9.969866136873986040e-01 9.925578782782827902e-01
9.874786192511550986e-01 9.956349594305838879e-01 9.869676522634365234e-01 9.951137241291219127e-01 9.878804709470898615e-01 9.719899197515898814e-01 9.906276606205230983e-01 9.790723075377406603e-01 9.883585325499467666e-01 9.979900052196096771e-01
9.955902330130879108e-01 9.948855390715644065e-01 9.885265514679330012e-01 9.706427296354556145e-01 9.958956280582000886e-01 9.971020499460819808e-01 9.930918099117366227e-01 9.914990333222061247e-01 9.929180603541879480e-01 9.955664955493128687e-01
9.980944890611730402e-01 9.777052196668812867e-01 9.931255274477158723e-01 9.909007810839746133e-01 9.967790739357380581e-01 9.937789088623054656e-01 9.890690259238401616e-01 9.966985234882651534e-01 9.944954518468599458e-01 9.846500924622284545e-01
9.967115190390213320e-01 9.958092838539901459e-01 9.917694940264831782e-01 9.920779911809700646e-01 9.971419540036402518e-01 9.965848814763141883e-01 9.931147421734940473e-01 9.944170619614393081e-01 9.965864688406474992e-01 9.842949924491564140e-01
9.958733544420796946e-01 9.937046368359709891e-01 9.934468098510823575e-01 9.856773119071261524e-01 9.903650249983310117e-01 9.940103565510292061e-01 9.951357301934482535e-01 9.945430533059428369e-01 9.962164241314632740e-01 9.922314752032055374e-01
9.980568836473825423e-01 9.977144058698010909e-01 9.913499910018785943e-01 9.970301908451816297e-01 9.880103556052983738e-01 9.877719026463489538e-01 9.897398810857200857e-01 9.953713646695777628e-01 9.952446881749459351e-01 9.910457554790855772e-01
9.906802688587413863e-01 9.910407454158963736e-01 9.983253078407026138e-01 9.937448923845917381e-01 9.968924922488260343e-01 9.980728265660429033e-01 9.897183116097849620e-01 9.923820726392179603e-01 9.937364647354155478e-01 9.972047968119781558e-01
9.976696070859255583e-01 9.744007053091459092e-01 9.986643080945477591e-01 9.966319550188130760e-01 9.883623379117904006e-01 9.959587208941717007e-01 9.982579144260500525e-01 9.909546832814857265e-01 9.937626057464420404e-01 9.979891274087195896e-01
9.980977493028369008e-01 9.913805901320362768e-01 9.959861310592016403e-01 9.969504887814182315e-01 9.959172193403148521e-01 9.950824912651347054e-01 9.926755457090108425e-01 9.976358073453555075e-01 9.929653229431993910e-01 9.976734494437717871e-01
9.924563971446520583e-01 9.963960658914816637e-01 9.955132712018962549e-01 9.762446802850026639e-01 9.959532681512610619e-01 9.970906227399348731e-01 9.918048417015191687e-01 9.967337857323683714e-01 9.952346362249835376e-01 9.967924799583031126e-01
9.938479748705820738e-01 9.886068054987402487e-01 9.966717340858424201e-01 9.957035381638965621e-01 9.969935077510647670e-01 9.951882789013982711e-01 9.960882759634571704e-01 9.925342573912002697e-01 9.916413922123683555e-01 9.936914762913535704e-01
9.965426655773755860e-01 9.917353641626680538e-01 9.942216051689393153e-01 9.954921601654639352e-01 9.836877864106754465e-01 9.964894465922252698e-01 9.960272966268171047e-01 9.961410656418360210e-01 9.940798408360086436e-01 9.954683644066671944e-01
9.930070654343159386e-01 9.983533571386870031e-01 9.974774530524204152e-01 9.914588758420206371e-01 9.960439045172220229e-01 9.820966940778355081e-01 9.987511818507899264e-01 9.922436751754302175e-01 9.966058920875118243e-01 9.958154680784067070e-01
9.921244503356205779e-01 9.959381932137713056e-01 9.935256113148547286e-01 9.956926795840601585e-01 9.951542108100460693e-01 9.942226766499069335e-01 9.942058688833473878e-01 9.946675855884062889e-01 9.965689953797647327e-01 9.973941343474115317e-01
9.965796085244986724e-01 9.936598009350197103e-01 9.977314162335343406e-01 9.887691471140930277e-01 9.965417576518880161e-01 9.933741287497497296e-01 9.881352616918829268e-01 9.911476870247762916e-01 9.964474278653082662e-01 9.957569069406184692e-01
9.907624039275179095e-01 9.981390673641248323e-01 9.957904178147199969e-01 9.982554765035582811e-01 9.939835552225830817e-01 9.969456425252182230e-01 9.980634774343793980e-01 9.940656919763215527e-01 9.989905666710710008e-01 9.982074077107309096e-01
9.926192295693248013e-01 9.941349577107090330e-01 9.956674004115217969e-01 9.932942739737796733e-01 9.928393454831063725e-01 9.940709367664004592e-01 9.954507421424692026e-01 9.943488083665127375e-01 9.971807202119538083e-01 9.964138141182147246e-01
9.876816336015873388e-01 9.954634842835586861e-01 9.969097716351134064e-01 9.888428686526110623e-01 9.970841284877187682e-01 9.869534298149135187e-01 9.969799642103092108e-01 9.955982016616776731e-01 9.908739643064156111e-01 9.918761406120372159e-01
9.945734949762481403e-01 9.975957639223568263e-01 9.909426042703134430e-01 9.922517883948865913e-01 9.980608302441429380e-01 9.962192536174649948e-01 9.967103285580287686e-01 9.958953141827777689e-01 9.906844398232287352e-01 9.935618032982432846e-01
9.957032034991326608e-01 9.966488866219879172e-01 9.907836617602895357e-01 9.952249006826395794e-01 9.975527776833298388e-01 9.915224827106101646e-01 9.935889096040796398e-01 9.953714824667031502e-01 9.970783847133858346e-01 9.921831813773717146e-01
9.970276859225259969e-01 9.911671855021877420e-01 9.906697052574212625e-01 9.958695550518291695e-01 9.958416293826511945e-01 9.941438136757555499e-01 9.932451022716126676e-01 9.944314755066903100e-01 9.932231324504026126e-01 9.912385242577296252e-01
9.946782123421618049e-01 9.975001930403118999e-01 9.614942597713014294e-01 9.935976022867685220e-01 9.867352154635770090e-01 9.979939420401446881e-01 9.930088402092879241e-01 9.935506198016255119e-01 9.964340444998784907e-01 9.572907378793498179e-01
7.979236342735529508e-01 9.977383542775934977e-01 9.975543262295125668e-01 9.839414167735952566e-01 9.921249142412993383e-01 9.941404886601051816e-01 9.981412926532183816e-01 9.923187531466243216e-01 9.987380564517261972e-01 9.980792679373147180e-01
9.936480560454201694e-01 9.960186351756332712e-01 9.972998142271874977e-01 9.970205913979521828e-01 9.904072776986151405e-01 9.954847474685181163e-01 9.886985353821960976e-01 9.940990946414351992e-01 9.857746544992544990e-01 9.969465788393975236e-01
9.891103102293266058e-01 9.897394913330763710e-01 9.934994436918572758e-01 9.937928961107820314e-01 9.953898933265118432e-01 9.978702946337930646e-01 9.889363509066084745e-01 9.969867957054638907e-01 9.850910110855962687e-01 9.927850215845258619e-01
9.895796795861617756e-01 9.969730466238375666e-01 9.929517386021986525e-01 9.917151564678625686e-01 9.980014897456058742e-01 9.943534800693143438e-01 9.915837233663730155e-01 9.923544183150909692e-01 9.936542764984931386e-01 9.971912199761855389e-01
9.961505050660306448e-01 9.940838600873705966e-01 9.929032230260967928e-01 9.768503360742755159e-01 9.933545834784498485e-01 9.972972958036148139e-01 9.976352833940123066e-01 9.916794547899829837e-01 9.968525470746090189e-01 9.962289362435809981e-01
9.710102589121156758e-01 9.955439524533583606e-01 9.981454035872169284e-01 9.953017464204658715e-01 9.652953962766512852e-01 9.931429729847081056e-01 9.969812954437423658e-01 9.834351348250562896e-01 9.963115677680961513e-01 9.957779869013531071e-01
9.930787852292174422e-01 9.959804778515949364e-01 9.966224294898229363e-01 9.967987951794426982e-01 9.981704851489775487e-01 9.957873568173223333e-01 9.911399671048618520e-01 9.968706652620801245e-01 9.966995182227302852e-01 9.951707869294830200e-01
9.949457627418195615e-01 9.950955396451623969e-01 9.977934627209102958e-01 9.978142665141715995e-01 9.890973117209139742e-01 9.980292020844147016e-01 9.977083074983452704e-01 9.933761621032686229e-01 9.982218064791078538e-01 9.965611796790987409e-01
9.969064350472340852e-01 9.976406861484533595e-01 9.856953342481106217e-01 9.941163727243516046e-01 9.877160747196969126e-01 9.958297116024836804e-01 9.918493031135944271e-01 9.939876119284711820e-01 9.971912842985498626e-01 9.958116022997769434e-01
9.956565936668232419e-01 8.136274619142225273e-01 9.952893430830126453e-01 9.925402044380914335e-01 9.941786607879059545e-01 9.978933482028888857e-01 9.946697123281613706e-01 9.912608992623342941e-01 9.948074390852592597e-01 9.955627754249345429e-01
9.934130416353134096e-01 9.957352980131316533e-01 9.925341240719842695e-01 9.976676167103286641e-01 9.986418839109976187e-01 9.964560120481272820e-01 9.979628574549842535e-01 9.951295607657553166e-01 9.971524819765212877e-01 9.967769729861216677e-01
9.981361024054771214e-01 9.972600793545727260e-01 9.937415138026155503e-01 9.965096329760254612e-01 9.939265692310738087e-01 9.950942586356399389e-01 9.980862101152568888e-01 9.976886313320849631e-01 9.923369931966365964e-01 9.985439662687995988e-01
9.926713092191288279e-01 9.944565387359294295e-01 9.969461724324174545e-01 9.910588766484363932e-01 9.906389738059173666e-01 9.970892536800579631e-01 9.948104002926743128e-01 9.932777502443576045e-01 9.894296971635621052e-01 9.961854251457556986e-01
9.968028325260576139e-01 9.925905668159356043e-01 9.888211377144299208e-01 9.974883451967476722e-01 9.949765982177998236e-01 9.600530630661943121e-01 9.937299458056709778e-01 9.977584676369093408e-01 9.979114119596367294e-01 9.965132160657681482e-01
9.971391125257741406e-01 9.934721094182612511e-01 9.921127273757109899e-01 9.956588941744378696e-01 9.967468377010015868e-01 9.973491616640354218e-01 9.889694386502085877e-01 9.921803320997198972e-01 9.926139794272671457e-01 9.877862477629156812e-01
9.914407810883164585e-01 9.970061682192420394e-01 9.950730351952968844e-01 9.956970971384525582e-01 9.912238504323566124e-01 9.964595285202018093e-01 9.914364420595128680e-01 9.976238293023370618e-01 9.948783890233199312e-01 9.818197618785736713e-01
9.907550142712625574e-01 9.953851208855295507e-01 9.944900185996533581e-01 9.984135846673471981e-01 9.982295561796230565e-01 9.794456870493029044e-01 9.955352121803521248e-01 9.962004933148590480e-01 9.962324595179371522e-01 9.878745859166389032e-01
9.860877905935576671e-01 9.924535708084543106e-01 9.954520890649590781e-01 9.941053465558812308e-01 9.973091241977898314e-01 9.978584661456353366e-01 9.819834825243389798e-01 9.849922882370748534e-01 9.863730035806315133e-01 9.934975770976689491e-01
9.956986274741589371e-01 9.943668699227657948e-01 9.911032210766806960e-01 9.947717168724043990e-01 9.964353378472629030e-01 9.924422566783461797e-01 9.950894104897543002e-01 9.934292725027080717e-01 9.927218251104991120e-01 9.925243117468304233e-01
9.919804048590683543e-01 9.952582463188284212e-01 9.971190188536707133e-01 9.968306023462187859e-01 9.979261799654970400e-01 9.968735076433097309e-01 8.169333476286789741e-01 9.950930962069743924e-01 9.984057782319442076e-01 9.844366886495339308e-01
9.943660262322069343e-01 9.960244834484606180e-01 9.918469373766878316e-01 9.948656326204154965e-01 9.960806908919733749e-01 9.943627141624770127e-01 9.954965522877534667e-01 9.915702420080494406e-01 9.916957607527367990e-01 9.972999532674629020e-01
9.963740653685684290e-01 9.963271090977716682e-01 9.646500574069586387e-01 9.973224325031639914e-01 9.976225284249217173e-01 9.959478035674921292e-01 9.884322252016823906e-01 9.881109924209787732e-01 9.944878714934469732e-01 9.959598415989796560e-01
9.959629303157343516e-01 9.948983509549911286e-01 9.944453505666183135e-01 9.861286557683783816e-01 9.983351302264570348e-01 9.956460579093463492e-01 9.924445234570306029e-01 9.871688713652381209e-01 9.859425487719185588e-01 9.948915527148084470e-01
9.926883014430123442e-01 9.932242551733594382e-01 9.964504330378576302e-01 9.873803450647548052e-01 9.969441622314667573e-01 9.949525096845195371e-01 9.965535152846166644e-01 9.982465291095943272e-01 9.891991985422007305e-01 9.938253867468278546e-01
9.959721814681797847e-01 9.886128847825752519e-01 9.935065317431099885e-01 9.943258527125746760e-01 9.843966570419090401e-01 9.937418677131512057e-01 9.940718826160320765e-01 9.953815078904988400e-01 9.934228752815883468e-01 9.959552803144713362e-01
9.880749723573986065e-01 9.955459627200181627e-01 9.948505669229402715e-01 9.931411575321953400e-01 9.961080026520632291e-01 9.778321822416798925e-01 9.960343037753687234e-01 9.868208466241169541e-01 9.937959793554113075e-01 9.970140413130872403e-01
9.958566436700754254e-01 9.969784304187343515e-01 9.892796170133925093e-01 9.978170357752683683e-01 9.970108673091337970e-01 9.955366020848127606e-01 9.912520900644475885e-01 9.793602843159553428e-01 9.960407279811582804e-01 9.949145001695235413e-01
9.873191270655465868e-01 9.953860546728577896e-01 9.946192101012599762e-01 9.949018794521059528e-01 9.952651897184395802e-01 9.972997299712981212e-01 9.953224327605397770e-01 9.980353957041524504e-01 9.862364006338468769e-01 9.986249951551769977e-01
9.954303090799615505e-01 9.970209965033359767e-01 9.980694151280991022e-01 9.896550899814557933e-01 9.947251185968990495e-01 9.964599152103201796e-01 9.952436480739479396e-01 9.968739759240750065e-01 9.877374703715525728e-01 9.978259592073547291e-01
9.979108475463575045e-01 9.968884366238103256e-01 9.980060343202954432e-01 9.971226846236619368e-01 9.940662141898325421e-01 9.945272576726671421e-01 9.941362001628074596e-01 9.751975923835067839e-01 9.977612682811224376e-01 9.973593920339764995e-01
9.944115684058701943e-01 9.939399750254759303e-01 9.942660082049755710e-01 9.972266038160516599e-01 9.933596816966338006e-01 9.968890215401408073e-01 9.945898898200055127e-01 9.969890205452094367e-01 9.969636560610880549e-01 9.953966051371720969e-01
9.966421851959873512e-01 9.943944318933659599e-01 9.971149525652223122e-01 9.859460391714337524e-01 9.833658960358730994e-01 9.974177292293361363e-01 9.908734201657567464e-01 9.918103928871451203e-01 9.963900472142985798e-01 9.944627537161565556e-01
9.951384753482501733e-01 9.954912380688457629e-01 9.971945565395944344e-01 9.970895258303221764e-01 9.876199898226792895e-01 9.761669709070167622e-01 9.958771137322839362e-01 9.974167941322984454e-01 9.949867872755020493e-01 9.966678756741832457e-01
9.962722970676414214e-01 9.973186254776904569e-01 9.984518323199238488e-01 9.979538443864750530e-01 9.942753376605307780e-01 9.975239922753110777e-01 9.916286311195569025e-01 9.976372626330163307e-01 9.957989201758732367e-01 9.861440994369271573e-01
9.910665134666490905e-01 9.869957552722344873e-01 9.982740160688398090e-01 9.963399528804498528e-01 9.958590648106452337e-01 9.980413599552425685e-01 9.824502925903674244e-01 9.969222123153248516e-01 9.916940798291264958e-01 9.909245769523248315e-01
9.936098723578299374e-01 9.970029344433493090e-01 9.954279858658320324e-01 9.946280833934106891e-01 9.968630326969309952e-01 9.971102500775851363e-01 9.953817378521305770e-01 9.774292593999183154e-01 9.905928509383540304e-01 9.967731379216324683e-01
9.959856648904295007e-01 9.616363242403499489e-01 9.904531484188138224e-01 9.927355803902894182e-01 9.933248843174968812e-01 9.885758589836546317e-01 9.595174094197576053e-01 9.905091768651463902e-01 9.829208993108455861e-01 9.947411428778561993e-01
9.924210980885945776e-01 9.919550770240181947e-01 9.949038171303711264e-01 9.875878154338080250e-01 9.978951012253747255e-01 9.978100208308253727e-01 9.965184664184989494e-01 9.909429672853153903e-01 9.931812482174262602e-01 9.959616724860057557e-01
9.832806793657935529e-01 9.982226549178483399e-01 9.943737536378001174e-01 9.968198208509476688e-01 9.940657802305531421e-01 9.906553002426893295e-01 9.972495105091729872e-01 9.924588118999265740e-01 9.942968754093952644e-01 9.918456325135220908e-01
9.926994552220300694e-01 9.974061371073676963e-01 9.966028447079501307e-01 9.980898262327584369e-01 8.791525035109989394e-01 9.852520121628913774e-01 9.979538495688954347e-01 9.958264601535041782e-01 9.766303757147921649e-01 9.976615684382890148e-01
9.914948593186641013e-01 9.921752587173334748e-01 9.839486185023090803e-01 9.950121987700176751e-01 9.759341157553889090e-01 9.955478483297458547e-01 9.706817660971652773e-01 9.962395357532884965e-01 9.931997216120986849e-01 9.920384653321998591e-01
9.981429952722232768e-01 9.981455072024023600e-01 9.985798378183682322e-01 9.942801295495659053e-01 9.887163817007714739e-01 9.982423279378422887e-01 9.920970122959459347e-01 9.850898755374879467e-01 9.922094854315477441e-01 9.953055211333725616e-01
9.953300206713070475e-01 9.944254267890165755e-01 9.878592073553615904e-01 9.873447233246837040e-01 9.922735806605856856e-01 9.934520008751968057e-01 9.904233782768885330e-01 9.976268461574734348e-01 9.952748524455421464e-01 9.960626309365723241e-01
9.943838173919623546e-01 6.901685216972123227e-01 9.972649962528362666e-01 9.956281125495133333e-01 9.979731629324387621e-01 9.988921578215134156e-01 9.935320303785462048e-01 9.938575531815974085e-01 9.970933998620979954e-01 9.943636958784076718e-01
9.975053205245909549e-01 9.976352238156792618e-01 9.946052212079696808e-01 9.951393230795344547e-01 9.962468351257448562e-01 9.898713272361646665e-01 9.918354338973148776e-01 9.968162824323287818e-01 9.826486724598819666e-01 9.964323788732425413e-01
9.969136636244934069e-01 9.969243555296399828e-01 9.905494945130254303e-01 9.941690730456074210e-01 9.942986651024003919e-01 9.962817259486034249e-01 9.959501291069070561e-01 9.941890435233541323e-01 9.971859741940589661e-01 9.681556537912603400e-01
9.934488337005742409e-01 9.963945232798617768e-01 9.950059087896760968e-01 9.965311329277646291e-01 9.979505703844169240e-01 9.943317421888279162e-01 9.960669935570326539e-01 9.883959900894836448e-01 9.966321959465991309e-01 9.917649489355732095e-01
9.761848262902464990e-01 9.852016822543592234e-01 9.989392304984502369e-01 9.895012815897815672e-01 9.976413508551049691e-01 9.946564549540009015e-01 9.886155144503667724e-01 9.897155354265910754e-01 9.974987849967767994e-01 9.983940787698936115e-01
9.937045999263338647e-01 9.791068270793443773e-01 9.963524648668479200e-01 9.932060310950261428e-01 9.877353316941061001e-01 9.955129375036685380e-01 9.935897386938946640e-01 9.886655385975441357e-01 9.984262661619757173e-01 9.940892783763943807e-01
9.982325429546039519e-01 9.869166958218754671e-01 9.827923728341876330e-01 9.919347345186816378e-01 9.964623701572924430e-01 9.905188952719811146e-01 9.858007896029674644e-01 9.974291087380481313e-01 9.892925664609895087e-01 9.912053906725886154e-01
9.965045957309875968e-01 9.911483172973339917e-01 9.991164833858119376e-01 9.958360167025194221e-01 9.968094811122817367e-01 9.982429725207920823e-01 9.943946131644436637e-01 9.957944215185842163e-01 9.941957560873461164e-01 9.954407774622218152e-01
9.940117904598884113e-01 9.944256866275074103e-01 9.940771788205868820e-01 9.937727926657106137e-01 9.976704232152878715e-01 9.957874455958533044e-01 9.924730312564481460e-01 9.882354061537431678e-01 9.863829456561475917e-01 9.852721561668196237e-01
