9.999958541422404590e-01 9.999922068525010088e-01 9.999932544090854858e-01 9.999942730459155937e-01 9.999952976489774326e-01 9.999943519348790666e-01 9.999861151295671435e-01 9.999921091349411872e-01 9.999942821575822371e-01 9.999922070506237493e-01
9.999954223618754412e-01 9.999894787607883639e-01 9.999919432253699947e-01 9.999900908885703821e-01 9.999939802207822304e-01 9.999884859976588825e-01 9.999934203283679102e-01 9.999939340017560685e-01 9.999931003706353794e-01 9.999896609598778463e-01
9.999954938113925218e-01 9.999923468176500352e-01 9.999926115682000738e-01 9.999934988556500315e-01 9.999946003225835822e-01 9.999933167650292276e-01 9.999953968034585028e-01 9.999927351958838306e-01 9.999903525559740158e-01 9.999917595169112161e-01
9.999942410877432630e-01 9.999898070618415957e-01 9.999960285554287953e-01 9.999923045221902340e-01 9.999932484300726454e-01 9.999946819087521810e-01 9.999944925835807519e-01 9.999949742559666177e-01 9.999957776172605506e-01 9.999934117177783355e-01
9.999918241857757017e-01 9.999906068776825974e-01 9.999928003130977849e-01 9.999901847748222661e-01 9.999929253994449541e-01 9.999905742343138115e-01 9.999934042540719048e-01 9.999920080045381354e-01 9.999917754733359532e-01 9.999948801399857201e-01
9.999936692319687515e-01 9.999939522071674691e-01 9.999911890855456287e-01 9.999940817659013215e-01 9.999942733546606233e-01 9.999918497628220715e-01 9.999900088928320718e-01 9.999911429111065786e-01 9.999957482354439042e-01 9.999934623223619701e-01
9.999883290695991134e-01 9.999941913965317841e-01 9.999957156446815931e-01 9.999872695340565887e-01 9.999964444963380661e-01 9.999932268394212675e-01 9.999915972664409347e-01 9.999939272084525932e-01 9.999937908348408566e-01 9.999937397151595908e-01
9.999948465928035768e-01 9.999946348187219725e-01 9.999906792255526256e-01 9.999902273688536791e-01 9.999947678330951550e-01 9.999950090163525207e-01 9.999924835325723071e-01 9.999899391090900647e-01 9.999970056600604451e-01 9.999915666867642550e-01
9.999912493129777813e-01 9.999941737156446964e-01 9.999928277951586342e-01 9.999927852912245951e-01 9.999961192096152862e-01 9.999938663467035083e-01 9.999889375552137860e-01 9.999897752978673671e-01 9.999930576078450706e-01 9.999940253023186232e-01
9.999917878434688712e-01 9.999908045911166665e-01 9.999958179110084444e-01 9.999897776974260299e-01 9.999928197596268387e-01 9.999925347833102940e-01 9.999923827383661035e-01 9.999918141012243966e-01 9.999926179669799131e-01 9.999949439307270760e-01
9.999935939753197278e-01 9.999901390427673453e-01 9.999951458760900636e-01 9.999911186250221018e-01 9.999927875422744972e-01 9.999934529644175507e-01 9.999922809113362954e-01 9.999927559330118454e-01 9.999946449912237023e-01 9.999953119440776472e-01
9.999909838810282503e-01 9.999969061963897010e-01 9.999927657887464072e-01 9.999966697486324385e-01 9.999922227867105162e-01 9.999936365087987999e-01 9.999943769007773042e-01 9.999940483211330333e-01 9.999917421510682303e-01 9.999927427551692505e-01
9.999934463563175946e-01 9.999957837037544151e-01 9.999928550448875519e-01 9.999895854757149261e-01 9.999947256508054938e-01 9.999935361008570611e-01 9.999927701102889754e-01 9.999944262245216153e-01 9.999908998845291608e-01 9.999929603534678524e-01
9.999940419453423601e-01 9.999932472719671450e-01 9.999947783340216168e-01 9.999931300454242278e-01 9.999935080894613026e-01 9.999881784987296740e-01 9.999899792331218285e-01 9.999935688264699474e-01 9.999914417696869062e-01 9.999921033106029533e-01
9.999944534032685350e-01 9.999901365510969198e-01 9.999958135287505545e-01 9.999944448280185805e-01 9.999928669780060453e-01 9.999924283698619076e-01 9.999971428048762823e-01 9.999930132710302955e-01 9.999881802777997875e-01 9.999953474805747256e-01
9.999922610296921865e-01 9.999945731361581380e-01 9.999935088413687279e-01 9.999942528990367618e-01 9.999936942052763955e-01 9.999892493778884672e-01 9.999952333742393451e-01 9.999918698808227813e-01 9.999919236868450856e-01 9.999922881874514502e-01
9.999949122481135433e-01 9.999902567384802987e-01 9.999955407751912606e-01 9.999956014039296237e-01 9.999945396801521724e-01 9.999903763982741500e-01 9.999945381441111003e-01 9.999935128637286175e-01 9.999920299885275421e-01 9.999923227758956701e-01
9.999945940059108418e-01 9.999945048310823204e-01 9.999957503129527359e-01 9.999930210860282775e-01 9.999910819602166878e-01 9.999928066101547719e-01 9.999950142339489867e-01 9.999924298752445040e-01 9.999952814671583257e-01 9.999920537752523542e-01
9.999891000971353749e-01 9.999914671866678706e-01 9.999922739766040625e-01 9.999915694444263536e-01 9.999975339538031971e-01 9.999934240596713986e-01 9.999929535684796145e-01 9.999925953059276562e-01 9.999927538917177117e-01 9.999942407033212133e-01
9.999934901179341473e-01 9.999912414913154635e-01 9.999918043380503496e-01 9.999972336883382606e-01 9.999951806010356492e-01 9.999933783836536527e-01 9.999920092880033584e-01 9.999929075886612173e-01 9.999927584978077766e-01 9.999917989671227581e-01
9.999937083687703288e-01 9.999884852498236443e-01 9.999924643359361376e-01 9.999953149299111166e-01 9.999917905001473040e-01 9.999917523675976305e-01 9.999912747471784158e-01 9.999914020273966697e-01 9.999948650717658261e-01 9.999881531934161627e-01
9.999940194472272115e-01 9.999953496728261060e-01 9.999958598998753834e-01 9.999949775978783650e-01 9.999928463179025284e-01 9.999933715306160709e-01 9.999933320511954493e-01 9.999917797623685267e-01 9.999922057545376219e-01 9.999900971523699722e-01
9.999895770006956841e-01 9.999938507556052070e-01 9.999904004047103223e-01 9.999920246150766356e-01 9.999918868484533041e-01 9.999890880864222842e-01 9.999915973998183549e-01 9.999933109313394741e-01 9.999915704101421943e-01 9.999943133915458748e-01
9.999921196833037040e-01 9.999946846806456735e-01 9.999926345766173563e-01 9.999913577125045805e-01 9.999960559717973041e-01 9.999953988531142812e-01 9.999947322012167072e-01 9.999931662911041297e-01 9.999937978763741020e-01 9.999890872690618826e-01
9.999891561850563493e-01 9.999954219549260781e-01 9.999944428202193203e-01 9.999922878571129159e-01 9.999946201059349837e-01 9.999941500866815769e-01 9.999972348627069740e-01 9.999920750236560574e-01 9.999949092396890338e-01 9.999941825724546485e-01
9.999905213821076444e-01 9.999935006334470522e-01 9.999893771968059175e-01 9.999948670045271104e-01 9.999921031380889502e-01 9.999936636370231335e-01 9.999945504978862143e-01 9.999922920810433435e-01 9.999938368395557831e-01 9.999929695570632937e-01
9.999920469886733887e-01 9.999918901475531863e-01 9.999860524651134064e-01 9.999946435048837623e-01 9.999921862259857352e-01 9.999955755258475021e-01 9.999942769242179397e-01 9.999930347401833064e-01 9.999941537418164383e-01 9.999952205414766038e-01
9.999944634447650582e-01 9.999919871620371881e-01 9.999906134253246925e-01 9.999931120620477731e-01 9.999942937743263593e-01 9.999922015992026569e-01 9.999963026766928165e-01 9.999923846240735825e-01 9.999927892180831002e-01 9.999929480475990839e-01
9.999941450107312502e-01 9.999933884542671070e-01 9.999950902142855647e-01 9.999932638731557910e-01 9.999965346138997013e-01 9.999939682807565955e-01 9.999892537233877610e-01 9.999928605775660895e-01 9.999911695089082064e-01 9.999907937509227018e-01
9.999881814102163924e-01 9.999972625065515208e-01 9.999918619029719569e-01 9.999917729563490010e-01 9.999955939635541968e-01 9.999896140950201850e-01 9.999949755512514971e-01 9.999906801267717249e-01 9.999926481098474484e-01 9.999946912425516921e-01
9.999947874196792874e-01 9.999902883167326451e-01 9.999908609132976967e-01 9.999917618490350435e-01 9.999907902453279984e-01 9.999893699434221350e-01 9.999921353387076772e-01 9.999922693080691705e-01 9.999916689199978004e-01 9.999929313725562929e-01
9.999909890495531917e-01 9.999928095617671708e-01 9.999922830006926500e-01 9.999946540017119467e-01 9.999970790255318098e-01 9.999950906043687526e-01 9.999897859860497062e-01 9.999882995593343260e-01 9.999953106247583268e-01 9.999959057974343590e-01
9.999930633369683575e-01 9.999943522105151361e-01 9.999944239692418746e-01 9.999960360999541331e-01 9.999929486681830015e-01 9.999892823437251943e-01 9.999934654904096831e-01 9.999944625508161433e-01 9.999951451607502761e-01 9.999913306385227463e-01
9.999935375593252962e-01 9.999939657547091132e-01 9.999932304675692718e-01 9.999954738168911339e-01 9.999923473278851116e-01 9.999941678601514949e-01 9.999939551478167488e-01 9.999953602387091633e-01 9.999894392716637270e-01 9.999937264575696760e-01
9.999927035380017371e-01 9.999959680252356042e-01 9.999936382804357482e-01 9.999931677495239590e-01 9.999918434906414078e-01 9.999918444725204303e-01 9.999939677688671757e-01 9.999847863748670962e-01 9.999886056903201093e-01 9.999898643594898884e-01
9.999883625695235034e-01 9.999957160425159142e-01 9.999927364250205120e-01 9.999943163200727403e-01 9.999935915005232490e-01 9.999875730457805645e-01 9.999916440114354765e-01 9.999939531358141842e-01 9.999930755157530049e-01 9.999912777306400047e-01
9.999936346571367540e-01 9.999910652995979143e-01 9.999916419700818349e-01 9.999945232281840513e-01 9.999937758729189330e-01 9.999958120246844606e-01 9.999927048200316637e-01 9.999920717526875613e-01 9.999931368257032327e-01 9.999924537610850317e-01
9.999945176923770163e-01 9.999915940114409985e-01 9.999935644368362908e-01 9.999934450806690078e-01 9.999878966098142419e-01 9.999932595640822486e-01 9.999925386921545423e-01 9.999942895851513525e-01 9.999930875713706202e-01 9.999911256357483236e-01
9.999955964430234934e-01 9.999933933148006382e-01 9.999947156310197149e-01 9.999929320119107512e-01 9.999957080988387537e-01 9.999940184065831961e-01 9.999945929107746379e-01 9.999942291772446756e-01 9.999954919277352916e-01 9.999953321308386878e-01
9.999957720029052366e-01 9.999897053360921051e-01 9.999946083196968871e-01 9.999921159789796343e-01 9.999915888165012978e-01 9.999936317185331713e-01 9.999952260427231732e-01 9.999937722314947708e-01 9.999920497221701510e-01 9.999932149861913144e-01
9.999928884281470420e-01 9.999947204425365666e-01 9.999933545186284745e-01 9.999934462672201985e-01 9.999935959563578391e-01 9.999936077790134714e-01 9.999902115591785545e-01 9.999891681338146654e-01 9.999912914733584124e-01 9.999954253293460438e-01
9.999920281726316640e-01 9.999924688021293306e-01 9.999937818234190257e-01 9.999914455191062368e-01 9.999947859367611658e-01 9.999963708168326804e-01 9.999901860043689528e-01 9.999915566417569845e-01 9.999917269066304071e-01 9.999927990231339825e-01
9.999917131239343115e-01 9.999941939353390596e-01 9.999942167911394231e-01 9.999928662331627471e-01 9.999939020514240218e-01 9.999950379817611479e-01 9.999942881577018605e-01 9.999946551778617909e-01 9.999931032903071060e-01 9.999960446948148451e-01
9.999931934879550122e-01 9.999918100761757689e-01 9.999934491479013365e-01 9.999924213185169553e-01 9.999937223568905464e-01 9.999942426220829184e-01 9.999942304718912878e-01 9.999948616336957752e-01 9.999935309243703774e-01 9.999908043376868338e-01
9.999920910446058464e-01 9.999924194281504253e-01 9.999947144214901273e-01 9.999918416253994469e-01 9.999904236397971768e-01 9.999910495876354055e-01 9.999942156635810431e-01 9.999928933894294270e-01 9.999974822017499987e-01 9.999907157195052632e-01
9.999932999640767095e-01 9.999948364104503939e-01 9.999922923813202580e-01 9.999926745937923744e-01 9.999934643014064539e-01 9.999940159491175207e-01 9.999947251088406874e-01 9.999899597187121847e-01 9.999926744266099954e-01 9.999913278952288209e-01
9.999937546460162530e-01 9.999935393939952677e-01 9.999938339157853351e-01 9.999907677550743390e-01 9.999942045781947675e-01 9.999936673024101275e-01 9.999943349906887935e-01 9.999918831622027771e-01 9.999926039444766435e-01 9.999934006455915014e-01
9.999935574544867034e-01 9.999942413524733897e-01 9.999939945575135880e-01 9.999893662928455162e-01 9.999917171468860611e-01 9.999920744550940821e-01 9.999954392568930484e-01 9.999944317017722684e-01 9.999921076309039591e-01 9.999926226654017869e-01
9.999933893467367607e-01 9.999926990242072877e-01 9.999949221371224883e-01 9.999906214254732362e-01 9.999919639059119403e-01 9.999937319632452581e-01 9.999933488273002880e-01 9.999929310554013240e-01 9.999960130896040633e-01 9.999944812329221167e-01
9.999947436684161195e-01 9.999941785661015103e-01 9.999921765983642574e-01 9.999925050955926764e-01 9.999944991424807306e-01 9.999924860011629724e-01 9.999935281567620127e-01 9.999943264772807039e-01 9.999915407272503831e-01 9.999939803442882136e-01
9.999947037947528594e-01 9.999952215215121010e-01 9.999944868256154251e-01 9.999928642688787894e-01 9.999950182464613091e-01 9.999913949304002347e-01 9.999927928268907973e-01 9.999914605497112197e-01 9.999878647068354276e-01 9.999943072056087789e-01
9.999970420666544069e-01 9.999935486793746220e-01 9.999955819164940696e-01 9.999910183570844824e-01 9.999919276095552423e-01 9.999917009769986320e-01 9.999919540028050502e-01 9.999927758324475002e-01 9.999940864602994139e-01 9.999922839956912890e-01
9.999904726107849973e-01 9.999953356216843003e-01 9.999956890697216938e-01 9.999924789380848500e-01 9.999928135663755935e-01 9.999912682119337370e-01 9.999951700703942903e-01 9.999926851541597328e-01 9.999932875088025641e-01 9.999911384158283179e-01
9.999932587840084652e-01 9.999956305155075498e-01 9.999905067344303511e-01 9.999923586461263447e-01 9.999918337396191959e-01 9.999923931497251006e-01 9.999935832362121246e-01 9.999910584842943706e-01 9.999918431616461323e-01 9.999912510870671012e-01
9.999941595339004730e-01 9.999951714350218124e-01 9.999930008693961314e-01 9.999911108304329055e-01 9.999928672154598797e-01 9.999941725757505173e-01 9.999926227303091997e-01 9.999958053388434687e-01 9.999927386924960526e-01 9.999912840949948256e-01
9.999957392599371220e-01 9.999891689478093149e-01 9.999944416731576524e-01 9.999950974192736153e-01 9.999963401916237560e-01 9.999935758735850611e-01 9.999930867699817760e-01 9.999938311711494832e-01 9.999926069334326151e-01 9.999938270218166059e-01
9.999952136715541950e-01 9.999935975134128796e-01 9.999911830135359558e-01 9.999924859089547313e-01 9.999915432736127263e-01 9.999931258973372428e-01 9.999925718660822582e-01 9.999946293942318931e-01 9.999943473846892861e-01 9.999945851948753850e-01
9.999933210887883561e-01 9.999948895824951611e-01 9.999931798357988288e-01 9.999936112626233164e-01 9.999954410285030182e-01 9.999951639889234078e-01 9.999901816839812385e-01 9.999918552940502137e-01 9.999933118449498837e-01 9.999940395125058723e-01
9.999941247441245240e-01 9.999907947056095869e-01 9.999945914130667912e-01 9.999941692936925586e-01 9.999947679616419949e-01 9.999907948748614217e-01 9.999939187069918356e-01 9.999956777848199030e-01 9.999936955361049540e-01 9.999925555984380265e-01
9.999920212063643232e-01 9.999920165723240606e-01 9.999933776792019335e-01 9.999926364189326566e-01 9.999916409769392667e-01 9.999888859053679413e-01 9.999925157291421618e-01 9.999929368774451710e-01 9.999915244430036543e-01 9.999915799418089835e-01
9.999964030720138730e-01 9.999961460771550348e-01 9.999882293869831740e-01 9.999917429392830570e-01 9.999950009288078867e-01 9.999926645060296382e-01 9.999895279544439575e-01 9.999944149444937036e-01 9.999944149100453705e-01 9.999946193495562463e-01
9.999945753460579567e-01 9.999935692356166639e-01 9.999932921652550100e-01 9.999901683231404714e-01 9.999944959639147646e-01 9.999942334813135547e-01 9.999929993176275289e-01 9.999937650290980917e-01 9.999920144925003029e-01 9.999937481659032512e-01
9.999950867062350479e-01 9.999934877021320334e-01 9.999920038414192858e-01 9.999939016042560525e-01 9.999932629791299377e-01 9.999930619144378197e-01 9.999884763442171698e-01 9.999946508803293499e-01 9.999912970206934482e-01 9.999957259513271302e-01
9.999932246045485362e-01 9.999948780430337747e-01 9.999937426985628930e-01 9.999931012352594184e-01 9.999896731377246883e-01 9.999958832840487588e-01 9.999903320241201321e-01 9.999963458195815225e-01 9.999935176685652571e-01 9.999934525369226224e-01
9.999910057785117434e-01 9.999950899741602006e-01 9.999897319356130243e-01 9.999944543593932700e-01 9.999918103775534695e-01 9.999914638490321472e-01 9.999930951821838221e-01 9.999946859586815728e-01 9.999903671474315026e-01 9.999930466105759752e-01
9.999947425946437152e-01 9.999916953677934206e-01 9.999950382731496168e-01 9.999908296299293564e-01 9.999908480628499907e-01 9.999923103991336104e-01 9.999914398821098116e-01 9.999944438151506798e-01 9.999920702784844684e-01 9.999932856593282127e-01
9.999913273488194587e-01 9.999909211627386885e-01 9.999951582560751007e-01 9.999926958018251488e-01 9.999946110359100304e-01 9.999926826752559839e-01 9.999920087550221437e-01 9.999934767048714868e-01 9.999921362901006416e-01 9.999906719709282799e-01
9.999941835230916620e-01 9.999923584420679079e-01 9.999924351437747827e-01 9.999933899847507357e-01 9.999925485798230040e-01 9.999939198183129818e-01 9.999906705229362203e-01 9.999946806376029951e-01 9.999923400440050569e-01 9.999940385395785780e-01
9.999937167712568131e-01 9.999971870074213509e-01 9.999895154446869494e-01 9.999907477905997100e-01 9.999941265835988746e-01 9.999933155104094862e-01 9.999949394662737134e-01 9.999943359538628895e-01 9.999877965973645866e-01 9.999956458506541468e-01
9.999926720602879682e-01 9.999924530126327316e-01 9.999928273818448066e-01 9.999893624621273291e-01 9.999921661834928477e-01 9.999923817506366497e-01 9.999958733806233457e-01 9.999955825909229157e-01 9.999963886754140718e-01 9.999938962986526514e-01
9.999958101507229191e-01 9.999955090820290549e-01 9.999949199120757859e-01 9.999927188541786194e-01 9.999954883600267186e-01 9.999906223532551985e-01 9.999908462629502059e-01 9.999920795245770266e-01 9.999935289052815923e-01 9.999964642975649465e-01
9.999924404777292830e-01 9.999917260134527641e-01 9.999937295616995181e-01 9.999918515591059709e-01 9.999926573775888006e-01 9.999936523159278501e-01 9.999918515573049671e-01 9.999957906944083597e-01 9.999922599936684753e-01 9.999927444762956030e-01
9.999956122019796334e-01 9.999918007523926899e-01 9.999944909010641814e-01 9.999946816916597259e-01 9.999903409932251463e-01 9.999920710561543968e-01 9.999946424437117232e-01 9.999946285232351739e-01 9.999925963456092193e-01 9.999926375321707139e-01
9.999955924639627458e-01 9.999955093533978712e-01 9.999943292022964725e-01 9.999933798898809068e-01 9.999934922254088976e-01 9.999939296780846476e-01 9.999945778126652085e-01 9.999929993675019668e-01 9.999942783261966950e-01 9.999955137275785555e-01
9.999921264315779768e-01 9.999923555755477755e-01 9.999948480734763834e-01 9.999942657890281694e-01 9.999937296497450889e-01 9.999931912206380114e-01 9.999947426411617268e-01 9.999897114990932145e-01 9.999904295044222957e-01 9.999915912963092124e-01
9.999955800276638662e-01 9.999942642081131039e-01 9.999919980904418138e-01 9.999963758492527166e-01 9.999950274725808441e-01 9.999943277724319124e-01 9.999951358446612648e-01 9.999930127124747603e-01 9.999935089562154156e-01 9.999937473925907261e-01
9.999922611006244466e-01 9.999926502555425145e-01 9.999947652840376344e-01 9.999891054352433306e-01 9.999941761287689523e-01 9.999925789533247178e-01 9.999884479192224784e-01 9.999897175129955906e-01 9.999922721426244276e-01 9.999939840197206165e-01
9.999917802291623525e-01 9.999931991123228725e-01 9.999934708549331752e-01 9.999961214829522493e-01 9.999957547822451165e-01 9.999907688968845410e-01 9.999937020642142294e-01 9.999946632226934806e-01 9.999959219626077811e-01 9.999953533936111194e-01
9.999970020523342162e-01 9.999920146244168917e-01 9.999916845917393715e-01 9.999911293558695347e-01 9.999881626622841857e-01 9.999969295212982612e-01 9.999949079647320049e-01 9.999933752781905438e-01 9.999948342763093079e-01 9.999902945651588659e-01
9.999946373780638220e-01 9.999931511113102633e-01 9.999925377818438266e-01 9.999896117365293380e-01 9.999908350248768452e-01 9.999926375225087760e-01 9.999952683714090629e-01 9.999925410882983812e-01 9.999923534534674863e-01 9.999915397351037960e-01
9.999899502650676508e-01 9.999915699337050823e-01 9.999902389450465723e-01 9.999940050500019106e-01 9.999860649555318837e-01 9.999917354534814118e-01 9.999941838382286896e-01 9.999934374231749246e-01 9.999932199477044037e-01 9.999901383420319867e-01
9.999956870047690405e-01 9.999945341733650350e-01 9.999952365987286873e-01 9.999948166213425971e-01 9.999921933574055233e-01 9.999922823987258402e-01 9.999957355431969841e-01 9.999949883062461131e-01 9.999926923702857628e-01 9.999953015928831901e-01
9.999952246596677252e-01 9.999932557660377030e-01 9.999914740152057169e-01 9.999933455014883288e-01 9.999895401599195877e-01 9.999893625006645026e-01 9.999938717740447514e-01 9.999908944682757150e-01 9.999940688351809381e-01 9.999944599981085425e-01
9.999936704669236676e-01 9.999939265194698335e-01 9.999935373556883000e-01 9.999935579133009123e-01 9.999949198534368033e-01 9.999935997673400356e-01 9.999926404953231041e-01 9.999902853321291918e-01 9.999931999250524228e-01 9.999930308932446499e-01
9.999946250585459717e-01 9.999918392221319730e-01 9.999926492172224179e-01 9.999924797468947579e-01 9.999938021938195032e-01 9.999954141698722543e-01 9.999917107563019991e-01 9.999955821072961104e-01 9.999944422647918385e-01 9.999932537131109855e-01
9.999934910933288013e-01 9.999884268827682332e-01 9.999954282163868724e-01 9.999955073280805129e-01 9.999921237637764415e-01 9.999877283834597286e-01 9.999932943285091413e-01 9.999943875889978351e-01 9.999941184699162600e-01 9.999947778871236537e-01
9.999907806499288565e-01 9.999934110909188822e-01 9.999919363075042700e-01 9.999944555123092549e-01 9.999928979718939459e-01 9.999945372893536133e-01 9.999951722191664505e-01 9.999937468607857927e-01 9.999946672968833550e-01 9.999951475201478424e-01
9.999878820696987969e-01 9.999921231311170722e-01 9.999943999968602393e-01 9.999927996609557779e-01 9.999931557945860305e-01 9.999937605422085651e-01 9.999960659145320507e-01 9.999934653611388669e-01 9.999939024456127035e-01 9.999916595059090696e-01
9.999911141499099321e-01 9.999954117872322801e-01 9.999912594249876774e-01 9.999951130464990179e-01 9.999941163939374267e-01 9.999933636183492291e-01 9.999962635038524006e-01 9.999943290171058319e-01 9.999931205321627159e-01 9.999943036031836430e-01
9.999952635898672337e-01 9.999925739970129124e-01 9.999934471367691868e-01 9.999961999029811643e-01 9.999918353866703580e-01 9.999931840146776274e-01 9.999940373582153486e-01 9.999960420389419902e-01 9.999937701072085794e-01 9.999947873195971226e-01
9.999940789526833296e-01 9.999913968406946019e-01 9.999930884214643934e-01 9.999954763802348934e-01 9.999932061372838188e-01 9.999945884436320931e-01 9.999920768178743868e-01 9.999951299256272241e-01 9.999892281535232019e-01 9.999969346005733728e-01
9.999956801026952391e-01 9.999936188535883952e-01 9.999940398837839917e-01 9.999924815464220629e-01 9.999902027146887473e-01 9.999940846476582657e-01 9.999933631328294936e-01 9.999918221458364842e-01 9.999904018580215714e-01 9.999894107478718430e-01
9.999915153845658766e-01 9.999924631328106495e-01 9.999942421467296061e-01 9.999924351434585912e-01 9.999924846156393876e-01 9.999937089325342532e-01 9.999921237845275090e-01 9.999951863644706007e-01 9.999903226227973008e-01 9.999912269902124784e-01
9.999896040696308885e-01 9.999932151874638686e-01 9.999938153788453521e-01 9.999958497739525054e-01 9.999918006594784581e-01 9.999930377583604590e-01 9.999954738747878213e-01 9.999893696392928577e-01 9.999937372456549900e-01 9.999932899948751341e-01
9.999953317950658338e-01 9.999927308306711948e-01 9.999945566113552786e-01 9.999945677383477172e-01 9.999932662406122441e-01 9.999936017118146170e-01 9.999919040493194800e-01 9.999897339092687076e-01 9.999934662645119099e-01 9.999913153509808472e-01
9.999948435504363298e-01 9.999917523844931155e-01 9.999940948618779579e-01 9.999893081387718485e-01 9.999926151275472241e-01 9.999939056818352157e-01 9.999945906396867645e-01 9.999894150087407230e-01 9.999916074081343087e-01 9.999941113471295662e-01
9.999928386189355090e-01 9.999952374053795445e-01 9.999943474831357593e-01 9.999945046203130294e-01 9.999938414420352917e-01 9.999936022436667349e-01 9.999925642329769993e-01 9.999940795370154678e-01 9.999936960889544979e-01 9.999930503791913949e-01
9.999920994225899307e-01 9.999885823042594657e-01 9.999932378158143953e-01 9.999920727434133960e-01 9.999946373135699673e-01 9.999945093262425644e-01 9.999927756608482099e-01 9.999895651274504083e-01 9.999917698664065879e-01 9.999960698496856981e-01
9.999933146991469846e-01 9.999933419029664039e-01 9.999934001876936707e-01 9.999930576340111399e-01 9.999925737983819118e-01 9.999899527990794290e-01 9.999910767003113987e-01 9.999926439931837718e-01 9.999929009881525221e-01 9.999915066496890548e-01
9.999965042955075711e-01 9.999953569239691253e-01 9.999936684122453512e-01 9.999964907064587960e-01 9.999943375395333733e-01 9.999924378575781869e-01 9.999937589668245197e-01 9.999942385131344036e-01 9.999912693118300222e-01 9.999932170156023981e-01
