9.999189438983143718e-01 9.996342759340980377e-01 9.998481497813809238e-01 9.999103289393130867e-01 9.997285326063866107e-01 9.998247882144504217e-01 9.997866287396458551e-01 9.997034041361251289e-01 9.997895011440464108e-01 9.998651281238259969e-01
9.999445780852413979e-01 9.999134537865280725e-01 9.999727952374173334e-01 9.979188456652424710e-01 9.999567440658415629e-01 9.999245912243973633e-01 9.998848702485302331e-01 9.998979702122828828e-01 9.999156880049981933e-01 9.999436903949130429e-01
9.998530654371953208e-01 9.999311679250447726e-01 9.998751390333399103e-01 9.998217409449103865e-01 9.996813510032934724e-01 9.999337028106173308e-01 9.999028565232283006e-01 9.997447791146405471e-01 9.998971839561672237e-01 9.995639785280754364e-01
9.999398044903754501e-01 9.998835070581658657e-01 9.998055590170018547e-01 9.998388021650148616e-01 9.994974784673753554e-01 9.997939976819535390e-01 9.998580833019680147e-01 9.998981131597456384e-01 9.997950456895330351e-01 9.998608231289500825e-01
9.998916342895742826e-01 9.997593099779030767e-01 9.998785518454196275e-01 9.999492927417860111e-01 9.999064116846869688e-01 9.998888987516602045e-01 9.998253755931495457e-01 9.991768007045063182e-01 9.999516416267490992e-01 9.999353265477156638e-01
9.999111763829580113e-01 9.999292909564218013e-01 9.998260379101026052e-01 9.999477524522493166e-01 9.998215637915293108e-01 9.999633400579018838e-01 9.996095100430217872e-01 9.999461626895240762e-01 9.999529792120587235e-01 9.998927390913375790e-01
9.998390096049331044e-01 9.997525546179520939e-01 9.997461343014335533e-01 9.998187001272786922e-01 9.998546341040212004e-01 9.999444079846504518e-01 9.997955912463333261e-01 9.999502320039806991e-01 9.999426271857402293e-01 9.997632211034911398e-01
9.998500882523996269e-01 9.998716253163789647e-01 9.999106661633635484e-01 9.995898824283844242e-01 9.997889567949838074e-01 9.999269475479691804e-01 9.998801297866815041e-01 9.999460299098122951e-01 9.999594491251367900e-01 9.999428545939881285e-01
9.997924444245263054e-01 9.997562734671212592e-01 9.999190290849604423e-01 9.999520746713265185e-01 9.999141443520622730e-01 9.997619661236493149e-01 9.998810533960249547e-01 9.997400142521610800e-01 9.986115323368569552e-01 9.999040372919063557e-01
9.997935428172675110e-01 9.999363601013635527e-01 9.998153718765734332e-01 9.999130660294824890e-01 9.999470395525795752e-01 9.999358543824363732e-01 9.999039713244410876e-01 9.999325955407348809e-01 9.997471141051874621e-01 9.998501234993597553e-01
9.999404160580152023e-01 9.998641293705671229e-01 9.998177795183329497e-01 9.999131454100856908e-01 9.998516466800941860e-01 9.999016272360204960e-01 9.998861571015100758e-01 9.998952896970424442e-01 9.998896147740630180e-01 9.998154819021743966e-01
9.997669372765686235e-01 9.999478245831863177e-01 9.999368631552878472e-01 9.999429526845671212e-01 9.999364102334232784e-01 9.998449467763110832e-01 9.998282109060768752e-01 9.999508716378089357e-01 9.998252806672816018e-01 9.999346766959817945e-01
9.999376379854787444e-01 9.998160506017731430e-01 9.998346573630501055e-01 9.999133032539430088e-01 9.998983471516155186e-01 9.995957991573325430e-01 9.999386253790006895e-01 9.999506997117533214e-01 9.999451379439677767e-01 9.998610001108804157e-01
9.997639499151632636e-01 9.999103701584408643e-01 9.998540176011433411e-01 9.997284568608331146e-01 9.998517944386947631e-01 9.999283559221318063e-01 9.980273969828320491e-01 9.998464978642750411e-01 9.998249277212509778e-01 9.999248274818312021e-01
9.999393876560147554e-01 9.999171753919559036e-01 9.999329337140299145e-01 9.998049557151518218e-01 9.999623762234846058e-01 9.998284928043393860e-01 9.998893302702048791e-01 9.999215472026432572e-01 9.998877018605016875e-01 9.998462144013535724e-01
9.996978348430718420e-01 9.998910394911071364e-01 9.999490948500281418e-01 9.999401494370679933e-01 9.998956546256835276e-01 9.997673408689407015e-01 9.998271444355388837e-01 9.998011429331661315e-01 9.999292670866833932e-01 9.988963865198163816e-01
9.998843716880605470e-01 9.998183375955758123e-01 9.997652995355904570e-01 9.999397375616201344e-01 9.997209389019772185e-01 9.999239382495649364e-01 9.998900406277191344e-01 9.999258469176129926e-01 9.998735893642688444e-01 9.999242953391958011e-01
9.999076596994080912e-01 9.999397836976436915e-01 9.999274530985605702e-01 9.995988461051168450e-01 9.999245719694080936e-01 9.999346440444658590e-01 9.997316917189865704e-01 9.999477673117778131e-01 9.998864721464261196e-01 9.998562453122654681e-01
9.996408132497224264e-01 9.999051233343243528e-01 9.998968762649370623e-01 9.999428868424398154e-01 9.999257497623895707e-01 9.997696626971134259e-01 9.999071246168815819e-01 9.996905844922755469e-01 9.998674372374571906e-01 9.998708561320518440e-01
9.998857918396605315e-01 9.998911157119284576e-01 9.999162290647731766e-01 9.998233025985998612e-01 9.998841359953601904e-01 9.997201334727454647e-01 9.997974446435690110e-01 9.998155096216553295e-01 9.998502295621328750e-01 9.999151847314619035e-01
9.998536150187333771e-01 9.994624569086089094e-01 9.995823032920024831e-01 9.997949317486626297e-01 9.998620964783452303e-01 9.999157879577965646e-01 9.999393212923113339e-01 9.994874051713853458e-01 9.996526857806159461e-01 9.999630585879126787e-01
9.999175769870176644e-01 9.999068400176106541e-01 9.999097246577046683e-01 9.990445262004697957e-01 9.999258306347551528e-01 9.999187354155546492e-01 9.999515696148965072e-01 9.999300135022261005e-01 9.999117586293797544e-01 9.998369725713825984e-01
9.999328887311660363e-01 9.998915661916152331e-01 9.998769335095245570e-01 9.996653675862684496e-01 9.999361578015262264e-01 9.999361964962051319e-01 9.997777154440631309e-01 9.999404360027901451e-01 9.998115371808743435e-01 9.998911115651526460e-01
9.999346068438886848e-01 9.998919704896289673e-01 9.998661098709038519e-01 9.999047866850109267e-01 9.999398697262746882e-01 9.999445190772858760e-01 9.999015597940406064e-01 9.998657308622123097e-01 9.999407408444378476e-01 9.999013176205342468e-01
9.996721445720463395e-01 9.999724617885802358e-01 9.997783501080623747e-01 9.996701949090134320e-01 9.998529014591374109e-01 9.996900087385574007e-01 9.999701905122668766e-01 9.999395532619063109e-01 9.999252113132197639e-01 9.998949072946248240e-01
9.997471883484897459e-01 9.994216532343461745e-01 9.998824257714417074e-01 9.998856990201232531e-01 9.999055892930300837e-01 9.998339011138192012e-01 9.998761207780119120e-01 9.996991560657593201e-01 9.989869804980261447e-01 9.998953429486825417e-01
9.999168241495036691e-01 9.992408441880447079e-01 9.998946175644668477e-01 9.999056008148048402e-01 9.998538009767690138e-01 9.999218601641647330e-01 9.998912580905000569e-01 9.999347700595498933e-01 9.997562807688118447e-01 9.998473207734948076e-01
9.998396807690043131e-01 9.996999040769680711e-01 9.999044025285599435e-01 9.998606485811529776e-01 9.998490682092300297e-01 9.998692341033006414e-01 9.998043661121830405e-01 9.999150240593073224e-01 9.999042096648746991e-01 9.998971952303217225e-01
9.998471732997533667e-01 9.999487786735001826e-01 9.999290661591171414e-01 9.997709331398906274e-01 9.998816809960914265e-01 9.999667567892807085e-01 9.997391281918406314e-01 9.996531435724922421e-01 9.998419834325896760e-01 9.999192850101636942e-01
9.998259753070467548e-01 9.998879907875524164e-01 9.998689409400648431e-01 9.999356368369385351e-01 9.999335383504477370e-01 9.992614931249512722e-01 9.998716871693602570e-01 9.999191854659104095e-01 9.999447132994409015e-01 9.999254075390854313e-01
9.998767117179478969e-01 9.998070799063879521e-01 9.997932222667964552e-01 9.998556095560755530e-01 9.998960782339123554e-01 9.997570045309265296e-01 9.999256127730081767e-01 9.997726356946252668e-01 9.998912760706001324e-01 9.998555411796045123e-01
9.995956915730136449e-01 9.999134434405383409e-01 9.998817535311143034e-01 9.999075668205944512e-01 9.992265460469991201e-01 9.998382162747619928e-01 9.997467330395324314e-01 9.999166462997056692e-01 9.999399904979677789e-01 9.997522511125591649e-01
9.999286248191884274e-01 9.998437627218956791e-01 9.998388444392800611e-01 9.999042185796311877e-01 9.998582862102032287e-01 9.997202690231826727e-01 9.998865180976692635e-01 9.997590660324265910e-01 9.998814409632957867e-01 9.998707484709665749e-01
9.998720773511563520e-01 9.999304459536417777e-01 9.998761812979746200e-01 9.998475630154173288e-01 9.998331914650534502e-01 9.999242925741772536e-01 9.998470436904441927e-01 9.997871122419647039e-01 9.998381353417911122e-01 9.997553840810633474e-01
9.998686330039396886e-01 9.999403292004241939e-01 9.999328097028546969e-01 9.998286872350777843e-01 9.999013541874200994e-01 9.998942988545005406e-01 9.999438646358882465e-01 9.999128182288550271e-01 9.999130588311324619e-01 9.998672069094078907e-01
9.998996729378895054e-01 9.999261349402635002e-01 9.998958333077627714e-01 9.998713019872755847e-01 9.999320453821320953e-01 9.998512081614923108e-01 9.998590337692309093e-01 9.999026682959336609e-01 9.999573405251114266e-01 9.997776915764312600e-01
9.999400023201516774e-01 9.999463577461014108e-01 9.998613221350058922e-01 9.996835872525453581e-01 9.999427125881000800e-01 9.999249561856310420e-01 9.999435518410496604e-01 9.999343912641982524e-01 9.998861366839835174e-01 9.999064331788959370e-01
9.998680424203975070e-01 9.992925494526339047e-01 9.999473603728320503e-01 9.999776252593705061e-01 9.998648837624768415e-01 9.997850083992410042e-01 9.994977851903634747e-01 9.997574710259560238e-01 9.999479267301852881e-01 9.999195943874885639e-01
9.999328430655963773e-01 9.999100882364786447e-01 9.998911732183354273e-01 9.998616986865145329e-01 9.998995632003104816e-01 9.998467035115505830e-01 9.996608707453300546e-01 9.999244771413239308e-01 9.998081977006072485e-01 9.998929136873591084e-01
9.999118149704447900e-01 9.998919091558032823e-01 9.998564433202464796e-01 9.999120909865286677e-01 9.997753596508551777e-01 9.998801374955128551e-01 9.997483194365283099e-01 9.996397350875779741e-01 9.998500215427517102e-01 9.997334392115942991e-01
9.999143693036282032e-01 9.998347911412611699e-01 9.997881849615939398e-01 9.998878490428169119e-01 9.998911194573272265e-01 9.998528082200601741e-01 9.998065148536778857e-01 9.999011304265584821e-01 9.999483582510398927e-01 9.998920154685129180e-01
9.998421219734437981e-01 9.999488362103288175e-01 9.998971306496520217e-01 9.999019385069132237e-01 9.999253651468006376e-01 9.999030710278297152e-01 9.998454049599071469e-01 9.995383602986707139e-01 9.999403897426465404e-01 9.998534065702104900e-01
9.999088877565663891e-01 9.996813324301869752e-01 9.994017100939052156e-01 9.995289806251785869e-01 9.996868961675599019e-01 9.998911676359846235e-01 9.999130544710036483e-01 9.998623212313286768e-01 9.998214321079346156e-01 9.998745168037752595e-01
9.998770271093422313e-01 9.996907697735055720e-01 9.998572585090148568e-01 9.999037038583733494e-01 9.998623659385373896e-01 9.997027453200477698e-01 9.998160469978537579e-01 9.999288792724554398e-01 9.998445216697571247e-01 9.997833239669284833e-01
9.998640420532685091e-01 9.999529226430025064e-01 9.998055306463012881e-01 9.999442770066573338e-01 9.997684725836630815e-01 9.998891842113438733e-01 9.999391244679614044e-01 9.999505211641837032e-01 9.997900074000195536e-01 9.997973427798475532e-01
9.998552756009220222e-01 9.998566476239645340e-01 9.998531848527885124e-01 9.998898556918033309e-01 9.998636519958309377e-01 9.998915997161419433e-01 9.998286039343086129e-01 9.999320027923851439e-01 9.999029653793369832e-01 9.999112479498960537e-01
9.993697463563057104e-01 9.998754419473310229e-01 9.998904420733435439e-01 9.996324065896903255e-01 9.998422469701364612e-01 9.999170186486650014e-01 9.987933746085315700e-01 9.999227556749529233e-01 9.995155557168619032e-01 9.999480503880904259e-01
9.993113884200357511e-01 9.998991185607634113e-01 9.999023334414124387e-01 9.997392446326511806e-01 9.999203961406336605e-01 9.998701753281172833e-01 9.999226625274366675e-01 9.999256187433986920e-01 9.999126088821674863e-01 9.998129782471896210e-01
9.997869783883429617e-01 9.998634213561224948e-01 9.999038891088070091e-01 9.997987447930717364e-01 9.999215164158058444e-01 9.998860272290795992e-01 9.998565869656075300e-01 9.999459025034068693e-01 9.990398384599308290e-01 9.998904844484201027e-01
9.994638468520865571e-01 9.999020289900343306e-01 9.999202562905747937e-01 9.998724777077855341e-01 9.998741603886083240e-01 9.998244530717065315e-01 9.997706353271852420e-01 9.998384379408529199e-01 9.998190077475704873e-01 9.998786736572937706e-01
9.999392989589972469e-01 9.999445548188764521e-01 9.996393914931267499e-01 9.999445041474637197e-01 9.998983861445198684e-01 9.998434980500975344e-01 9.999089866927718395e-01 9.998231765585073871e-01 9.992247688149021867e-01 9.998300940224637001e-01
9.999326804722413753e-01 9.999039187074859614e-01 9.999030636442660658e-01 9.999558994836570402e-01 9.998182165563710422e-01 9.999351176602031543e-01 9.999287910222218745e-01 9.999109228675666650e-01 9.998513443260896860e-01 9.998167635115122742e-01
9.998099567834644041e-01 9.999283062656848520e-01 9.998648027270099492e-01 9.999296830985993090e-01 9.999553211924383511e-01 9.998279102626091985e-01 9.999397862736332243e-01 9.999542447092903963e-01 9.998884114138211210e-01 9.999470316732462782e-01
9.999130085675690394e-01 9.997896860099008132e-01 9.998227387068339134e-01 9.999233498102051421e-01 9.999139140487569577e-01 9.988420979128722621e-01 9.998578443677198502e-01 9.998998641104235308e-01 9.998557469693158950e-01 9.998999021682635213e-01
9.998410379028139783e-01 9.998718621059133893e-01 9.998413398630046078e-01 9.999105948785080855e-01 9.999478280758915538e-01 9.999111113234917525e-01 9.998828694724578581e-01 9.998171689126754691e-01 9.998608406509952307e-01 9.999543905718584202e-01
9.998575377369919304e-01 9.999587775063144557e-01 9.998477500823674813e-01 9.998887072937234777e-01 9.998631933036569164e-01 9.997121137505103894e-01 9.997751002806603005e-01 9.998550340792611291e-01 9.999074527982344529e-01 9.999034164228363109e-01
9.998568494606974166e-01 9.998869028487603616e-01 9.999296069152706634e-01 9.998618163091790301e-01 9.999267106211506828e-01 9.998685692856588147e-01 9.998744263211055694e-01 9.998338386212544115e-01 9.999377679403791408e-01 9.999052791416257469e-01
9.999412827956942751e-01 9.999491813214095304e-01 9.999278704238895310e-01 9.999224549940300966e-01 9.998806961202261201e-01 9.998655539576916107e-01 9.997020007408256026e-01 9.993661101512311129e-01 9.999230296452963351e-01 9.998821737984362468e-01
9.998259758420708909e-01 9.998797597598625408e-01 9.998179490578489315e-01 9.999283864020740431e-01 9.998102083158203479e-01 9.998597237125222970e-01 9.999343157329640963e-01 9.999099375644815435e-01 9.998416788887476425e-01 9.998998906248836027e-01
9.999344815885123916e-01 9.998902261110094170e-01 9.999562273638508136e-01 9.998312957447361704e-01 9.998694104190861687e-01 9.999287481152135948e-01 9.997914177727535989e-01 9.999589835926773196e-01 9.998758501022390055e-01 9.998728046557979754e-01
9.997378384458768252e-01 9.999295024703422907e-01 9.997942412044189542e-01 9.999205235097253786e-01 9.999388205573602750e-01 9.999401005346377769e-01 9.999579615282382372e-01 9.999504867255583074e-01 9.995608919504763712e-01 9.999094234650992563e-01
9.998609220405683118e-01 9.999362236383028124e-01 9.998772095743936328e-01 9.999721819899919373e-01 9.998117376991543237e-01 9.998548201302008831e-01 9.997879176764680187e-01 9.998597921310942160e-01 9.999281496593481755e-01 9.998513918266239697e-01
9.998450546082220391e-01 9.997127244888189823e-01 9.999404813482333232e-01 9.998693817373411896e-01 9.999302821869782143e-01 9.999123283869582046e-01 9.997756155235919540e-01 9.999148504894240785e-01 9.998660689640791466e-01 9.998455979604489174e-01
9.999206549407646527e-01 9.998929653503755288e-01 9.998910202428051841e-01 9.994726219823952817e-01 9.997541570905763564e-01 9.998251677705513041e-01 9.998870026126004396e-01 9.998743133339422773e-01 9.998679782585223608e-01 9.999337606530206424e-01
9.999194037436612836e-01 9.999280039184441637e-01 9.995779530326510676e-01 9.997435663503450032e-01 9.999448488440310090e-01 9.999130115760287429e-01 9.998612000396736033e-01 9.999404301002210449e-01 9.999228380958133933e-01 9.998728864172606867e-01
9.997268579543532319e-01 9.997526274337558139e-01 9.999045840996257928e-01 9.998784092314261240e-01 9.998333898334722525e-01 9.998109320010172274e-01 9.999144267428338173e-01 9.999241315991943546e-01 9.995988146108993888e-01 9.998935161290527507e-01
9.998568431008617585e-01 9.999124813504888243e-01 9.999161125018255492e-01 9.998392521667434085e-01 9.999081765794862742e-01 9.999066156493554569e-01 9.998429676923137333e-01 9.993093004210857888e-01 9.997550554723899641e-01 9.998487743829997942e-01
9.998554805648582899e-01 9.998351006246970485e-01 9.999332918653329738e-01 9.999331296813549486e-01 9.999339241598521610e-01 9.999389920021515277e-01 9.999396948110851335e-01 9.999326554404546208e-01 9.998449011007403131e-01 9.999324918384216998e-01
9.999420388271916815e-01 9.999357079783025570e-01 9.997803482616348658e-01 9.997857236834648553e-01 9.996872751071367302e-01 9.997344835183461509e-01 9.999160377979459113e-01 9.999345728327525551e-01 9.999332000105103369e-01 9.998161399155338636e-01
9.998618248048185553e-01 9.998032263911075246e-01 9.997184006883204077e-01 9.999452380702881227e-01 9.999223905709710980e-01 9.998300217631219677e-01 9.999427514602420297e-01 9.999370960719502488e-01 9.998994458328381851e-01 9.999153743832713825e-01
9.999300829685694447e-01 9.998314433195313322e-01 9.998775904673234960e-01 9.998364797899640388e-01 9.998659561669354101e-01 9.999257633778583232e-01 9.999468287278090450e-01 9.999528876289475177e-01 9.998611955585166022e-01 9.998883106200978643e-01
9.996117006825917528e-01 9.998973963171187140e-01 9.999379902779994556e-01 9.997628646559449939e-01 9.998460837200129347e-01 9.999464058276666956e-01 9.998341773700031299e-01 9.998515395294356178e-01 9.999003054276499602e-01 9.999217096359969137e-01
9.999120223523426665e-01 9.996464282503544352e-01 9.998054179998289159e-01 9.999179466669638749e-01 9.998676008279674399e-01 9.999454114519091830e-01 9.999317016283870707e-01 9.998858039130834596e-01 9.999071306397870895e-01 9.998140084519110404e-01
9.999672060728906908e-01 9.998954973811504665e-01 9.997418564444136013e-01 9.999329835241548281e-01 9.997279159860964493e-01 9.999513965221786815e-01 9.999220075965822296e-01 9.998782051308811036e-01 9.998198721325212146e-01 9.995342353992633377e-01
9.992564601619238207e-01 9.997964819051182728e-01 9.999476780213610860e-01 9.997210325462052571e-01 9.998538469490736436e-01 9.997784545603817241e-01 9.999044380143076172e-01 9.999435028721737062e-01 9.998692919285941949e-01 9.998974336089772041e-01
9.999610843897903667e-01 9.999180581081350550e-01 9.999307446460804494e-01 9.997782049347582189e-01 9.999063242770626081e-01 9.996317366482675437e-01 9.999582398284810880e-01 9.998500104256865528e-01 9.999076866542045972e-01 9.999387908562131777e-01
9.999272859195815766e-01 9.999173592375136810e-01 9.998847446394150129e-01 9.999369437944645167e-01 9.998845194901885280e-01 9.999263979203385500e-01 9.998275077103447872e-01 9.998240776094612370e-01 9.999448932249027644e-01 9.998601197154012299e-01
9.998201499454457686e-01 9.999425275520830159e-01 9.999285966250809343e-01 9.997675192285476742e-01 9.998975927740383352e-01 9.998392571786010041e-01 9.995847314194465927e-01 9.998887144345564026e-01 9.995431194570250089e-01 9.999020028762435341e-01
9.998921473073050237e-01 9.999227055323779423e-01 9.998217839314774702e-01 9.999213437046450270e-01 9.993343195276749302e-01 9.998569363225591200e-01 9.997498466762104741e-01 9.996810611370179345e-01 9.997869133208421299e-01 9.999436481734644833e-01
9.999024321412405270e-01 9.998986157461330349e-01 9.998560554555255830e-01 9.998800112087885550e-01 9.997607453142122180e-01 9.996739344471198274e-01 9.999139678352146898e-01 9.999179786786458468e-01 9.998778369792152843e-01 9.999004857382460809e-01
9.998884378333393608e-01 9.999196977092302818e-01 9.999281988658552667e-01 9.998770221463778585e-01 9.999354642812722238e-01 9.999373242426176089e-01 9.988309878727084090e-01 9.998865031752753874e-01 9.999627742331834712e-01 9.999430038854774105e-01
9.987849731386162500e-01 9.999078683519527777e-01 9.979287967178051000e-01 9.997991923419838889e-01 9.999462671728279739e-01 9.997703910912552061e-01 9.999367796033549194e-01 9.999593994347310000e-01 9.999196762586655129e-01 9.999229728401943795e-01
9.999198347876172566e-01 9.998278266687781191e-01 9.996501551983605349e-01 9.997443087831369146e-01 9.998832624235018951e-01 9.997594542673424733e-01 9.998742276642740290e-01 9.999184507461229554e-01 9.999402448440368740e-01 9.999467268230074479e-01
9.998866153695490366e-01 9.995158463316589081e-01 9.998744771308356594e-01 9.996154793237238545e-01 9.998134021550408868e-01 9.997861255251755397e-01 9.998954154971619879e-01 9.997383558836162587e-01 9.996286411662520521e-01 9.998930757599806540e-01
9.999025534710114238e-01 9.998071149485744380e-01 9.998160771189277263e-01 9.999094780936230720e-01 9.996433363308498965e-01 9.998219039832205723e-01 9.998796463576202775e-01 9.999406237850930745e-01 9.998397201596544992e-01 9.997416320801082446e-01
9.999110724595522415e-01 9.996005670514279684e-01 9.999283064026266432e-01 9.998863662839793109e-01 9.998750789364709846e-01 9.998248458066716360e-01 9.999462671130200375e-01 9.997346951555824424e-01 9.998334180255015191e-01 9.997542089602712290e-01
9.999511191262751009e-01 9.997425291800843272e-01 9.999614442838167250e-01 9.998801663294134556e-01 9.997273103646354686e-01 9.996266825191534311e-01 9.996565417588720859e-01 9.999373282045157518e-01 9.999326603453945195e-01 9.999088741625530297e-01
9.999058319193510069e-01 9.998768083669214990e-01 9.998686943912793446e-01 9.999288329420698007e-01 9.998069346591191842e-01 9.999426703059176580e-01 9.998773266008575966e-01 9.999578906205356388e-01 9.995939911528519684e-01 9.999212787725864082e-01
9.999485377796741847e-01 9.998295243598603887e-01 9.998986540801513279e-01 9.996507988897711527e-01 9.997755927955346289e-01 9.999159849271972433e-01 9.998761406383852579e-01 9.998880180352813785e-01 9.998848627984231463e-01 9.996368525443299902e-01
9.999152456019434476e-01 9.999138995314286182e-01 9.996107768093708268e-01 9.999365054510881423e-01 9.998524043050430743e-01 9.998245188838034148e-01 9.997842074134167811e-01 9.999090024338798122e-01 9.999035090711481111e-01 9.998474501467371489e-01
9.988235942274863444e-01 9.998306022835425910e-01 9.998295942342085851e-01 9.998402185688922694e-01 9.999028594352169508e-01 9.997038510478888362e-01 9.998721427502959003e-01 9.998923084892845647e-01 9.999605488686131860e-01 9.999335336043980726e-01
9.999277926973763053e-01 9.999146832305070287e-01 9.998883118105943435e-01 9.999126647152408731e-01 9.999204946235634717e-01 9.998574399287183390e-01 9.998816648906637683e-01 9.999471520973186589e-01 9.998734650848274397e-01 9.997888960573859674e-01
9.998813596373904433e-01 9.998685063134474804e-01 9.998911961198667653e-01 9.998473527155846696e-01 9.998843035882283292e-01 9.998634515393385325e-01 9.998748182337183765e-01 9.998943913949039919e-01 9.997282196186216829e-01 9.998402873811137459e-01
9.998162042755505130e-01 9.997810327522804741e-01 9.998752869621021500e-01 9.998585633993362087e-01 9.998013123526657830e-01 9.999245416907764916e-01 9.999179148274098816e-01 9.999399788531961875e-01 9.999378010099136960e-01 9.998023729994562903e-01
9.999160456512126149e-01 9.998782713709165604e-01 9.999474831516069750e-01 9.997600208097370267e-01 9.998767124922334215e-01 9.999222806371510508e-01 9.998700714179095117e-01 9.997788199686257204e-01 9.999318188007495500e-01 9.998501042015643936e-01
9.998787144662121262e-01 9.999019350809325024e-01 9.999292409975284457e-01 9.999355087843327938e-01 9.998819930242328624e-01 9.999117069679079872e-01 9.999035374361734396e-01 9.999205856985834417e-01 9.998381413986547894e-01 9.998587610854223762e-01
9.999064942797437627e-01 9.997636303782987399e-01 9.999199852479651041e-01 9.999003056396176259e-01 9.998266951464805929e-01 9.999268334540497571e-01 9.998472858512716943e-01 9.998803517754191184e-01 9.998740382202434551e-01 9.999171300690752329e-01
9.998677898957947230e-01 9.999073633527715277e-01 9.996403801365923991e-01 9.997254566127017350e-01 9.997772945860726734e-01 9.999155418269818352e-01 9.995298015456098861e-01 9.999541187288751853e-01 9.999526368000809518e-01 9.998565090032501823e-01
9.999163082687630988e-01 9.999071975368790666e-01 9.998178256834139299e-01 9.997628676117511493e-01 9.999008749141262697e-01 9.999041964727630738e-01 9.996626575939494552e-01 9.999375162521837446e-01 9.999337893587106896e-01 9.996452402374786939e-01
9.999372472688178304e-01 9.998266034895345600e-01 9.998941732194791543e-01 9.999249565948030716e-01 9.999468974352391237e-01 9.998443507286173260e-01 9.998245728145777056e-01 9.998706048843464256e-01 9.998636670941594140e-01 9.999231600496492067e-01
