9.999994689058276931e-01 9.999996165108290258e-01 9.999991905674524562e-01 9.999981748598040232e-01 9.999993380198034520e-01 9.999992358410177973e-01 9.999991553896672158e-01 9.999983052486511870e-01 9.999989398773924121e-01 9.999992675539250975e-01
9.999988436155008431e-01 9.999995335754627845e-01 9.999991264533123481e-01 9.999988238429321497e-01 9.999995634725077354e-01 9.999984879456593756e-01 9.999986928696255051e-01 9.999990428943982268e-01 9.999990238739389081e-01 9.999986279934708344e-01
9.999987680830534353e-01 9.999996709541587592e-01 9.999993418438491988e-01 9.999994110441797757e-01 9.999980222732978152e-01 9.999972365884584047e-01 9.999988883625935410e-01 9.999987024265591939e-01 9.999987614750542875e-01 9.999990142957675410e-01
9.999997257776832571e-01 9.999989876459198790e-01 9.999993729329460512e-01 9.999993824876377557e-01 9.999992318177862716e-01 9.999994696159905105e-01 9.999989378492493142e-01 9.999994210315364951e-01 9.999991579399608588e-01 9.999988716406812417e-01
9.999984566513340223e-01 9.999989244151813450e-01 9.999994319306705348e-01 9.999991710213714802e-01 9.999983840684236736e-01 9.999987378047349162e-01 9.999990425117644133e-01 9.999988922635058008e-01 9.999995442980806892e-01 9.999987858534494789e-01
9.999992526555248062e-01 9.999988393344414472e-01 9.999991918636909061e-01 9.999991336653306639e-01 9.999984752047449410e-01 9.999990499467232841e-01 9.999991403204597784e-01 9.999991264221066434e-01 9.999991069714873060e-01 9.999990308395781957e-01
9.999990392676583184e-01 9.999989443337390371e-01 9.999983632856253024e-01 9.999992028059031535e-01 9.999991750854391181e-01 9.999994012730900605e-01 9.999991016283157341e-01 9.999993690976456406e-01 9.999983119104004503e-01 9.999987104361146573e-01
9.999992558094080719e-01 9.999987402693181204e-01 9.999995838221775735e-01 9.999986640279338035e-01 9.999991556962742889e-01 9.999989956796667689e-01 9.999984485650823540e-01 9.999990870589848813e-01 9.999993023132487391e-01 9.999980220714046464e-01
9.999988813606663918e-01 9.999987499904825494e-01 9.999993182245757728e-01 9.999988459753311743e-01 9.999978142519028168e-01 9.999990366075457437e-01 9.999991466939444074e-01 9.999991593275775470e-01 9.999988104444998971e-01 9.999985535014770388e-01
9.999992110715805183e-01 9.999989819795331858e-01 9.999992116104425843e-01 9.999983815840034485e-01 9.999986905110568314e-01 9.999989076393062115e-01 9.999994718188107701e-01 9.999985981952989045e-01 9.999987992267570514e-01 9.999986336726078839e-01
9.999992046518202393e-01 9.999989983415534800e-01 9.999990982074083989e-01 9.999988153704233440e-01 9.999989282168094684e-01 9.999987987333077699e-01 9.999989596919210966e-01 9.999987844012531157e-01 9.999992205871814921e-01 9.999988386551864616e-01
9.999993819817316609e-01 9.999989304693361891e-01 9.999985132965590884e-01 9.999988803994700470e-01 9.999981822323072977e-01 9.999989180903654518e-01 9.999981370781186873e-01 9.999989219533617080e-01 9.999982977261087091e-01 9.999990910177375403e-01
9.999993688765401734e-01 9.999994141530733627e-01 9.999993234168745859e-01 9.999993517533023457e-01 9.999993519094096950e-01 9.999993737991524911e-01 9.999984274628617165e-01 9.999991127207469299e-01 9.999992277276766872e-01 9.999994384906463196e-01
9.999994462175926246e-01 9.999994254976952712e-01 9.999985523873274884e-01 9.999990025258633786e-01 9.999993567662996963e-01 9.999990635591938792e-01 9.999987144663725624e-01 9.999983005783302792e-01 9.999990026942116028e-01 9.999994715480261531e-01
9.999993966316600424e-01 9.999987301342770918e-01 9.999993357523151438e-01 9.999997692082562839e-01 9.999993703614632468e-01 9.999987603233962963e-01 9.999990644443371712e-01 9.999984686667338085e-01 9.999988443029566021e-01 9.999988317538924809e-01
9.999991884525832875e-01 9.999990789397832369e-01 9.999991860047556802e-01 9.999990336353744569e-01 9.999995433653989796e-01 9.999991723800158994e-01 9.999988214332504732e-01 9.999983349253430687e-01 9.999988124765912811e-01 9.999989104477798874e-01
9.999992817702134662e-01 9.999995255947710104e-01 9.999986617986944548e-01 9.999997839925217624e-01 9.999993319775110079e-01 9.999988793652794250e-01 9.999990737210286973e-01 9.999989602385539467e-01 9.999996065453441441e-01 9.999973845950634876e-01
9.999994886591178078e-01 9.999992807943963724e-01 9.999987910048470097e-01 9.999987741332092561e-01 9.999991842077259330e-01 9.999995167982309585e-01 9.999994166417029984e-01 9.999986761939665403e-01 9.999989312597723501e-01 9.999990359758258451e-01
9.999995971886942447e-01 9.999989634134585081e-01 9.999993050563483754e-01 9.999987417283248137e-01 9.999990834866034906e-01 9.999989334791156148e-01 9.999989466532284155e-01 9.999993929922994518e-01 9.999993046604899183e-01 9.999988482253935329e-01
9.999985466229281972e-01 9.999990884124355661e-01 9.999990901272288735e-01 9.999993022601250114e-01 9.999991666874270546e-01 9.999986901565912634e-01 9.999992978843719182e-01 9.999992514921121067e-01 9.999986957991549019e-01 9.999983915085541852e-01
9.999994626131389897e-01 9.999989032650545839e-01 9.999994465030486168e-01 9.999987879324594431e-01 9.999987888708411488e-01 9.999994562955918376e-01 9.999988137990423187e-01 9.999991329419374297e-01 9.999997094023145294e-01 9.999991412344525488e-01
9.999989765292242039e-01 9.999984276620307311e-01 9.999994269526996105e-01 9.999993775622693093e-01 9.999989696078398493e-01 9.999994169194186266e-01 9.999991034876842821e-01 9.999992899756119380e-01 9.999990001439676979e-01 9.999987428530764388e-01
9.999984279357697625e-01 9.999986154651442360e-01 9.999991038590161363e-01 9.999994263580259668e-01 9.999985572552433366e-01 9.999990309646954456e-01 9.999993689257146157e-01 9.999987124671009253e-01 9.999986029444362101e-01 9.999992063178435586e-01
9.999980844945548508e-01 9.999987446890834519e-01 9.999990965726994752e-01 9.999996162307578373e-01 9.999980307529447998e-01 9.999988417495230264e-01 9.999983618485496217e-01 9.999991240406118642e-01 9.999991043713034600e-01 9.999988710491904964e-01
9.999989837842374607e-01 9.999993566022213898e-01 9.999988698173387647e-01 9.999990892275503196e-01 9.999992259211881729e-01 9.999989069822201593e-01 9.999981123666636940e-01 9.999983875471355477e-01 9.999994241069413148e-01 9.999992821528960185e-01
9.999992298370425914e-01 9.999997724752044403e-01 9.999990430198750779e-01 9.999991193891204500e-01 9.999985267210629303e-01 9.999992823443659695e-01 9.999995193819661843e-01 9.999989570981965281e-01 9.999989732442853274e-01 9.999995692790799584e-01
9.999985313672893339e-01 9.999996612121437867e-01 9.999982401614664340e-01 9.999989867157583756e-01 9.999989421916795074e-01 9.999988006717998035e-01 9.999989712523261742e-01 9.999989692012271059e-01 9.999989656911064673e-01 9.999983121549292919e-01
9.999992007214880685e-01 9.999987417900325637e-01 9.999990993902871939e-01 9.999990396448558139e-01 9.999993324393171568e-01 9.999991454394805412e-01 9.999995972891030371e-01 9.999989688552124445e-01 9.999990913510660162e-01 9.999991158178074269e-01
9.999994757344358165e-01 9.999985466887424401e-01 9.999985441852252688e-01 9.999986983492160642e-01 9.999991593629392606e-01 9.999992693918031694e-01 9.999993761684109472e-01 9.999995768869126556e-01 9.999993000445960289e-01 9.999988285248273545e-01
9.999988341926957514e-01 9.999990033295665937e-01 9.999991104146839227e-01 9.999993247675352803e-01 9.999988407825424197e-01 9.999992629576114345e-01 9.999979870606969801e-01 9.999990009700868709e-01 9.999990200063858525e-01 9.999993262002468963e-01
9.999986398098070772e-01 9.999982262426826418e-01 9.999992163825356384e-01 9.999992225883019836e-01 9.999984751699890762e-01 9.999987294327140619e-01 9.999994607515526601e-01 9.999983804754983829e-01 9.999993301272951385e-01 9.999984658662559589e-01
9.999992916425701761e-01 9.999984834283411894e-01 9.999987310277769215e-01 9.999990105030042153e-01 9.999986219091721029e-01 9.999991945277514338e-01 9.999991015737372813e-01 9.999989673554338099e-01 9.999995398840574312e-01 9.999992472492005291e-01
9.999986949193148122e-01 9.999987176054107030e-01 9.999989021746691353e-01 9.999995056214860956e-01 9.999990295932950080e-01 9.999985535611223275e-01 9.999991934328068544e-01 9.999992436532973983e-01 9.999990198308296163e-01 9.999989258536994274e-01
9.999986328716984341e-01 9.999993192934312214e-01 9.999991389752512783e-01 9.999980444688726378e-01 9.999993701915904643e-01 9.999990099749814787e-01 9.999988981691847467e-01 9.999988047890179255e-01 9.999988374466223240e-01 9.999990815654818954e-01
9.999988082884112561e-01 9.999985909040381982e-01 9.999995909552658047e-01 9.999990378840757366e-01 9.999989658051648966e-01 9.999986185240419267e-01 9.999992565719800774e-01 9.999986032144673187e-01 9.999986254469622748e-01 9.999991407257514675e-01
9.999994985654794277e-01 9.999990167487303738e-01 9.999993062675416322e-01 9.999995641082815023e-01 9.999988842680879175e-01 9.999995372718428754e-01 9.999993503406516826e-01 9.999992299764023373e-01 9.999987387793451976e-01 9.999991123259006631e-01
9.999992321077801893e-01 9.999988516384350490e-01 9.999991794522802291e-01 9.999989597880017955e-01 9.999991259086054018e-01 9.999993157867179683e-01 9.999994104260233607e-01 9.999992789034165552e-01 9.999993006043504939e-01 9.999991745167984281e-01
9.999995767818466996e-01 9.999993040967142255e-01 9.999994386230435239e-01 9.999988631144258733e-01 9.999993356482301810e-01 9.999996656914287296e-01 9.999990171101159619e-01 9.999990832578671274e-01 9.999986060568454294e-01 9.999987226463886714e-01
9.999989647063913800e-01 9.999988230284410085e-01 9.999986006174257369e-01 9.999990395098962148e-01 9.999990232496256404e-01 9.999985949171379396e-01 9.999995547815123675e-01 9.999990629804914599e-01 9.999992059088818053e-01 9.999981893860461213e-01
9.999993485041012153e-01 9.999986584729440020e-01 9.999993794581182316e-01 9.999992206839996012e-01 9.999995532819593302e-01 9.999990699203025191e-01 9.999983261432842108e-01 9.999992217978994624e-01 9.999995180240673909e-01 9.999986814606983687e-01
9.999985121729194626e-01 9.999993586598212580e-01 9.999994158742155914e-01 9.999988246541015036e-01 9.999996189742793584e-01 9.999992913396292815e-01 9.999984656063853894e-01 9.999990183440641278e-01 9.999986418795526744e-01 9.999994903784913403e-01
9.999994396192061208e-01 9.999992299910137605e-01 9.999994296762513279e-01 9.999994628725901169e-01 9.999993658476744596e-01 9.999987764198895457e-01 9.999990477102651543e-01 9.999995647883120897e-01 9.999983646184820163e-01 9.999996309758204527e-01
9.999987701963526376e-01 9.999991104424865718e-01 9.999985780864882878e-01 9.999977706474419969e-01 9.999988591321696818e-01 9.999987572222193144e-01 9.999992959993349029e-01 9.999994288521935060e-01 9.999983792674468353e-01 9.999987496996218805e-01
9.999990954718140923e-01 9.999989166397008633e-01 9.999990011061047346e-01 9.999987200109089480e-01 9.999991159381063088e-01 9.999991591984618289e-01 9.999988647723878632e-01 9.999986778687650624e-01 9.999988454441102181e-01 9.999989130819197936e-01
9.999992514260491738e-01 9.999983592038959035e-01 9.999982818461646827e-01 9.999990095353527009e-01 9.999991948810440512e-01 9.999993186532653011e-01 9.999987408763117980e-01 9.999992195249027827e-01 9.999980076299225251e-01 9.999986266930972478e-01
9.999992236532851964e-01 9.999993926122962007e-01 9.999981181329024027e-01 9.999991259753888695e-01 9.999986892581312903e-01 9.999993360275926113e-01 9.999989869870148373e-01 9.999989525769852339e-01 9.999994188572927101e-01 9.999987814136446218e-01
9.999993787577158288e-01 9.999987833776223800e-01 9.999991429798034126e-01 9.999983459844266065e-01 9.999980691896136475e-01 9.999989200734187289e-01 9.999985663768693467e-01 9.999990165522898433e-01 9.999991103710093032e-01 9.999992337146264010e-01
9.999994594813226279e-01 9.999990791257349354e-01 9.999991665560310494e-01 9.999989767469519286e-01 9.999992071024486062e-01 9.999994625583228380e-01 9.999991789122255614e-01 9.999992401998116787e-01 9.999980846806105772e-01 9.999989083385054656e-01
9.999986575516237597e-01 9.999989017125416879e-01 9.999982777324786243e-01 9.999988578834965169e-01 9.999986544197873028e-01 9.999990657548097905e-01 9.999985320564901414e-01 9.999993129775618383e-01 9.999990995419032469e-01 9.999987659251238226e-01
9.999993224880503462e-01 9.999993743089397036e-01 9.999989280897910726e-01 9.999989892778744505e-01 9.999983449615601483e-01 9.999987362132614077e-01 9.999994213028644552e-01 9.999987645380729040e-01 9.999985085710377808e-01 9.999992757206478400e-01
9.999989253547710844e-01 9.999996204529533195e-01 9.999994561308516161e-01 9.999986813928430918e-01 9.999988619480590923e-01 9.999978252227610387e-01 9.999988438043743155e-01 9.999991933297937008e-01 9.999985469735783727e-01 9.999991463647400769e-01
9.999991866415027797e-01 9.999987149793982955e-01 9.999991433533808038e-01 9.999989340198146559e-01 9.999991713105982338e-01 9.999992328273613618e-01 9.999990149457324007e-01 9.999993245257620123e-01 9.999994289974512007e-01 9.999988488014506238e-01
9.999984844440257259e-01 9.999996365588789127e-01 9.999993395523720796e-01 9.999997289871221939e-01 9.999987443061354453e-01 9.999979532926116521e-01 9.999988375519738293e-01 9.999991748810111991e-01 9.999991560626986242e-01 9.999992542935987050e-01
9.999988385681508607e-01 9.999988221652336140e-01 9.999986410097366774e-01 9.999979653665480583e-01 9.999987638634745268e-01 9.999990537547416292e-01 9.999993800714802594e-01 9.999990541641858854e-01 9.999993397203443823e-01 9.999987399127766574e-01
9.999994614667740978e-01 9.999987155514405979e-01 9.999990904105070522e-01 9.999990932289644086e-01 9.999989645070384015e-01 9.999993220839628050e-01 9.999994004257130031e-01 9.999992941060003027e-01 9.999988592144644084e-01 9.999988251055367261e-01
9.999991633150084880e-01 9.999991937280721110e-01 9.999986150281688913e-01 9.999987381787261986e-01 9.999984028018524818e-01 9.999990773445660563e-01 9.999995394144991501e-01 9.999992541724999073e-01 9.999993669531828111e-01 9.999993859876840085e-01
9.999987663964350348e-01 9.999989663038679755e-01 9.999988880582051376e-01 9.999988848882077619e-01 9.999992817136797996e-01 9.999984679036797441e-01 9.999987537290234707e-01 9.999993912226635695e-01 9.999993695869403565e-01 9.999987105468273185e-01
9.999982917113742209e-01 9.999992981935955649e-01 9.999987003147812192e-01 9.999993207127565453e-01 9.999992983930316992e-01 9.999994635347142502e-01 9.999993302093221903e-01 9.999991203612434987e-01 9.999987439349803386e-01 9.999994950702129071e-01
9.999991107338589424e-01 9.999974554942684390e-01 9.999988848758643023e-01 9.999991750837193827e-01 9.999994062008006335e-01 9.999990102247631185e-01 9.999991440687638899e-01 9.999991036354406448e-01 9.999994587094578335e-01 9.999990608697892913e-01
9.999989437524461344e-01 9.999985814570960807e-01 9.999991501240728109e-01 9.999987903492996155e-01 9.999988679303299932e-01 9.999989119796142134e-01 9.999993301026005588e-01 9.999989485260112332e-01 9.999985191384461736e-01 9.999987976709631132e-01
9.999984739718683624e-01 9.999993157390931753e-01 9.999993451268991418e-01 9.999989680909966427e-01 9.999993784448939493e-01 9.999989722052343710e-01 9.999995327222808150e-01 9.999983182866956088e-01 9.999991992166679111e-01 9.999985526193876373e-01
9.999982007829654185e-01 9.999990931839135566e-01 9.999993306018816197e-01 9.999993126851509651e-01 9.999986874783391988e-01 9.999991826140588458e-01 9.999982508431518591e-01 9.999990601832565718e-01 9.999983302895465442e-01 9.999992172414309266e-01
9.999992018435100993e-01 9.999992504048916819e-01 9.999989191992957327e-01 9.999995247584213542e-01 9.999994610935964978e-01 9.999989874853666416e-01 9.999993650795948597e-01 9.999982934936360035e-01 9.999995147187807909e-01 9.999988203634885275e-01
9.999989240906289600e-01 9.999983973032680051e-01 9.999986924920885034e-01 9.999994391786535264e-01 9.999992013905971699e-01 9.999991036163674574e-01 9.999985918128974083e-01 9.999995144558729843e-01 9.999986692367199836e-01 9.999991601703068778e-01
9.999996591544935143e-01 9.999990403984631016e-01 9.999987868017514714e-01 9.999992562730908308e-01 9.999987918210156979e-01 9.999986798706821389e-01 9.999992304603905202e-01 9.999991935791816555e-01 9.999979157509697458e-01 9.999987871178405152e-01
9.999989708958304524e-01 9.999994633741691175e-01 9.999994952961455130e-01 9.999989624528948795e-01 9.999990225584060033e-01 9.999989393782965363e-01 9.999993981037502699e-01 9.999987175927628202e-01 9.999994700195777853e-01 9.999994513100685101e-01
9.999992597849340914e-01 9.999988791666466481e-01 9.999991656588895772e-01 9.999993726684124340e-01 9.999992927741332416e-01 9.999986145209682764e-01 9.999990749558486103e-01 9.999986492632086943e-01 9.999991788161215478e-01 9.999992919251231571e-01
9.999990913879460708e-01 9.999981069134191713e-01 9.999989048897145461e-01 9.999982872915874621e-01 9.999988000815915878e-01 9.999987672368266800e-01 9.999993929013177851e-01 9.999992939447618356e-01 9.999992405759908776e-01 9.999991552857062649e-01
9.999990932347803119e-01 9.999987683641902159e-01 9.999993260493881264e-01 9.999992513612394607e-01 9.999993192763217964e-01 9.999986389115893548e-01 9.999991476585279315e-01 9.999991445636957632e-01 9.999991819879451294e-01 9.999993240075392142e-01
9.999979841319156515e-01 9.999987776492987868e-01 9.999993282482673163e-01 9.999996668342430173e-01 9.999990427246073788e-01 9.999990014180683007e-01 9.999989526968069420e-01 9.999991429151025013e-01 9.999994271400641788e-01 9.999993783809384418e-01
9.999990136452009404e-01 9.999979025636569485e-01 9.999991561218586344e-01 9.999987127295472122e-01 9.999992270163186037e-01 9.999994333331000407e-01 9.999991629681355132e-01 9.999991863769041034e-01 9.999989494482951491e-01 9.999987166843546937e-01
9.999991083281618565e-01 9.999991518947357605e-01 9.999991694087414507e-01 9.999991778229693207e-01 9.999995997660250380e-01 9.999990204596632681e-01 9.999989365632432348e-01 9.999984358752919134e-01 9.999988797705612331e-01 9.999978415545777155e-01
9.999990608672861825e-01 9.999990910613894002e-01 9.999993477130308950e-01 9.999988129750881916e-01 9.999988981918475073e-01 9.999993370510547042e-01 9.999991378626582605e-01 9.999981186081402518e-01 9.999987153474121371e-01 9.999989625075724753e-01
9.999985885225859406e-01 9.999990226706366725e-01 9.999994207442783889e-01 9.999988171586468022e-01 9.999994011952469952e-01 9.999991406300091645e-01 9.999990839307733026e-01 9.999987306973785461e-01 9.999987219533943428e-01 9.999989974839450513e-01
9.999992870413093593e-01 9.999985297998587042e-01 9.999994096760725926e-01 9.999992827672772311e-01 9.999993747325224280e-01 9.999994869213751914e-01 9.999991934530995108e-01 9.999980371258612166e-01 9.999984501569708639e-01 9.999994325923294847e-01
9.999993617691295134e-01 9.999989131705016021e-01 9.999995029773349753e-01 9.999993363982970784e-01 9.999993967665604666e-01 9.999990998002256104e-01 9.999993820421639867e-01 9.999993217437115334e-01 9.999989486232730984e-01 9.999988070633635262e-01
9.999988322916990580e-01 9.999994024421727801e-01 9.999990293053353518e-01 9.999993119873000769e-01 9.999991238285105277e-01 9.999986838046014404e-01 9.999993221743604943e-01 9.999995664444417676e-01 9.999991955410280076e-01 9.999993418033046311e-01
9.999991645162955578e-01 9.999986643977326617e-01 9.999988719975186902e-01 9.999992333429827962e-01 9.999987530143391590e-01 9.999987058641869320e-01 9.999992818086450574e-01 9.999986949754581245e-01 9.999996781031653681e-01 9.999991924172199065e-01
9.999990292240399370e-01 9.999993662649921955e-01 9.999990520274146810e-01 9.999990566096872424e-01 9.999991823975448169e-01 9.999987212353600441e-01 9.999987007441725195e-01 9.999991852182449348e-01 9.999994768183255722e-01 9.999994040280668628e-01
9.999982006133453227e-01 9.999988086817457322e-01 9.999991780210958359e-01 9.999992683767618962e-01 9.999991691918919123e-01 9.999995337190772382e-01 9.999996187247245372e-01 9.999989217060309965e-01 9.999993088403680286e-01 9.999993384317487077e-01
9.999993968900758867e-01 9.999987677984490952e-01 9.999984278648608171e-01 9.999994872444124550e-01 9.999988788116688232e-01 9.999990643753456920e-01 9.999980548294737925e-01 9.999994234091512668e-01 9.999990299924813586e-01 9.999994323870781132e-01
9.999991141143987905e-01 9.999992553227713410e-01 9.999990908061712203e-01 9.999990346777505312e-01 9.999976652628771445e-01 9.999990934048449409e-01 9.999990923138816212e-01 9.999996173342713401e-01 9.999992471077503442e-01 9.999992586848592824e-01
9.999990999298697947e-01 9.999990739650564953e-01 9.999993707475327565e-01 9.999993198773111658e-01 9.999983953536657477e-01 9.999991666208805086e-01 9.999993031238452179e-01 9.999988575186528061e-01 9.999982593767811068e-01 9.999988990871216954e-01
9.999990016984914298e-01 9.999991883427928885e-01 9.999990121870133697e-01 9.999994339950700750e-01 9.999995986133244363e-01 9.999986223004280195e-01 9.999990460413527016e-01 9.999993894560844643e-01 9.999991896058969543e-01 9.999988765746123942e-01
9.999977872412268987e-01 9.999988732490640020e-01 9.999987620736970895e-01 9.999984066895629686e-01 9.999996431868364288e-01 9.999991315499963118e-01 9.999993098358258559e-01 9.999992589035028301e-01 9.999987462978042752e-01 9.999981760187803825e-01
9.999990615944546191e-01 9.999991748434710059e-01 9.999987675436410317e-01 9.999990617560579054e-01 9.999990839771936146e-01 9.999992272302641316e-01 9.999982495174244423e-01 9.999991665127290208e-01 9.999993715714537990e-01 9.999994361211452798e-01
9.999995330859475784e-01 9.999990701552140537e-01 9.999983962106095969e-01 9.999989424393942450e-01 9.999993156807013284e-01 9.999990671745099258e-01 9.999995229527236518e-01 9.999990654699780768e-01 9.999994901203818065e-01 9.999989660507718758e-01
9.999992893294392671e-01 9.999993234184406665e-01 9.999992994646259570e-01 9.999977260480450436e-01 9.999986736577607394e-01 9.999980231398404307e-01 9.999992481346305917e-01 9.999989652684683206e-01 9.999992626758169578e-01 9.999990874994092449e-01
9.999994539459170495e-01 9.999981824958328325e-01 9.999992513908095848e-01 9.999991038937967591e-01 9.999996940705190296e-01 9.999989233975232761e-01 9.999986969398647618e-01 9.999991696532807284e-01 9.999989095768607728e-01 9.999994942355590055e-01
9.999992936156389955e-01 9.999982580390652798e-01 9.999987575014992469e-01 9.999987474234331986e-01 9.999985122821886119e-01 9.999993626825328663e-01 9.999989134792530709e-01 9.999992400567683237e-01 9.999991769366051164e-01 9.999989376618393377e-01
9.999988021824691709e-01 9.999994089864759905e-01 9.999992035845977068e-01 9.999987325707774266e-01 9.999977254292047313e-01 9.999994214289038563e-01 9.999986519535992713e-01 9.999994472645237220e-01 9.999989683875616375e-01 9.999987166700315955e-01
9.999991117442325050e-01 9.999995530184182524e-01 9.999991175185025671e-01 9.999991057801994598e-01 9.999989331106372559e-01 9.999985126015074055e-01 9.999990026937235488e-01 9.999993293892631696e-01 9.999993606882815467e-01 9.999990964427658557e-01
9.999993251138445949e-01 9.999991604285815017e-01 9.999984957066363478e-01 9.999994216574982220e-01 9.999990380578982485e-01 9.999992797526222610e-01 9.999987924584200494e-01 9.999986447197679595e-01 9.999988740388073838e-01 9.999982312549821062e-01
9.999973548007361490e-01 9.999987467237773098e-01 9.999991564607213501e-01 9.999984240016891457e-01 9.999993212715457824e-01 9.999989923222912802e-01 9.999988698078705607e-01 9.999987916656591924e-01 9.999990710909237857e-01 9.999991055866165324e-01
9.999986210507052498e-01 9.999989822426109676e-01 9.999992728918314366e-01 9.999980644388630768e-01 9.999985152969672608e-01 9.999989348863053129e-01 9.999987862221303425e-01 9.999993551771193534e-01 9.999988899990206459e-01 9.999992434594101587e-01
9.999990508261485944e-01 9.999987253444567736e-01 9.999991273331582109e-01 9.999986263679020437e-01 9.999990853260962709e-01 9.999993154214951163e-01 9.999986603513996153e-01 9.999987583248086676e-01 9.999986482202151139e-01 9.999992217186568499e-01
9.999988029945972023e-01 9.999982274413626859e-01 9.999992849777240567e-01 9.999990045030062724e-01 9.999983872701400101e-01 9.999988239568291526e-01 9.999997186222229217e-01 9.999991481315204656e-01 9.999990771905526987e-01 9.999981191672451253e-01
9.999993389007655331e-01 9.999989255669102794e-01 9.999992278615777996e-01 9.999994900161648381e-01 9.999989780000686501e-01 9.999987681952490215e-01 9.999987504223810664e-01 9.999988359821091466e-01 9.999989057319140784e-01 9.999994434692937029e-01
9.999987522382847160e-01 9.999987358030867357e-01 9.999987935928517091e-01 9.999989675198248662e-01 9.999990784123903298e-01 9.999991438020668921e-01 9.999978167874939983e-01 9.999995375121644159e-01 9.999996884222058791e-01 9.999991979576724477e-01
9.999987839109842902e-01 9.999991665030969479e-01 9.999993397184570032e-01 9.999985481320262659e-01 9.999997279474269751e-01 9.999993441884165168e-01 9.999990850819214794e-01 9.999991711775350067e-01 9.999986506857274637e-01 9.999993749903497431e-01
