9.990495671157647584e-01 9.992394038440319814e-01 9.980023001350565304e-01 9.991268161856947660e-01 9.984649790443831385e-01 9.994305643286152119e-01 9.971656230424178480e-01 9.989699830514328083e-01 9.993138036470323726e-01 9.992418228843694683e-01
9.986288543316457211e-01 9.996077303414013793e-01 9.993113212511599563e-01 9.986486419281316307e-01 9.995587061863292488e-01 9.981107969137713587e-01 9.975926292975566545e-01 9.989017406925168041e-01 9.993470671663468030e-01 9.964657334611960460e-01
9.992147494488330395e-01 9.947698082573875888e-01 9.987520745799440824e-01 9.988366903728840285e-01 9.974890309406599931e-01 9.995270962168196771e-01 9.974355131043755041e-01 9.984148731987805281e-01 9.985769563732059817e-01 9.993974363349688028e-01
9.989299529381138187e-01 9.984010258339612864e-01 9.964468821903863516e-01 9.990987518692276970e-01 9.986575477114418842e-01 9.904739184273054775e-01 9.955871137145062555e-01 9.992155821629259416e-01 9.990508528743686778e-01 9.980976586086465208e-01
9.991056409849570219e-01 9.997400040563956258e-01 9.994867756964965766e-01 9.990486321219820276e-01 9.971432088511021918e-01 9.994149728981924774e-01 9.906404986552882486e-01 9.971558494078878176e-01 9.988626349874701882e-01 9.994084359871185930e-01
9.972463185628195337e-01 9.986287687500138288e-01 9.984131838356817834e-01 9.991642142402020754e-01 9.981179857732669358e-01 9.948211501606059048e-01 9.993468682650408219e-01 9.994340484803159175e-01 9.992779593479812483e-01 9.994268616454397014e-01
9.970655465429851816e-01 9.994406082714692996e-01 9.976011305583949440e-01 9.965032391726050820e-01 9.995697114386302706e-01 9.994816058346708276e-01 9.992132957091313106e-01 9.990440521778726213e-01 9.984297313279764108e-01 9.932804996719979407e-01
9.991086490844657275e-01 9.991781184594661358e-01 9.991954531359305003e-01 9.957928551195694977e-01 9.993708763779127757e-01 9.906755646035331209e-01 9.954203866205427742e-01 9.960039220664833604e-01 9.992518715628770920e-01 9.991197769592857769e-01
9.990841225248585644e-01 9.984390339498873113e-01 9.991797144760977689e-01 9.984071542152574974e-01 9.995872011807124258e-01 9.994158980632400491e-01 9.984930424124052184e-01 9.993597477156538345e-01 9.985672261858504761e-01 9.974705868633079175e-01
9.996247300303412464e-01 9.990985579971563002e-01 9.979459659918711312e-01 9.991709645121815697e-01 9.989893221836665393e-01 9.992559490237380437e-01 9.994699423778791170e-01 9.990969874668295114e-01 9.989594171643331189e-01 9.993357685861381512e-01
9.987902012189450174e-01 9.986348639537918626e-01 9.984830922830782995e-01 9.988940210605198322e-01 9.990566266588064570e-01 9.957255143648415796e-01 9.985681125926044732e-01 9.972568886564365798e-01 9.995507896977088302e-01 9.982053461652741211e-01
9.987522935331387686e-01 9.987133563361940691e-01 9.984984762094110122e-01 9.994307280961319817e-01 9.934078617952896151e-01 9.992725220537004294e-01 9.978246585218385478e-01 9.984234129705271688e-01 9.989022672218923482e-01 9.974172090019318704e-01
9.991715538572353283e-01 9.995297859818773611e-01 9.960644561415661347e-01 9.989447660920194316e-01 9.963757869984838367e-01 9.983489675671041175e-01 9.980175357680185488e-01 9.991969181008868439e-01 9.978672222047849649e-01 9.988796074137745729e-01
9.993340212992974925e-01 9.925075291097936736e-01 9.995389918826831366e-01 9.983957788027971736e-01 9.992980455898462511e-01 9.994837250393552308e-01 9.993934071526150431e-01 9.976365098240517204e-01 9.980202196467287123e-01 9.994610810391610922e-01
9.992620121634132602e-01 9.995368671471980271e-01 9.980034795310508411e-01 9.989923256138710794e-01 9.990257795641012128e-01 9.989085571224630700e-01 9.991824675345990503e-01 9.988694980077328367e-01 9.965737031820716130e-01 9.972169169633906538e-01
9.937953036963477205e-01 9.987109089081684932e-01 9.995416956067221248e-01 9.992843925707891595e-01 9.973855579929995496e-01 9.990111075765537585e-01 9.992392834154399939e-01 9.984581828387540936e-01 9.983872559811268754e-01 9.974637876102551148e-01
9.994899025743276821e-01 9.977085142677499796e-01 9.988013978611564037e-01 9.985814285132796897e-01 9.970228854071293556e-01 9.995718852543862276e-01 9.993772393847092372e-01 9.986825787661284259e-01 9.953004137996381839e-01 9.967873680484944376e-01
9.961988824266507780e-01 9.994832705650782412e-01 9.994760733028121846e-01 9.992086357913377848e-01 9.985944487675867398e-01 9.994526079210410696e-01 9.977285352309783750e-01 9.994075212261093188e-01 9.986446261581068962e-01 9.975584677465597627e-01
9.993086304439040557e-01 9.994416910862998771e-01 9.992794550361681072e-01 9.991678921605033903e-01 9.992003456151541396e-01 9.986866118747628196e-01 9.995540987585833648e-01 9.974226310510063698e-01 9.952552795790188256e-01 9.995349022369582892e-01
9.964167133755541528e-01 9.992286922043803754e-01 9.992608424047433324e-01 9.989311587308170592e-01 9.996915480795913744e-01 9.988461930015178902e-01 9.990530559071799654e-01 9.990369804651616503e-01 9.984042234752628087e-01 9.984328963205767460e-01
9.994152926524281222e-01 9.992728470816202302e-01 9.986696850420321292e-01 9.981482121161627807e-01 9.988684440671021791e-01 9.994071408250098099e-01 9.991456430341615347e-01 9.991042837542740696e-01 9.996629047830860593e-01 9.994821295143343498e-01
9.987246665736821960e-01 9.992737892927411325e-01 9.991957800948012558e-01 9.988539126297217852e-01 9.976197149168214429e-01 9.983356481762828416e-01 9.994038175928692258e-01 9.990337147418560937e-01 9.989602936630453955e-01 9.990892505405202240e-01
9.982744047007480193e-01 9.969850464590548356e-01 9.963331593799675812e-01 9.982307326092478839e-01 9.994800229175664352e-01 9.991283937714336982e-01 9.971631718029160263e-01 9.996398226852767355e-01 9.976185915718002173e-01 9.942906058543575787e-01
9.989852932701827060e-01 9.992249903366630104e-01 9.990977193872772055e-01 9.990802991367948582e-01 9.992123884455997862e-01 9.992510186901102376e-01 9.985451456202772968e-01 9.984619287240600327e-01 9.990210065456968103e-01 9.990991402393866183e-01
9.994481836058494162e-01 9.975808655215993026e-01 9.977587345336464963e-01 9.993923529787215321e-01 9.992322020347665923e-01 9.989214076758790029e-01 9.991365320510744441e-01 9.992570947823824490e-01 9.941741160658980059e-01 9.937917254825806568e-01
9.910256000244960228e-01 9.985095294289899615e-01 9.984349978655666646e-01 9.986646039894078175e-01 9.985796256361176848e-01 9.992881666906572313e-01 9.987550639193117918e-01 9.989528977044599412e-01 9.976647641835078018e-01 9.990092169099282771e-01
9.993446828364879186e-01 9.988683760312899729e-01 9.988148957557339003e-01 9.987312545618173276e-01 9.994529621259036212e-01 9.988947560936982661e-01 9.991229374099855898e-01 9.981504890223611426e-01 9.982859628848903544e-01 9.991642541781360354e-01
9.988334088886184903e-01 9.993320287100485588e-01 9.990413127166050122e-01 9.989656704693428146e-01 9.983009253312994380e-01 9.937150899818634198e-01 9.993840876577078092e-01 9.984603960248861210e-01 9.967032295005310294e-01 9.989309457264839986e-01
9.992245883910721993e-01 9.978216933033012825e-01 9.972232494651442902e-01 9.988845473314862389e-01 9.964790069643153503e-01 9.991487865153045878e-01 9.988985958652889519e-01 9.887821435200939701e-01 9.990061032050300271e-01 9.994190827713396175e-01
9.994701286693755682e-01 9.988570473660385307e-01 9.967348362757423308e-01 9.986930732619360152e-01 9.991790823928553555e-01 9.994457665139315772e-01 9.964353517585436970e-01 9.992392098563026570e-01 9.980534568872457823e-01 9.989897207899982590e-01
9.966567102240524445e-01 9.990259816291261474e-01 9.981196766710391799e-01 9.985176384129736959e-01 9.991878523550008495e-01 9.991552198789470651e-01 9.995200628626095263e-01 9.994947536798899357e-01 9.989976333781560580e-01 9.975082430342675499e-01
9.995552427944293106e-01 9.989990570167268658e-01 9.951185711969227077e-01 9.987090411813793756e-01 9.984394715029987211e-01 9.992446518878336237e-01 9.988227298669338783e-01 9.993241557538637965e-01 9.990711867215905650e-01 9.996681501888102783e-01
9.985444833048930935e-01 9.992450797011794839e-01 9.969467639352496136e-01 9.988743927012689872e-01 9.989752539069253201e-01 9.984720088212774014e-01 9.992845725815310276e-01 9.981317372627882545e-01 9.971971676603286205e-01 9.988672577419207554e-01
9.959205982543196667e-01 9.985872560450795854e-01 9.983540716278669347e-01 9.986144130552648823e-01 9.989628330720980998e-01 9.986473149511002623e-01 9.958059087757251682e-01 9.993489141968219247e-01 9.993137754351600899e-01 9.993194808565077913e-01
9.979409949993695017e-01 9.975458615881507285e-01 9.995473540926823608e-01 9.984824206009454972e-01 9.993413164181338404e-01 9.993196030911314365e-01 9.982215966207765856e-01 9.990675219113440697e-01 9.994585666389121936e-01 9.982925660389504463e-01
9.947565787161095630e-01 9.988210028390078765e-01 9.991473903890846220e-01 9.992511586115467859e-01 9.973208438110042762e-01 9.986266128617400373e-01 9.985171156652192792e-01 9.990549229314459323e-01 9.983520936569830750e-01 9.989410103401057395e-01
9.991331592825274388e-01 9.983349595115309505e-01 9.985810909148802317e-01 9.987579210509131000e-01 9.986578618988712908e-01 9.976652809883999051e-01 9.985806823132736820e-01 9.972238306978887801e-01 9.982113932333658290e-01 9.988675647428564286e-01
9.985106815166975291e-01 9.992667904109855392e-01 9.984842485861968875e-01 9.994015819434500791e-01 9.986225850339699450e-01 9.992020169778472738e-01 9.994268926286776766e-01 9.985954213190818551e-01 9.996048996364786943e-01 9.982601986307876318e-01
9.992197232979735944e-01 9.993424953651682818e-01 9.985629649893136284e-01 9.988528609740797704e-01 9.989607460095770719e-01 9.987935190559529275e-01 9.911467624360601469e-01 9.994235624312309829e-01 9.991484720341539116e-01 9.991014169581741156e-01
9.984089904289488171e-01 9.982536461985339615e-01 9.991237590103890787e-01 9.987190220457837775e-01 9.990742697757086788e-01 9.990189020094508709e-01 9.941827375996914462e-01 9.979170401436688875e-01 9.991538623805067409e-01 9.969240088612983941e-01
9.968954068201067997e-01 9.971640817275871926e-01 9.995558479997803669e-01 9.992282034416448688e-01 9.991129835537594372e-01 9.991603067249740233e-01 9.990549921179954218e-01 9.992113282489871740e-01 9.987906778312628520e-01 9.984984845368575224e-01
9.993565154560414276e-01 9.996654794445535286e-01 9.984487136364220694e-01 9.988918423137758129e-01 9.982018999824479044e-01 9.993362298240023867e-01 9.991595945598554795e-01 9.989879616686725416e-01 9.988208395856902344e-01 9.993259992051084506e-01
9.991736108942660399e-01 9.980389917753861306e-01 9.988122463437562049e-01 9.987204663020370354e-01 9.981062283834525317e-01 9.982567492383749297e-01 9.980163455830496355e-01 9.992829079519401914e-01 9.994159130300005467e-01 9.989167679248717180e-01
9.990882435795003236e-01 9.985217894681921447e-01 9.976679153218105389e-01 9.984948541034126546e-01 9.991241992172651409e-01 9.995720751681066440e-01 9.990371208877119047e-01 9.992392447807894040e-01 9.996045080761849499e-01 9.989079600728587582e-01
9.988011370098536235e-01 9.983551539142467846e-01 9.991034948485856271e-01 9.985066919554150822e-01 9.990947688083967604e-01 9.989718804362418547e-01 9.989267169257506351e-01 9.959204090503800400e-01 9.988295631611164849e-01 9.992721813713163481e-01
9.973474661222191395e-01 9.989559204189504271e-01 9.967429740265044691e-01 9.990883519058439965e-01 9.979954782777967770e-01 9.993202874703106531e-01 9.994597964549492009e-01 9.984083438950921430e-01 9.987274517351715231e-01 9.990224923037925864e-01
9.983758347634523744e-01 9.990634735338169703e-01 9.988655181892693857e-01 9.960667996247517531e-01 9.991953618720966768e-01 9.989826091702040944e-01 9.980034309622574096e-01 9.950382689815027160e-01 9.990760051299035771e-01 9.990803944024488903e-01
9.996403013332666454e-01 9.982222949841871307e-01 9.920992652022317948e-01 9.970042149302972279e-01 9.993078342111506585e-01 9.992092753756071088e-01 9.994992417826918940e-01 9.988688571279523698e-01 9.984184209326418813e-01 9.993041561860902533e-01
9.993550218250947248e-01 9.976461797420841382e-01 9.987174121148084671e-01 9.990885809848608634e-01 9.942131345209920257e-01 9.990241246609805614e-01 9.995450838118118408e-01 9.986609339695877718e-01 9.961813907324281736e-01 9.992492534169956642e-01
9.983584386621102702e-01 9.980481520554810304e-01 9.993156138327824456e-01 9.984714583471074878e-01 9.984506810344001559e-01 9.989155432185919947e-01 9.991002464025904306e-01 9.990406071984793135e-01 9.991568003888560145e-01 9.990806672402408051e-01
9.988142100302136450e-01 9.980834989930587042e-01 9.979743152371910453e-01 9.990272843583377638e-01 9.994612474147891445e-01 9.981438066649179763e-01 9.988780765595169919e-01 9.992815660040540449e-01 9.989505527425335263e-01 9.993100379460716498e-01
9.994450815724867931e-01 9.969953326476580502e-01 9.996465449001314951e-01 9.980807848805269833e-01 9.982248731157306043e-01 9.982493386802737678e-01 9.987492596068651141e-01 9.993373629407840131e-01 9.984741591111462311e-01 9.990746845645356311e-01
9.994051867984369286e-01 9.979660761230780830e-01 9.991536203686961493e-01 9.981127867182720825e-01 9.994228754097875811e-01 9.989827285770923604e-01 9.992246993933540100e-01 9.991019565696453997e-01 9.994818491948812555e-01 9.978311262925663172e-01
9.990685909368721696e-01 9.994753702289705943e-01 9.996573219468999350e-01 9.990958160496482554e-01 9.987911511908051931e-01 9.988916338996974842e-01 9.993177413619743765e-01 9.993163771591760947e-01 9.993803642184516667e-01 9.993861374627474037e-01
9.992523847719256835e-01 9.988222492734785130e-01 9.994878841745126197e-01 9.990653734921254303e-01 9.982635269481757723e-01 9.981893301458013568e-01 9.984485034919635682e-01 9.985307447135194359e-01 9.988802035510090382e-01 9.883362292118318404e-01
9.971851623525742614e-01 9.984290507485406030e-01 9.991368363315032974e-01 9.996806493103969071e-01 9.991503015177675140e-01 9.990179281037249170e-01 9.982654017980877592e-01 9.973500778256350063e-01 9.993828289530841680e-01 9.980767900309894802e-01
9.996209762252983300e-01 9.991270158978519111e-01 9.993197549951997605e-01 9.994739111699927347e-01 9.982710561095361479e-01 9.983982215184342701e-01 9.986807720085990603e-01 9.992382942924652456e-01 9.995235570840438344e-01 9.986389546662063355e-01
9.968331068155003027e-01 9.895130279119342953e-01 9.991842336982754702e-01 9.983510226964398271e-01 9.987985327942664471e-01 9.966435705757947794e-01 9.988097269218774166e-01 9.981345732716915276e-01 9.982145127374913995e-01 9.985211264844349177e-01
9.987045308087163509e-01 9.989087277281203381e-01 9.982498290665987595e-01 9.994067511473000431e-01 9.990041624016182675e-01 9.983779303596841403e-01 9.953951757126680011e-01 9.980836513478832384e-01 9.990372320717115784e-01 9.988570156658342913e-01
9.990988831787845914e-01 9.975466851918091127e-01 9.981267225865869674e-01 9.984520792457280969e-01 9.979954645937437752e-01 9.988174291718971975e-01 9.991998769467844710e-01 9.977891395252214135e-01 9.990944240769018547e-01 9.969388777991682327e-01
9.994987999209385965e-01 9.988270402308363494e-01 9.986636747666295388e-01 9.994945555299932227e-01 9.990634784016553249e-01 9.967746407738919956e-01 9.982747423042153123e-01 9.987529379770502258e-01 9.991952222386784044e-01 9.987032966284387081e-01
9.982492227361263737e-01 9.990095391533889702e-01 9.988679939717270972e-01 9.984633944991172516e-01 9.994225846168612870e-01 9.929700092668420908e-01 9.988441280991400273e-01 9.993628982690098139e-01 9.983999727165433491e-01 9.986005426714691380e-01
9.982545239358915357e-01 9.987302862122003910e-01 9.993848115138200816e-01 9.983553961037087143e-01 9.991000450623338525e-01 9.991434302144054369e-01 9.966150930717423417e-01 9.986086109554012102e-01 9.973904561260152901e-01 9.989928088117112637e-01
9.986137374671538725e-01 9.993400207790360534e-01 9.976896729940186725e-01 9.989706395686782647e-01 9.965689483917531399e-01 9.977319107908152462e-01 9.986381608531558207e-01 9.987489933032481781e-01 9.964277970751800328e-01 9.975852382283603159e-01
9.986243463952660937e-01 9.992302359568192571e-01 9.993301427483689547e-01 9.993498339238848782e-01 9.983620543935164404e-01 9.970289056133063710e-01 9.913903402207981941e-01 9.978202630067395384e-01 9.983193896589932503e-01 9.975660137579082098e-01
9.984721146831625482e-01 9.990843965372638857e-01 9.979735734476496978e-01 9.988111174107209278e-01 9.953158090249399903e-01 9.994773255251556687e-01 9.996838961586065331e-01 9.995149537609252510e-01 9.994258724409492700e-01 9.985544022356714899e-01
9.987873746759181603e-01 9.982509497159259837e-01 9.962508729855323875e-01 9.986494707572691754e-01 9.990521192682111362e-01 9.991623326454039944e-01 9.987032708586829344e-01 9.994457622522999740e-01 9.969072899525152076e-01 9.971322440738551451e-01
9.990266291053544467e-01 9.969783125241504784e-01 9.990724888761473022e-01 9.973294750053062208e-01 9.992601065619817202e-01 9.991025190975006964e-01 9.986002672940024194e-01 9.994202393238789117e-01 9.991847780003019208e-01 9.995108606879569146e-01
9.985729255141607696e-01 9.972313412278906997e-01 9.987702944271703576e-01 9.967292707499407767e-01 9.995565746471168911e-01 9.991247919105135100e-01 9.974949082181004956e-01 9.993566650623058045e-01 9.992865874441350105e-01 9.989566684524769924e-01
9.993948773301877253e-01 9.953096003840524730e-01 9.992990330283153533e-01 9.985198846892059388e-01 9.980142731396534073e-01 9.990272122045033010e-01 9.992071821947980936e-01 9.968512857864174626e-01 9.994037508650497337e-01 9.955877387166744974e-01
9.982487175195891016e-01 9.942219691190703479e-01 9.987854585998442447e-01 9.991685754940312636e-01 9.989866679898077306e-01 9.990177898557737191e-01 9.979772090654980277e-01 9.992017470395210266e-01 9.987717491786893831e-01 9.993662338749434992e-01
9.972191331310767959e-01 9.977323316021010635e-01 9.990641927116351573e-01 9.990620357255207695e-01 9.989492847880241388e-01 9.978522250504643365e-01 9.992399467817776326e-01 9.992848076090654619e-01 9.986386885159311833e-01 9.986769679453892934e-01
9.990802511418728216e-01 9.984460851286650618e-01 9.985653435663041089e-01 9.989965665523585781e-01 9.984766372405972090e-01 9.938049852510340010e-01 9.994287911395928203e-01 9.985070139577284509e-01 9.984154755516378987e-01 9.992234826558809013e-01
9.991549901953451496e-01 9.996340447438146759e-01 9.970303549346301031e-01 9.989938746075470721e-01 9.977585424030006589e-01 9.985489442493469259e-01 9.980052105974460686e-01 9.993053189087326427e-01 9.992091888465060023e-01 9.993283449333316693e-01
9.988162958255853985e-01 9.993569435634609421e-01 9.996276889348045813e-01 9.988854680432491806e-01 9.989521109527954579e-01 9.972645256702832306e-01 9.992157959581857707e-01 9.976768743471645662e-01 9.995326235783851265e-01 9.980969708478916180e-01
9.983688549610082452e-01 9.996872267114396138e-01 9.967198175305674868e-01 9.986082808642811059e-01 9.990742939950389978e-01 9.974505057119900098e-01 9.980403462004132642e-01 9.994442023063675462e-01 9.994812488312971865e-01 9.993722194660737967e-01
9.991360624251112155e-01 9.976428897036814236e-01 9.992616311393477391e-01 9.990570748107109322e-01 9.989984458956107094e-01 9.996192889821383654e-01 9.994889203866713645e-01 9.990943978031389117e-01 9.988491238919871007e-01 9.984628050041250980e-01
9.987112936543397490e-01 9.986681231995985231e-01 9.992681091128350346e-01 9.971709663187706685e-01 9.986377337462678527e-01 9.986564711266857630e-01 9.990175326203293293e-01 9.987745376911412176e-01 9.990121332262485998e-01 9.987274977178483004e-01
9.989616063099429066e-01 9.992116054723475527e-01 9.979013219634570442e-01 9.983140994215868869e-01 9.991621001370232236e-01 9.979647251185950196e-01 9.987293797147980268e-01 9.980862417446683121e-01 9.995898325964360787e-01 9.988001323931806619e-01
9.989534072930003061e-01 9.971168740111521211e-01 9.985275635391185345e-01 9.977064708926397518e-01 9.996300563293525343e-01 9.992313600631423931e-01 9.990854900928801685e-01 9.963440888173603627e-01 9.990578478789533534e-01 9.988926149176453606e-01
9.985655326753387628e-01 9.994018282412200360e-01 9.990031283163087750e-01 9.993638746507869097e-01 9.992867814522641279e-01 9.993988713804827784e-01 9.988021133673894436e-01 9.990125449187089446e-01 9.984313180313890701e-01 9.956502245030122156e-01
9.993134431496147885e-01 9.980946773953571771e-01 9.991101005986057215e-01 9.989284834353594489e-01 9.993755126109558073e-01 9.988660699683130639e-01 9.983427799455054652e-01 9.992002001985202941e-01 9.991272127870870490e-01 9.989157793150520437e-01
9.993844302143402025e-01 9.982817418119215302e-01 9.980283550769210033e-01 9.974032273553422590e-01 9.983016552437978808e-01 9.993722139193838006e-01 9.991451176351000552e-01 9.981006794907982815e-01 9.985094118110866557e-01 9.986736787397968440e-01
9.933011231796469165e-01 9.990553097371118740e-01 9.991735928347882378e-01 9.980366796312943878e-01 9.950519188383044611e-01 9.973438862676199390e-01 9.991275912349675270e-01 9.987032115201749383e-01 9.981323222978797371e-01 9.986959215290444059e-01
9.990334773086233522e-01 9.983774482015831397e-01 9.980323906551917812e-01 9.989051987024781809e-01 9.988355347501287618e-01 9.987107122901472955e-01 9.993965724777690296e-01 9.994469526442211205e-01 9.983306734247739955e-01 9.985988254679728504e-01
9.995705162346196770e-01 9.991202124113559568e-01 9.983932189949138447e-01 9.987140722052691988e-01 9.993504318395993735e-01 9.992576924791756188e-01 9.976992867134076848e-01 9.989693981391714050e-01 9.988438682044669115e-01 9.985898296421207299e-01
9.988303275382125479e-01 9.991508184563537842e-01 9.968250316721226634e-01 9.991047370604254629e-01 9.989737186503540034e-01 9.987006794609289972e-01 9.988676176598317857e-01 9.988646042818560833e-01 9.993628884833224424e-01 9.989227454475491097e-01
9.983133690870343857e-01 9.982941095163386791e-01 9.901795579067421693e-01 9.994376766107789800e-01 9.987030410265453906e-01 9.896029664861435426e-01 9.990890398128112748e-01 9.988454135856658089e-01 9.987715608807654633e-01 9.994147547006094756e-01
9.984926588957229177e-01 9.989221248726712910e-01 9.987171001519959956e-01 9.979363475499384295e-01 9.973513617844191881e-01 9.984952794656287711e-01 9.992134725558443620e-01 9.994368365470470694e-01 9.995762253166357025e-01 9.989404215509783969e-01
9.987462315450844619e-01 9.989875553528242413e-01 9.994954707960580498e-01 9.991921022910505990e-01 9.988641288231426829e-01 9.994162652554459125e-01 9.987927583573413814e-01 9.986525886340974489e-01 9.975965010810805556e-01 9.968796398655097590e-01
9.996154895792768169e-01 9.993491119370497833e-01 9.979783833336404175e-01 9.990385877589865737e-01 9.993514825206736285e-01 9.988748129592288638e-01 9.993482380115266128e-01 9.993373650677571662e-01 9.995867920282023311e-01 9.991224188089813385e-01
9.982237672187458388e-01 9.985499995700179987e-01 9.994143622795507165e-01 9.992035182384424452e-01 9.990198451934906299e-01 9.906994316983408488e-01 9.949053807468299926e-01 9.990967669772298221e-01 9.969674751752695130e-01 9.995486173537991847e-01
9.974096366739672037e-01 9.994315474723215464e-01 9.988506887934772704e-01 9.984891342707676865e-01 9.991506594405298314e-01 9.991065467168049885e-01 9.970475793415173316e-01 9.993257426111966657e-01 9.991018317822930594e-01 9.992590382374212377e-01
9.975206128710908393e-01 9.991661444732994335e-01 9.981960425777216539e-01 9.984701377013258661e-01 9.974204718659460678e-01 9.976770801850304293e-01 9.993658194872774292e-01 9.970509148346218264e-01 9.981593089727259782e-01 9.988499916763654563e-01
9.990541363901901395e-01 9.989126934657579504e-01 9.986389328518006092e-01 9.974063754597575215e-01 9.987581245769802107e-01 9.995538066948920219e-01 9.993934930566250596e-01 9.968557158322468581e-01 9.991609403361564334e-01 9.978807604689728938e-01
9.985800376321153360e-01 9.987634712295060391e-01 9.993803820571000029e-01 9.987143006230740916e-01 9.985358383192093346e-01 9.982103216753955843e-01 9.994172345561307402e-01 9.957749701730445047e-01 9.986092475105978750e-01 9.983180022183271163e-01
9.986709572053932282e-01 9.989884086284864795e-01 9.988881406334331192e-01 9.987813907168755501e-01 9.991159542525428483e-01 9.981005182745125159e-01 9.981104832768494806e-01 9.990216450171600648e-01 9.954089085843592644e-01 9.994725376212315604e-01
9.989755682399854564e-01 9.914848587100753008e-01 9.977278265393005885e-01 9.991659154184989733e-01 9.928606236230614890e-01 9.994935086902364541e-01 9.986920730096527921e-01 9.988125343051813543e-01 9.990648925101601741e-01 9.995006405455917342e-01
9.975933210756726677e-01 9.956092916469073684e-01 9.983771807776951057e-01 9.981386071222071443e-01 9.989942911420703897e-01 9.995512667468758883e-01 9.993420189980474211e-01 9.991975283183027745e-01 9.989901465875510311e-01 9.981596164209021183e-01
9.993677108832513811e-01 9.911827913892292674e-01 9.992747529642634907e-01 9.989163960126331565e-01 9.960708307858392452e-01 9.986797358766671406e-01 9.987240794503416952e-01 9.974650377574681981e-01 9.974436593348803282e-01 9.985407561540545762e-01
