9.990504268845198377e-01 9.988171061053449096e-01 9.992177087169552552e-01 9.990432341557525797e-01 9.993102238248368074e-01 9.990559359594984867e-01 9.991650027080428709e-01 9.988711302685558957e-01 9.985707758721603655e-01 9.989867825760807563e-01
9.990595814907204941e-01 9.990892278813322536e-01 9.992043765423166413e-01 9.990484959183947300e-01 9.987842057509608296e-01 9.990966055221326414e-01 9.988996261470318716e-01 9.989146796743108014e-01 9.989079180330107111e-01 9.991498125232216587e-01
9.989378784353117879e-01 9.992520684955145116e-01 9.991934397350428210e-01 9.988335804552724850e-01 9.989137069520864776e-01 9.991763059064588948e-01 9.991260337536244096e-01 9.986584590584742793e-01 9.986514065302537491e-01 9.772347906473104473e-01
9.991081337339519086e-01 9.988099512836714489e-01 9.990602554255165746e-01 9.990522407777223668e-01 9.990322024161348846e-01 9.988572828380961610e-01 9.991276291702003709e-01 9.982731899442102153e-01 9.990880961565582474e-01 9.991562212662163933e-01
9.990533405495600761e-01 9.987618424849156185e-01 9.988804853055048838e-01 9.991461363463085554e-01 9.991509657453809812e-01 9.989728768915603352e-01 9.991817405383762729e-01 9.989973380187798790e-01 9.782483789251260609e-01 9.989654541759714901e-01
9.990837935131797742e-01 9.990573851410047279e-01 9.986558868758673713e-01 9.988794101056314156e-01 9.991140037943951890e-01 9.991792000774042393e-01 9.987337001448717277e-01 9.991848438514435715e-01 9.990023645637630123e-01 9.991790048837353444e-01
9.988807093574385565e-01 9.988360275256400467e-01 9.989038586004580500e-01 9.991309392562538472e-01 9.989912746094112839e-01 9.989617247405822020e-01 9.991823000647312991e-01 9.990877291503652557e-01 9.985006327646224200e-01 9.990142640112859018e-01
9.991289332226804820e-01 9.990590478683631925e-01 9.992267648325152685e-01 9.989261103017846866e-01 9.991146656086838940e-01 9.987091608029865508e-01 9.989153885230286356e-01 9.989429208841665853e-01 9.992067263500820085e-01 9.668053290767605334e-01
9.983716466719758653e-01 9.988314419937357469e-01 9.991437357676274944e-01 9.990597163041163853e-01 9.292754092214492445e-01 9.991467322162406184e-01 9.991239745197073585e-01 9.990182273161515303e-01 9.989422543518881037e-01 9.990549131138223293e-01
9.990093150050319837e-01 9.991540106863104898e-01 9.992033655639203094e-01 9.990378295363772088e-01 9.986078675160111606e-01 9.991400833734435105e-01 9.989923979765271689e-01 9.989458591975838297e-01 9.992801121909890005e-01 9.991287478020731694e-01
9.989391027313356819e-01 9.990957517961716050e-01 9.992065003886270169e-01 9.989498760349561080e-01 9.992356202377304930e-01 9.991748496373630273e-01 9.989456037898370999e-01 9.991608883124727392e-01 9.991376152727929894e-01 9.990362004114883288e-01
9.991024484541417561e-01 9.990294693268605419e-01 9.747590168684370227e-01 9.988024250834933726e-01 9.990496005467218721e-01 9.990216529176130233e-01 9.988868972095258369e-01 9.917427972990001672e-01 9.991765081859487196e-01 9.992105440884802015e-01
9.990156837660018052e-01 9.989388774428467066e-01 9.990213633436809681e-01 9.989580545318494931e-01 9.989265568636249704e-01 9.989965933805198262e-01 9.990985323623263747e-01 9.991972464731939674e-01 9.992216608799867616e-01 9.992612522564546795e-01
9.987765347781801806e-01 9.990412466593149299e-01 9.991189774062687601e-01 9.988750590448683964e-01 9.990424547916328946e-01 9.992728708669789128e-01 9.991264697177748566e-01 9.989405315733802526e-01 9.991349018982974561e-01 9.992891006491343431e-01
9.989104336608132240e-01 9.988274917844989220e-01 9.991395681421969543e-01 9.987350570396326122e-01 9.989124608901878144e-01 9.989341306066786830e-01 9.992015137466747632e-01 9.988314961184708851e-01 9.988475185926095623e-01 9.988039416357982203e-01
9.990732580473798974e-01 9.987416558866968330e-01 9.989284560797015988e-01 9.990519091482564784e-01 9.991141135931966843e-01 9.989702991627820161e-01 9.991737802718403394e-01 9.988953449928048567e-01 9.991673278438750749e-01 9.989286583432653854e-01
9.990696518652840696e-01 9.991853695833813331e-01 9.990566588516717195e-01 9.991416383632717446e-01 9.990713702085823877e-01 9.990569861996229095e-01 9.990219544741707480e-01 9.987616233710733260e-01 9.990566160209995994e-01 9.992384596966298327e-01
9.991167674705616619e-01 9.990374687865531955e-01 9.992102466840688813e-01 9.992355341398516666e-01 9.989218778632172890e-01 9.992737167716889690e-01 9.989595919928130341e-01 9.990279129297658933e-01 9.988790349887924913e-01 9.991381916004224983e-01
9.989995831486624400e-01 9.987707673523928964e-01 9.992036258538555815e-01 9.991921302391755244e-01 9.989505298810790190e-01 9.991404107730593731e-01 9.992525572051489391e-01 9.991784402967631706e-01 9.992456910344330590e-01 9.993529005235600726e-01
9.990731232787358751e-01 9.988427446221112005e-01 9.990010842011979308e-01 9.991219120612868654e-01 9.988953315429649482e-01 9.988956832618232085e-01 9.991441678158026196e-01 9.994837528943244509e-01 9.993490305228024395e-01 9.991802906200928369e-01
9.990456995012407804e-01 9.989815354027830052e-01 9.991407961776542779e-01 9.987064754250086773e-01 9.986742655603345620e-01 9.987405649547294040e-01 9.991957865392381288e-01 9.984096731383743650e-01 9.613696784266693163e-01 9.990904143862009423e-01
9.984681046900482082e-01 9.989769914919781613e-01 9.989337641972080295e-01 9.990172799673769921e-01 9.991753629046812302e-01 9.987629381702465281e-01 9.989652254215076743e-01 9.987947785166778614e-01 9.989716656588939481e-01 9.988551749549258174e-01
9.990567801980030360e-01 9.987449609880346690e-01 9.988860452222662056e-01 9.990120030698591558e-01 9.988007945149524058e-01 9.991491275991190024e-01 9.992379212240590780e-01 9.989998807938502701e-01 9.987820175184732863e-01 9.992137286567840393e-01
9.992476324445003222e-01 9.989446333756175633e-01 9.992119774367620444e-01 9.990577774025740654e-01 9.991358352666822595e-01 9.992218325581010419e-01 9.984704010819943631e-01 9.990757496265996185e-01 9.989629914097215568e-01 9.992055643385164831e-01
9.993093755839104197e-01 9.990729354023629716e-01 9.992233143826889652e-01 9.989414807227884330e-01 9.991337907497790383e-01 9.990804451742963943e-01 9.990212876035003964e-01 9.990611167777676549e-01 9.989573403852969324e-01 9.991396673345341872e-01
9.989954742032182144e-01 9.992315844422177129e-01 9.993892206052029659e-01 9.989035156903641743e-01 9.991158156315230743e-01 9.990650463954156013e-01 9.991098720345854556e-01 9.992082598481959455e-01 9.989648542389191199e-01 9.990019219213156498e-01
9.991413299970695050e-01 9.991639452456798631e-01 9.988097148725771923e-01 9.991493810513196738e-01 9.988347835161294208e-01 9.989781986619480358e-01 9.991213586059755070e-01 9.991520903656624375e-01 9.990653126383406413e-01 9.988583950807988776e-01
9.990753338376908710e-01 9.992395107257505682e-01 9.990082531094954810e-01 9.987582997684938402e-01 9.988056316587468064e-01 9.989506815355555513e-01 9.990794373337209544e-01 9.988705807146056603e-01 9.989873993957392173e-01 9.992524021339882490e-01
9.988886100400387047e-01 9.988366615954101801e-01 9.991368516880038131e-01 9.990498580437113807e-01 9.992558079175694052e-01 9.992474553523227332e-01 9.989291990798669918e-01 9.990850009043225066e-01 9.987426673107222541e-01 9.990057924052349048e-01
9.991364124521625589e-01 9.989732340291228585e-01 9.976720834101079349e-01 9.989122670747631050e-01 9.992505349862634834e-01 9.990844237666579586e-01 9.989368151010450392e-01 9.982203583722339957e-01 9.986744841193010425e-01 9.992061760958720340e-01
9.991967717912186853e-01 9.985609636850117932e-01 9.991142247598996384e-01 9.990350291043631481e-01 9.989615464601998562e-01 9.988981106919727626e-01 9.990149186411186877e-01 9.989402818232887560e-01 9.993672027537724434e-01 9.990123938421537897e-01
9.985430726945279112e-01 9.988968236151442026e-01 9.992871625842344452e-01 9.991862798237094445e-01 9.990812071570509545e-01 9.991178292543060335e-01 9.989976922467331821e-01 9.990560426846660791e-01 9.990786816386464375e-01 9.988938101812435688e-01
9.988897408539094691e-01 9.991203560192100097e-01 9.982508216611793994e-01 9.989766347807044200e-01 9.992903851717817032e-01 9.990592487042622150e-01 9.992837072323037528e-01 9.991346749385688897e-01 9.987051473052309669e-01 9.991202149010063316e-01
9.990247129767381162e-01 9.991005168283417781e-01 9.988361893281929582e-01 9.991734153123924544e-01 9.969465245202249193e-01 9.989365631085457276e-01 9.988600184766001089e-01 9.991717240904419706e-01 9.989227973668447502e-01 9.991429408655126965e-01
9.988550078661483367e-01 9.990714266952411826e-01 9.990257029972861025e-01 9.989132272783312061e-01 9.991384819383704041e-01 8.728517866530549618e-01 9.988100817618749128e-01 9.988361463832819975e-01 9.988543612901772395e-01 9.988833665715983745e-01
9.991646110401083414e-01 9.992943651596851717e-01 9.990623273847747399e-01 9.988939731811810052e-01 9.991269692680746495e-01 9.990342804900903539e-01 9.991174245410388011e-01 9.992012703742297886e-01 9.989339055439133697e-01 9.991738335253955716e-01
9.988488621940534440e-01 9.993328883694847509e-01 9.987152268543348921e-01 9.989011888634816705e-01 9.987961773123008591e-01 9.989161665871801876e-01 9.985565923537050859e-01 9.991902477258547410e-01 9.993205581236580537e-01 9.988297137574558837e-01
9.990298781306156117e-01 9.989578916373441642e-01 9.990646513003093032e-01 9.991422212155145477e-01 9.989602874625252982e-01 9.988826489523087160e-01 9.990460819559552341e-01 9.990362745812705336e-01 9.987285886364154486e-01 9.990758665671053418e-01
9.989752833823904998e-01 9.992676804944273794e-01 9.989244830642937112e-01 9.990506652112974839e-01 9.988720335500486103e-01 9.986977345214347324e-01 9.990312966611251122e-01 9.989391185742358958e-01 9.991807942270763965e-01 9.989680499627797694e-01
9.992294174365888848e-01 9.988610335632791548e-01 9.988188149645633729e-01 9.990475999939771867e-01 9.832365660501019011e-01 9.991113069766524024e-01 9.988744818380904666e-01 9.991667422268860621e-01 9.990279067524683310e-01 9.985508297504726016e-01
9.993531531586983263e-01 9.991434320501690891e-01 9.143671253082453765e-01 9.990873669182104289e-01 9.989019106249977797e-01 9.988580929197730107e-01 9.992473907310338577e-01 9.987937949638004964e-01 9.993229802765299929e-01 9.989815435724418435e-01
9.990152622101177160e-01 9.989774155910803310e-01 9.990014876452172343e-01 9.992088071470669464e-01 9.989947386415169994e-01 9.991254987993970493e-01 9.989011429817049592e-01 9.991221333787010384e-01 9.991614506742376722e-01 9.966745260836393783e-01
9.989907712649422900e-01 9.990677066268049966e-01 9.991758650865646407e-01 9.990610357378092443e-01 9.989941357997332849e-01 9.982281349425919936e-01 9.989751464833281913e-01 9.990901638659421824e-01 9.991502932832134753e-01 9.991267939542459731e-01
9.991845326216882706e-01 9.988538382606158006e-01 9.989168295688042321e-01 9.990605750297834042e-01 9.990879124259788302e-01 9.989188882537066716e-01 9.984913618371262789e-01 9.992123195913549250e-01 9.991209176345485776e-01 9.991775102067325109e-01
9.917980489365676444e-01 9.991352071266406121e-01 9.990762010318380293e-01 9.990453240093241094e-01 9.991259646082832901e-01 9.991683886522456648e-01 9.805018070485109760e-01 9.992570179544220110e-01 9.989124216238692844e-01 9.992309778455856772e-01
9.991192951682804635e-01 9.992788348144188149e-01 9.989064499715175627e-01 8.930750621863891014e-01 9.989706694119613317e-01 9.990128062411145482e-01 9.990694922824108204e-01 9.989445513000103638e-01 9.993185632306328392e-01 9.988961541841766545e-01
9.989339537928570989e-01 9.986729324647674044e-01 9.766307913474704394e-01 9.983039990659244856e-01 9.989458019307158043e-01 9.991517934237049703e-01 9.990188419812759957e-01 9.410017465010854787e-01 9.989232267412141431e-01 9.990215488996115889e-01
9.992751958043811777e-01 9.988020630987127779e-01 9.990925503878632652e-01 9.992375743453539849e-01 9.977857964303000760e-01 9.990303626695856698e-01 9.983270891950477566e-01 9.991513408193856138e-01 9.987327540580415164e-01 9.991253933938876175e-01
9.992591258556006162e-01 9.991793757414260124e-01 9.990612565884329221e-01 9.991303498299783925e-01 9.990830558451999632e-01 9.987521670775016958e-01 9.989713342984027911e-01 9.981081304429988421e-01 9.991652081830505461e-01 9.990175000659594629e-01
9.989831458202774739e-01 9.989083824871342054e-01 9.990244269922454734e-01 9.989370199868354838e-01 9.991420091013345495e-01 9.987891809909985597e-01 9.990619499709985085e-01 9.991162306911587354e-01 9.989781080510211630e-01 9.991608294790025324e-01
9.993758307962851140e-01 9.990219597099102566e-01 9.990458566798929851e-01 9.990073237341047241e-01 9.990999062961535282e-01 9.990644709527184419e-01 9.989078293207555026e-01 9.988997893170129538e-01 9.992707223455460364e-01 9.990779752022111992e-01
9.988393883542807661e-01 9.989306836901197251e-01 9.989641930681006921e-01 9.989875725860470901e-01 9.989610905493949700e-01 9.990912490904021448e-01 9.992389521960304277e-01 9.988897890571347693e-01 9.992530783594155697e-01 9.989730205889585379e-01
9.991067391265634479e-01 9.992068040681133523e-01 9.989691460573697501e-01 9.982882679403216608e-01 9.991865834051222306e-01 9.988609711401335023e-01 9.987597364886123819e-01 9.991418770476993005e-01 9.992814950056524426e-01 9.991187368042708794e-01
9.992664558732907709e-01 9.989788932618629547e-01 9.990079013443283751e-01 9.991705835161942550e-01 9.991449544878728828e-01 9.991478186862767785e-01 9.991314483521501755e-01 9.991540218305849930e-01 9.990628021530062464e-01 9.992646973998532411e-01
9.990658566103212124e-01 9.990389055939171703e-01 9.989188550351664198e-01 9.990507479306598437e-01 9.990449242009570296e-01 9.991920153596374199e-01 9.988060732491685911e-01 9.991761103838814329e-01 9.991265868866584521e-01 9.992435115218427644e-01
9.989107771420578930e-01 9.990100898921054906e-01 9.989817983734838869e-01 9.990305938235770622e-01 9.987624902694479667e-01 9.990846370541246468e-01 9.992209036769642561e-01 9.993440612013235747e-01 9.993096868010667988e-01 9.989854329984906300e-01
9.989499120198400695e-01 9.978448499219055856e-01 9.992936888724855971e-01 9.990634518722126822e-01 9.306509259610186158e-01 9.989584918037284211e-01 9.991800885366789453e-01 9.990533851174894231e-01 9.979817908893595657e-01 9.990621892761194500e-01
9.984633960230011596e-01 9.992968902453770452e-01 9.992455271860655186e-01 9.990614722906240308e-01 9.991209848746119837e-01 9.991480296054613408e-01 9.992581323848386265e-01 9.989294892019918715e-01 9.990163591686238576e-01 9.975717345987524798e-01
9.990736102852026956e-01 9.989647494704251285e-01 9.991074812286773188e-01 9.991212835571725570e-01 9.988916108133115701e-01 9.990883486068582453e-01 9.990767733071220791e-01 9.945558648430465887e-01 9.988467460115481034e-01 9.990015717343562196e-01
9.988171570039571234e-01 9.987165303067614408e-01 9.990825042826109170e-01 9.992094640863073973e-01 9.990010257229525736e-01 9.991948702626991530e-01 9.990355130288294250e-01 9.990602376194775980e-01 9.990261655025363119e-01 9.990661533886804335e-01
9.990376495567242499e-01 9.991496677883204836e-01 9.992471157696880546e-01 9.990464610884698393e-01 9.992103449320129949e-01 9.991240665128330312e-01 9.987637385512173616e-01 9.988567385653532860e-01 9.990501586710368587e-01 9.989801159244031670e-01
9.990444894163059697e-01 9.990054536977980293e-01 9.990401061213987077e-01 9.986157870901984923e-01 9.989733009033875399e-01 9.987180882698792894e-01 9.992498211856306600e-01 9.992255187340520761e-01 9.991603550764723840e-01 9.992040003180455709e-01
9.990427382971465153e-01 9.991390784616331899e-01 9.989497430293020619e-01 9.990037177857162831e-01 9.992505835313777451e-01 9.987955886821942020e-01 9.990464379973709175e-01 9.990631669209849575e-01 9.990995255791135232e-01 9.992912089100020046e-01
9.989270400504098868e-01 9.990116164085296457e-01 9.983833624775193538e-01 9.990090879087376585e-01 9.990494038513744179e-01 9.989368887660908802e-01 9.991146384551233828e-01 9.992093890657628430e-01 9.985530266162671031e-01 9.991897932194709897e-01
9.991427403622329395e-01 9.992685153161380285e-01 9.990784152784971672e-01 9.990032032489861713e-01 9.980510827643613858e-01 9.991337981651887690e-01 9.988660687073296351e-01 9.988291275654780366e-01 9.987170379107742635e-01 9.990153109059670689e-01
9.992303663342247955e-01 9.990833320768101045e-01 9.982247394703573917e-01 9.992166165599013494e-01 9.989578849195246413e-01 9.991582122752474815e-01 9.989946664732914927e-01 9.990964793009946554e-01 9.989888730498414082e-01 9.991930091010268189e-01
9.992152191238559134e-01 9.992792697577898009e-01 9.990198328935938621e-01 9.990715149888250712e-01 9.991129813079264732e-01 9.984887098197045008e-01 9.988289886423242780e-01 9.990982538760263543e-01 9.988024733030745894e-01 9.988239936501769334e-01
9.991103614836007729e-01 9.985263197399395496e-01 9.990939601601775966e-01 8.956851686219587938e-01 9.988848264812035804e-01 9.988961681514404445e-01 9.982801775299365854e-01 9.991930505345189006e-01 9.989269720406838138e-01 9.989043689861674125e-01
9.989368375399948485e-01 9.992991201111084409e-01 9.991956993873967185e-01 9.986493710323065542e-01 9.986503767849693736e-01 9.992511393204032144e-01 9.981398650745731960e-01 9.987705696844176861e-01 9.957986696353223754e-01 9.989348548723696597e-01
9.991207051949028140e-01 9.989636100720981071e-01 9.989236711212583497e-01 9.990774632678965927e-01 9.989911361185574989e-01 9.991173968217558210e-01 9.990281073119470223e-01 9.989659775680915788e-01 9.991082441255929592e-01 9.989601211297787220e-01
9.987442677395605983e-01 9.990651958667815524e-01 9.992059639665257231e-01 9.991955495384462482e-01 9.991513580410700257e-01 9.988938358477965629e-01 9.989208816031363014e-01 9.988960109888219696e-01 9.990693547318911794e-01 9.984619251463304757e-01
9.989126189789524490e-01 9.992384157971645475e-01 9.989555854742603325e-01 9.990279168197704340e-01 9.992331364171491703e-01 9.993168860961241240e-01 9.991105232030409455e-01 9.990530560050302489e-01 9.977253098782744578e-01 9.991411830212595380e-01
9.990345232794064501e-01 9.991023298306004330e-01 9.990247545151411668e-01 9.985097790321789679e-01 9.987589468827884343e-01 9.990779874735215005e-01 9.988739984593407728e-01 9.989440285064079550e-01 9.987988205158536692e-01 9.991646129557839595e-01
9.990901219427673619e-01 9.991838111835147362e-01 9.988979192021903986e-01 9.990889963533576834e-01 9.990042258450599899e-01 9.984640680723835260e-01 9.989787789539710250e-01 9.989180869060035883e-01 9.988003094236072021e-01 9.993125831350434529e-01
9.989179191029378124e-01 9.989578142245476577e-01 9.989906201866938229e-01 9.991248029302499667e-01 9.990298814308671282e-01 9.988062711449228193e-01 9.988689426650617653e-01 9.991709208793585484e-01 9.989363727441431529e-01 9.990158726152014168e-01
9.990959443101253834e-01 9.990218078381529754e-01 9.987062554687398119e-01 9.991682215833759262e-01 9.991952909843739850e-01 9.991036929616784468e-01 9.990154374595094922e-01 9.989114500346938375e-01 9.992213465104511361e-01 9.973242160358561925e-01
9.988489171116167187e-01 9.992882748113964819e-01 9.983764386836347926e-01 9.992110460775678327e-01 9.990931060385862539e-01 9.988310722142321740e-01 9.987736122772096214e-01 9.989765977429543309e-01 9.991779357661347838e-01 9.990094978973258488e-01
9.989223917750984505e-01 9.989743893937875763e-01 9.991726761270915969e-01 9.989324907934036268e-01 9.990052620609555234e-01 9.989146481833373059e-01 9.990759759330345435e-01 9.992759963629177511e-01 9.988947876113618562e-01 9.991346107474661231e-01
9.992462577972253124e-01 9.980342713887956352e-01 9.990836514638582466e-01 9.986685138390632988e-01 9.989276254019665569e-01 9.991357691539165531e-01 9.992213838929998593e-01 9.990335389551806555e-01 9.992877150559856814e-01 9.992177430009523409e-01
9.989424808812794598e-01 9.992088891713954979e-01 9.990522988425847295e-01 9.989843260379069889e-01 9.987034335123874396e-01 9.088094378528669415e-01 9.991427422221004218e-01 9.992124900798948772e-01 9.993499682755405678e-01 9.882390599946764276e-01
9.992642190912985889e-01 9.989774278140126640e-01 9.989947761002748727e-01 9.985696964595739411e-01 7.351207928642227163e-01 9.989937344174907308e-01 9.992677201215278693e-01 9.992324330394735110e-01 9.991738699647022548e-01 9.991951111484220771e-01
9.990310198314075185e-01 9.988105099540750542e-01 9.991084827504900234e-01 9.990658808165071569e-01 9.989728830389635883e-01 9.991700777830777591e-01 9.986618338293541397e-01 9.990571992833728876e-01 9.991290462877144840e-01 9.990456468822036529e-01
9.991337498789435445e-01 9.990001591258059754e-01 9.986584848695382322e-01 9.990372533087503726e-01 9.989848377635470733e-01 9.992684950707877434e-01 9.485113293353426567e-01 9.989344083714075673e-01 9.991457714857989725e-01 9.988697126425154504e-01
9.990634982784210028e-01 9.990407022198728448e-01 9.991144749988112306e-01 9.992669651870749181e-01 9.992532716321196329e-01 9.992177132495977387e-01 9.990450947117461844e-01 9.991126091068508464e-01 9.991206991369991908e-01 9.990220291440096156e-01
9.991511257268407276e-01 9.991177696810989994e-01 9.988318333368747526e-01 9.991371367827640571e-01 9.987952493702637602e-01 9.991902349021477558e-01 9.988744718873029393e-01 9.986769950089207093e-01 9.509964392215671802e-01 9.990682737818125103e-01
9.992089542687720982e-01 9.989619497739223863e-01 9.992687133069986238e-01 9.991093517035168903e-01 9.992791158515121896e-01 9.551027711284524324e-01 9.989656299371085790e-01 9.990561285916296219e-01 9.991675659971197554e-01 9.989485264258698427e-01
9.749674116148523417e-01 9.990282484657810880e-01 9.990782982249729605e-01 9.989387470581441164e-01 9.993670400919777430e-01 9.991396068275951725e-01 9.987169015256026627e-01 9.992421268631350717e-01 9.988388515879825791e-01 9.989518005570869885e-01
8.772329553958184700e-01 9.991333314997468129e-01 9.987916855097177526e-01 9.986091216473631516e-01 9.992101833206979977e-01 9.989725143563679133e-01 9.991147987625683680e-01 9.990084602697574256e-01 9.990195411157523075e-01 9.990207579216915379e-01
9.991462808223265935e-01 9.989931663863547140e-01 9.990992595740538773e-01 9.982985610904206997e-01 9.989772322302711283e-01 9.990591558286351370e-01 9.993453985618038216e-01 9.992159173145952478e-01 9.989571550680719225e-01 9.991863419203415031e-01
9.989818098040403882e-01 9.990065313995678542e-01 9.992205282305886005e-01 9.992079121424833899e-01 9.984633081553256906e-01 9.989761860645646196e-01 9.987080746407920318e-01 9.989278297720912692e-01 9.990472248911551612e-01 9.990769986605576580e-01
9.989551405602556944e-01 9.987260604963483779e-01 9.970294322846755541e-01 9.988802235493973170e-01 9.989617873412173221e-01 9.992926471923551102e-01 9.989599214537805416e-01 9.987268990272468727e-01 9.990844268474823320e-01 9.991398659074282040e-01
9.991857832169400710e-01 9.989916640057628916e-01 9.990248023739474181e-01 9.990156938030050338e-01 9.992420445898015924e-01 9.990580843625705976e-01 9.993097947207483234e-01 9.989073727073213282e-01 9.988049365015501113e-01 9.991904150756881764e-01
9.991361375816022461e-01 9.990715423504261672e-01 9.990568358909297508e-01 9.991332423517069738e-01 9.987339994513622088e-01 9.990711324218922718e-01 9.992424038054735780e-01 9.992727176026369174e-01 9.988399965845938810e-01 9.808014475133509658e-01
9.986257863734961937e-01 9.989817315860481939e-01 9.990287402011387430e-01 9.989621533193177028e-01 9.989770620023997738e-01 9.992005929134202269e-01 9.991600158467085491e-01 9.989263963228726118e-01 9.989697756773766590e-01 9.991157438458460049e-01
9.987033240546234758e-01 9.988673868041485493e-01 9.985600981215013716e-01 9.990515393108624354e-01 9.988122650748590958e-01 9.988913386070272793e-01 9.989514160906355356e-01 9.990341725155310604e-01 9.987640684936677227e-01 9.989620081805232754e-01
9.988584317898344667e-01 9.989883532166156099e-01 9.992044121953413960e-01 9.018224301078606731e-01 9.990006415936047990e-01 9.982255866493270346e-01 9.987512505254509954e-01 9.991504904403591958e-01 9.992427986758567471e-01 9.988778187881217629e-01
9.989965250112506912e-01 9.991083831680087624e-01 9.993148754155940505e-01 9.993516735424509134e-01 9.989922247152892565e-01 9.988675586711420751e-01 9.988437829059357842e-01 9.991537961886139962e-01 9.989931210038864862e-01 9.990333195917709963e-01
9.990431458644462026e-01 9.988744272174480132e-01 9.990177554958377115e-01 9.988530923875617029e-01 9.989875407262337470e-01 9.989938487371693432e-01 9.989269278076299274e-01 9.989307054799232422e-01 9.990240239302319303e-01 9.988484252150310327e-01
9.991843255998912321e-01 9.991995575160504961e-01 9.991181821369049532e-01 9.989083633406204976e-01 9.990959638681192745e-01 9.990491891292421212e-01 9.991994217300870229e-01 9.991846456322732717e-01 9.987886143501522040e-01 9.989754457565191981e-01
9.989859830555890552e-01 9.988475126606867205e-01 9.988149906187709925e-01 9.990852875262438149e-01 9.990591675496414137e-01 9.992464691866004278e-01 9.992164123234122952e-01 9.987955508125400117e-01 9.988585030469088188e-01 9.991022586057012322e-01
