9.995868261984395264e-01 9.997039760475217030e-01 9.997426454526397999e-01 9.996398775166771555e-01 9.996956699336283503e-01 9.997241451089361464e-01 9.997216015636795072e-01 9.997311267057230610e-01 9.997032170991280164e-01 9.997163577541117174e-01
9.996031647734707759e-01 9.997304321945535976e-01 9.997885263845058823e-01 9.997878296450599667e-01 9.996889083704233459e-01 9.997263272006305934e-01 9.997077711365341957e-01 9.997723850631494713e-01 9.997258992887554374e-01 9.996956339382263579e-01
9.997936225396389931e-01 9.997236950036919589e-01 9.996472373367676356e-01 9.996773790503118429e-01 9.995914252659464649e-01 9.997379953753021686e-01 9.997158352603461307e-01 9.997661895683083166e-01 9.996636345648790556e-01 9.997292274429392389e-01
9.997418084314493303e-01 9.996735285518477676e-01 9.997250924029248420e-01 9.997333172970290782e-01 9.997132002851462085e-01 9.997236406987298762e-01 9.996829838704573978e-01 9.997106435994504992e-01 9.996939879729185296e-01 9.996115870767153799e-01
9.997307273765778657e-01 9.997557825044317559e-01 9.996746075330609216e-01 9.996865565008568044e-01 9.996094502300710838e-01 9.997649343088913509e-01 9.996613041182996762e-01 9.997251516841452190e-01 9.997434739349021493e-01 9.996977326276527132e-01
9.996511613479850400e-01 9.997343932183472281e-01 9.997144385057760152e-01 9.997446558927862714e-01 9.996859315170311122e-01 9.996848372743144528e-01 9.997670036390836623e-01 9.996958658258868757e-01 9.997313399137137679e-01 9.996625893722803635e-01
9.997430358139338669e-01 9.996755551182345823e-01 9.997036816583824148e-01 9.997729105064910859e-01 9.997143253402054341e-01 9.996937569761213949e-01 9.997324390852281306e-01 9.996487718279347678e-01 9.997844434558061932e-01 9.997516937741561804e-01
9.997142486281253015e-01 9.997488977922448505e-01 9.997497145693955423e-01 9.997799247427107128e-01 9.997852523229906474e-01 9.997527655272943070e-01 9.997423993597908121e-01 9.996934784879050184e-01 9.997029006946621665e-01 9.995788880534213217e-01
9.997405720950250929e-01 9.997402091104418131e-01 9.996567997947680695e-01 9.997461948729268189e-01 9.997329707170072854e-01 9.997706706998584769e-01 9.997273176599217326e-01 9.997505715900515399e-01 9.997450540419198228e-01 9.996431265222532891e-01
9.997089755058249372e-01 9.997073248629123610e-01 9.996383068631935487e-01 9.997064460305936651e-01 9.997087386159765332e-01 9.996805615051136407e-01 9.997332430345216014e-01 9.997401756532831030e-01 9.997752269331543484e-01 9.997806399129558486e-01
9.996402770270320648e-01 9.997184493750673751e-01 9.997070789880895259e-01 9.997112900277691505e-01 9.996701719575322720e-01 9.997341437951323684e-01 9.997618961696140838e-01 9.997415977394726871e-01 9.997431834537986450e-01 9.996547798371759885e-01
9.997387901243963704e-01 9.997047934303031624e-01 9.996627099013032369e-01 9.997294629692101697e-01 9.996511069688828188e-01 9.996224222041681928e-01 9.996710214490319713e-01 9.997327883220384903e-01 9.996775895029810233e-01 9.997364599939257968e-01
9.997206429707622410e-01 9.997037166346286474e-01 9.997788613962018678e-01 9.996937255292671631e-01 9.997079918698883461e-01 9.996700613968569904e-01 9.997343830320303271e-01 9.997246996773886396e-01 9.996634100694078429e-01 9.996979472270666189e-01
9.997277908040844707e-01 9.996962247642889876e-01 9.996904155627189814e-01 9.997156080052012062e-01 9.997062327567547424e-01 9.996194901309456426e-01 9.997369388903103449e-01 9.996425745284770459e-01 9.997237479423060069e-01 9.997545120650153105e-01
9.996950288176343902e-01 9.997020126390481209e-01 9.996717706164761630e-01 9.997003043283634316e-01 9.997340795831877180e-01 9.996826785669589155e-01 9.997021586300018914e-01 9.996816757976458856e-01 9.996821525325118030e-01 9.996792766745422609e-01
9.997145217313564425e-01 9.997073496150543637e-01 9.996738347406416425e-01 9.996754649712695784e-01 9.997239944866357364e-01 9.996876174801507808e-01 9.996938351757388430e-01 9.997103902371009543e-01 9.996523783290858223e-01 9.997235716383671145e-01
9.997680833597593075e-01 9.996886257257412423e-01 9.997691244158756207e-01 9.997190252036181057e-01 9.997715314077239013e-01 9.997115857233241920e-01 9.997014665299162051e-01 9.996819486323139659e-01 9.997418627432524962e-01 9.996897200470166167e-01
9.997665979282815973e-01 9.997324131816736070e-01 9.997155175109190273e-01 9.997132617198913884e-01 9.997061771668921404e-01 9.996476145449287865e-01 8.951478945113245933e-01 9.995648416910778433e-01 9.996775948266912737e-01 9.997183011451310497e-01
9.995827347980668076e-01 9.997241103200913415e-01 9.997157179791436032e-01 9.996907460610688911e-01 9.996481389994535949e-01 9.996483175660192400e-01 9.996954825408872480e-01 9.997480030744176904e-01 9.996499420100473099e-01 9.997194416398869077e-01
9.996839967086976753e-01 9.996676435150582130e-01 9.997256994749429415e-01 9.997349858050826876e-01 9.996836890972020662e-01 9.997357599915019932e-01 9.997022533666897193e-01 9.997444736418321654e-01 9.996688286851885819e-01 9.996851993302811046e-01
9.997195936365373958e-01 9.997305123698928542e-01 9.997474406306453565e-01 9.997111280561619129e-01 9.997307778322885863e-01 9.997416117520395717e-01 9.997674517942842787e-01 9.997358129292031048e-01 9.997262018462506061e-01 9.995802595876165375e-01
9.996334367205634841e-01 9.993762231393668038e-01 9.997124390518633552e-01 9.997018826395056568e-01 9.997534444733819914e-01 9.997496031310170173e-01 9.996647392170661117e-01 9.997282950561344750e-01 9.997336183265868037e-01 9.996686733213692166e-01
9.996647765716515366e-01 9.996133147561165888e-01 9.996798254461306543e-01 9.996705737238235079e-01 9.996687666907669856e-01 9.997291697419045109e-01 9.997353401871820200e-01 9.997590469606835173e-01 9.995671686893782271e-01 9.997311774075123836e-01
9.997145914089705654e-01 9.997356267062521562e-01 9.996772718024601323e-01 9.997893210745057990e-01 9.997198650543961396e-01 9.996702837644814155e-01 9.995979937119531256e-01 9.997021553877760702e-01 9.996792830912204497e-01 9.996582608319479757e-01
9.996798121743102339e-01 9.996243109654671111e-01 9.997462827472332059e-01 9.997107805934118963e-01 9.997882717054756840e-01 9.996908447615632243e-01 9.997586931090006734e-01 9.996641507875088095e-01 9.997624706466782252e-01 9.996758590942426137e-01
9.997590298285117250e-01 9.997020752784572251e-01 9.997116591198781377e-01 9.996789933632607150e-01 9.996713256902158840e-01 9.996973669244150207e-01 9.997098464661713368e-01 9.996820352183918290e-01 9.997074045597017511e-01 9.996803410462684614e-01
9.997088642916445167e-01 9.997291707300643981e-01 9.996785930244935781e-01 9.996660008882746196e-01 9.998093988400654775e-01 9.997254679792180188e-01 9.996925701901374639e-01 9.996701565797385669e-01 9.996792140602308585e-01 9.997616335712319335e-01
9.996552503735801620e-01 9.996968249763440451e-01 9.996950294131271564e-01 9.997605869853946059e-01 9.997215016905018903e-01 9.997140914576944093e-01 9.997527382596832490e-01 9.997281735362536503e-01 9.996392977414824133e-01 9.997504865029964716e-01
9.997202612033824209e-01 9.997153957036057914e-01 9.997609889468233035e-01 9.997453254909973719e-01 9.997407372983563301e-01 9.996832748710013927e-01 9.997069163588007124e-01 9.996855012719877420e-01 9.996519515737432027e-01 9.997312634727820724e-01
9.997283326705392881e-01 9.997299958328481617e-01 9.996734156015560924e-01 9.997763171350438904e-01 9.996585655001150039e-01 9.996242075867415311e-01 9.996967281865469790e-01 9.997192250212278974e-01 9.996968669109022043e-01 9.996823916202604021e-01
9.997793786262344495e-01 9.997144331868422773e-01 9.997697170649095799e-01 9.997113878242207541e-01 9.997286520384118802e-01 9.997146166659941491e-01 9.997098652261221519e-01 9.996029062992307646e-01 9.997530485610721662e-01 9.997195419362742141e-01
9.997529220638460279e-01 9.997855687066691255e-01 9.997666120756589780e-01 9.997269293501116483e-01 9.996552548525482473e-01 9.937364828867158995e-01 9.997361208685512368e-01 9.997343915569695261e-01 9.997273431742335070e-01 9.997347008323723694e-01
9.997102696822640633e-01 9.996725840985184464e-01 9.997909251472797409e-01 9.997647075286459906e-01 9.997054890587727671e-01 9.996824051814982015e-01 9.995226218892071524e-01 9.997295826170882194e-01 9.996981320829512185e-01 9.997538664884764170e-01
9.997324762812442867e-01 9.997098669358448486e-01 9.996772705251733004e-01 9.997382768216932503e-01 9.996738870562159596e-01 9.997210311615488676e-01 9.996936123774802230e-01 9.996726807922734492e-01 9.997082973814277462e-01 9.997560247134503753e-01
9.996552825360511818e-01 9.997460007730049059e-01 9.997630627279023852e-01 9.996769712987396694e-01 9.997212513810145307e-01 9.997590349711452662e-01 9.996857950103864576e-01 9.996325320800754088e-01 9.996832923371316015e-01 9.996847590988664489e-01
9.996916921197382955e-01 9.996444783187696803e-01 9.996976658939994431e-01 9.996953045748859790e-01 9.997174072422809754e-01 9.996787210803722568e-01 9.997183364386712512e-01 9.996784147289790035e-01 9.997274837093260702e-01 9.996909987389011043e-01
9.996951227754722336e-01 9.996187066932605836e-01 9.997011223547025427e-01 9.996809326686157959e-01 9.996799599604995201e-01 9.996601334013831552e-01 9.997172034354486758e-01 9.997258680751477389e-01 9.997063626928809343e-01 9.996382557275624858e-01
9.997074495703877073e-01 9.997526571432396869e-01 9.997867055478910636e-01 9.997929055893559624e-01 9.997454846833635500e-01 9.997253510149508582e-01 9.997314794941647431e-01 9.997666561113917050e-01 9.996751666147308812e-01 9.997678337508155710e-01
9.996701737006772337e-01 9.996758439643138594e-01 9.996758635126387071e-01 9.996257613832429945e-01 9.997148392180470466e-01 9.996741619690284741e-01 9.997522246285640568e-01 9.996528453643445111e-01 9.997299774035491859e-01 9.997120143353531718e-01
9.997170802379052867e-01 9.997238461211941374e-01 9.997147838127470321e-01 9.997355660498717933e-01 9.996504471145809534e-01 9.996426014008735761e-01 9.997548912906458751e-01 9.997021314926282098e-01 9.997237718981674126e-01 9.996974851861214484e-01
9.997522751881158243e-01 9.997242409218155546e-01 9.996804166234553035e-01 9.997415066098253034e-01 9.996876370952533231e-01 9.996595485294690331e-01 9.996201284471584181e-01 9.996995250565307023e-01 9.996550564715519505e-01 9.997830487062018268e-01
9.997469249176379469e-01 9.997039499370160565e-01 9.996906098175968314e-01 9.997405918992171570e-01 9.996949601992882739e-01 9.997298739055985317e-01 9.996861152352369828e-01 9.996815907116448630e-01 9.997110223857378353e-01 9.996947959919287863e-01
9.996956588715776304e-01 9.997481119935598404e-01 9.997180326547288054e-01 9.997047918280052015e-01 9.996658514525770256e-01 9.997496756751838021e-01 9.997098873047862710e-01 9.997720454809626567e-01 9.997076507515284538e-01 9.997240308908997841e-01
9.998105072493180812e-01 9.996265893478620823e-01 9.996398966871777869e-01 9.996900754525290811e-01 9.996886616980804607e-01 9.995693763989417224e-01 9.997326870244584995e-01 9.997861976292539143e-01 9.997159934704500373e-01 9.996379221886603217e-01
9.996764881267384828e-01 9.996335655196307846e-01 9.997623722067341401e-01 9.997720429099050676e-01 9.997120255402944800e-01 9.997230657223710182e-01 9.997430477461127785e-01 9.997214310895318201e-01 9.997081484881590319e-01 9.997369546342892432e-01
9.997257299617474668e-01 9.996987432402201224e-01 9.997242262919021627e-01 9.996039159655172313e-01 9.997445428581994697e-01 9.997094120035818765e-01 9.997222580434778072e-01 9.997578100165946946e-01 9.997164371684799100e-01 9.996573864188731395e-01
9.997171230611168191e-01 9.942394593136424374e-01 9.996780747616423879e-01 9.996623919563021321e-01 9.997332868190184074e-01 9.997321105729443103e-01 9.997085113635787446e-01 9.997174675387123788e-01 9.997224024619804084e-01 9.996569083340235418e-01
9.996987914632087247e-01 9.997575880646194513e-01 9.995622800427084176e-01 9.996777627886018758e-01 9.997444583356140946e-01 9.996872264142334652e-01 9.997175485178393384e-01 9.996554846653418203e-01 9.997328140340892011e-01 9.997290770972123708e-01
9.996510671720106878e-01 9.997225235452819048e-01 9.996605489158920665e-01 9.997497334987764939e-01 9.997522143684600682e-01 9.997199212350098563e-01 9.997475321586275498e-01 9.996954532445180286e-01 9.997159691876641441e-01 9.997382921903931186e-01
9.990950487997545260e-01 9.996260333277098287e-01 9.996261730586618599e-01 9.996968179012420963e-01 9.996694103610928028e-01 9.996882727121577661e-01 9.997458023273586569e-01 9.997045874909301633e-01 9.997049691407953187e-01 9.997374665661139526e-01
9.995392689178361767e-01 9.997179390958472744e-01 9.996638207077807037e-01 9.997174261901539127e-01 9.996985921407495201e-01 9.996869309783782409e-01 9.997399591029898502e-01 9.996801387155670460e-01 9.997348224326219057e-01 9.997111557796208858e-01
9.997776184932682941e-01 9.997474727733491884e-01 9.996980870121385809e-01 9.996682296506347321e-01 9.997144782707014787e-01 9.997656382104784800e-01 9.997356210138583776e-01 9.997029464125982701e-01 9.996541004921253304e-01 9.995733268466610033e-01
9.996943981409112112e-01 9.997217635167412464e-01 9.996972111484651036e-01 9.997109393542646938e-01 9.996254106345739965e-01 9.996564930263344140e-01 9.997002398583770821e-01 9.997307628101109733e-01 9.997611545193201277e-01 9.996865934626095740e-01
9.996859156790313117e-01 9.996705200988974527e-01 9.997286066082308187e-01 9.996975491811367354e-01 9.997755781253807594e-01 9.997084833138819571e-01 9.997321091060437093e-01 9.997117484918096597e-01 9.996687761870748368e-01 9.997331506667196388e-01
9.997345195095080905e-01 9.997394354404521843e-01 9.996786887948718725e-01 9.997130649290011384e-01 9.997581514266344893e-01 9.996496827128460438e-01 9.998129380680484957e-01 9.996812342376474314e-01 9.996628400734385300e-01 9.997479262062128891e-01
9.996892348560429964e-01 9.997045375189920202e-01 9.996657028511639620e-01 9.997218946880512824e-01 9.997445793201462649e-01 9.997054586554217082e-01 9.996350752464215894e-01 9.997230352117495444e-01 9.997076718222346337e-01 9.997615692708092805e-01
9.997227221383025997e-01 9.996706439258726817e-01 9.997042974024901163e-01 9.997634446326016944e-01 9.997460088942042855e-01 9.997263263882991691e-01 9.996860925070842896e-01 9.997064494990963723e-01 9.997136067681000604e-01 9.997326271635432748e-01
9.996804521120497000e-01 9.997663356688784031e-01 9.997312425693851701e-01 9.994925199620187106e-01 9.997502707412346812e-01 9.996636254873869643e-01 9.996157062149144679e-01 9.996327970629559356e-01 9.996863746837370002e-01 9.996555083072244940e-01
9.997707636447700219e-01 9.997395991594769660e-01 9.997312175669328393e-01 9.996844069746074757e-01 9.997017923671515094e-01 9.997059719707457326e-01 9.996894040923827163e-01 9.996827909163485959e-01 9.997280443254008553e-01 9.996473599974879942e-01
9.997720215337593253e-01 9.997010132182693187e-01 9.997734050266489092e-01 9.996697067601280073e-01 9.997046934460027678e-01 9.996599484056140072e-01 9.997797337389158212e-01 9.996882227743826288e-01 9.996827310866629457e-01 9.996599326104859129e-01
9.996741869096207322e-01 9.996041722984561062e-01 9.997436794329446208e-01 9.997535620336386319e-01 9.996954561235772418e-01 9.997685678079610838e-01 9.997507596415442510e-01 9.997317008580932640e-01 9.996700869638899256e-01 9.996269334009713070e-01
9.997085082413779134e-01 9.997096414817853161e-01 9.997268750424814776e-01 9.997100121711712806e-01 9.996305739333043450e-01 9.997254073643561112e-01 9.997200143638177439e-01 9.997383259882434148e-01 9.997358313725196455e-01 9.997236861110078143e-01
9.997445569520192477e-01 9.996549258450708741e-01 9.997255330727324862e-01 9.997421552219016849e-01 9.997380311767235517e-01 9.997569174142549864e-01 9.996968086659760999e-01 9.997947448621806732e-01 9.997167504170089147e-01 9.997234640543761763e-01
9.996767383302122001e-01 9.997114812073296664e-01 9.997181164297468392e-01 9.996933067503761539e-01 9.997474223270877980e-01 9.996937524717480761e-01 9.996625310343967286e-01 9.997917960848939911e-01 9.998069738635092518e-01 9.997732562090547725e-01
9.997558925997985790e-01 9.997048253206849422e-01 9.997177984088247982e-01 9.997275730132930693e-01 9.996606402158525473e-01 9.997197218517587247e-01 9.997515029266724751e-01 9.996378463097252975e-01 9.996518203239243006e-01 9.996700295208343912e-01
9.996907936870597089e-01 9.996961864882166759e-01 9.996848002057023841e-01 9.997914471193225516e-01 9.997325634087024238e-01 9.996883063283326099e-01 9.996686305018103180e-01 9.997405568115040886e-01 9.996858729899980034e-01 9.997673872384704730e-01
9.996253819449978373e-01 9.996987350617376755e-01 9.997574274927725213e-01 9.997390927608302835e-01 9.997057057197517027e-01 9.997594509303870947e-01 9.996703824160071417e-01 9.997139413791237272e-01 9.996577034512512672e-01 9.996834057742517432e-01
9.997360644037199817e-01 9.997122437473038303e-01 9.997572813851953732e-01 9.997903917297118470e-01 9.996763443164978780e-01 9.996757413245946911e-01 9.997424043680787076e-01 9.997761473695123691e-01 9.998009346876671755e-01 9.996909460368703648e-01
9.997235521939701330e-01 9.997360101000959398e-01 9.996876435691190999e-01 9.996457645311829232e-01 9.997102199145978529e-01 9.997663049080965925e-01 9.996987870613467386e-01 9.996175746750648461e-01 9.996939798991670845e-01 9.996000020909221462e-01
9.997125829738198188e-01 9.997532189218980569e-01 9.996781705573491994e-01 9.997273040836822666e-01 9.997303684198890483e-01 9.997374060029338150e-01 9.997300958328594334e-01 9.997434292219122831e-01 9.997380208426840387e-01 9.997896444947208527e-01
9.996783673095323008e-01 9.996474858890815884e-01 9.996556015479346469e-01 9.996940768836325431e-01 9.996571678166009667e-01 9.996648637394180970e-01 9.997293807268494703e-01 9.997061764764455516e-01 9.996537721834797274e-01 9.996455057789926935e-01
9.997580360286629775e-01 9.997015196824807770e-01 9.996767166229230117e-01 9.996890096096743283e-01 9.997237415281408079e-01 9.996991209182939375e-01 9.997417180432175421e-01 9.996698239690219312e-01 9.996567566455185627e-01 9.997797153806736725e-01
9.997356146684369671e-01 9.996994912171934811e-01 9.997535118068821003e-01 9.996649307466032308e-01 9.996386707479176792e-01 9.996874659514202177e-01 9.997402138427343710e-01 9.997138166673885662e-01 9.997593224231244857e-01 9.996669357101701792e-01
9.997385082114280674e-01 9.997243824214459007e-01 9.996944697466912944e-01 9.997292915765975119e-01 9.996198302485198584e-01 9.997323470917000021e-01 9.997021212278407454e-01 9.996331421812497675e-01 9.995985298711119738e-01 9.996897538524455173e-01
9.997459263151239339e-01 9.997197284766469183e-01 9.996723360476907905e-01 9.997359348108988408e-01 9.997456372737193453e-01 9.996190644544832304e-01 9.996846509823413829e-01 9.996892703082495002e-01 9.997057277111069951e-01 9.997192010951516661e-01
9.996968681260901546e-01 9.997046601413066558e-01 9.996751666306469275e-01 9.997625668920171460e-01 9.997157887764596129e-01 9.995048373253115903e-01 9.997653359908460491e-01 9.996594154390405773e-01 9.998003957287072696e-01 9.996775694293550396e-01
9.997119797467355351e-01 9.997231274389006828e-01 9.997526694536957859e-01 9.997071331817689588e-01 9.997484356622781121e-01 9.996698248051791857e-01 9.996998967881812748e-01 9.997227501023280283e-01 9.997429490092664128e-01 9.996712578518923698e-01
9.997565729522194244e-01 9.996812959780978503e-01 9.996853902774547329e-01 9.997647374981261104e-01 9.997143563966753854e-01 9.997078830079993983e-01 9.996607131990216111e-01 9.996524512446612887e-01 9.997013326633427122e-01 9.997915636260756855e-01
9.997354878274876677e-01 9.996942838335214354e-01 9.997370368830466036e-01 9.997334520097207466e-01 9.996434348410484505e-01 9.996294083979190281e-01 9.997525486976110987e-01 9.996968059376358795e-01 9.997490430224061919e-01 9.997044125671634696e-01
9.997311944536556583e-01 9.997248712527890824e-01 9.996493771288493813e-01 9.997185951055053144e-01 9.995951547766200873e-01 9.996768871335393047e-01 9.996919722396275798e-01 9.996342431455856881e-01 9.997540548776636671e-01 9.996675537543529000e-01
9.996454339433992198e-01 9.997437554751518185e-01 9.997190997482536812e-01 9.996506704411740607e-01 9.996795122161085123e-01 9.997597045105732771e-01 9.997296366546561952e-01 9.997438092793652364e-01 9.996884690792262607e-01 9.996683719585702788e-01
9.997025522981851653e-01 9.996971125705096384e-01 9.996666720389019156e-01 9.997249040551257071e-01 9.996681388524953915e-01 9.997522592176105727e-01 9.996563637736493035e-01 9.997312793502103334e-01 9.997113310061197522e-01 9.997239155457384729e-01
9.997189752372589444e-01 9.997307562039716711e-01 9.997335882925386663e-01 9.997163998641832583e-01 9.996731409512773503e-01 9.997505314875949622e-01 9.997148338089414388e-01 9.996764035179023233e-01 9.996337481714255846e-01 9.996913533088397363e-01
9.997082609725869151e-01 9.996836447880412813e-01 9.996898675839350767e-01 9.997176387439163925e-01 9.997047780203932588e-01 9.997899664610433446e-01 9.996957109780868489e-01 9.996908218823050696e-01 9.996775035731391146e-01 9.997517136876004074e-01
9.997118005666902896e-01 9.996470697511907755e-01 9.997811432628246342e-01 9.995597139611742676e-01 9.996835018425642705e-01 9.997301186095457481e-01 9.997298863563335303e-01 9.996976356474740477e-01 9.997372964839430498e-01 9.996356519745402958e-01
9.997090398332708627e-01 9.996409913531122404e-01 9.996924866385166197e-01 9.997047447928689712e-01 9.997495940846361506e-01 9.996487066412471645e-01 9.997067999654701831e-01 9.996084437604834116e-01 9.997259990138270824e-01 9.997254644785954492e-01
9.996648024723051584e-01 9.998001183631972655e-01 9.997285108269762244e-01 9.997350940269703612e-01 9.997135995574418788e-01 9.997291602395390608e-01 9.997121171731266909e-01 9.997421576670870724e-01 9.996684660673177403e-01 9.997476727880799663e-01
9.997426564532975179e-01 9.997808759975198578e-01 9.996886852333373152e-01 9.997017174614383217e-01 9.997549255241927613e-01 9.997258770755759194e-01 9.997277763387623084e-01 9.996918538743866378e-01 9.997910599124129050e-01 9.996806685508052848e-01
9.996707245709927081e-01 9.997006431382612357e-01 9.996739622814784232e-01 9.997085601624361439e-01 9.997140433573170615e-01 9.997059271033932326e-01 9.996746137740861737e-01 9.997435214200154352e-01 9.996514775884973725e-01 9.997092273879919500e-01
9.996803304097844345e-01 9.996864469128834418e-01 9.996892072123299000e-01 9.996526840021998650e-01 9.997170693941140884e-01 9.996400521442680986e-01 9.996780757818428675e-01 9.997953545860469582e-01 9.997534645027057465e-01 9.996650964399926842e-01
9.996424424820574695e-01 9.997238245631925313e-01 9.997136009261508027e-01 9.996868344707591225e-01 9.996803873559597653e-01 9.997633578058239268e-01 9.998237056855815430e-01 9.997769304902071053e-01 9.996953080021067084e-01 9.997018255719505309e-01
9.996914980953092167e-01 9.997174912333989250e-01 9.996734692484569029e-01 9.996930121385128043e-01 9.996781381796177035e-01 9.997218176949004276e-01 9.997155571668938645e-01 9.996400305016721610e-01 9.996961491094953356e-01 9.996796186889060909e-01
9.996961378006622434e-01 9.997088399370140932e-01 9.996917033641503636e-01 9.997719166907728106e-01 9.996665358674251545e-01 9.997183626669388090e-01 9.997326592447934868e-01 9.997468784924498086e-01 9.996868971139496463e-01 9.996880674280348433e-01
9.995850470130429599e-01 9.997572159357708266e-01 9.997088457413364493e-01 9.996668772823574800e-01 9.997024264836474883e-01 9.997459457125578153e-01 9.996813729038498408e-01 9.997459191900488484e-01 9.996789280378675091e-01 9.997494571973924993e-01
9.996757956922380783e-01 9.997441004681342225e-01 9.997071544912309315e-01 9.997736842376880873e-01 9.997746858338529830e-01 9.996402391289328504e-01 9.997542103526123602e-01 9.996795145627127566e-01 9.996417611711810869e-01 9.997309607706710288e-01
9.997182771249859545e-01 9.997063570608392125e-01 9.996969530804101778e-01 9.995322265605799394e-01 9.996596602938402354e-01 9.996766381453336958e-01 9.997754850341477040e-01 9.997162064398245063e-01 9.997327969323097641e-01 9.996790330922162848e-01
9.997806865966731849e-01 9.997214553661118996e-01 9.997236628484600374e-01 9.997577018459495868e-01 9.996847171415645938e-01 9.996441161501639083e-01 9.996705529979035276e-01 9.997212444174781165e-01 9.997759636963632346e-01 9.997430681873322733e-01
9.997104193126281624e-01 9.997811521130552936e-01 9.997472120714173682e-01 9.997430184128983655e-01 9.996958376762357101e-01 9.997632758442331902e-01 9.997428906325397380e-01 9.995993003219084683e-01 9.996945863342878713e-01 9.997139231999478959e-01
9.997736895796427437e-01 9.996860675381620265e-01 9.996864473179447597e-01 9.996927119278554708e-01 9.996989576767988384e-01 9.997421249528366527e-01 9.996490856314171891e-01 9.996181662931655776e-01 9.996971036627964047e-01 9.997203276786711390e-01
9.996522749210414727e-01 9.997028497890557697e-01 9.997004593402126771e-01 9.997128337358733852e-01 9.997579969229228869e-01 9.997330208474449753e-01 9.997431798307875317e-01 9.997380319565093432e-01 9.997127851817187993e-01 9.995923051469599585e-01
