9.999707873584181561e-01 9.999647234440939281e-01 9.999713988541383269e-01 9.999692480329135380e-01 9.999699273334539118e-01 9.999746837203493666e-01 9.999714562726215172e-01 9.999761248107325029e-01 9.999717100534406544e-01 9.999665468044987016e-01
9.999762366969959793e-01 9.999754873709859604e-01 9.999709832807107679e-01 9.999710707291721290e-01 9.999734145240876115e-01 9.999688846343304238e-01 9.999720326904599776e-01 9.999713273875000530e-01 9.999779127597354655e-01 9.999715931420866122e-01
9.999674731227787827e-01 9.999706758146563734e-01 9.999738396871589163e-01 9.999712923883983251e-01 9.999713345787980545e-01 9.999740216583677954e-01 9.999745160891184703e-01 9.999700531387593072e-01 9.999739484449757798e-01 9.999651746585589418e-01
9.999672770900995822e-01 9.999644740481512528e-01 9.999750354758428772e-01 9.999731278723433814e-01 9.999768611620435399e-01 9.999661800685920587e-01 9.999708941661887840e-01 9.999776846266955621e-01 9.999805906534968702e-01 9.999708596441793107e-01
9.999724276982043802e-01 9.999679654343061053e-01 9.999650573393310538e-01 9.999742667311386501e-01 9.999702710277941220e-01 9.999740727201088530e-01 9.999759858925429956e-01 9.999749759980358643e-01 9.999753536433858558e-01 9.999692929938492902e-01
9.999747328019508164e-01 9.999667692379489159e-01 9.999684251237933585e-01 9.999766289083148463e-01 9.999696832000207758e-01 9.999721945531826472e-01 9.999675892020674084e-01 9.999711966450689493e-01 9.999747017513663794e-01 9.999701406934971004e-01
9.999770092357095352e-01 9.999740032627537634e-01 9.999693856529513480e-01 9.999728541031193130e-01 9.999641911996549615e-01 9.999766243718742897e-01 9.999703545564576634e-01 9.999724537151402082e-01 9.999712194563813439e-01 9.999714696343640075e-01
9.999761630241773558e-01 9.999713799804339498e-01 9.999723089498903095e-01 9.999641959143971137e-01 9.999678289229342321e-01 9.999683962351691990e-01 9.999719471148941219e-01 9.999691220403172931e-01 9.999704324024053514e-01 9.999723876793705779e-01
9.999811914165602778e-01 9.999756147905153325e-01 9.999701126080633440e-01 9.999738051208544309e-01 9.999651802086126917e-01 9.999690922624823175e-01 9.999689457221492273e-01 9.999624808413406507e-01 9.999774291136328541e-01 9.999764576893023227e-01
9.999679411176305432e-01 9.999745555513307460e-01 9.999719560247624095e-01 9.999710783358912725e-01 9.999658703926598280e-01 9.999704483143002642e-01 9.999707925866578861e-01 9.999709377324217385e-01 9.999721473348887057e-01 9.999713582013631807e-01
9.999703288087915531e-01 9.999635790228619259e-01 9.999687002932474700e-01 9.999768092904670613e-01 9.999719516204008674e-01 9.999707980205961855e-01 9.999751838068121623e-01 9.999694542678171372e-01 9.999724169822634678e-01 9.999746376367711909e-01
9.999746676808634049e-01 9.999756653379805460e-01 9.999747779854070151e-01 9.999741468257761223e-01 9.999748661686714835e-01 9.999746718141402368e-01 9.999678250184663719e-01 9.999719660317907266e-01 9.999709891233266035e-01 9.999732249135332429e-01
9.999688775190241907e-01 9.999709659581286214e-01 9.999693217572036552e-01 9.999686066612935020e-01 9.999716983004014459e-01 9.999629498551779738e-01 9.999770622360384387e-01 9.999762317697642455e-01 9.999710588633495822e-01 9.999720259666814437e-01
9.999706733027351468e-01 9.999635740983768839e-01 9.999739899101551810e-01 9.999693927600744603e-01 9.999705744640988714e-01 9.999652784858179544e-01 9.999727994477938253e-01 9.999725459399879668e-01 9.999677592752876931e-01 9.999685744747005556e-01
9.999687846594713658e-01 9.999661338151718537e-01 9.999674158525598822e-01 9.999766537065831740e-01 9.999690653951159858e-01 9.999727616190360324e-01 9.999778845092550661e-01 9.999715137374753926e-01 9.999735194423320372e-01 9.999704728096205919e-01
9.999667183891859379e-01 9.999695781544569728e-01 9.999746347568410076e-01 9.999703244351598741e-01 9.999655226975324718e-01 9.999739088701142808e-01 9.999690484029136739e-01 9.999760748202044525e-01 9.999670633755946003e-01 9.999726198160718837e-01
9.999735031963017384e-01 9.999660510033382410e-01 9.999754513081714480e-01 9.999735555496299666e-01 9.999657339786055532e-01 9.999766591219537704e-01 9.999692094209273741e-01 9.999692844760617039e-01 9.999676740220232452e-01 9.999680994115630606e-01
9.999753102348259981e-01 9.999663061520311924e-01 9.999746868663534904e-01 9.999625868705643850e-01 9.999733580744994965e-01 9.999733430008934665e-01 9.999653101353352946e-01 9.999763600514862683e-01 9.999618422950372620e-01 9.999736996485446561e-01
9.999697937267779668e-01 9.999650018693295728e-01 9.999732175721054439e-01 9.999729473339670216e-01 9.999580906938224656e-01 9.999682634118418623e-01 9.999641163096992802e-01 9.999672177244744997e-01 9.999723471670902697e-01 9.999696365899255479e-01
9.999693721863955886e-01 9.999735949723235207e-01 9.999712867798294935e-01 9.999716094838496661e-01 9.999643679193686019e-01 9.999735012942837509e-01 9.999692224725860168e-01 9.999728505039601201e-01 9.999680948101412614e-01 9.999746910424265334e-01
9.999727348924428716e-01 9.999717225573510060e-01 9.999686120778366050e-01 9.999713241511799522e-01 9.999746072527184726e-01 9.999711551012147037e-01 9.999687660183262938e-01 9.999673380213025542e-01 9.999681363401441425e-01 9.999686347680664111e-01
9.999708411760698246e-01 9.999700615894152600e-01 9.999678923558386057e-01 9.999680170806427570e-01 9.999749693376717152e-01 9.999730498255595679e-01 9.999776064747668558e-01 9.999726979926135684e-01 9.999676691746099966e-01 9.999778352775138268e-01
9.999649495325400039e-01 9.999740805446635239e-01 9.999760711746766839e-01 9.999653569000528375e-01 9.999736959770486600e-01 9.999745572548315309e-01 9.999686815395220085e-01 9.999727018580693017e-01 9.999736718491862852e-01 9.999729686900939996e-01
9.999716212687841388e-01 9.999700412039363995e-01 9.999745129447433767e-01 9.999708921514612880e-01 9.999637478183021067e-01 9.999738972929576031e-01 9.999702622914546923e-01 9.999688026066126945e-01 9.999727509277794857e-01 9.999762598122008406e-01
9.999735818078924199e-01 9.999698350215786569e-01 9.999729222744794255e-01 9.999731012380331796e-01 9.999682899314642492e-01 9.999722572799233378e-01 9.999642237278618673e-01 9.999774794620154283e-01 9.999729761643616488e-01 9.999619817622068529e-01
9.999666531633509825e-01 9.999754554412694230e-01 9.999730080969495560e-01 9.999619142288254103e-01 9.999752599689477606e-01 9.999783181415592415e-01 9.999761657894776778e-01 9.999794348833412894e-01 9.999709092865117777e-01 9.999692625379843491e-01
9.999698605218089176e-01 9.999663654253004852e-01 9.999659243098879546e-01 9.999696734438152657e-01 9.999711500347927551e-01 9.999703942539663881e-01 9.999693965044430533e-01 9.999722376630305609e-01 9.999755762782871482e-01 9.999763415213123174e-01
9.999679577548894471e-01 9.999695796753104160e-01 9.999696386428704731e-01 9.999654044021105692e-01 9.999738026851142658e-01 9.999732991797294357e-01 9.999732663960367862e-01 9.999747831260118458e-01 9.999699540127575670e-01 9.999621337794537546e-01
9.999725454175999451e-01 9.999695878421244188e-01 9.999743381220590477e-01 9.999718741247715093e-01 9.999739869874501030e-01 9.999747333677012628e-01 9.999775245940834001e-01 9.999668293154637677e-01 9.999692931739624369e-01 9.999642714802466914e-01
9.999697286983142419e-01 9.999694351685128879e-01 9.999789390929149091e-01 9.999762837399702731e-01 9.999695622508368853e-01 9.999758115964452188e-01 9.999717415230798823e-01 9.999692676598191943e-01 9.999737039471181532e-01 9.999714980525875596e-01
9.999747703565539103e-01 9.999802567525511998e-01 9.999737960551421390e-01 9.999724346640702644e-01 9.999787637733300594e-01 9.999621878013705834e-01 9.999780877679256275e-01 9.999698773149696684e-01 9.999749384876889247e-01 9.999712895002149660e-01
9.999682197390591387e-01 9.999728019497756693e-01 9.999653312647734937e-01 9.999718690929499942e-01 9.999746747862555685e-01 9.999773556634538041e-01 9.999760434792618335e-01 9.999672646177886204e-01 9.999768914918363283e-01 9.999701656841348818e-01
9.999697265639430066e-01 9.999636096342139346e-01 9.999750959403311823e-01 9.999722734782841016e-01 9.999631332409035789e-01 9.999727642619905543e-01 9.999803839315289933e-01 9.999775606593144239e-01 9.999664599108638585e-01 9.999691427411574463e-01
9.999729634526163258e-01 9.999700297612091893e-01 9.999713592001113760e-01 9.999716387886736779e-01 9.999700871946277658e-01 9.999798430876123412e-01 9.999624679472244315e-01 9.999757985694022189e-01 9.999737528753508409e-01 9.999727281587822425e-01
9.999736723902663549e-01 9.999740686554414726e-01 9.999642168089427630e-01 9.999677712972854238e-01 9.999705995507108813e-01 9.999749551046632767e-01 9.999734000380877674e-01 9.999736336391928937e-01 9.999760382000336678e-01 9.999764951046822281e-01
9.999721816395298335e-01 9.999655234066012754e-01 9.999723674723250966e-01 9.999756856633815749e-01 9.999680948960993909e-01 9.999645873035558630e-01 9.999700696818145662e-01 9.999711552348969912e-01 9.999725065703771731e-01 9.999717465192742294e-01
9.999655130655021873e-01 9.999712673896240522e-01 9.999680083598833091e-01 9.999773040276492830e-01 9.999724752348282397e-01 9.999697847919069016e-01 9.999689783223778550e-01 9.999767787355677839e-01 9.999715333526304484e-01 9.999684215298054735e-01
9.999684267587791719e-01 9.999709537518659541e-01 9.999776724405444739e-01 9.999699074153650669e-01 9.999734083060300982e-01 9.999697449127562532e-01 9.999766302811484708e-01 9.999736528992508866e-01 9.999700382032548074e-01 9.999769378272477249e-01
9.999709271748155048e-01 9.999788786305123800e-01 9.999741898168424958e-01 9.999747057585631760e-01 9.999747317888300069e-01 9.999676728081260402e-01 9.999766326716966747e-01 9.999652481576760676e-01 9.999758828486258189e-01 9.999753198535976662e-01
9.999738669794902002e-01 9.999676556139024397e-01 9.999747469209315787e-01 9.999730654238256911e-01 9.999632103014182150e-01 9.999641086580549620e-01 9.999696202771328757e-01 9.999657429855385304e-01 9.999665477949125636e-01 9.999688907747387168e-01
9.999681475704130795e-01 9.999772779991195071e-01 9.999702827626821833e-01 9.999751949807794693e-01 9.999757876137509438e-01 9.999692142367215819e-01 9.999644878206249698e-01 9.999710631380793746e-01 9.999728140031095558e-01 9.999744383263023950e-01
9.999718781156187175e-01 9.999672967613267849e-01 9.999777769999393939e-01 9.999753829791193649e-01 9.999653659663482186e-01 9.999650827790314001e-01 9.999753048661772503e-01 9.999706311707193818e-01 9.999690132292641254e-01 9.999741804157684655e-01
9.999741553638485936e-01 9.999657259456943281e-01 9.999701154937239433e-01 9.999725625149896713e-01 9.999666928331433224e-01 9.999697262794284836e-01 9.999737828108546944e-01 9.999678485402063721e-01 9.999722132255997042e-01 9.999766285980713487e-01
9.999742186776536812e-01 9.999748633162193201e-01 9.999646866441216364e-01 9.999718479289320117e-01 9.999726585816183233e-01 9.999747542635879505e-01 9.999723633820681856e-01 9.999764580510596135e-01 9.999705485415992801e-01 9.999748699225878834e-01
9.999718709504415992e-01 9.999738624444027835e-01 9.999745282769323396e-01 9.999697967247040964e-01 9.999630989702888995e-01 9.999775192589868134e-01 9.999677156981007231e-01 9.999638528001695281e-01 9.999710023612226051e-01 9.999687233754288584e-01
9.999720481572949016e-01 9.999701866281019980e-01 9.999770084485414268e-01 9.999798815907807725e-01 9.999745696066844047e-01 9.999684448085741639e-01 9.999757572312556464e-01 9.999715591190947439e-01 9.999619091099316570e-01 9.999674858523176502e-01
9.999763842086621946e-01 9.999731031371147383e-01 9.999640187897803623e-01 9.999658931754877855e-01 9.999743414626552918e-01 9.999691666919298116e-01 9.999747579999318514e-01 9.999752327617249525e-01 9.999745844105158987e-01 9.999632348769333934e-01
9.999676404312154432e-01 9.999769876928840118e-01 9.999770801516860708e-01 9.999745999597544621e-01 9.999750939901967950e-01 9.999700101417654530e-01 9.999739522223358712e-01 9.999739040959479963e-01 9.999703600762093192e-01 9.999656795125998476e-01
9.999613892544466642e-01 9.999728715857967298e-01 9.999702898817647290e-01 9.999721168078395950e-01 9.999682269374925436e-01 9.999661750753073841e-01 9.999649851359212471e-01 9.999743784297554505e-01 9.999663325298454586e-01 9.999714860025270546e-01
9.999770145309353486e-01 9.999704911112384798e-01 9.999746334583737850e-01 9.999677638868214036e-01 9.999641561688359381e-01 9.999737566436266434e-01 9.999687019007843514e-01 9.999728452120495437e-01 9.999685155147509663e-01 9.999743637488739401e-01
9.999737633169173412e-01 9.999692303085547795e-01 9.999723815134115013e-01 9.999750070399759938e-01 9.999640104547147246e-01 9.999714451630496992e-01 9.999691785318430837e-01 9.999721055018543359e-01 9.999720634728236357e-01 9.999720630025916712e-01
9.999744706616130463e-01 9.999785373240862585e-01 9.999782708778741647e-01 9.999732044919915630e-01 9.999714414380472816e-01 9.999711991958344370e-01 9.999726038772471792e-01 9.999783914053000933e-01 9.999733053029923324e-01 9.999706871549119969e-01
9.999768129817815376e-01 9.999685953973587171e-01 9.999736301452181175e-01 9.999729749972567916e-01 9.999725375418869744e-01 9.999755218030325077e-01 9.999693022424965827e-01 9.999742211952153959e-01 9.999695692768048039e-01 9.999714187962802647e-01
9.999719152040990044e-01 9.999709549374872219e-01 9.999704835562727157e-01 9.999727521447574485e-01 9.999700647220340910e-01 9.999697636703092085e-01 9.999709278516335509e-01 9.999742020281074950e-01 9.999752134778107093e-01 9.999733665713437247e-01
9.999739778408378577e-01 9.999728285663996852e-01 9.999674249324396191e-01 9.999712838577080598e-01 9.999768572011383805e-01 9.999758351693530667e-01 9.999790366670892050e-01 9.999685042009680558e-01 9.999795498934680449e-01 9.999627668431119165e-01
9.999633480383635087e-01 9.999694785867706548e-01 9.999746634891524266e-01 9.999705014178309481e-01 9.999788130672273567e-01 9.999697846460328110e-01 9.999649241298652624e-01 9.999729929814007434e-01 9.999696637308091995e-01 9.999692545593453774e-01
9.999719728661843332e-01 9.999742193653364808e-01 9.999722722011253895e-01 9.999745107408548606e-01 9.999648876710334200e-01 9.999691522446307879e-01 9.999761295406628392e-01 9.999755365311950861e-01 9.999706838001287679e-01 9.999737997137906342e-01
9.999679357180880634e-01 9.999714146952527472e-01 9.999698442671667298e-01 9.999646608112471302e-01 9.999736531627426706e-01 9.999761553114762114e-01 9.999726729513001011e-01 9.999644649815263575e-01 9.999654583641057748e-01 9.999772474993854354e-01
9.999699563062078855e-01 9.999672992046861886e-01 9.999647319158903036e-01 9.999744978710325416e-01 9.999701257442095148e-01 9.999708056203508999e-01 9.999648709377680911e-01 9.999737914711188669e-01 9.999697184658155047e-01 9.999737340815382236e-01
9.999705928211094497e-01 9.999667147058516337e-01 9.999703064816037879e-01 9.999704329324472507e-01 9.999746307835879477e-01 9.999748677190196666e-01 9.999719675038269973e-01 9.999750407746258452e-01 9.999731587171775127e-01 9.999775522465954580e-01
9.999710508719802382e-01 9.999709732462053191e-01 9.999654813403772158e-01 9.999704549209548210e-01 9.999739681765508204e-01 9.999690300218251338e-01 9.999723599932662799e-01 9.999707700313327230e-01 9.999682443954278632e-01 9.999690091172659390e-01
9.999712907017797026e-01 9.999695015796459252e-01 9.999772514809307511e-01 9.999722673554320984e-01 9.999728626419807087e-01 9.999746653720679168e-01 9.999688816168051941e-01 9.999706097333413979e-01 9.999711436179448132e-01 9.999633697928230758e-01
9.999684877901064972e-01 9.999758650759039691e-01 9.999641459743591199e-01 9.999758648441365860e-01 9.999739087214054578e-01 9.999689143431734761e-01 9.999709480430168940e-01 9.999663831190697127e-01 9.999727997899168219e-01 9.999768721455486453e-01
9.999627508373166718e-01 9.999752796258448706e-01 9.999633940331498216e-01 9.999717795784081042e-01 9.999743361178122791e-01 9.999728713897404475e-01 9.999655086942798032e-01 9.999713330796795585e-01 9.999776051308033598e-01 9.999673301550712212e-01
9.999760901215001274e-01 9.999761032948272232e-01 9.999682531689821907e-01 9.999727783535298231e-01 9.999799055611798826e-01 9.999748807735386880e-01 9.999769163231327918e-01 9.999672807836320620e-01 9.999734536298199306e-01 9.999750642167252179e-01
9.999719256568649906e-01 9.999726738061910369e-01 9.999673955502469402e-01 9.999749175319981864e-01 9.999675037586077675e-01 9.999753468543193247e-01 9.999646832938916541e-01 9.999718776029671297e-01 9.999704915350179357e-01 9.999709318545397796e-01
9.999723534749901388e-01 9.999691019429575167e-01 9.999718023210975026e-01 9.999753404513539445e-01 9.999602882249146729e-01 9.999755770229596941e-01 9.999702436983839426e-01 9.999651854267515017e-01 9.999711849882099157e-01 9.999688240143190798e-01
9.999646334484831867e-01 9.999703264309958151e-01 9.999708660826438500e-01 9.999660404436301331e-01 9.999706917114088434e-01 9.999710819293874398e-01 9.999748250490181345e-01 9.999705012501360901e-01 9.999718808297923811e-01 9.999736476410754360e-01
9.999787712657420835e-01 9.999749404242239681e-01 9.999801369990387601e-01 9.999708773209459167e-01 9.999707791822921576e-01 9.999735001152854075e-01 9.999719708654870587e-01 9.999722948387900212e-01 9.999747798738793936e-01 9.999743497013201532e-01
9.999684679755102001e-01 9.999764899193037682e-01 9.999671769986840930e-01 9.999737553109550037e-01 9.999765382468432939e-01 9.999662364782482271e-01 9.999680453885823050e-01 9.999711397949510028e-01 9.999694648167103406e-01 9.999742953495248665e-01
9.999672457439768847e-01 9.999662081505261702e-01 9.999715295773805579e-01 9.999656608520699486e-01 9.999773060258999591e-01 9.999652532542125938e-01 9.999677614479685062e-01 9.999777745074249768e-01 9.999693685159741774e-01 9.999792428348590612e-01
9.999711708959390100e-01 9.999708100109356845e-01 9.999658733929142063e-01 9.999724870296478052e-01 9.999744434926474135e-01 9.999717981503420949e-01 9.999688136597938426e-01 9.999675364044539050e-01 9.999738552177787065e-01 9.999686770167054428e-01
9.999639805271688386e-01 9.999768853913887368e-01 9.999724073379335776e-01 9.999718538405822921e-01 9.999738652710634668e-01 9.999716060762027237e-01 9.999708141299540332e-01 9.999764499724691502e-01 9.999693742218558334e-01 9.999742246252115718e-01
9.999697188737487474e-01 9.999735365109835294e-01 9.999760854444682545e-01 9.999621826410680647e-01 9.999696246619098616e-01 9.999743846200188635e-01 9.999727730809594428e-01 9.999723759104299781e-01 9.999714901739482631e-01 9.999706097361752422e-01
9.999664373578472931e-01 9.999719672507312307e-01 9.999745673182932615e-01 9.999742847932341361e-01 9.999680798968249018e-01 9.999768816832858009e-01 9.999647513584994929e-01 9.999677154860713291e-01 9.999690695956627851e-01 9.999722431835579295e-01
9.999720252830189837e-01 9.999721167275289480e-01 9.999791158152592230e-01 9.999723648236373830e-01 9.999775379685824639e-01 9.999652953181845660e-01 9.999721896589639503e-01 9.999767206185140589e-01 9.999719274058278540e-01 9.999651043126328576e-01
9.999650208472152801e-01 9.999695752272925731e-01 9.999745451989036082e-01 9.999731376595759613e-01 9.999711656334757670e-01 9.999717870424847943e-01 9.999757680475321875e-01 9.999667003014859334e-01 9.999682603100917833e-01 9.999780848129542488e-01
9.999661411830632618e-01 9.999612761237526293e-01 9.999737368051192510e-01 9.999692621777118706e-01 9.999740986355677430e-01 9.999740562862574622e-01 9.999680187335399095e-01 9.999683846433965462e-01 9.999702560712488975e-01 9.999667828907605749e-01
9.999695797879760706e-01 9.999730856545480107e-01 9.999705350254072256e-01 9.999711183752610921e-01 9.999760655479629223e-01 9.999713748890073362e-01 9.999696201476407920e-01 9.999699246484652360e-01 9.999699641414698803e-01 9.999736892264745602e-01
9.999712742398872978e-01 9.999712089820133043e-01 9.999755445043313484e-01 9.999619938361306026e-01 9.999679259658826869e-01 9.999738244273387311e-01 9.999702675949242447e-01 9.999712757431078458e-01 9.999719644172653243e-01 9.999641985658591636e-01
9.999731541013289204e-01 9.999727076237783230e-01 9.999778923661870600e-01 9.999739038828534543e-01 9.999691851166604417e-01 9.999712464946564072e-01 9.999737842384692765e-01 9.999730240027727701e-01 9.999744941033675838e-01 9.999750908017918105e-01
9.999708892812545491e-01 9.999730776507554930e-01 9.999716428696086012e-01 9.999716127961900680e-01 9.999706778262745788e-01 9.999761740903377882e-01 9.999664804266169549e-01 9.999707320615210948e-01 9.999733885587636095e-01 9.999780151759685154e-01
9.999738444165305884e-01 9.999673518895139113e-01 9.999659537550275035e-01 9.999729758428465010e-01 9.999726253312772872e-01 9.999723442421525332e-01 9.999791753580086207e-01 9.999663235538844841e-01 9.999736452752604476e-01 9.999694008321399208e-01
9.999732980616296008e-01 9.999693648903745791e-01 9.999728759392564337e-01 9.999654373280173481e-01 9.999705014579336471e-01 9.999792011930587199e-01 9.999698346531253890e-01 9.999645861856809592e-01 9.999710263235376262e-01 9.999753027808324646e-01
9.999752134776961343e-01 9.999733100391663410e-01 9.999699171745661808e-01 9.999740826304157615e-01 9.999705485870014066e-01 9.999708786494108104e-01 9.999713435425368058e-01 9.999664893444862868e-01 9.999752126460557111e-01 9.999684502854317980e-01
9.999775963282024893e-01 9.999697300728322968e-01 9.999711164068449953e-01 9.999678410395764772e-01 9.999688023531752012e-01 9.999703907144421589e-01 9.999686213121948830e-01 9.999636775569278324e-01 9.999671932906698535e-01 9.999743226763228021e-01
9.999736956825212575e-01 9.999755647882140330e-01 9.999756925452550904e-01 9.999562732084632533e-01 9.999789610960440056e-01 9.999645527105383014e-01 9.999775079470173411e-01 9.999683955116316358e-01 9.999765411451140285e-01 9.999772213694346767e-01
9.999734140394026527e-01 9.999755236267049430e-01 9.999758904076904154e-01 9.999649132905554794e-01 9.999693563912419592e-01 9.999751988093713573e-01 9.999766227636728289e-01 9.999713518206141405e-01 9.999609328771306149e-01 9.999677930704543583e-01
9.999647507625573084e-01 9.999715587619799617e-01 9.999677961963836514e-01 9.999690031158938730e-01 9.999766003044556761e-01 9.999669088747000778e-01 9.999730857327240319e-01 9.999700150957641087e-01 9.999692350245815708e-01 9.999757879676729466e-01
9.999685987747178872e-01 9.999766189412230277e-01 9.999701266536551447e-01 9.999697262550039101e-01 9.999723711861998598e-01 9.999740015938791693e-01 9.999754906765565554e-01 9.999708360737988855e-01 9.999698733573648690e-01 9.999621075496053502e-01
9.999682099771238786e-01 9.999674495746772029e-01 9.999746489307803632e-01 9.999717465830776364e-01 9.999719601767272925e-01 9.999673104502033727e-01 9.999758953375366133e-01 9.999732209227132351e-01 9.999719017838478718e-01 9.999789482648103744e-01
9.999689311350783427e-01 9.999708777939393389e-01 9.999650040155538822e-01 9.999725973358905007e-01 9.999651886029026215e-01 9.999754844000733334e-01 9.999685168386213130e-01 9.999734739309487086e-01 9.999675125853735302e-01 9.999686681314344794e-01
9.999715990789203035e-01 9.999708916531331315e-01 9.999719649874252436e-01 9.999710389510997333e-01 9.999772185510574785e-01 9.999731344906700459e-01 9.999703801180069851e-01 9.999692144990035558e-01 9.999751465926192129e-01 9.999671161296225241e-01
9.999766381733123932e-01 9.999660718001144311e-01 9.999724681466213294e-01 9.999734336865211404e-01 9.999755471742560742e-01 9.999743472662311339e-01 9.999771709260438790e-01 9.999713089228188245e-01 9.999713472627047572e-01 9.999618571255977084e-01
9.999652272431279743e-01 9.999711834172760883e-01 9.999692276409506420e-01 9.999746379757049608e-01 9.999732348911321012e-01 9.999699096774210538e-01 9.999705816858441842e-01 9.999706493240697602e-01 9.999743912599536877e-01 9.999725771293814791e-01
9.999667624872726757e-01 9.999672932714150919e-01 9.999800009237775900e-01 9.999748815708762173e-01 9.999704796290996844e-01 9.999710270006185731e-01 9.999714824354815068e-01 9.999716236627589350e-01 9.999645196242610279e-01 9.999709391868567554e-01
9.999708443928801982e-01 9.999703313848973263e-01 9.999700713582331257e-01 9.999744978040505661e-01 9.999699484403450356e-01 9.999612816398164572e-01 9.999709972738258790e-01 9.999739986702429473e-01 9.999706335558613546e-01 9.999722952657543740e-01
9.999704558734906490e-01 9.999723918573558690e-01 9.999699262553911616e-01 9.999700628954087955e-01 9.999676748872673437e-01 9.999707055398460165e-01 9.999724286070014179e-01 9.999691297957573610e-01 9.999622760452714365e-01 9.999749139036787637e-01
9.999702123370700635e-01 9.999728581286274620e-01 9.999673239028598060e-01 9.999661916652883287e-01 9.999733799113259547e-01 9.999729546630911070e-01 9.999766635732528774e-01 9.999714754554933638e-01 9.999661179843590819e-01 9.999760704836541114e-01
9.999749790759425716e-01 9.999712831422836734e-01 9.999737004865090206e-01 9.999690377677433739e-01 9.999693111737016915e-01 9.999722639863167784e-01 9.999755860825325637e-01 9.999780926509291845e-01 9.999689838589184143e-01 9.999680297365591830e-01
