9.998459145596274578e-01 9.985542005866929749e-01 9.998737742110599402e-01 9.998575475165993875e-01 9.998340553946939435e-01 9.996943235775053171e-01 9.999063184478498290e-01 9.995579252282513760e-01 9.999122028631095560e-01 9.998480885248567374e-01
9.968454974942851932e-01 9.999085189049580213e-01 9.990560883435476436e-01 9.996416633273644825e-01 9.998543023134409680e-01 9.998616404215974196e-01 9.998571155563570345e-01 9.999168846418695633e-01 9.995466664226921871e-01 9.996398657446502467e-01
9.999337005058591688e-01 9.997944681742162443e-01 9.997671679920214771e-01 9.997562296715448715e-01 9.997695700029031185e-01 9.998364459746359456e-01 9.998444798775255604e-01 9.990570324578622596e-01 9.998581187157170591e-01 9.996053759054903676e-01
9.993486112022655909e-01 9.997184246295560683e-01 9.990320729781856368e-01 9.998715323426086155e-01 9.998992290087655999e-01 9.998515109512989829e-01 9.997589356937633953e-01 9.998088147458158437e-01 9.996800737128711534e-01 9.999252655577829385e-01
9.995443309318321479e-01 9.998467042090140033e-01 9.996456908993968105e-01 9.999522875720727733e-01 9.996598602413065970e-01 9.995736838866985385e-01 9.998715951774893584e-01 9.999112878731231113e-01 9.999123321508527340e-01 9.995832668275183019e-01
9.997786451987232814e-01 9.998197672408557501e-01 9.997084173910790739e-01 9.995613698250083168e-01 9.999311625905805689e-01 9.999248227199147854e-01 9.991912006808448821e-01 9.997685008644421334e-01 9.995280565258978234e-01 9.996661579968936229e-01
9.997123476547460363e-01 9.999275755644586594e-01 9.998805686810134929e-01 9.998421525719181080e-01 9.998594313235754649e-01 9.998266200092029710e-01 9.994035080496309620e-01 9.995458443891312994e-01 9.992022092575529868e-01 9.995383088078807488e-01
9.998998397732793419e-01 9.997743420488609534e-01 9.995900940000774781e-01 9.999343885789790942e-01 9.999182665546356708e-01 9.998469447685697231e-01 9.997322509974644333e-01 9.997781458763786988e-01 9.998569787661411024e-01 9.997250873217897738e-01
9.998601153193654723e-01 9.991600637126106799e-01 9.998334804528435926e-01 9.994929781805096392e-01 9.995072975313546992e-01 9.998980072225636118e-01 9.999400525703187048e-01 9.978774455432611878e-01 9.998735864259382655e-01 9.999187028424981749e-01
9.999008714042904034e-01 9.998138895824539851e-01 9.998360546466237286e-01 9.995813172651711875e-01 9.999142861954065653e-01 9.995005999211324932e-01 9.997426844575023619e-01 9.999037071025713708e-01 9.998999022236163547e-01 9.998066909206931863e-01
9.995767189735910163e-01 9.998573186852870442e-01 9.997106055813508307e-01 9.997461038852122339e-01 9.997142014163261647e-01 9.998220156518482504e-01 9.999232791620791261e-01 9.998373515569677350e-01 9.998938643213360900e-01 9.998819125956740494e-01
9.998800997299744919e-01 9.997967644987321156e-01 9.992932166443718733e-01 9.999444730337564424e-01 9.996932442850946510e-01 9.998846089437869455e-01 9.996735808944946511e-01 9.998844589952786688e-01 9.997708427300905365e-01 9.997880039090490945e-01
9.995033125442930322e-01 9.998588047067138440e-01 9.998817573872608166e-01 9.998310461677234473e-01 9.999309628409707162e-01 9.998100361275228387e-01 9.997131016211622256e-01 9.997847917705092735e-01 9.998956666700246076e-01 9.998055050510912256e-01
9.998256480019863668e-01 9.998737371916378569e-01 9.997081898462961691e-01 9.997796199480369905e-01 9.999260741970950050e-01 9.997969523044095697e-01 9.997844643317420621e-01 9.998400616036797750e-01 9.998942636193713929e-01 9.997026223479564822e-01
9.996731204664158765e-01 9.998590141980610024e-01 9.997133708423411314e-01 9.997771490908761161e-01 9.999308650202393123e-01 9.999261193247076518e-01 9.998384800418049778e-01 9.998871569438539941e-01 9.989780203415078441e-01 9.999464724541656802e-01
9.998938296827781791e-01 9.999087969429882872e-01 9.998212459618255332e-01 9.995213777751517092e-01 9.997686420950352426e-01 9.998030262576480531e-01 9.999272006867505613e-01 9.997727559845448475e-01 9.997634596644322524e-01 9.998502541788552023e-01
9.999147698109283056e-01 9.995816704211532011e-01 9.997949797710570241e-01 9.996818274380588898e-01 9.998592481540112820e-01 9.997511996071515306e-01 9.998394265108607737e-01 9.999100981234226859e-01 9.998913752854895476e-01 9.996947481113198641e-01
9.999243886692789074e-01 9.998441200214659430e-01 9.997257849948324449e-01 9.995886772520340413e-01 9.998561316116032494e-01 9.998530215620942130e-01 9.993905804795988335e-01 9.997541329716636005e-01 9.996610309942076666e-01 9.999153233199495894e-01
9.998927730131976777e-01 9.997386644374269826e-01 9.997263379714876885e-01 9.998353460376895319e-01 9.998641376204698838e-01 9.987595784257367049e-01 9.996950230978459695e-01 9.999460599307081754e-01 9.998147131116721376e-01 9.994367735296607602e-01
9.995412616668617467e-01 9.996386303994050371e-01 9.999206462761076608e-01 9.997844864324303416e-01 9.998752025361700158e-01 9.999137859103283121e-01 9.996195728921670742e-01 9.995973852672845883e-01 9.999314288217395763e-01 9.996437565189782992e-01
9.997768572155455447e-01 9.997595428389786099e-01 9.998875152310024994e-01 9.997232350999890604e-01 9.998621911872892509e-01 9.998054764394362914e-01 9.994833064370971520e-01 9.998656103842769038e-01 9.997951024043452151e-01 9.992326533056968829e-01
9.998336268140923799e-01 9.999405236022922416e-01 9.997048460970404671e-01 9.993415394094897763e-01 9.998380238786993557e-01 9.988885550931374535e-01 9.998108121427569106e-01 9.998319604961239948e-01 9.998841693468466518e-01 9.997075988879750019e-01
9.993145284771726145e-01 9.999341533220861278e-01 9.998688652627201190e-01 9.998968839025353939e-01 9.998451044686417211e-01 9.998865327148710458e-01 9.994706770609367297e-01 9.999438729678630233e-01 9.998073167359141644e-01 9.996183609355003830e-01
9.995958257652436396e-01 9.996915180627459208e-01 9.993684028089375726e-01 9.999249451122915744e-01 9.996227501338794674e-01 9.979793816254297623e-01 9.998846807315600049e-01 9.999139131468477437e-01 9.999580763165589747e-01 9.981695762762842206e-01
9.996554677022813085e-01 9.999418192656369664e-01 9.999309202180298728e-01 9.998250906867398591e-01 9.995312793209945035e-01 9.996706078122271633e-01 9.999257723289556310e-01 9.997565053550439007e-01 9.996255296703485671e-01 9.998470891994374332e-01
9.998408647765526513e-01 9.997308240887311515e-01 9.998835302183683993e-01 9.994889207736761261e-01 9.998076010820154957e-01 9.998346496205374745e-01 9.998944527856828968e-01 9.999057472218793041e-01 9.996370526814960522e-01 9.998132772607004615e-01
9.998329574399921205e-01 9.991519977269387454e-01 9.999093117144426390e-01 9.998005866036424605e-01 9.996648622316699484e-01 9.998713268441296043e-01 9.998422077952121567e-01 9.998097064746874763e-01 9.997556775663516415e-01 9.993668483196778141e-01
9.998115556944588977e-01 9.998280583812602096e-01 9.997662668404774244e-01 9.998630635124849952e-01 9.996752384527527457e-01 9.996808265331412757e-01 9.996867240980126246e-01 9.999054133100752084e-01 9.997773915857089966e-01 9.998117064844810331e-01
9.996258681709520033e-01 9.997972232634145806e-01 9.997643642276307085e-01 9.997365280116201625e-01 9.999197896814601139e-01 9.997446524500757103e-01 9.998878365627446030e-01 9.998262781941525956e-01 9.997570677090749092e-01 9.998469568984330591e-01
9.997961670539436962e-01 9.998985060874771014e-01 9.999085387912843848e-01 9.994692191620101474e-01 9.994635136955408727e-01 9.998457586319661194e-01 9.998211326821571099e-01 9.999580103943228604e-01 9.997743353949022360e-01 9.998550874090118556e-01
9.998055717008959009e-01 9.993407681991800517e-01 9.998865157491783062e-01 9.999193247858872979e-01 9.997319655860718024e-01 9.997966712731620742e-01 9.999324091110070034e-01 9.999507834810379414e-01 9.994114964825882019e-01 9.999070607491601370e-01
9.998910840872826666e-01 9.998640472560484938e-01 9.995496421040598323e-01 9.998744362984510747e-01 9.998800308835357198e-01 9.997597821226685832e-01 9.997371148539074825e-01 9.997078925352719247e-01 9.997704370611771862e-01 9.996421379153574982e-01
9.996995150230640892e-01 9.997239303226574947e-01 9.995650632123658230e-01 9.997619331029854450e-01 9.996282407902474798e-01 9.999396056527225518e-01 9.994105948657358018e-01 9.998559304428038530e-01 9.997698059499630086e-01 9.995683582922444410e-01
9.997679239252740269e-01 9.998963374603633270e-01 9.998183590034925849e-01 9.997573969206824396e-01 9.994050794403621651e-01 9.997488536539571591e-01 9.998756759056449672e-01 9.998340989391080180e-01 9.997260783470789391e-01 9.953631496462803652e-01
9.992176370602711133e-01 9.999192199564453931e-01 9.993448510615535740e-01 9.994417216914135427e-01 9.997342162976614599e-01 9.998122788638575953e-01 9.996459035100117019e-01 9.998710333971179143e-01 9.998213921256424719e-01 9.998920885587294638e-01
9.998476763102625009e-01 9.989225211985498509e-01 9.994147327135788350e-01 9.997589860198421441e-01 9.998643691768930308e-01 9.997882515219633781e-01 9.998350337514049224e-01 9.999215712942502998e-01 9.997149953215478391e-01 9.999228629878994523e-01
9.998194745074306944e-01 9.994441985401569806e-01 9.998193595651301280e-01 9.997895051233693930e-01 9.997772819588512938e-01 9.998779652545373153e-01 9.995753816402476177e-01 9.998337500560070534e-01 9.996991721992042335e-01 9.996541412584365460e-01
9.998519884010861336e-01 9.998178788389728844e-01 9.996527212926991091e-01 9.999390001358275937e-01 9.998284426683464732e-01 9.999293328675643577e-01 9.996804406125395781e-01 9.999067455559864648e-01 9.996277284992574064e-01 9.998510045942000657e-01
9.998703906230622662e-01 9.998489001611899907e-01 9.993543330775862543e-01 9.999293607901844627e-01 9.999254155134249533e-01 9.999061358873395644e-01 9.996336504526073252e-01 9.997957213959836054e-01 9.997236809936309587e-01 9.997480795433467682e-01
9.998311357538444133e-01 9.996250755497241292e-01 9.997672438826910035e-01 9.998636978047885648e-01 9.996070565748740311e-01 9.993400291769178878e-01 9.997934856670216419e-01 9.998671304312282127e-01 9.996037264854907844e-01 9.998893893866960259e-01
9.998369840753442706e-01 9.999275337981379241e-01 9.998624263985866900e-01 9.997192136864654355e-01 9.998113322739500264e-01 9.999061516165613783e-01 9.998772923371839205e-01 9.999074241285389464e-01 9.998604916529504338e-01 9.999354581922549334e-01
9.993737646690684651e-01 9.997492439953723498e-01 9.994230610116969782e-01 9.996319811681561029e-01 9.992708326653934048e-01 9.993304811419958522e-01 9.999533673544740431e-01 9.998547837781905923e-01 9.999086593660632127e-01 9.999147428074203203e-01
9.996418560493697258e-01 9.997686018441617195e-01 9.998801529379546249e-01 9.998738779014519906e-01 9.998371580012063164e-01 9.994277611564551522e-01 9.996799399822487997e-01 9.999193448254444228e-01 9.998710453301263845e-01 9.995052581122900737e-01
9.998336497600179840e-01 9.996195794105694477e-01 9.998962581482031542e-01 9.996495619808523081e-01 9.997624881389071128e-01 9.998759703089373785e-01 9.998581535820222355e-01 9.999122988845595694e-01 9.997017890176339572e-01 9.997430983195111365e-01
9.999313739080695207e-01 9.999074916168047000e-01 9.997857528935119031e-01 9.998253701764637791e-01 9.998629913912935319e-01 9.998662206851433032e-01 9.998984731788066460e-01 9.998552072812251224e-01 9.997052043434433433e-01 9.995904673987964228e-01
9.982097620495588020e-01 9.989531585519588752e-01 9.998540678466285581e-01 9.996373095231925188e-01 9.998352811724221523e-01 9.997808214701745522e-01 9.998691263452594846e-01 9.993877778712600968e-01 9.998175498086772084e-01 9.998372825699356481e-01
9.998020105868447027e-01 9.995033642958077724e-01 9.995147540383888529e-01 9.998070032614364555e-01 9.997137982479727958e-01 9.999243804078822295e-01 9.997757758888954349e-01 9.998239513833649950e-01 9.993579053315457816e-01 9.995477885784649352e-01
9.997461691519027305e-01 9.998254584512581422e-01 9.984163128001048992e-01 9.998547080973106960e-01 9.998829057955040955e-01 9.998977923856904315e-01 9.997785496243646319e-01 9.994480222703100436e-01 9.998335801661614175e-01 9.995830200528377230e-01
9.998289160002102882e-01 9.994231425769291022e-01 9.994936471848451243e-01 9.996409206625094246e-01 9.999474288891427864e-01 9.992504896828834360e-01 9.994467913123424863e-01 9.996647893895244108e-01 9.996117116047150697e-01 9.997421727953881287e-01
9.997537148902246873e-01 9.998877411800719539e-01 9.998990830459519863e-01 9.998310499860556533e-01 9.993955970723974458e-01 9.995531008834952491e-01 9.998767862850914678e-01 9.999065393363582022e-01 9.995963766344847512e-01 9.998906400206456491e-01
9.999188796272596713e-01 9.998275253578553512e-01 9.994319217027948232e-01 9.998231219348454601e-01 9.998674985374073065e-01 9.995027088266209558e-01 9.998103557549063991e-01 9.997101072818437295e-01 9.998231107724522282e-01 9.998301472344482965e-01
9.998145102888376101e-01 9.997852683167955945e-01 9.997177323587007614e-01 9.998586599223924232e-01 9.995002509871608876e-01 9.998205344115265181e-01 9.998539751256110275e-01 9.998415119229420167e-01 9.997235110213442688e-01 9.998560978331135773e-01
9.998395707583168646e-01 9.995868840148903756e-01 9.998669080898715533e-01 9.997482471115541891e-01 9.997016276770260834e-01 9.999267405258781549e-01 9.998384740732588760e-01 9.998947984115091892e-01 9.998874812613642860e-01 9.998326214900942199e-01
9.990251834194391334e-01 9.996947117695077489e-01 9.998752543493143463e-01 9.997915513465850390e-01 9.998437295292244009e-01 9.998669464109606331e-01 9.998096823288541435e-01 9.966770821349208997e-01 9.993700757513735988e-01 9.998339959787071463e-01
9.997015473207084835e-01 9.999570210583641483e-01 9.997304035209663153e-01 9.997374919125261439e-01 9.981316823467635269e-01 9.996476500162680967e-01 9.999504781043665469e-01 9.998344062251879327e-01 9.998497468369270669e-01 9.998440521578156881e-01
9.992490284709590886e-01 9.998917632990864668e-01 9.998604901400928169e-01 9.999135615396314014e-01 9.998895914290003573e-01 9.997239462617354411e-01 9.999008760949507080e-01 9.998458880007112803e-01 9.999085704843679867e-01 9.997324781398048144e-01
9.998144152899854920e-01 9.998896579260507789e-01 9.996182480082086430e-01 9.998031928707691307e-01 9.998348703831979600e-01 9.997460994447517901e-01 9.995882750603688471e-01 9.999042663252442065e-01 9.995458310957181514e-01 9.997712174748205616e-01
9.998090282606124646e-01 9.983083865526878320e-01 9.997132156416045357e-01 9.997569555174438127e-01 9.997542202332831973e-01 9.997920462193131685e-01 9.998957455095099922e-01 9.992939228062108770e-01 9.997731008680981191e-01 9.996878008963968609e-01
9.998171917089938576e-01 9.999097302391891651e-01 9.997851417862472223e-01 9.995544698048465238e-01 9.997910227646031878e-01 9.996705243210957104e-01 9.997792830198050096e-01 9.997764178770401911e-01 9.999052274397715045e-01 9.999148460629951884e-01
9.993542029199623533e-01 9.998155952685972014e-01 9.997337559782539795e-01 9.991108614912741492e-01 9.999050409265121120e-01 9.998980411863435114e-01 9.996121415537208010e-01 9.999309765921409188e-01 9.997025726136300472e-01 9.994436256537391206e-01
9.998549733512880344e-01 9.998151004113153828e-01 9.998268908588573423e-01 9.998480917237380083e-01 9.998251827151022342e-01 9.994587279599953522e-01 9.996965887857386379e-01 9.998885538904380699e-01 9.998664074262669788e-01 9.997273810311941844e-01
9.997370552994319093e-01 9.998949966794942190e-01 9.998137828965089069e-01 9.993228896332970734e-01 9.997312941824545440e-01 9.997847547134854906e-01 9.995818201736291764e-01 9.995616166862401064e-01 9.997561536852083153e-01 9.998012280963505249e-01
9.997411963355413711e-01 9.999074360366919656e-01 9.997750901656364819e-01 9.998467128237813473e-01 9.997890274542975408e-01 9.998657101761748711e-01 9.999543945853003324e-01 9.997779782716568198e-01 9.995003449726067579e-01 9.998614025943385331e-01
9.996486474364569830e-01 9.997324496275706851e-01 9.997038685210709597e-01 9.987442125344689892e-01 9.994087558950818240e-01 9.989488961762496011e-01 9.999345729027082630e-01 9.964804956616917231e-01 9.998355186790458538e-01 9.998710073085117500e-01
9.998586115703369526e-01 9.999330645154808073e-01 9.996723964816568442e-01 9.998788134732954358e-01 9.993151021721344840e-01 9.998983859232248861e-01 9.996151283040282109e-01 9.995414794913568546e-01 9.998973072831268682e-01 9.995529425252709377e-01
9.997254787571705492e-01 9.993692958463346043e-01 9.997113486128107462e-01 9.998352144878822623e-01 9.999192830343955896e-01 9.996545717556685196e-01 9.998446535837685056e-01 9.996313961429301731e-01 9.998020977307934265e-01 9.998873403624832790e-01
9.996965456097051117e-01 9.999201982721606097e-01 9.997826967024994183e-01 9.993820965938162715e-01 9.998881036006341816e-01 9.997915197823984412e-01 9.997400756359984264e-01 9.996777875497677712e-01 9.995011362138828126e-01 9.997814454758284786e-01
9.997304837163272229e-01 9.996612188306825963e-01 9.997913427921600871e-01 9.998954233106338574e-01 9.997698653637747679e-01 9.998899371125617996e-01 9.997317284879866373e-01 9.997549670049764581e-01 9.997933865416422927e-01 9.998535225206790500e-01
9.997973138504386847e-01 9.998562575964401455e-01 9.997422447151078639e-01 9.998552672197243973e-01 9.995396397662442700e-01 9.998578191726729125e-01 9.997947002803657668e-01 9.996849906299514199e-01 9.994847239668847028e-01 9.995526902707738692e-01
9.998489370140603016e-01 9.999225353551407514e-01 9.999015615470548957e-01 9.997108485566295055e-01 9.998282316869635533e-01 9.992587180823941928e-01 9.999285300967651891e-01 9.983997273691477270e-01 9.998852880382387287e-01 9.998477342963913994e-01
9.998623392352895545e-01 9.998907601872816242e-01 9.989930206650171618e-01 9.998798207814775241e-01 9.992208743232097179e-01 9.998762568748954527e-01 9.997852521691584782e-01 9.999366878615557619e-01 9.997663941328855941e-01 9.990670355083081100e-01
9.998791352028429946e-01 9.996950836532392248e-01 9.998819797113600583e-01 9.997028370627758509e-01 9.995090826096169057e-01 9.999234491638363531e-01 9.991135736928760114e-01 9.995136283420620327e-01 9.990305489453837895e-01 9.998732857928368523e-01
9.990345456292152315e-01 9.997872107936298658e-01 9.998840120354046679e-01 9.997173486396102593e-01 9.998828263392962601e-01 9.998606024751891530e-01 9.994616666741351629e-01 9.998229689180404556e-01 9.994028654046162030e-01 9.999101043187375026e-01
9.999464314655140962e-01 9.997349273094058297e-01 9.997812046639786843e-01 9.999398636347676117e-01 9.998026089468012856e-01 9.996933548078228426e-01 9.999562159813198958e-01 9.999030000363429149e-01 9.999541781870016077e-01 9.997939089444261018e-01
9.998527369391101427e-01 9.998619851620103027e-01 9.997574811920613147e-01 9.998408772566828029e-01 9.997818161700933182e-01 9.999195442488778562e-01 9.994421381857214737e-01 9.996922639232209695e-01 9.997335430206019113e-01 9.995972657675797901e-01
9.997700590629007289e-01 9.997651709674117981e-01 9.996446357858250753e-01 9.998273807948047098e-01 9.995755590549464387e-01 9.995086638077946839e-01 9.996285172671524055e-01 9.998358080114679858e-01 9.999054094504415957e-01 9.999333758802348981e-01
9.993942814243377271e-01 9.996849582178461979e-01 9.998936608043768048e-01 9.998332464857572210e-01 9.998501440691601738e-01 9.996267706392650831e-01 9.998987219826009909e-01 9.997561637009453328e-01 9.994661654785427229e-01 9.997281223607445977e-01
9.997795916246917658e-01 9.998337857406974782e-01 9.998780645341045492e-01 9.998294005753661784e-01 9.998158751352111961e-01 9.999330875247736117e-01 9.997621698697958248e-01 9.994573949191600803e-01 9.998202171333084864e-01 9.998249801999972153e-01
9.999131230432999340e-01 9.996919097068384108e-01 9.998649582241028178e-01 9.997400850674598161e-01 9.995668114293988493e-01 9.999108741874164208e-01 9.997193835000195428e-01 9.997706141078616104e-01 9.998303631409174441e-01 9.999000375412904207e-01
9.998754942133938339e-01 9.997950115475060517e-01 9.993945403071389233e-01 9.997449545579717434e-01 9.998145312677545471e-01 9.998218606478456172e-01 9.997842081042664919e-01 9.998007390608335543e-01 9.998970552122572464e-01 9.998912798037734584e-01
9.998206002531023762e-01 9.993015498279200770e-01 9.992855111627126918e-01 9.996817059596371235e-01 9.999211628495833226e-01 9.999025524969907819e-01 9.993660779343541689e-01 9.999382645335558317e-01 9.998849986605774509e-01 9.996949164468530435e-01
9.999179325815765740e-01 9.998036172642043029e-01 9.997286680097857703e-01 9.998889127696034551e-01 9.998492687521770561e-01 9.996361335754890831e-01 9.998966547293564044e-01 9.998685263076245722e-01 9.994973208170599976e-01 9.997900153814859303e-01
9.997618640896827058e-01 9.997224601206931016e-01 9.997712541404111253e-01 9.997292565476737503e-01 9.997657445512881935e-01 9.997336778896203091e-01 9.998139788864508493e-01 9.998815721473582885e-01 9.998959746904583223e-01 9.998257413828360862e-01
9.999321476275763176e-01 9.990646023673231957e-01 9.997838296656085255e-01 9.998249807439553161e-01 9.998776871726328119e-01 9.996686787273081354e-01 9.995434246704584247e-01 9.998713998857313712e-01 9.991453200539550661e-01 9.998622858306291938e-01
9.998818237533003694e-01 9.998680004188685855e-01 9.999210803845880458e-01 9.998804147194019221e-01 9.996999093199667730e-01 9.998709219322888808e-01 9.999024391959882019e-01 9.997077831117018309e-01 9.997500188993780901e-01 9.998746587213740433e-01
9.998273771904794271e-01 9.992796883560512988e-01 9.997244423163854643e-01 9.998207381478217970e-01 9.997555685561816397e-01 9.998579268376966978e-01 9.997988568810590726e-01 9.998943618811486633e-01 9.996838247855780457e-01 9.995572834418859909e-01
9.998573841378601834e-01 9.999256975112017498e-01 9.995019682276239381e-01 9.994075068437554554e-01 9.992501232488734120e-01 9.998256108105844087e-01 9.998123146045503340e-01 9.998559156520991920e-01 9.997790565682916908e-01 9.999095022128585697e-01
9.998949505202348043e-01 9.994177679436461181e-01 9.998242786823704487e-01 9.998041457422335299e-01 9.998620885048620233e-01 9.998030507285420310e-01 9.999087094752798777e-01 9.992423476985407005e-01 9.996829222391313552e-01 9.995519655390611158e-01
9.999004553482452318e-01 9.997454191464533180e-01 9.996533979244118795e-01 9.999048358130764314e-01 9.999141649710618918e-01 9.997920198213593457e-01 9.998516901097705967e-01 9.998225565701653883e-01 9.998454486524216422e-01 9.997833535991330622e-01
9.998220592633194626e-01 9.996542423498214758e-01 9.998829002842810620e-01 9.998699221674075543e-01 9.999218320059508613e-01 9.998806843944574307e-01 9.997796511224217308e-01 9.998604433865535546e-01 9.996796949323625281e-01 9.998465760643102662e-01
9.998991683605048530e-01 9.995060503461752344e-01 9.998598891444974157e-01 9.996969091668710394e-01 9.995299858897450651e-01 9.998864418421625766e-01 9.997440501031148452e-01 9.998946154577706968e-01 9.998699020186007091e-01 9.993001870062021563e-01
9.998679316655113558e-01 9.997969264183456106e-01 9.998950743047877454e-01 9.995314052731605337e-01 9.998770671258827569e-01 9.998287331161045399e-01 9.998183072212560862e-01 9.995417939698043597e-01 9.998772589181729176e-01 9.996164290317710588e-01
9.998471674063856840e-01 9.998607259743353959e-01 9.997826291921463326e-01 9.997733097751779763e-01 9.990256787211191369e-01 9.998479020187814870e-01 9.992584003400301063e-01 9.997626336315637019e-01 9.997232947563944316e-01 9.996746727912676489e-01
9.997087819679948417e-01 9.999041539979958149e-01 9.998546479433269019e-01 9.998306187108347842e-01 9.999121021622973116e-01 9.997750275206307435e-01 9.998262495509920855e-01 9.998325464879904700e-01 9.997417121223719505e-01 9.997895288534224267e-01
9.998145594445546624e-01 9.998987440698712259e-01 9.998812614843129998e-01 9.998780503861641744e-01 9.993989259817188664e-01 9.998261035715799716e-01 9.995836771468823434e-01 9.996245473839947548e-01 9.993611619886260122e-01 9.998590394401795090e-01
9.998697495102149002e-01 9.998111908349028853e-01 9.997971216301549946e-01 9.998793320287168163e-01 9.998985809656139034e-01 9.998515622397617930e-01 9.998349185751463919e-01 9.997747443577180704e-01 9.998030454427718761e-01 9.998308402762910996e-01
9.997662423015910571e-01 9.992496926650867861e-01 9.997032819027422690e-01 9.999123892412465908e-01 9.998409271340490401e-01 9.998639327910975316e-01 9.994918822820970661e-01 9.997972181029294303e-01 9.994676537425376539e-01 9.998723224029061329e-01
9.998749425418322900e-01 9.999424243185576211e-01 9.998782165349459072e-01 9.999131801951335330e-01 9.998876313520117520e-01 9.998179894968803882e-01 9.997544462412222277e-01 9.992780732659676257e-01 9.998951912362659122e-01 9.998389109691447896e-01
9.998558222381616067e-01 9.995852582994968483e-01 9.998089720573151151e-01 9.998733151540488695e-01 9.994461522815817345e-01 9.998911757331132577e-01 9.998180490982995217e-01 9.996001651482181449e-01 9.998646195677712845e-01 9.999166764289556530e-01
9.998139867806574710e-01 9.997199229524579289e-01 9.997512760830946643e-01 9.999009379303164247e-01 9.982672566097031686e-01 9.990392255692132073e-01 9.994468974783410342e-01 9.996087411259948485e-01 9.997599085545362252e-01 9.998819786880521754e-01
