9.995246755399009864e-01 9.991298459349116090e-01 9.978191389738190198e-01 9.994457786251161879e-01 9.990177687868289080e-01 9.996274568518291881e-01 9.989065257086485738e-01 9.997382777441519153e-01 9.996683073495875593e-01 9.995448040013452662e-01
9.996602811016334078e-01 9.996292027321942442e-01 9.987630315981030904e-01 9.989383728821817909e-01 9.997199223356766362e-01 9.988170337779894714e-01 9.992603025533109973e-01 9.995121167012217533e-01 9.984229220582682141e-01 9.994668078171771164e-01
9.994294804276993016e-01 9.994479867477875645e-01 9.997715767200426873e-01 9.994877308438459007e-01 9.988545986840894342e-01 9.997888179644590645e-01 9.991431028618465993e-01 9.992397639761350092e-01 9.986290440879814767e-01 9.995280092749968537e-01
9.993375222242674161e-01 9.991926372092524433e-01 9.991087139251513261e-01 9.994825068239883148e-01 9.995524253408711868e-01 9.990433301636306718e-01 9.987147304966377259e-01 9.984291211585496484e-01 9.988669151036284610e-01 9.996636899223688699e-01
9.992614151518374177e-01 9.996771642087565191e-01 9.995951568825045541e-01 9.989462245325309020e-01 9.997057399556199542e-01 9.993849780644744607e-01 9.994661274136659168e-01 9.994068741414520174e-01 9.996725877003095340e-01 9.994182829024100823e-01
9.998509460333185883e-01 9.995556543784790415e-01 9.993856128558286089e-01 9.996946673413191764e-01 9.998485735298680011e-01 9.985052230045694532e-01 9.987487934597938377e-01 9.997994592458360197e-01 9.987917345035035588e-01 9.985709041460250068e-01
9.999012700285605515e-01 9.995218545463784299e-01 9.991449939635704824e-01 9.997054144593827685e-01 9.979480086452671150e-01 9.997833569333207659e-01 9.997298937151437581e-01 9.994856812541642599e-01 9.993579659756312017e-01 9.986860038309999243e-01
9.991887140188725480e-01 9.994564734918637283e-01 9.981844468632801171e-01 9.985595557912886333e-01 9.997275755370657047e-01 9.987470092797098298e-01 9.992060124856781966e-01 9.982418751440479410e-01 9.993617075087469770e-01 9.989540914100754065e-01
9.988939162796489635e-01 9.993398271089665164e-01 9.997543123318458624e-01 9.985021044570437931e-01 9.992631625797980810e-01 9.980958222126763424e-01 9.988801452050791729e-01 9.986821702598676076e-01 9.959032797227979072e-01 9.989890619006680517e-01
9.994049051627522662e-01 9.996717027936101729e-01 9.996805880073281747e-01 9.979206687261563680e-01 9.997266853654518393e-01 9.980317046797216873e-01 9.988615598094426895e-01 9.992733866721920100e-01 9.992363193898258222e-01 9.993896165318238989e-01
9.993432892454393590e-01 9.992231498433665760e-01 9.996361869789220922e-01 9.988237108697289868e-01 9.992414558881159703e-01 9.997603031525544859e-01 9.987792264632451289e-01 9.988576442648493536e-01 9.989926043057257843e-01 9.991588890427767211e-01
9.997613387514195926e-01 9.990927164850166298e-01 9.996330764404215419e-01 9.996362266828868748e-01 9.997488238743764688e-01 9.993211054372859170e-01 9.995448728581953768e-01 9.993224832047312711e-01 9.992425909002804474e-01 9.997164294002847118e-01
9.989964961286186274e-01 9.977479086669848174e-01 9.957971239675885711e-01 9.995412896716385776e-01 9.995234852001761983e-01 9.971418264091798100e-01 9.996510214026186336e-01 9.993180195245012776e-01 9.996643900626490664e-01 9.996915120100241525e-01
9.997603801546004476e-01 9.994030628255085036e-01 9.993725302145218814e-01 9.997418330701619560e-01 9.994256795194867982e-01 9.996520766212695364e-01 9.994464150737739638e-01 9.996085974373180028e-01 9.994545178986031786e-01 9.995180720726720702e-01
9.994269478411801355e-01 9.987426158498614592e-01 9.986713064013579277e-01 9.984292108050235592e-01 9.988859863893272406e-01 9.993108129756265168e-01 9.978667182558553783e-01 9.997047940444870884e-01 9.996037996070564757e-01 9.995061037467378728e-01
9.992897501504406366e-01 9.995955479644369479e-01 9.995589975471822486e-01 9.986139048490835224e-01 9.996853798097070642e-01 9.987303960064942698e-01 9.995875307604580318e-01 9.994530562396275464e-01 9.991975751188634236e-01 9.993229905184599637e-01
9.995702789358770213e-01 9.990828021828157546e-01 9.978546388992932670e-01 9.996345595822442309e-01 9.996033686390826123e-01 9.987566640628654513e-01 9.997767725333187583e-01 9.996695701601926443e-01 9.993544859858584095e-01 9.994400416123714326e-01
9.985017039719280563e-01 9.973332594119266314e-01 9.984059579016252295e-01 9.996428225887752372e-01 9.973753596713700320e-01 9.997078417918683346e-01 9.996083891186893222e-01 9.991017946130233973e-01 9.988030598362189760e-01 9.998287673305401579e-01
9.989795523612448047e-01 9.974860216824061876e-01 9.994721518536102689e-01 9.994320757556898194e-01 9.978957729706317004e-01 9.994383701799587350e-01 9.993812474452481442e-01 9.994399808470773028e-01 9.996226934890261040e-01 9.992082713114189829e-01
9.977725524946787772e-01 9.982008698719017081e-01 9.986817115894900398e-01 9.979303987432451839e-01 9.987198545888067436e-01 9.983205289888399392e-01 9.965760694258062324e-01 9.992286640082875815e-01 9.994756772377612064e-01 9.996530664819561762e-01
9.996650840990893849e-01 9.995083324555101845e-01 9.995868842273555321e-01 9.992671179732713904e-01 9.989601839805535288e-01 9.987011481000565016e-01 9.998189416956224651e-01 9.993864854695715394e-01 9.994552960677196563e-01 9.995127257297169443e-01
9.983654566851417611e-01 9.994376215048093037e-01 9.979051129219836946e-01 9.996199402374835730e-01 9.990090712616974677e-01 9.996499479322730197e-01 9.996356583631704762e-01 9.973035717046463411e-01 9.997375349944688239e-01 9.995719630717699866e-01
9.993944248620226789e-01 9.991730147966566555e-01 9.984726024686823020e-01 9.995719843395957094e-01 9.995543976909375683e-01 9.994789088615352313e-01 9.994312408582833873e-01 9.989710049690980753e-01 9.995550301049405117e-01 9.993939614551068384e-01
9.994543394668055081e-01 9.994499002702302848e-01 9.993811051925999278e-01 9.986143881605669126e-01 9.994755482245853973e-01 9.961838058495613435e-01 9.994005426234274791e-01 9.983163652510440578e-01 9.991882156106295376e-01 9.997665039006820020e-01
9.992496816037166329e-01 9.990751936349533402e-01 9.990215346756827763e-01 9.994766860713418799e-01 9.949692176710684954e-01 9.975406373031696639e-01 9.995131544315963845e-01 9.989591302148845831e-01 9.997729470943630403e-01 9.986511112028696457e-01
9.994909867687629124e-01 9.998195884865372918e-01 9.994807860022655310e-01 9.991771855029181193e-01 9.998424313506465433e-01 9.994200134592439166e-01 9.995066677368048547e-01 9.989655804785267934e-01 9.990308319101394163e-01 9.998076037822009043e-01
9.996928262381790109e-01 9.990138415246602177e-01 9.989228438692255851e-01 9.997240675104404062e-01 9.991921866872730540e-01 9.991770133639261697e-01 9.996733079991160231e-01 9.984909324461828106e-01 9.996421222397883222e-01 9.998267334179327115e-01
9.990655174706145614e-01 9.997602157174672044e-01 9.995536265029784095e-01 9.995910285033037246e-01 9.994197397669695171e-01 9.995441399553847139e-01 9.987872885731713390e-01 9.997526778495070543e-01 9.990135889008706638e-01 9.985093868288268393e-01
9.988778722881687111e-01 9.987626392612345416e-01 9.970034016413169553e-01 9.989429835219962861e-01 9.991540737539514883e-01 9.990430277836209738e-01 9.988768244236359006e-01 9.981169433033834082e-01 9.996133516956474674e-01 9.996815236112642777e-01
9.988848026669620017e-01 9.968910754968351995e-01 9.996822568573719980e-01 9.978273275695769273e-01 9.995052654241435297e-01 9.995402694202515370e-01 9.994121843126347882e-01 9.988285184459056998e-01 9.992822065583768509e-01 9.996631726025301257e-01
9.986064100524326692e-01 9.997158042201607087e-01 9.994594432923277205e-01 9.990584371505083494e-01 9.996551977661704003e-01 9.991971358524484037e-01 9.996525368249729038e-01 9.995907953521410150e-01 9.993005315617370377e-01 9.978303965903985162e-01
9.994367490368686324e-01 9.995637526329276268e-01 9.994498506367037738e-01 9.995084471238804280e-01 9.997136588589167205e-01 9.983114239247208310e-01 9.989752439381479610e-01 9.989071801000383166e-01 9.991381946911357392e-01 9.991241094494393016e-01
9.986808412196968021e-01 9.994494327593812510e-01 9.993591898675833196e-01 9.995612020852837620e-01 9.995314448324323919e-01 9.997403013369262625e-01 9.991294351484358849e-01 9.994944938909365861e-01 9.993349769770448754e-01 9.991579376910726396e-01
9.986834711548152610e-01 9.989730030354008194e-01 9.979443439756193746e-01 9.993654840502347314e-01 9.994140935641442347e-01 9.991224720594049646e-01 9.992679656965615109e-01 9.989309118299238843e-01 9.995148893269996115e-01 9.989176400360237906e-01
9.995712942028653902e-01 9.995888175996205938e-01 9.996256005998885863e-01 9.992195988877018431e-01 9.992447113744225007e-01 9.994774797613943385e-01 9.997685011193548910e-01 9.991530979220265563e-01 9.994503762887783083e-01 9.980174278254995146e-01
9.991055424982113742e-01 9.997215351318111676e-01 9.997498364737220644e-01 9.997691865995406157e-01 9.993277564526722445e-01 9.996045358626868271e-01 9.993333735551798158e-01 9.992635533890061872e-01 9.996567463964225464e-01 9.996582203878480177e-01
9.969673742810161166e-01 9.997278592331025893e-01 9.994314129151919968e-01 9.984349962970482384e-01 9.997014737301348486e-01 9.988563837059614148e-01 9.993588278109362122e-01 9.990706177132864241e-01 9.996138513019114935e-01 9.995345082706783568e-01
9.980705600325974203e-01 9.995713598645380449e-01 9.990420495004117551e-01 9.995831767088104725e-01 9.993302498654665911e-01 9.983197420910242537e-01 9.982410463153578162e-01 9.995407115633814232e-01 9.993593620863502336e-01 9.994347523008436651e-01
9.986006365164523668e-01 9.987135230707653299e-01 9.993117972731851983e-01 9.986108637809401056e-01 9.996587459398009745e-01 9.993391572782822641e-01 9.995559758476628698e-01 9.990967681979030512e-01 9.985661901006749330e-01 9.992715421711857449e-01
9.995243918999254795e-01 9.993982881289881215e-01 9.985783276271398279e-01 9.991870303893960470e-01 9.990769067669128534e-01 9.977976435302138292e-01 9.990935744969576815e-01 9.993516607925782003e-01 9.997300694652723196e-01 9.997224771213321093e-01
9.988416382320588482e-01 9.995580693784588133e-01 9.995915227780070023e-01 9.993434171982972236e-01 9.968839280245422874e-01 9.993310530084061893e-01 9.992113971113794069e-01 9.969653580789410441e-01 9.995577083161109044e-01 9.997412164747953023e-01
9.987055559034181407e-01 9.987177596035495819e-01 9.995670932331957026e-01 9.994673732916906639e-01 9.905036031602065805e-01 9.996091358459840981e-01 9.995495176043351915e-01 9.996079495611982502e-01 9.994600619765017235e-01 9.994611927694793119e-01
9.993937865216409033e-01 9.980317540149754585e-01 9.997341980266832850e-01 9.995508120741247726e-01 9.993692641090301532e-01 9.995541442937745380e-01 9.997581026332655885e-01 9.997507070180624567e-01 9.991995373372599687e-01 9.997972729736300801e-01
9.994697287364402438e-01 9.995204346880606217e-01 9.986638674681870276e-01 9.986004981692400140e-01 9.986672774425302546e-01 9.991180721266469389e-01 9.992542206477923461e-01 9.983164868217453414e-01 9.995743679867982179e-01 9.994180445647066202e-01
9.991083657723229816e-01 9.990126736125053419e-01 9.995469878873027847e-01 9.938299145441416016e-01 9.994486644284757970e-01 9.996914682039498290e-01 9.990483555838455265e-01 9.992157648466468700e-01 9.992709987572400143e-01 9.986485393175239533e-01
9.993941511032737868e-01 9.990381787224170695e-01 9.996772483510094620e-01 9.996997372191325226e-01 9.982159042235193569e-01 9.979233596101161341e-01 9.993542987783520237e-01 9.993939651732463014e-01 9.992181638243715636e-01 9.993757049944533843e-01
9.996961793989083134e-01 9.994692243100478102e-01 9.997168525619566370e-01 9.994433952665483512e-01 9.998488862052008486e-01 9.990680542442940126e-01 9.997330964100120676e-01 9.989093136096814929e-01 9.993856874986618566e-01 9.997170461941140562e-01
9.996160347334960283e-01 9.994686787720433729e-01 9.977717468549348601e-01 9.993171159670789505e-01 9.995479265272422253e-01 9.994381024218258469e-01 9.995039249537535087e-01 9.991212036815255715e-01 9.995177694336054852e-01 9.982072325575697125e-01
9.995256754260070098e-01 9.995599554079344085e-01 9.991734636367692879e-01 9.997231764739034077e-01 9.997502326316827226e-01 9.994095666266786804e-01 9.997839025874928343e-01 9.993037668335439383e-01 9.992086147575424127e-01 9.996541162393371982e-01
9.995363100669133471e-01 9.995572012005318197e-01 9.996424416590706796e-01 9.993166087113848350e-01 9.996962703022060914e-01 9.995780270118757027e-01 9.991356631935902621e-01 9.995662097472371999e-01 9.990258498781665608e-01 9.984422580551065574e-01
9.997699876087428050e-01 9.997412039545814366e-01 9.998053603598492378e-01 9.990181940034069674e-01 9.997773326667191984e-01 9.992319236095206225e-01 9.998430974653782499e-01 9.997360934942115529e-01 9.997563143699982335e-01 9.997613206303697098e-01
9.995849934913363377e-01 9.992816223355734939e-01 9.995035973428914033e-01 9.992222516165037982e-01 9.994650037141312726e-01 9.996412858610438379e-01 9.977975330434003531e-01 9.996385306787074487e-01 9.996269470144641955e-01 9.996495401571691142e-01
9.979792521662226301e-01 9.994558276729370583e-01 9.986134222550314687e-01 9.996128288084046298e-01 9.992617353885235865e-01 9.993097331629904323e-01 9.986906102795606310e-01 9.990924148599920063e-01 9.994608450336979200e-01 9.989130810090987023e-01
9.992117027644659144e-01 9.946021838532805859e-01 9.997629868696620292e-01 9.987694442204143597e-01 9.997300777065593058e-01 9.992957969938627283e-01 9.985065296299328041e-01 9.993556256891233947e-01 9.994071372293528155e-01 9.994464732223634629e-01
9.996761110929527350e-01 9.989087166909639270e-01 9.992460997708766390e-01 9.993596853571437011e-01 9.978051063750085214e-01 9.993906893801556279e-01 9.992062185852180756e-01 9.981388877125080272e-01 9.973008935661898944e-01 9.979830548566198667e-01
9.973485287727048565e-01 9.972450858508182803e-01 9.994028948523892009e-01 9.997003231409991031e-01 9.991317105016243039e-01 9.991821525918097580e-01 9.971597271813197327e-01 9.996772508910790611e-01 9.992850693681072372e-01 9.988225343810474000e-01
9.991068246369718686e-01 9.994056028783941947e-01 9.992259138938707208e-01 9.993004565835692521e-01 9.994263697379274225e-01 9.988264689718241440e-01 9.992707151367947738e-01 9.977717498186642331e-01 9.996802504925602628e-01 9.987594722119463864e-01
9.986031367449569318e-01 9.990700914090027140e-01 9.982052698710859318e-01 9.992451074260514376e-01 9.992432776618569434e-01 9.994043169069113386e-01 9.997356963459071988e-01 9.994763041578439422e-01 9.985924326485745572e-01 9.992446751722213749e-01
9.994678953806206412e-01 9.986688530044364187e-01 9.996569539903101820e-01 9.981795822303397570e-01 9.986451804222952200e-01 9.994431347176228053e-01 9.996153211978563435e-01 9.995315799867059425e-01 9.991792413760837155e-01 9.989373032922107543e-01
9.993348042270525644e-01 9.993731623725217172e-01 9.995059501461144302e-01 9.994307700028641772e-01 9.992822919785178115e-01 9.994009148270214249e-01 9.989824121819811387e-01 9.993976149238137374e-01 9.986021545607446370e-01 9.996491102904301318e-01
9.997524055862527792e-01 9.990992168379330129e-01 9.992035010782364113e-01 9.989128247109868575e-01 9.992082620449628250e-01 9.996747698522329140e-01 9.994099838361716337e-01 9.996675328852824283e-01 9.994542642385191300e-01 9.982272507283923568e-01
9.993799912952280318e-01 9.998683896821154438e-01 9.998387655973001165e-01 9.997599344805281341e-01 9.991210960111661654e-01 9.980394938175959352e-01 9.995498453549437334e-01 9.996752522937550900e-01 9.992050824293678968e-01 9.988643238804016944e-01
9.983703078236804140e-01 9.993615087659040164e-01 9.993152848942016275e-01 9.976276832469834766e-01 9.993972419585853695e-01 9.992040112341493696e-01 9.987701314202306335e-01 9.903319050141450308e-01 9.992644468611082686e-01 9.990809423974045256e-01
9.996247013736077047e-01 9.994522369058801425e-01 9.994055260628785797e-01 9.972456056616402220e-01 9.992333008286014007e-01 9.990986078839598772e-01 9.995667772013848706e-01 9.995964020297503083e-01 9.980382600540336213e-01 9.996847170061433641e-01
9.994778278992508813e-01 9.995290696001355446e-01 9.991536609579989570e-01 9.988214570429110317e-01 9.993117086200522525e-01 9.993839766170089511e-01 9.991383685212509302e-01 9.992400110561655557e-01 9.986624507680817997e-01 9.969038420585383253e-01
9.995119628321070815e-01 9.993876578872867844e-01 9.974276198817442207e-01 9.987967650213556148e-01 9.994649073084665991e-01 9.980096713214891002e-01 9.987481294443576463e-01 9.982224421867035291e-01 9.973949866686042665e-01 9.997737725666260289e-01
9.995094745193061625e-01 9.990335251673835293e-01 9.994545380108093013e-01 9.984052979332248556e-01 9.990270925741917551e-01 9.992482159783516726e-01 9.976628869413277645e-01 9.987490231494143833e-01 9.994003198778927954e-01 9.991087159023748221e-01
9.978520931706408303e-01 9.994466475259331517e-01 9.997001120069672897e-01 9.989642049604896545e-01 9.996065405149640037e-01 9.992404089876236739e-01 9.992618271247732942e-01 9.991881291304099966e-01 9.996246079500881176e-01 9.985974095874073919e-01
9.973501580997830018e-01 9.995947335073760431e-01 9.990154914274440578e-01 9.990205240826325328e-01 9.995155099617587524e-01 9.996748003114039882e-01 9.977556836675514074e-01 9.985641176064784519e-01 9.989243703083053871e-01 9.997681105680072955e-01
9.997025863840243165e-01 9.994166968758403380e-01 9.994561718348480284e-01 9.995457391421003202e-01 9.997103260113732182e-01 9.991068836514658269e-01 9.996944373089706737e-01 9.995543244949109951e-01 9.991292223027501418e-01 9.994999686761280033e-01
9.986355681983251076e-01 9.960558436070794386e-01 9.991898634874575302e-01 9.993269100024517737e-01 9.990617286115751616e-01 9.993631184135051138e-01 9.997566663727934788e-01 9.989766708867816591e-01 9.977244820285984250e-01 9.998514738116794920e-01
9.993027589145841993e-01 9.996351595962239545e-01 9.981921612802241439e-01 9.984137365342755643e-01 9.990929728741785310e-01 9.997330270237162475e-01 9.996211022962222525e-01 9.994284864973647098e-01 9.994483394193445225e-01 9.995782056496742563e-01
9.989668737405685839e-01 9.995337252500409164e-01 9.993129592825916729e-01 9.997602169739215894e-01 9.995932073296588394e-01 9.992974799863783009e-01 9.996446252069962624e-01 9.997044897845979161e-01 9.992175933203543137e-01 9.992986670345977984e-01
9.995506169870760349e-01 9.996594862161756190e-01 9.991051636046760498e-01 9.996061615784262999e-01 9.993300622299916558e-01 9.996455235326757727e-01 9.988794847182438374e-01 9.992556063957631629e-01 9.996049953784338360e-01 9.996952538471548522e-01
9.977367622002488723e-01 9.927570629572290972e-01 9.987656081215198212e-01 9.991260010324379826e-01 9.992741095112129823e-01 9.992218032951590834e-01 9.994604114753716795e-01 9.994112214331435373e-01 9.983164452889049523e-01 9.990930891919075352e-01
9.996844363539878486e-01 9.997284707813186566e-01 9.989414388304981296e-01 9.997984478939014874e-01 9.993510366146434176e-01 9.996644155011285005e-01 9.987107295868002943e-01 9.997553604317062081e-01 9.989915716528244838e-01 9.995182043615052914e-01
9.996025815165879846e-01 9.996777887484828984e-01 9.994375023694919147e-01 9.993809900504545540e-01 9.985495830335655576e-01 9.992319945850860474e-01 9.996805570766091886e-01 9.995437193503909912e-01 9.996295916813723315e-01 9.996712813519791352e-01
9.994996133913660596e-01 9.996007174537426820e-01 9.986071586373335141e-01 9.996781328971171554e-01 9.995094894731147983e-01 9.995067838187490228e-01 9.998180477470816063e-01 9.993477527668634952e-01 9.989857119397530516e-01 9.991553691291534811e-01
9.997662108944562753e-01 9.904086660508134576e-01 9.986472254624093603e-01 9.997707090089679172e-01 9.966511179793643427e-01 9.991961140963089294e-01 9.990828169489160970e-01 9.997358057981019508e-01 9.992294142672262236e-01 9.993139230029273179e-01
9.996926405112965819e-01 9.989416351220614665e-01 9.992242593929944183e-01 9.990918848729786195e-01 9.993476458775796267e-01 9.996809574321300351e-01 9.977739495533145542e-01 9.997038435184090188e-01 9.997007905639768710e-01 9.968621760126424869e-01
9.994102717774712152e-01 9.996305281722068781e-01 9.997409348640476923e-01 9.992252173921418734e-01 9.987583249216337444e-01 9.991359061303274336e-01 9.994781663129074234e-01 9.995487798863466056e-01 9.990397150600006659e-01 9.995193188265397710e-01
9.993511684046593180e-01 9.996504004952893041e-01 9.991421249259060389e-01 9.995382166654499523e-01 9.988911214876398104e-01 9.997316315049076252e-01 9.993231762671037632e-01 9.994102631671536452e-01 9.991373324457167859e-01 9.994119075756940918e-01
9.995557016175524723e-01 9.993365127884078492e-01 9.995813191421645261e-01 9.995788194085379885e-01 9.992557458559581107e-01 9.991528122175862281e-01 9.994796727273490555e-01 9.996681307878690914e-01 9.994864279728079559e-01 9.993844248324271762e-01
9.993454619705711695e-01 9.980560054953340199e-01 9.987037944801516742e-01 9.990776382719045445e-01 9.996089024926592126e-01 9.995409475428493895e-01 9.990621812276201386e-01 9.992641912945853244e-01 9.993622680296458949e-01 9.997535087299083134e-01
9.996907008314227516e-01 9.995108222579054402e-01 9.991758403534602984e-01 9.994651593011472102e-01 9.992587045065031148e-01 9.995963682855466548e-01 9.987245741092863893e-01 9.993087604571706528e-01 9.993310205248068234e-01 9.992344469029014187e-01
9.995402520300167293e-01 9.993546177560459487e-01 9.996155186154624950e-01 9.993293369674234317e-01 9.997340093737190347e-01 9.988180169945989340e-01 9.994122042667054062e-01 9.991570421155024917e-01 9.993842413597266994e-01 9.992223748242762271e-01
9.991689131011065594e-01 9.992573126679642481e-01 9.998268637204704712e-01 9.995698176104574895e-01 9.996295951036779925e-01 9.997340280378460564e-01 9.997862957757247537e-01 9.990536051734927314e-01 9.986570516645369988e-01 9.995916572136359646e-01
9.989415920527938697e-01 9.992095041067299288e-01 9.996432805021794321e-01 9.996101476346344050e-01 9.993998866705777750e-01 9.992151108096684053e-01 9.991072841521534409e-01 9.994435380784320033e-01 9.995285950151542309e-01 9.993420537853002772e-01
9.989066601941393175e-01 9.994906268401310134e-01 9.990019687663305170e-01 9.993231855822635179e-01 9.978987340057547950e-01 9.995268799738097343e-01 9.997004939568049364e-01 9.993210261409939399e-01 9.994582025779250589e-01 9.996690051227088425e-01
9.987299709270492931e-01 9.993316793504350981e-01 9.996633819304115987e-01 9.992554677373771677e-01 9.993603711819744051e-01 9.995811323344540034e-01 9.996003183304355000e-01 9.979349173260537720e-01 9.996036306871393107e-01 9.987193500102015120e-01
9.979538579236194584e-01 9.992649059548648349e-01 9.989187581033216468e-01 9.997295526727132398e-01 9.995910312732678715e-01 9.989418626875904428e-01 9.995291403742964098e-01 9.995340236408500889e-01 9.995881661677664676e-01 9.989541573253419848e-01
9.992770321501153186e-01 9.995732373185086672e-01 9.994718511927355165e-01 9.976121767314883870e-01 9.996149603209142365e-01 9.996106810806757448e-01 9.996951237769073906e-01 9.965300844913494993e-01 9.993758205327935018e-01 9.995195567365339206e-01
9.991895312202518920e-01 9.991422482687010165e-01 9.990595007342475409e-01 9.987449550838718437e-01 9.996611569008557741e-01 9.990604323394064457e-01 9.997463175292580218e-01 9.989531578317329963e-01 9.997813222794122989e-01 9.992937144279164796e-01
9.993403603572735827e-01 9.996518350060737967e-01 9.993845981826605662e-01 9.989097845922245700e-01 9.982700093688067211e-01 9.989774331433582955e-01 9.994268383974208581e-01 9.995223042726565366e-01 9.988768199752515731e-01 9.983658137093781582e-01
9.990023666440360772e-01 9.989318495177936796e-01 9.996233517895818377e-01 9.986901819964763005e-01 9.994533676526882182e-01 9.996494544731236997e-01 9.994299333527395524e-01 9.992798990317089958e-01 9.992156525497464248e-01 9.967938995253751155e-01
9.982327969808700852e-01 9.995802683377182918e-01 9.995806927280816989e-01 9.996134864699364186e-01 9.991651953801745645e-01 9.997904370545196429e-01 9.993237511899133452e-01 9.991253052365969278e-01 9.996045564731509403e-01 9.995877264618548974e-01
9.979615495446695350e-01 9.993812032353086572e-01 9.974350174389901014e-01 9.979348561326413236e-01 9.995331611257793902e-01 9.991219547567143922e-01 9.994532163212624942e-01 9.985471556502782953e-01 9.998040700240209411e-01 9.997930099899592360e-01
9.993293627489057140e-01 9.992559107333051083e-01 9.991994906489384265e-01 9.976546878503289584e-01 9.991352686978104414e-01 9.997064538144628809e-01 9.992002425766378648e-01 9.996814249004070119e-01 9.993618004998997550e-01 9.980266908215325028e-01
9.986637468801170536e-01 9.996891028251156941e-01 9.974614737747803384e-01 9.995428030780592055e-01 9.991347351878951955e-01 9.994593221374926673e-01 9.991695160235325446e-01 9.994532785276164510e-01 9.997105178929012181e-01 9.989028457443280828e-01
9.997283621862805836e-01 9.996511081797303522e-01 9.991718116156204088e-01 9.994010724484373442e-01 9.986507170859847404e-01 9.991583079718131533e-01 9.983125138238416740e-01 9.995653054366838708e-01 9.978532803099042781e-01 9.991044096127692509e-01
