9.999970980202854687e-01 9.999965828207283414e-01 9.999961017671817887e-01 9.999978545109132755e-01 9.999982535645726145e-01 9.999939243585327375e-01 9.999964473982516644e-01 9.999972460260105889e-01 9.999990631505277783e-01 9.999972299804380516e-01
9.999961933700924899e-01 9.999947180795751844e-01 9.999967430402868507e-01 9.999980313828106260e-01 9.999980799050336433e-01 9.999965973596413038e-01 9.999965344384451615e-01 9.999976027298559389e-01 9.999935142760957296e-01 9.999971151780624457e-01
9.999969027291433221e-01 9.999973554317796998e-01 9.999953989265875087e-01 9.999970416737543610e-01 9.999966214732397551e-01 9.999977207122046075e-01 9.999968907646871186e-01 9.999968921701577473e-01 9.999970364238138787e-01 9.999939466405484145e-01
9.999979115593683465e-01 9.999959295891260869e-01 9.999979973992739746e-01 9.999947328846737760e-01 9.999962012911820519e-01 9.999971418926034694e-01 9.999972788611846131e-01 9.999987128892307009e-01 9.999974632493314752e-01 9.999959219907361696e-01
9.999968838446926522e-01 9.999960556853365601e-01 9.999981481159734287e-01 9.999977256270597969e-01 9.999913670625939499e-01 9.999979951465219896e-01 9.999953280861293425e-01 9.999976825663366986e-01 9.999988591981486818e-01 9.999973316524032318e-01
9.999966390548120643e-01 9.999978601352704777e-01 9.999982646565207522e-01 9.999942763127241951e-01 9.999972595667442343e-01 9.999973105490465031e-01 9.999962998597091701e-01 9.999981890906431969e-01 9.999961817128841801e-01 9.999980823354778225e-01
9.999954847300328575e-01 9.999966945866408663e-01 9.999971417894180092e-01 9.999948886529865799e-01 9.999965411672062654e-01 9.999982110300645877e-01 9.999971362058164281e-01 9.999976725763644048e-01 9.999974575801248156e-01 9.999956097919854292e-01
9.999987720296410476e-01 9.999957165126910352e-01 9.999952260095575918e-01 9.999928357907050813e-01 9.999965712915082072e-01 9.999966660798994544e-01 9.999950713343244146e-01 9.999948026585009364e-01 9.999965121764852194e-01 9.999949355113401106e-01
9.999975903829897428e-01 9.999968653292495846e-01 9.999964277690386316e-01 9.999983730302383078e-01 9.999971619375030985e-01 9.999977106739352806e-01 9.999966487100722112e-01 9.999955389055981136e-01 9.999967612050500998e-01 9.999949679841320105e-01
9.999956808838891265e-01 9.999975305532808889e-01 9.999949994252275154e-01 9.999990443239467064e-01 9.999986149546218339e-01 9.999978410752818903e-01 9.999984074393210021e-01 9.999943109479325631e-01 9.999952619326003544e-01 9.999965106983628171e-01
9.999977877556476269e-01 9.999972047983549661e-01 9.999976387546195555e-01 9.999961434280336681e-01 9.999946145933942265e-01 9.999963694084871291e-01 9.999974568505565209e-01 9.999955708013531508e-01 9.999956301864322272e-01 9.999980456883574842e-01
9.999989884199587120e-01 9.999961258456336877e-01 9.999964108982669631e-01 9.999967175063245728e-01 9.999981273149863847e-01 9.999962036249858688e-01 9.999962683561270937e-01 9.999965959365467727e-01 9.999974338226939041e-01 9.999974917290846976e-01
9.999973671235358186e-01 9.999973680755629424e-01 9.999974533934902210e-01 9.999983522675839342e-01 9.999949503453408051e-01 9.999964816387919564e-01 9.999972066674656102e-01 9.999979613526880362e-01 9.999978033816904199e-01 9.999988801859815979e-01
9.999965572139639658e-01 9.999978669085001215e-01 9.999988657803106085e-01 9.999960015634602462e-01 9.999952616523007931e-01 9.999964344428204921e-01 9.999973318502627384e-01 9.999970021303913326e-01 9.999941828745287919e-01 9.999960387609523327e-01
9.999983203772032647e-01 9.999986669193023925e-01 9.999960457502009570e-01 9.999964159788615747e-01 9.999973764610695648e-01 9.999982600694227175e-01 9.999982871725685563e-01 9.999957434177982885e-01 9.999976072416902895e-01 9.999968194586837944e-01
9.999985224708676235e-01 9.999968712549122118e-01 9.999969724019864836e-01 9.999963072574034051e-01 9.999978883965681131e-01 9.999951652338336938e-01 9.999954937214559081e-01 9.999955115897056768e-01 9.999959060184149262e-01 9.999977646336286607e-01
9.999973888733438843e-01 9.999971268828795612e-01 9.999976661864061755e-01 9.999975848961715208e-01 9.999960092443053172e-01 9.999969052405223158e-01 9.999969594512034821e-01 9.999963387491191957e-01 9.999970844133032610e-01 9.999957857599810485e-01
9.999965932009299285e-01 9.999970799498123508e-01 9.999978709519207198e-01 9.999977977891284509e-01 9.999949553659187584e-01 9.999976716468177429e-01 9.999967130655738057e-01 9.999969570883946446e-01 9.999982074773375862e-01 9.999972577543364549e-01
9.999974148204692215e-01 9.999981786853469057e-01 9.999976707730530157e-01 9.999961849836433991e-01 9.999972633804738997e-01 9.999949086503746587e-01 9.999957509141732537e-01 9.999980362923416299e-01 9.999957192363211345e-01 9.999959333630573655e-01
9.999959562873624863e-01 9.999976003641299904e-01 9.999965063610309901e-01 9.999973085040114729e-01 9.999937116760034828e-01 9.999978081797900042e-01 9.999985367117212309e-01 9.999978463075070989e-01 9.999949901244828965e-01 9.999987262753732287e-01
9.999973403952993056e-01 9.999961598953188702e-01 9.999964784471578882e-01 9.999989353827660743e-01 9.999972311091906985e-01 9.999967395032228756e-01 9.999966190348972273e-01 9.999987537525861780e-01 9.999965454153750821e-01 9.999970928927045533e-01
9.999987038715981713e-01 9.999966072503414516e-01 9.999973905853424272e-01 9.999955353219804888e-01 9.999971875741667793e-01 9.999973972554885293e-01 9.999967244593912508e-01 9.999963653916622564e-01 9.999981753761647552e-01 9.999965381672848430e-01
9.999970468232718401e-01 9.999958288276511453e-01 9.999983264115243076e-01 9.999969572943997465e-01 9.999968762776088038e-01 9.999970961605737507e-01 9.999980743343619416e-01 9.999934394782820091e-01 9.999976808388001404e-01 9.999954820967497104e-01
9.999984834647895893e-01 9.999975035134640589e-01 9.999985226354054513e-01 9.999956894956942843e-01 9.999970010914315255e-01 9.999959768534768534e-01 9.999976115964449574e-01 9.999967942861257564e-01 9.999980186584607189e-01 9.999986895093976313e-01
9.999972369511452852e-01 9.999945344282005211e-01 9.999954349018072008e-01 9.999968840400509373e-01 9.999955257533811315e-01 9.999978007586153295e-01 9.999966343240251909e-01 9.999962410101310706e-01 9.999970186936930627e-01 9.999976409108124464e-01
9.999982769609682132e-01 9.999972105113175136e-01 9.999961618411015163e-01 9.999975847208013580e-01 9.999954562526769397e-01 9.999970456101371363e-01 9.999957949073912111e-01 9.999964669002791018e-01 9.999964273386825475e-01 9.999932667024188371e-01
9.999990257778951230e-01 9.999981779950889438e-01 9.999939849092066568e-01 9.999952181383435779e-01 9.999985117670412427e-01 9.999939321953170701e-01 9.999967579906019477e-01 9.999980927165817990e-01 9.999960801054059711e-01 9.999980308182339073e-01
9.999955642480069518e-01 9.999958982637101590e-01 9.999973113321267704e-01 9.999957932422898210e-01 9.999964652395666453e-01 9.999969703396104359e-01 9.999961153840561945e-01 9.999953788808851884e-01 9.999973711585457004e-01 9.999975963598297657e-01
9.999970843954959498e-01 9.999971409465163719e-01 9.999972347659769056e-01 9.999970676278914228e-01 9.999956726727773360e-01 9.999956673728740419e-01 9.999988220270522588e-01 9.999979251330162189e-01 9.999970528746298104e-01 9.999985087078302470e-01
9.999962051615323144e-01 9.999957414183686666e-01 9.999964580007231207e-01 9.999981180642903977e-01 9.999976961656422692e-01 9.999970975521188521e-01 9.999957673872527097e-01 9.999977530082700961e-01 9.999968011916323674e-01 9.999966261947351720e-01
9.999974493649879115e-01 9.999976625626537663e-01 9.999970457818185832e-01 9.999988753717288237e-01 9.999949965648077255e-01 9.999976559134619025e-01 9.999973823289043384e-01 9.999942889704532822e-01 9.999987274950388194e-01 9.999967620774188326e-01
9.999985089674749972e-01 9.999969242456289154e-01 9.999960303324851862e-01 9.999924888775542087e-01 9.999964618563054186e-01 9.999972969610820828e-01 9.999978415761389128e-01 9.999971520647594758e-01 9.999971434704151285e-01 9.999973753417310540e-01
9.999965820631213642e-01 9.999953477999550255e-01 9.999976285237770490e-01 9.999966263315608339e-01 9.999984892893728494e-01 9.999979740137744377e-01 9.999948583860945872e-01 9.999947492897451884e-01 9.999979152467440846e-01 9.999982459410958757e-01
9.999966229266316065e-01 9.999953158516453611e-01 9.999969955977723313e-01 9.999971811520006471e-01 9.999958206177307352e-01 9.999961735311538868e-01 9.999987119719064843e-01 9.999940875767365789e-01 9.999962814166385439e-01 9.999970850396551203e-01
9.999945137004970785e-01 9.999943864584593944e-01 9.999957300579511710e-01 9.999946101821673983e-01 9.999969750076430630e-01 9.999954704012029572e-01 9.999942679495759101e-01 9.999974363177035475e-01 9.999962730779631270e-01 9.999964527065706710e-01
9.999972967357747544e-01 9.999969604684966207e-01 9.999945983143223582e-01 9.999949542418948845e-01 9.999983873936062473e-01 9.999983968522264677e-01 9.999965431466649735e-01 9.999967925799031487e-01 9.999971736364774433e-01 9.999971192013723531e-01
9.999980164670027039e-01 9.999977182443593460e-01 9.999962643719695343e-01 9.999964853635499029e-01 9.999985490698790613e-01 9.999986957853435054e-01 9.999985440774205037e-01 9.999983296033273517e-01 9.999969072437530082e-01 9.999971881443230348e-01
9.999956040661059919e-01 9.999977067472158865e-01 9.999979738443449673e-01 9.999972851460693368e-01 9.999938411751709832e-01 9.999944572932472076e-01 9.999948998209908790e-01 9.999964668812720836e-01 9.999951687165646863e-01 9.999974770202377794e-01
9.999980969332681324e-01 9.999975900374460380e-01 9.999972454262231469e-01 9.999963594332873518e-01 9.999971823478598365e-01 9.999958083462530123e-01 9.999962298905330504e-01 9.999989882085328352e-01 9.999974044767039327e-01 9.999975150120495870e-01
9.999961859648794915e-01 9.999962435364920799e-01 9.999972526740597001e-01 9.999956794631407186e-01 9.999980705472314435e-01 9.999963817136440225e-01 9.999984574398337323e-01 9.999977240467117223e-01 9.999988294888647600e-01 9.999965530633919686e-01
9.999974806575613329e-01 9.999944219546159641e-01 9.999944015942079378e-01 9.999991369038255806e-01 9.999982315601798621e-01 9.999969285315079004e-01 9.999952591698799687e-01 9.999955609308374127e-01 9.999987727071737442e-01 9.999987682894311281e-01
9.999951917743883367e-01 9.999949713653424332e-01 9.999976855189290914e-01 9.999973699053389398e-01 9.999964154760402346e-01 9.999971458006635672e-01 9.999967435730484633e-01 9.999945434804196065e-01 9.999978041562715969e-01 9.999978633246782156e-01
9.999964651407057259e-01 9.999961719111812863e-01 9.999969326797253366e-01 9.999973164743423126e-01 9.999982453746955047e-01 9.999945369231058034e-01 9.999992231988906743e-01 9.999973137899151876e-01 9.999975517022205995e-01 9.999960908604906829e-01
9.999976678700611687e-01 9.999965985676865232e-01 9.999959490636187720e-01 9.999959918456307051e-01 9.999979657425710489e-01 9.999960375760464926e-01 9.999970749141054993e-01 9.999946565522611630e-01 9.999946812758601089e-01 9.999973010034500787e-01
9.999976573875914987e-01 9.999967911676030941e-01 9.999961913740382791e-01 9.999982042381212466e-01 9.999970776859854471e-01 9.999940746358763066e-01 9.999985470308085933e-01 9.999962417369823164e-01 9.999977702433304749e-01 9.999960620590264693e-01
9.999974392507631205e-01 9.999981438362675057e-01 9.999948512520906441e-01 9.999981271154291251e-01 9.999970383443569366e-01 9.999973568286089076e-01 9.999970216410184465e-01 9.999968720483807250e-01 9.999968566204884279e-01 9.999958888770883458e-01
9.999979866301313969e-01 9.999971283394467614e-01 9.999964512556889229e-01 9.999975441888161454e-01 9.999979071138939135e-01 9.999978314179778227e-01 9.999981292207883454e-01 9.999979472857880580e-01 9.999979993177879889e-01 9.999957465523793276e-01
9.999957176252810553e-01 9.999956516184766997e-01 9.999967957064388457e-01 9.999980591367629845e-01 9.999956078789010716e-01 9.999966527721021459e-01 9.999975310269516582e-01 9.999971192385014307e-01 9.999973013868138638e-01 9.999971774882657760e-01
9.999977482024968722e-01 9.999981801681879778e-01 9.999956457962877465e-01 9.999912422811172430e-01 9.999974114698713112e-01 9.999950760433797825e-01 9.999968050854078916e-01 9.999956486521028864e-01 9.999970291404955969e-01 9.999969584559752489e-01
9.999956499162149237e-01 9.999965671932384836e-01 9.999963663555714311e-01 9.999983516381314441e-01 9.999971706135285521e-01 9.999982385962626896e-01 9.999931578077960737e-01 9.999987107891498139e-01 9.999967137252551153e-01 9.999964890345065527e-01
9.999921907157049983e-01 9.999957782667567852e-01 9.999972502015003206e-01 9.999953664430523137e-01 9.999954409857815252e-01 9.999970190717949459e-01 9.999968217335086784e-01 9.999947219039370117e-01 9.999961535996798601e-01 9.999968308240594350e-01
9.999963764879553629e-01 9.999955553904545935e-01 9.999972033053148301e-01 9.999977210137050987e-01 9.999932385232631615e-01 9.999945174610057608e-01 9.999963445929070938e-01 9.999968456455828880e-01 9.999964267218961478e-01 9.999975144569811514e-01
9.999975631480704230e-01 9.999956911204221921e-01 9.999983220334318634e-01 9.999981085527054336e-01 9.999943396556719710e-01 9.999952879193079180e-01 9.999967478786568886e-01 9.999985545522983577e-01 9.999942470457802157e-01 9.999969637858638905e-01
9.999942534717973786e-01 9.999981626783740474e-01 9.999986804743633551e-01 9.999959666057821606e-01 9.999978791082756446e-01 9.999952858510918752e-01 9.999940406361659262e-01 9.999975007458224985e-01 9.999956685497287667e-01 9.999964174161604102e-01
9.999968413910267362e-01 9.999971359553513350e-01 9.999958908708406202e-01 9.999963644592320122e-01 9.999964928931063257e-01 9.999980479767838215e-01 9.999978757928457140e-01 9.999977031367619507e-01 9.999970555526310756e-01 9.999931967699789981e-01
9.999968962044306631e-01 9.999954976345316604e-01 9.999969009498207440e-01 9.999983891240288303e-01 9.999967114933092649e-01 9.999980489408448747e-01 9.999962724666824343e-01 9.999954473409795597e-01 9.999959504897373286e-01 9.999980171073656887e-01
9.999942470876117540e-01 9.999975838530764660e-01 9.999971061519677962e-01 9.999987403430711241e-01 9.999980053417248937e-01 9.999968375984666924e-01 9.999976808446174870e-01 9.999972054515414710e-01 9.999976937690456813e-01 9.999948116409597132e-01
9.999962451930374252e-01 9.999989807387678065e-01 9.999975377150371880e-01 9.999975874343133286e-01 9.999979690422931000e-01 9.999968374286065664e-01 9.999957984595760907e-01 9.999955252996453048e-01 9.999976605583049682e-01 9.999970170703436079e-01
9.999974941521161398e-01 9.999948246637530014e-01 9.999967200813389967e-01 9.999978001926815852e-01 9.999971113734053008e-01 9.999975820018545125e-01 9.999980138938169283e-01 9.999966672937939949e-01 9.999976286123147817e-01 9.999945255406292866e-01
9.999959978790790016e-01 9.999956385915715895e-01 9.999973837816132916e-01 9.999934643811247970e-01 9.999970160146658404e-01 9.999969018786043495e-01 9.999980764855141979e-01 9.999959426109485960e-01 9.999967477255597981e-01 9.999964826760210368e-01
9.999970091300905972e-01 9.999965286517372709e-01 9.999953119373254928e-01 9.999984486883960466e-01 9.999928609781515432e-01 9.999976082092560947e-01 9.999980022312432437e-01 9.999944851954412073e-01 9.999965254196471198e-01 9.999951258620815020e-01
9.999972539776966762e-01 9.999970342421089509e-01 9.999968658922714360e-01 9.999948214012920333e-01 9.999970745599656707e-01 9.999986632122868091e-01 9.999956808267862485e-01 9.999969236414339990e-01 9.999979524747544257e-01 9.999945839564013950e-01
9.999968648099655244e-01 9.999985430387390295e-01 9.999982941172694817e-01 9.999960150028722738e-01 9.999944646121364800e-01 9.999982699827136834e-01 9.999986058499338304e-01 9.999970629814953771e-01 9.999972944113979523e-01 9.999973944920120816e-01
9.999950910519591618e-01 9.999991490853716858e-01 9.999950693431125526e-01 9.999949573051324370e-01 9.999976994393338092e-01 9.999981057671407658e-01 9.999977565997141271e-01 9.999961608861350770e-01 9.999976950544083865e-01 9.999965699986959056e-01
9.999968231046955092e-01 9.999964030324863806e-01 9.999966701859316354e-01 9.999970671240497877e-01 9.999974310506728470e-01 9.999961461800188633e-01 9.999956151247295644e-01 9.999976725257915255e-01 9.999963068639839969e-01 9.999972952858781072e-01
9.999977331787087698e-01 9.999950708121645437e-01 9.999983065287296746e-01 9.999966862859024364e-01 9.999967925440023109e-01 9.999955087411085408e-01 9.999978604492709700e-01 9.999971651658017269e-01 9.999957352900469276e-01 9.999960605161178906e-01
9.999984000125595740e-01 9.999970043698799271e-01 9.999968655636467529e-01 9.999923493388911400e-01 9.999972105937607880e-01 9.999971870042831945e-01 9.999962204415558942e-01 9.999974014400828670e-01 9.999950729907169933e-01 9.999969044107488436e-01
9.999962744780277468e-01 9.999972821124349931e-01 9.999935941637045911e-01 9.999982509344261805e-01 9.999964469051290106e-01 9.999971697364768985e-01 9.999973321873073528e-01 9.999969527363363753e-01 9.999975418960338480e-01 9.999957326176428518e-01
9.999974332578350777e-01 9.999977837647220369e-01 9.999973068924954411e-01 9.999952656576533983e-01 9.999974447051084292e-01 9.999942693202802380e-01 9.999944772380346958e-01 9.999984180779376564e-01 9.999978188708434912e-01 9.999946071723584406e-01
9.999965932058477724e-01 9.999978727543166190e-01 9.999966446511765472e-01 9.999950994823406658e-01 9.999973209610477642e-01 9.999987465193234115e-01 9.999976071319033322e-01 9.999970738146916061e-01 9.999986011838444266e-01 9.999968282699681632e-01
9.999969831023692857e-01 9.999977484450415233e-01 9.999970425862368950e-01 9.999973866264818545e-01 9.999970346724726955e-01 9.999961482612422792e-01 9.999971652503260033e-01 9.999971003447610807e-01 9.999978647675979992e-01 9.999957882811616461e-01
9.999961093235094634e-01 9.999982820381079218e-01 9.999979912426240070e-01 9.999972137140560324e-01 9.999978503179998146e-01 9.999985453427900906e-01 9.999977966365760640e-01 9.999976143057411893e-01 9.999964224852533334e-01 9.999978050225485360e-01
9.999947829816697720e-01 9.999978749501635678e-01 9.999956082072418706e-01 9.999970284516899177e-01 9.999958362704247650e-01 9.999954894546444484e-01 9.999973001514690374e-01 9.999943645027790096e-01 9.999967582601638760e-01 9.999939740209925487e-01
9.999976389525014886e-01 9.999982770401362187e-01 9.999963517891277132e-01 9.999982193384810980e-01 9.999975219510612856e-01 9.999968257877158706e-01 9.999981353874985990e-01 9.999979788637204381e-01 9.999941659437453501e-01 9.999964313608783462e-01
9.999970339622403781e-01 9.999972144130827578e-01 9.999980033379073374e-01 9.999963767060680020e-01 9.999969365632486173e-01 9.999965667457596519e-01 9.999945050714178496e-01 9.999961281358151766e-01 9.999981962010288106e-01 9.999983167083954516e-01
9.999958585863070182e-01 9.999958069137241390e-01 9.999966230542097767e-01 9.999977302183981065e-01 9.999991884756195271e-01 9.999960644376303387e-01 9.999974543894483148e-01 9.999926278369491994e-01 9.999978391178730996e-01 9.999979734552588706e-01
9.999964094713957863e-01 9.999956524714638251e-01 9.999960257152710197e-01 9.999966079317803569e-01 9.999950726266035872e-01 9.999974096636906618e-01 9.999979230171405220e-01 9.999984009973706955e-01 9.999957295060173390e-01 9.999965726331656590e-01
9.999970340515366152e-01 9.999954294903744545e-01 9.999983020546761026e-01 9.999971622707920504e-01 9.999970184643343085e-01 9.999984385005343812e-01 9.999958610288017802e-01 9.999964014682407587e-01 9.999964434183787887e-01 9.999974850127443249e-01
9.999970279913938942e-01 9.999961770850310794e-01 9.999961682645160943e-01 9.999969534364656631e-01 9.999982507598681458e-01 9.999960725913404902e-01 9.999968108737380401e-01 9.999949942007588799e-01 9.999972394729299552e-01 9.999979913826805289e-01
9.999973464603588713e-01 9.999971750957663552e-01 9.999969210012964460e-01 9.999956315086643288e-01 9.999966777268423090e-01 9.999960154145604019e-01 9.999968241631116417e-01 9.999969401463938423e-01 9.999937359311026341e-01 9.999980599944576776e-01
9.999953080442920417e-01 9.999990202315858223e-01 9.999950571924313136e-01 9.999976826655234685e-01 9.999974317140550850e-01 9.999974571957150893e-01 9.999966553389880719e-01 9.999977406351624465e-01 9.999969893893752015e-01 9.999978458168251594e-01
9.999980537850691187e-01 9.999970596295369996e-01 9.999979855348597457e-01 9.999988064386589048e-01 9.999969848372471937e-01 9.999974150281168983e-01 9.999986271892460366e-01 9.999971452493413571e-01 9.999953701277649598e-01 9.999969740535055163e-01
9.999975238465620420e-01 9.999963874734122404e-01 9.999969521782504644e-01 9.999962444571262044e-01 9.999943832541602351e-01 9.999968763477645739e-01 9.999959688094451904e-01 9.999959156748583489e-01 9.999967652786412309e-01 9.999966566267336487e-01
9.999971592942181742e-01 9.999965116415582278e-01 9.999943874163901292e-01 9.999979606004874011e-01 9.999974305155948651e-01 9.999981089903999809e-01 9.999970330829119902e-01 9.999928248244578377e-01 9.999950033777481595e-01 9.999978687455892690e-01
9.999963215066074440e-01 9.999969863187362362e-01 9.999941202464597279e-01 9.999974036577256031e-01 9.999979031434284016e-01 9.999974279604196825e-01 9.999970739655951180e-01 9.999972332756131843e-01 9.999963902474875432e-01 9.999966328481968425e-01
9.999973247495288486e-01 9.999977398594904754e-01 9.999944526691558755e-01 9.999981737648224733e-01 9.999965404382499257e-01 9.999969105772346101e-01 9.999987976063913209e-01 9.999960878206930470e-01 9.999969837688433838e-01 9.999954111644474564e-01
9.999954455907555939e-01 9.999973012142494566e-01 9.999976329685478227e-01 9.999988739254762615e-01 9.999965353292291637e-01 9.999954969796409632e-01 9.999956663332556506e-01 9.999975390798713226e-01 9.999975727896925903e-01 9.999968207088228977e-01
9.999985856231977666e-01 9.999966092304837240e-01 9.999972386472297803e-01 9.999985636042245662e-01 9.999961348682786522e-01 9.999970268273455920e-01 9.999979683372252071e-01 9.999924482522684066e-01 9.999957628283018263e-01 9.999973621569090421e-01
9.999965397109058518e-01 9.999970271241250819e-01 9.999966263983077752e-01 9.999968842173266870e-01 9.999943289660945256e-01 9.999979677027541758e-01 9.999974293496423083e-01 9.999950406988202811e-01 9.999952475539329866e-01 9.999973539307482895e-01
9.999973147667152729e-01 9.999986056198140183e-01 9.999978420099837617e-01 9.999977086021999417e-01 9.999950737955280999e-01 9.999951988785049650e-01 9.999940965684911420e-01 9.999977970276963113e-01 9.999959334751048479e-01 9.999989419684452985e-01
9.999977472368424269e-01 9.999955189531115618e-01 9.999983607036039279e-01 9.999963100803531679e-01 9.999969473169123546e-01 9.999978452221064407e-01 9.999953528137085490e-01 9.999964706557243899e-01 9.999961952427602885e-01 9.999976160307639805e-01
9.999983894711664822e-01 9.999975907665035191e-01 9.999961063544082762e-01 9.999954257299564775e-01 9.999979993141089318e-01 9.999976858433964333e-01 9.999963798988904529e-01 9.999959087115630751e-01 9.999980883583284852e-01 9.999979506131946305e-01
9.999962478172560454e-01 9.999956948185126926e-01 9.999974225884847856e-01 9.999940086523971816e-01 9.999988166030567838e-01 9.999979527638955812e-01 9.999968033932351563e-01 9.999985277850370613e-01 9.999956942644733227e-01 9.999978038757082466e-01
9.999958057283999668e-01 9.999974409750247428e-01 9.999969365256083931e-01 9.999978032739347267e-01 9.999970926188654907e-01 9.999981356291124390e-01 9.999989950028680408e-01 9.999973460537383563e-01 9.999960240070624451e-01 9.999954469605953911e-01
9.999972654089607227e-01 9.999975640367086971e-01 9.999976241670287536e-01 9.999965881661374567e-01 9.999957870732679721e-01 9.999967432415552970e-01 9.999953596182320492e-01 9.999966308645205082e-01 9.999980525611076310e-01 9.999984313384943091e-01
9.999972143273092584e-01 9.999977298394572278e-01 9.999974768277226644e-01 9.999970888751529285e-01 9.999976782871835557e-01 9.999975296943311998e-01 9.999955969493908858e-01 9.999972087188411241e-01 9.999962415886853861e-01 9.999980870687332768e-01
9.999948825437415811e-01 9.999978601817333113e-01 9.999970253136780673e-01 9.999966079901593252e-01 9.999952293200375930e-01 9.999973720455787030e-01 9.999977404489229782e-01 9.999967197433827781e-01 9.999956399783398453e-01 9.999963557402936631e-01
9.999956716759084152e-01 9.999978682449494061e-01 9.999980106731499729e-01 9.999961161292786338e-01 9.999986380310469380e-01 9.999961699168883333e-01 9.999968131111036662e-01 9.999974126643487171e-01 9.999963859253158116e-01 9.999960947188301086e-01
9.999976981901387285e-01 9.999922793612652239e-01 9.999982338957003059e-01 9.999979525212854270e-01 9.999976560873563569e-01 9.999961233101430924e-01 9.999964743310399973e-01 9.999970418390103921e-01 9.999983631283017038e-01 9.999945491306101442e-01
9.999971831263896327e-01 9.999991333686008010e-01 9.999952124542749177e-01 9.999956188516707645e-01 9.999962088218580236e-01 9.999974790576579009e-01 9.999926771973568496e-01 9.999968698519335897e-01 9.999958899929788370e-01 9.999970016042246668e-01
