9.999902529201275536e-01 9.999902612754192344e-01 9.999924771080234143e-01 9.999923942125977794e-01 9.999916458726970658e-01 9.999901690516896924e-01 9.999897412781397765e-01 9.999917449782098622e-01 9.999905861312916588e-01 9.999912237310576435e-01
9.999928562312067060e-01 9.999889943999175079e-01 9.999900386049289658e-01 9.999917892940043407e-01 9.999911015506881551e-01 9.999883075537897570e-01 9.999909765095924552e-01 9.999912346270182217e-01 9.999926292629846003e-01 9.999913333140771909e-01
9.999931830409130029e-01 9.999912191271348449e-01 9.999908985439884823e-01 9.999910947453155563e-01 9.999914116812487208e-01 9.999930330123898425e-01 9.999909015805164003e-01 9.999927753151354182e-01 9.999916057489350862e-01 9.999914194656268629e-01
9.999922091162931626e-01 9.999908219384040509e-01 9.999905374979368711e-01 9.999932436867977614e-01 9.999939490556081223e-01 9.999914279253094840e-01 9.999904648785192807e-01 9.999895348687255492e-01 9.999902989485404126e-01 9.999920290728583350e-01
9.999923842266326135e-01 9.999921016981082600e-01 9.999906898049442106e-01 9.999907041326776547e-01 9.999881117010112064e-01 9.999922603665065690e-01 9.999926089081900837e-01 9.999914470712898407e-01 9.999892041461928560e-01 9.999918033744831236e-01
9.999887866677177328e-01 9.999910486556629063e-01 9.999909270358160462e-01 9.999920061784232095e-01 9.999920122756296159e-01 9.999881721591477035e-01 9.999914847267177276e-01 9.999917750307859565e-01 9.999890130570728841e-01 9.999884677840887859e-01
9.999909268917768213e-01 9.999890791687738867e-01 9.999907554472258209e-01 9.999908513411488453e-01 9.999910325080644258e-01 9.999897352804499873e-01 9.999908578251545110e-01 9.999898739127420777e-01 9.999910267697135202e-01 9.999896072437278738e-01
9.999905072835268971e-01 9.999924375302523538e-01 9.999905772179766839e-01 9.999897981587971829e-01 9.999926848895426268e-01 9.999922204864998276e-01 9.999896325650822204e-01 9.999909552443343452e-01 9.999916342909601630e-01 9.999924549413873320e-01
9.999877635994339764e-01 9.999912341306766983e-01 9.999895861325442947e-01 9.999919854766982086e-01 9.999911925240144717e-01 9.999925857524802897e-01 9.999899312889235503e-01 9.999923158313762661e-01 9.999908705742255322e-01 9.999908839463730326e-01
9.999902723926353820e-01 9.999921033268580617e-01 9.999913158095955490e-01 9.999900252623127317e-01 9.999893596775653037e-01 9.999913134465542308e-01 9.999910402197289550e-01 9.999896982754751251e-01 9.999890211420828789e-01 9.999889923181610740e-01
9.999920476216200838e-01 9.999897288842748422e-01 9.999919652553759253e-01 9.999898515338417893e-01 9.999904808845408999e-01 9.999895434475616351e-01 9.999920919146073617e-01 9.999905337631309621e-01 9.999922649407853026e-01 9.999894293978384141e-01
9.999923621141655339e-01 9.999908371088069847e-01 9.999922995714541907e-01 9.999908706698821259e-01 9.999890539305718029e-01 9.999905417629274540e-01 9.999920424362166438e-01 9.999926067578741584e-01 9.999913264881444830e-01 9.999918209830322979e-01
9.999876466098504002e-01 9.999924200908585359e-01 9.999908675247459744e-01 9.999894908378499370e-01 9.999892817414656188e-01 9.999908750918539146e-01 9.999919213596356604e-01 9.999919108005227431e-01 9.999905789604133233e-01 9.999908322752208978e-01
9.999921566120728578e-01 9.999908943565525288e-01 9.999917616562415956e-01 9.999931268084057967e-01 9.999926499163095395e-01 9.999913448322929055e-01 9.999918190982372002e-01 9.999922444612848738e-01 9.999907493437898420e-01 9.999926336067763710e-01
9.999929367723038309e-01 9.999896919675067553e-01 9.999912386323495106e-01 9.999898373132070084e-01 9.999925993951245262e-01 9.999875201495723731e-01 9.999892679690540742e-01 9.999903510437798682e-01 9.999893987957680919e-01 9.999928121070179587e-01
9.999907156839925593e-01 9.999922530938939458e-01 9.999906943821819105e-01 9.999913193038416637e-01 9.999920224945537672e-01 9.999918967389134217e-01 9.999916273982994985e-01 9.999906233204183259e-01 9.999921714420393348e-01 9.999913162609083139e-01
9.999930497272699892e-01 9.999926409920095738e-01 9.999902162367448888e-01 9.999930399865228914e-01 9.999917151901709378e-01 9.999912995089431655e-01 9.999910611486876322e-01 9.999919462235160594e-01 9.999909761029454058e-01 9.999902525832974343e-01
9.999914142812734719e-01 9.999903362590427669e-01 9.999910767330908445e-01 9.999912513939815950e-01 9.999921071439435982e-01 9.999941864877155417e-01 9.999929227233563811e-01 9.999904769489421641e-01 9.999917741089313639e-01 9.999918288989153581e-01
9.999926512539712986e-01 9.999926787059265632e-01 9.999901885819413305e-01 9.999912775169201851e-01 9.999929205272686250e-01 9.999922890497212613e-01 9.999898156743270983e-01 9.999910758129132438e-01 9.999885342618242134e-01 9.999899559133992311e-01
9.999931185282129320e-01 9.999903628309160242e-01 9.999935801747166231e-01 9.999912247720257330e-01 9.999922388287804109e-01 9.999913005227573093e-01 9.999896033006744345e-01 9.999925550391577378e-01 9.999900926548621616e-01 9.999927954865301949e-01
9.999921618453815331e-01 9.999890149047395704e-01 9.999917999426979343e-01 9.999887570096763767e-01 9.999907797375255925e-01 9.999912042544969459e-01 9.999900639017540449e-01 9.999898082099630825e-01 9.999911971832224911e-01 9.999913758027845212e-01
9.999924446695158675e-01 9.999906589140445945e-01 9.999917837922444042e-01 9.999903665969391842e-01 9.999909170880140197e-01 9.999915800597208859e-01 9.999904324429912394e-01 9.999911998768652444e-01 9.999922023717201514e-01 9.999914251519846919e-01
9.999906461644256783e-01 9.999917949944890916e-01 9.999906127199833517e-01 9.999933789502318815e-01 9.999901208979783407e-01 9.999913052713383932e-01 9.999896204944150879e-01 9.999893382157489796e-01 9.999903604022923886e-01 9.999917075872319927e-01
9.999931503554421175e-01 9.999897300201805450e-01 9.999893571003171111e-01 9.999923057581334707e-01 9.999914758817520788e-01 9.999934102343316367e-01 9.999904630628647650e-01 9.999902264372152461e-01 9.999926026591630102e-01 9.999917875305819326e-01
9.999913605344497025e-01 9.999910384324202095e-01 9.999917015509037777e-01 9.999917492156237264e-01 9.999913976244514391e-01 9.999904620779376252e-01 9.999906491469700009e-01 9.999890878059355392e-01 9.999924751756381625e-01 9.999893108770165906e-01
9.999901230339667269e-01 9.999925700057389344e-01 9.999917103250383077e-01 9.999928855660487059e-01 9.999923410802925572e-01 9.999911653423538827e-01 9.999907346159206956e-01 9.999901284686131264e-01 9.999914551364884607e-01 9.999899775501722710e-01
9.999921460484002544e-01 9.999904504844738806e-01 9.999914200892153771e-01 9.999905785814935388e-01 9.999919449375673786e-01 9.999914798699497398e-01 9.999906930306917685e-01 9.999925135162568424e-01 9.999900477303299562e-01 9.999906239930262952e-01
9.999897021833102917e-01 9.999894400270317174e-01 9.999925205261230854e-01 9.999921841573348180e-01 9.999915714188379878e-01 9.999886879161324904e-01 9.999925890602083811e-01 9.999920555901200547e-01 9.999917260752901882e-01 9.999913884953259835e-01
9.999896143955817607e-01 9.999898639231282749e-01 9.999907852812983666e-01 9.999896854595793361e-01 9.999900826736668469e-01 9.999905193896451161e-01 9.999911803625106677e-01 9.999914196163305347e-01 9.999896315231306954e-01 9.999925193039195248e-01
9.999922197738597696e-01 9.999909430534275057e-01 9.999921824025707062e-01 9.999889015178882179e-01 9.999892604648829009e-01 9.999904086467822362e-01 9.999913237035165103e-01 9.999909603892815912e-01 9.999888309642968043e-01 9.999920666043367046e-01
9.999897964624483437e-01 9.999911460901910187e-01 9.999898713052193244e-01 9.999917614504699737e-01 9.999892117486532950e-01 9.999907044016377311e-01 9.999889836545612365e-01 9.999910166569030423e-01 9.999911565808375924e-01 9.999920030644912083e-01
9.999902746479201188e-01 9.999910611363517221e-01 9.999928616849826923e-01 9.999909438162898345e-01 9.999899241882803658e-01 9.999874887998677631e-01 9.999911569258072008e-01 9.999914232882468612e-01 9.999914145161394874e-01 9.999907840597912489e-01
9.999897178510578355e-01 9.999925582764092047e-01 9.999911975066707592e-01 9.999912129332402255e-01 9.999905926097399922e-01 9.999887870535110190e-01 9.999904589250793174e-01 9.999908529220283837e-01 9.999926354942273443e-01 9.999921524668805572e-01
9.999914801236305939e-01 9.999900364524465513e-01 9.999913366787339664e-01 9.999891408506356161e-01 9.999911646737048576e-01 9.999875145066388082e-01 9.999909847634192994e-01 9.999893255493277344e-01 9.999909932158366210e-01 9.999908062315842061e-01
9.999913991147650894e-01 9.999895653332806500e-01 9.999885360341510543e-01 9.999913079877179589e-01 9.999901182916274278e-01 9.999901081503991263e-01 9.999910111611054475e-01 9.999900096736631383e-01 9.999911893479195291e-01 9.999894495987916576e-01
9.999890370337203294e-01 9.999910876584426900e-01 9.999910378903109631e-01 9.999890601057830342e-01 9.999921684092392127e-01 9.999916694307959819e-01 9.999906637441046131e-01 9.999904437418734027e-01 9.999915542874973085e-01 9.999920834884205023e-01
9.999921365246190463e-01 9.999913339555170921e-01 9.999886534795137116e-01 9.999871938520970005e-01 9.999937547851741604e-01 9.999915425827233806e-01 9.999912314069614450e-01 9.999891667366724857e-01 9.999915741883249609e-01 9.999917060380250078e-01
9.999905114797494887e-01 9.999926418041027443e-01 9.999907681035514750e-01 9.999918174749727884e-01 9.999909975179456234e-01 9.999919443786523532e-01 9.999912182833101681e-01 9.999919520412513529e-01 9.999887792520986141e-01 9.999930297778081290e-01
9.999896787765143458e-01 9.999919674893368304e-01 9.999912015017010658e-01 9.999923628511907525e-01 9.999928345910279459e-01 9.999895299379034652e-01 9.999914584557129116e-01 9.999916753025521743e-01 9.999907768788942608e-01 9.999882748329869120e-01
9.999927439057900713e-01 9.999908043843686034e-01 9.999918745423880262e-01 9.999917071542467895e-01 9.999915768314077136e-01 9.999914341088108616e-01 9.999915412254910541e-01 9.999922243542227474e-01 9.999910570267749321e-01 9.999914662285157574e-01
9.999886313646594305e-01 9.999899467320647606e-01 9.999909559119533053e-01 9.999924309028610514e-01 9.999895936407032782e-01 9.999894196529732771e-01 9.999911249103597966e-01 9.999891509671767764e-01 9.999887386640495812e-01 9.999917583162635237e-01
9.999920791677507914e-01 9.999906934237648981e-01 9.999898200008655591e-01 9.999909547797061204e-01 9.999895368507408788e-01 9.999905004655582630e-01 9.999903866807605679e-01 9.999901997837988832e-01 9.999900489604969245e-01 9.999898828061877243e-01
9.999910685239519204e-01 9.999903900460590522e-01 9.999916381455657977e-01 9.999919531327418065e-01 9.999906812084186081e-01 9.999911601798807670e-01 9.999921561538133163e-01 9.999879790291043014e-01 9.999909785698670728e-01 9.999908758520484886e-01
9.999914680974552050e-01 9.999892397060892169e-01 9.999910195684711400e-01 9.999907542895034585e-01 9.999895833233971576e-01 9.999929699881496825e-01 9.999908120346477913e-01 9.999917837929251929e-01 9.999923312845336865e-01 9.999914782908717603e-01
9.999922101040740197e-01 9.999909196463192540e-01 9.999911471653952777e-01 9.999891327824804721e-01 9.999885783170516795e-01 9.999897764283166568e-01 9.999926303955841700e-01 9.999895122942082937e-01 9.999923161936118410e-01 9.999903105372570655e-01
9.999910460413127256e-01 9.999904382868211039e-01 9.999939334750590492e-01 9.999918049960155875e-01 9.999901425366917174e-01 9.999913503582926744e-01 9.999891388358087552e-01 9.999895367195555940e-01 9.999906740445592135e-01 9.999910007532317735e-01
9.999918353210051070e-01 9.999921086129085479e-01 9.999918542130767918e-01 9.999900363164383466e-01 9.999897594140981782e-01 9.999888953417704895e-01 9.999909048654241905e-01 9.999905644131322768e-01 9.999893460798805478e-01 9.999899326422775347e-01
9.999906089855246094e-01 9.999921717062825177e-01 9.999891496815190850e-01 9.999895423272541217e-01 9.999919384618579654e-01 9.999933927540796130e-01 9.999906388280650482e-01 9.999906892636188926e-01 9.999900526197147421e-01 9.999930981765178251e-01
9.999909080664131089e-01 9.999924782928988343e-01 9.999914709826658310e-01 9.999904857860233420e-01 9.999916143908300636e-01 9.999890325883465936e-01 9.999919742605184458e-01 9.999921195253969053e-01 9.999919781940624919e-01 9.999931621248524527e-01
9.999922533657104040e-01 9.999908337606847608e-01 9.999904901900797949e-01 9.999922651315038546e-01 9.999899737027754254e-01 9.999919649500638164e-01 9.999908963747986546e-01 9.999901375314856899e-01 9.999939799690075182e-01 9.999913722189799348e-01
9.999891758570648159e-01 9.999906029188643242e-01 9.999905806788867979e-01 9.999910127878054444e-01 9.999910604032226091e-01 9.999914233999257496e-01 9.999916262435715186e-01 9.999914855901171906e-01 9.999889633461409577e-01 9.999896990971611777e-01
9.999935246485941454e-01 9.999902471406567628e-01 9.999887273069076876e-01 9.999891581611097813e-01 9.999907817887295769e-01 9.999895798380374901e-01 9.999919101259131526e-01 9.999911311498793642e-01 9.999909284652470642e-01 9.999907418963236427e-01
9.999911100133281883e-01 9.999910307449805247e-01 9.999926600658176623e-01 9.999899346219279783e-01 9.999905333448240174e-01 9.999890608420157756e-01 9.999892797934698541e-01 9.999913494900602995e-01 9.999919061021954603e-01 9.999898905774224911e-01
9.999924816080074663e-01 9.999917372780916525e-01 9.999928534634695554e-01 9.999882673883343509e-01 9.999909229399736033e-01 9.999909649116209831e-01 9.999882048972443815e-01 9.999920708866462116e-01 9.999889224728975012e-01 9.999923292979311373e-01
9.999902284509294415e-01 9.999917086535068389e-01 9.999915781668281545e-01 9.999930337191631491e-01 9.999905952093991468e-01 9.999904310917316907e-01 9.999924547527258012e-01 9.999918438386753428e-01 9.999914569490023775e-01 9.999904526199596688e-01
9.999891797848894370e-01 9.999883558511483139e-01 9.999910431315145454e-01 9.999906052823401836e-01 9.999894172867876962e-01 9.999914209630863526e-01 9.999903832844483365e-01 9.999895778306896466e-01 9.999902560702320642e-01 9.999926100189323597e-01
9.999911574654882784e-01 9.999911411235079539e-01 9.999906796533022391e-01 9.999925888461428380e-01 9.999913259011223854e-01 9.999899752263059494e-01 9.999901800444410682e-01 9.999886850737733646e-01 9.999924348292291709e-01 9.999881095049349966e-01
9.999907379251640194e-01 9.999905413615179928e-01 9.999912190560673597e-01 9.999912098220532508e-01 9.999905531466644071e-01 9.999905622189465548e-01 9.999931134166679669e-01 9.999884366159315086e-01 9.999907237716222363e-01 9.999896702049305697e-01
9.999915345993505289e-01 9.999902796626245483e-01 9.999906656886817791e-01 9.999886844602999814e-01 9.999913019470761943e-01 9.999915854081677935e-01 9.999926685339100008e-01 9.999907663109908196e-01 9.999913218185381147e-01 9.999894802169960739e-01
9.999919084301884808e-01 9.999916491555311815e-01 9.999896029679758991e-01 9.999907230255329349e-01 9.999925653991413865e-01 9.999922041382299787e-01 9.999887316711295604e-01 9.999923095630731673e-01 9.999905636078920690e-01 9.999882145773169029e-01
9.999911620836006154e-01 9.999913227371610702e-01 9.999919091237333690e-01 9.999876633535247361e-01 9.999917745575891415e-01 9.999911907897093277e-01 9.999922608565162685e-01 9.999927699401949255e-01 9.999913536142174264e-01 9.999896562500616426e-01
9.999918609294415894e-01 9.999909408536153954e-01 9.999913260464612375e-01 9.999900434838057128e-01 9.999909504732518162e-01 9.999905306921427206e-01 9.999910845024526651e-01 9.999911266541304800e-01 9.999914637550659791e-01 9.999902525640651518e-01
9.999908125914276358e-01 9.999923353529845960e-01 9.999889021269504630e-01 9.999899881122163992e-01 9.999894140739842285e-01 9.999897093165718287e-01 9.999920082247211184e-01 9.999910255381764257e-01 9.999926328981328938e-01 9.999917568658315270e-01
9.999909702787196375e-01 9.999905475952183265e-01 9.999917340825046352e-01 9.999918254563183728e-01 9.999922949353549084e-01 9.999919233737966096e-01 9.999908620068848064e-01 9.999912837989394232e-01 9.999906303480746717e-01 9.999875337504593453e-01
9.999911634052326415e-01 9.999913891970863000e-01 9.999906063155036273e-01 9.999924724789299724e-01 9.999910919734396053e-01 9.999919916879623782e-01 9.999903672671135446e-01 9.999907719472643786e-01 9.999929822924225054e-01 9.999910996824717957e-01
9.999898326516790670e-01 9.999905609162940134e-01 9.999901643769243398e-01 9.999912618942645715e-01 9.999917494682870611e-01 9.999918641147319542e-01 9.999905457620804627e-01 9.999911414553719347e-01 9.999903184497616060e-01 9.999923449848877599e-01
9.999903084803446474e-01 9.999921856823698052e-01 9.999916951726339764e-01 9.999902416463226640e-01 9.999908561169251753e-01 9.999924683694257910e-01 9.999914380622093590e-01 9.999909813843264050e-01 9.999915439761699609e-01 9.999887316687890992e-01
9.999895017781827988e-01 9.999906683810946273e-01 9.999924343437924801e-01 9.999895691753628579e-01 9.999909617897612124e-01 9.999913961644721905e-01 9.999923405925617015e-01 9.999909985756196829e-01 9.999915894332713773e-01 9.999903744535275640e-01
9.999900465263503735e-01 9.999918240105958311e-01 9.999928361577423708e-01 9.999902297813453300e-01 9.999906183047744257e-01 9.999925899984932753e-01 9.999915131998902140e-01 9.999907481234598938e-01 9.999897404872613027e-01 9.999917812245198157e-01
9.999922383655612812e-01 9.999887190333993647e-01 9.999921453208555633e-01 9.999897321263554462e-01 9.999914035418538960e-01 9.999923717354051167e-01 9.999914770923875595e-01 9.999924049262447490e-01 9.999898101314695920e-01 9.999897733975262604e-01
9.999919460871210530e-01 9.999915789530594568e-01 9.999919099947501833e-01 9.999910590582431480e-01 9.999912048860996050e-01 9.999888251764533775e-01 9.999871075457633651e-01 9.999916678298317319e-01 9.999910941341726422e-01 9.999908058837578828e-01
9.999906796697546341e-01 9.999909861005862322e-01 9.999925478005006196e-01 9.999917102074913355e-01 9.999914267851646166e-01 9.999892672423223994e-01 9.999896870332972698e-01 9.999920518074459919e-01 9.999894962998879810e-01 9.999904460233179915e-01
9.999917046741175763e-01 9.999920677512338374e-01 9.999911467731279480e-01 9.999878183449480984e-01 9.999915088054540657e-01 9.999895037943490328e-01 9.999908580274644576e-01 9.999925241833990119e-01 9.999907302772227391e-01 9.999921534346692953e-01
9.999908538814862302e-01 9.999912528591212713e-01 9.999922868286591493e-01 9.999922931203191201e-01 9.999914741692641496e-01 9.999906142811774146e-01 9.999907767966840222e-01 9.999907949818213071e-01 9.999918928103546101e-01 9.999908782436580656e-01
9.999923405178430258e-01 9.999908808295089324e-01 9.999918184611896743e-01 9.999916802980715058e-01 9.999903436071091445e-01 9.999917097983298531e-01 9.999918763924546816e-01 9.999917501965129851e-01 9.999889886441735154e-01 9.999926916771452179e-01
9.999903626074536644e-01 9.999881650129026633e-01 9.999915656918800799e-01 9.999910558653372084e-01 9.999904436251579876e-01 9.999926073559315398e-01 9.999900539191216575e-01 9.999902793745570895e-01 9.999921038972970910e-01 9.999909347259832160e-01
9.999889438810731779e-01 9.999915624129457337e-01 9.999891214693253927e-01 9.999891757991394847e-01 9.999887808476786155e-01 9.999909523631568264e-01 9.999913373099219571e-01 9.999922422590166171e-01 9.999915561839103351e-01 9.999922061162463960e-01
9.999907015352481610e-01 9.999912014306587826e-01 9.999902132837052982e-01 9.999910510859479906e-01 9.999905189707362085e-01 9.999907544897055356e-01 9.999896325938839592e-01 9.999910764092391213e-01 9.999919922221460755e-01 9.999909336689712935e-01
9.999908066980687238e-01 9.999920675680278315e-01 9.999911515685492303e-01 9.999906166348029313e-01 9.999903722207743595e-01 9.999898710676350388e-01 9.999913432547752334e-01 9.999912405037051366e-01 9.999897102904335977e-01 9.999893114150750772e-01
9.999911192808288440e-01 9.999918326476868735e-01 9.999914958276957533e-01 9.999909707255761893e-01 9.999885660777243501e-01 9.999905539331989113e-01 9.999912537088473385e-01 9.999906011806973805e-01 9.999899665902718393e-01 9.999909279259602268e-01
9.999909323675919559e-01 9.999924122141724547e-01 9.999891498801317669e-01 9.999900770930351124e-01 9.999892330894821768e-01 9.999905296110892516e-01 9.999901537464626067e-01 9.999910413000761000e-01 9.999926022110617874e-01 9.999924435652798316e-01
9.999917167404310803e-01 9.999925512614696865e-01 9.999900166158876003e-01 9.999916318084821620e-01 9.999899630913784421e-01 9.999900313018517117e-01 9.999915987477022705e-01 9.999910152986791756e-01 9.999895977701034333e-01 9.999901473615603331e-01
9.999913102028625822e-01 9.999923833851660504e-01 9.999907839566831713e-01 9.999920806458520994e-01 9.999907918610938529e-01 9.999922278061207370e-01 9.999925123918229630e-01 9.999906989074559549e-01 9.999892829126879601e-01 9.999912097963254975e-01
9.999909981545397342e-01 9.999895464682546642e-01 9.999922603159626666e-01 9.999896811120028151e-01 9.999913651596323838e-01 9.999903641719768421e-01 9.999911337598598182e-01 9.999914687035241778e-01 9.999914122278640294e-01 9.999907229148106147e-01
9.999898389937239562e-01 9.999881442608782312e-01 9.999910630027648573e-01 9.999906223102387193e-01 9.999903060640453756e-01 9.999918532329927778e-01 9.999938013113985891e-01 9.999896847173013192e-01 9.999877490038764360e-01 9.999893198599012489e-01
9.999906971516161480e-01 9.999893085650887192e-01 9.999908521041018794e-01 9.999899269707506200e-01 9.999899641489212732e-01 9.999921729417644567e-01 9.999889128628564050e-01 9.999891739587898343e-01 9.999903172705965071e-01 9.999886422053160251e-01
9.999892147417853705e-01 9.999900864849763371e-01 9.999903494730953968e-01 9.999906789631706205e-01 9.999907324767755012e-01 9.999921851107971271e-01 9.999895543301933198e-01 9.999912078938973936e-01 9.999885587063356285e-01 9.999902517473817642e-01
9.999907364751379202e-01 9.999922476179612385e-01 9.999895761189656618e-01 9.999901665793770045e-01 9.999903382600378032e-01 9.999883969583062138e-01 9.999928918179107340e-01 9.999898117538598141e-01 9.999930534427645679e-01 9.999921974900245480e-01
9.999887135782802305e-01 9.999908639671839516e-01 9.999894157740863987e-01 9.999905984071036924e-01 9.999905366670767126e-01 9.999924852158295074e-01 9.999922761688101458e-01 9.999922211488989632e-01 9.999921745681897844e-01 9.999885131352286294e-01
9.999911722259596791e-01 9.999888898073587828e-01 9.999921887316591818e-01 9.999926114237734920e-01 9.999916517860457654e-01 9.999924667570825321e-01 9.999903622864282360e-01 9.999921209235500541e-01 9.999891390653417034e-01 9.999913111893014017e-01
9.999896509598161787e-01 9.999924468728055293e-01 9.999922117194447457e-01 9.999887471381414539e-01 9.999899973084260818e-01 9.999892928609057652e-01 9.999920817401377615e-01 9.999920124393950616e-01 9.999907859236768504e-01 9.999921375725109307e-01
9.999922959600706651e-01 9.999918933136232591e-01 9.999914596254400045e-01 9.999902984455005805e-01 9.999895223951194012e-01 9.999891942610202866e-01 9.999906217375348350e-01 9.999896078688188528e-01 9.999885082384678547e-01 9.999893578415122164e-01
9.999908528965146814e-01 9.999914460622550960e-01 9.999893671756500124e-01 9.999922388236217596e-01 9.999923412384109644e-01 9.999922838007564430e-01 9.999913843939142177e-01 9.999917745917262790e-01 9.999916908113323233e-01 9.999928932421981997e-01
9.999897580384564666e-01 9.999914560695347676e-01 9.999902783696720254e-01 9.999915195906157184e-01 9.999886824809629537e-01 9.999922109506167445e-01 9.999926205271405522e-01 9.999929712139727922e-01 9.999928825012691647e-01 9.999893282609180201e-01
9.999920421339720811e-01 9.999927120302176675e-01 9.999933987211088171e-01 9.999889515995266098e-01 9.999906459812630821e-01 9.999922925574851185e-01 9.999929307251470556e-01 9.999910818949511171e-01 9.999891329727281786e-01 9.999889562514726604e-01
9.999926972039631101e-01 9.999901514536526648e-01 9.999900149477987110e-01 9.999904673127296695e-01 9.999902523623110939e-01 9.999909878958399556e-01 9.999913230456203284e-01 9.999917637205422150e-01 9.999909211151638555e-01 9.999909777414712764e-01
9.999909860029512210e-01 9.999916005915726602e-01 9.999905592232445350e-01 9.999909856734621183e-01 9.999901579704216781e-01 9.999910697854176300e-01 9.999905339399917104e-01 9.999904613973397138e-01 9.999913402549858166e-01 9.999909374598214828e-01
9.999901022990481669e-01 9.999882910728140617e-01 9.999902788358352446e-01 9.999901386915130974e-01 9.999897989334985970e-01 9.999895701951937443e-01 9.999897276705763671e-01 9.999904290273684548e-01 9.999906671822644810e-01 9.999883962780329316e-01
9.999914013902175824e-01 9.999888263276907052e-01 9.999941907158601540e-01 9.999934654460657102e-01 9.999927280268287033e-01 9.999895278120790598e-01 9.999919475498579846e-01 9.999917205648659602e-01 9.999910948159849156e-01 9.999898205849000465e-01
9.999910881831668430e-01 9.999918436378565367e-01 9.999932445868114916e-01 9.999906755091698685e-01 9.999918924870726533e-01 9.999925828318165788e-01 9.999904369358291190e-01 9.999906299523060316e-01 9.999871246885970733e-01 9.999908658866286659e-01
