9.997150049291976259e-01 9.999225210164359723e-01 9.995959058881744852e-01 9.999015542513174370e-01 9.998474191589851179e-01 9.998918854514778909e-01 9.999245611638890585e-01 9.998698394431798642e-01 9.999071063856500574e-01 9.999388510995674828e-01
9.997778493068300021e-01 9.999246433246902210e-01 9.998666239622955310e-01 9.999270195346755541e-01 9.999478771192144011e-01 9.998961923251806772e-01 9.999037043535806690e-01 9.998825167082372456e-01 9.999228479503956546e-01 9.999110655223341082e-01
9.999356744745845349e-01 9.998832802232594519e-01 9.998652588976025823e-01 9.997480464045671589e-01 9.999308102785687824e-01 9.999218926029208587e-01 9.999111941486013011e-01 9.999027290386307554e-01 9.999492650589435483e-01 9.999041630841133399e-01
9.999061470952781416e-01 9.998510505017785821e-01 9.998848877909553012e-01 9.998118789273851004e-01 9.998158385550495186e-01 9.999559213243104372e-01 9.999033463257688270e-01 9.996859268513529351e-01 9.998289324555330593e-01 9.998906140663076370e-01
9.998210491051320314e-01 9.999109343774006398e-01 9.997735132774201450e-01 9.998475382131464251e-01 9.999225558513870071e-01 9.999207092866071456e-01 9.998893324414573902e-01 9.998019148651167143e-01 9.999105006189569211e-01 9.998936865905457827e-01
9.998971879343196978e-01 9.999464063036141992e-01 9.997995411833344725e-01 9.999463305962420501e-01 9.998171665070056946e-01 9.999039977903120269e-01 9.999540124720383005e-01 9.999591630129558428e-01 9.999344192073714721e-01 9.999159795286297614e-01
9.999057806964765094e-01 9.998631721513662196e-01 9.999407040007763925e-01 9.996778802426589117e-01 9.998996710120742204e-01 9.995211509400825367e-01 9.997514667364736374e-01 9.998614845458598799e-01 9.999340884406198171e-01 9.999081692939197907e-01
9.998662666407751587e-01 9.998789910310867945e-01 9.999302177518401002e-01 9.996766415001999695e-01 9.999451036534521275e-01 9.999306403004406540e-01 9.999003463875022479e-01 9.999100759453580789e-01 9.999619085850315336e-01 9.999634664960806996e-01
9.999003389404708120e-01 9.997634417550679276e-01 9.999149080747318230e-01 9.998477027671280881e-01 9.998724359236943471e-01 9.998180209678775299e-01 9.999286641697283651e-01 9.999361732952659620e-01 9.998833797197268503e-01 9.998602648211580846e-01
9.999610455136637155e-01 9.999006479225812649e-01 9.996573918451808760e-01 9.999244595864991147e-01 9.998981549591399176e-01 9.999021043860732982e-01 9.998021423536008756e-01 9.999137560991268048e-01 9.999719265259435774e-01 9.998632505654359015e-01
9.999396514488265719e-01 9.998766849697219294e-01 9.999406591782343812e-01 9.998738435430531979e-01 9.997249998149394523e-01 9.998961336455421955e-01 9.999782496839612067e-01 9.999433230791880955e-01 9.999061043888313183e-01 9.999162658292393147e-01
9.999565896122765141e-01 9.998735270387902885e-01 9.999044855241224772e-01 9.999210494496363344e-01 9.999109883719062841e-01 9.999125592115989392e-01 9.999277884111960057e-01 9.998649619862244320e-01 9.999542981096398719e-01 9.998969547427050131e-01
9.998917570581762337e-01 9.997096575559875076e-01 9.999284839757027754e-01 9.997827459205742562e-01 9.999401830425999060e-01 9.999758703996890485e-01 9.998892170373037125e-01 9.998115652285425314e-01 9.999450763511710250e-01 9.998639642225859436e-01
9.999392923310970183e-01 9.999281223641642846e-01 9.997366675959382665e-01 9.999242434705749583e-01 9.999383198098131809e-01 9.998042250815835086e-01 9.999591012068622664e-01 9.998794541676756520e-01 9.998661559181529768e-01 9.998785506763449016e-01
9.999303621168921241e-01 9.999653508845813832e-01 9.998833446230498412e-01 9.999514109217981783e-01 9.999534644060570354e-01 9.998382134288023027e-01 9.999427780292938772e-01 9.999079567750478459e-01 9.999401013995984355e-01 9.999197650978314256e-01
9.997731838770154145e-01 9.998915922533192502e-01 9.999192363450107868e-01 9.999677361324293967e-01 9.999617704242046434e-01 9.999146233546736262e-01 9.998300743861306961e-01 9.999339205528097185e-01 9.999478693952267294e-01 9.999385270056849739e-01
9.999113311171390350e-01 9.998528521136453850e-01 9.998855720103487776e-01 9.998569691050100960e-01 9.997391660262937574e-01 9.999413177237680417e-01 9.995742563465783714e-01 9.998784565249388967e-01 9.998080686820669527e-01 9.999529504587477691e-01
9.998731406140027866e-01 9.998972528661618231e-01 9.997703953105142594e-01 9.999114863585906177e-01 9.998497241887656095e-01 9.998971626319339556e-01 9.999315362608915958e-01 9.998932486268744535e-01 9.999242194009271278e-01 9.999334714348058206e-01
9.998375331735215310e-01 9.998242986492036355e-01 9.999126494149246369e-01 9.999402656431385372e-01 9.999468556171819955e-01 9.999250010931499677e-01 9.999422776953601488e-01 9.994857170816687786e-01 9.998892539691169867e-01 9.998155885377583152e-01
9.999092034381449334e-01 9.998974341627324680e-01 9.998735382246691783e-01 9.999484856276068534e-01 9.995718394836690113e-01 9.999116037194621942e-01 9.998810071278321221e-01 9.999267703237001426e-01 9.998302777358775151e-01 9.999302648146360939e-01
9.998550654017364092e-01 9.999055783295774935e-01 9.998524071941152780e-01 9.998959789387087405e-01 9.999378231952950058e-01 9.998588577611617900e-01 9.998462931383347296e-01 9.998881199846657575e-01 9.998413417460676467e-01 9.999495673508908000e-01
9.998957920054201143e-01 9.999249149149687099e-01 9.999531856290210241e-01 9.999119575476308475e-01 9.999243244758119209e-01 9.998354712104698949e-01 9.997467116303765389e-01 9.999074529166440684e-01 9.999402132267850574e-01 9.999169632513299488e-01
9.999032342462537137e-01 9.998341555426651928e-01 9.999464459602502853e-01 9.998712340214048755e-01 9.999409674458062947e-01 9.999422829471814600e-01 9.985959896647536027e-01 9.997816463408533139e-01 9.998114436203104916e-01 9.999596267067094590e-01
9.998487397681850020e-01 9.998326758329386665e-01 9.998764501819904504e-01 9.999249412771770151e-01 9.998570968377368251e-01 9.999000429306040827e-01 9.998924199757809328e-01 9.999605084276436129e-01 9.998814540245318794e-01 9.999035545373735623e-01
9.999027600696696050e-01 9.997571499485649049e-01 9.998773461425602971e-01 9.996187058350149979e-01 9.999115595601762996e-01 9.999337721864375306e-01 9.999023646737358328e-01 9.998761616293627696e-01 9.998622225924382878e-01 9.999476212159417177e-01
9.999090211699658282e-01 9.999138940707198442e-01 9.999409672533861038e-01 9.998597501587788150e-01 9.998798397984115516e-01 9.998423363783000006e-01 9.997821445410215446e-01 9.998962286477857120e-01 9.998490274321626403e-01 9.998574092670431401e-01
9.998646727478690543e-01 9.993667242291075503e-01 9.997173255967146677e-01 9.999165273904531137e-01 9.995882312996455799e-01 9.999080455245727972e-01 9.998671258870612810e-01 9.998867998189041595e-01 9.998899642201108939e-01 9.998876389449732338e-01
9.999742920482913577e-01 9.997711249029541669e-01 9.998660409612182276e-01 9.999387270132898964e-01 9.998086686247606991e-01 9.999424880484250044e-01 9.998866316955415945e-01 9.999752070159350081e-01 9.999249446338294156e-01 9.999080832401513463e-01
9.999422386356473513e-01 9.998685606958351846e-01 9.999016231664905607e-01 9.999426817800953771e-01 9.998768650559672899e-01 9.999297831413671567e-01 9.998964227620386058e-01 9.999575828066539218e-01 9.998878722364658023e-01 9.998071693400834015e-01
9.999147368841445616e-01 9.999240553479640248e-01 9.999076901647079296e-01 9.999501076942337585e-01 9.998764262405611669e-01 9.999213927879032626e-01 9.999445546032811327e-01 9.999268616272906085e-01 9.999365166354795553e-01 9.999254698613875281e-01
9.999373136924641914e-01 9.998615059418825002e-01 9.999390079952925614e-01 9.998830546841365186e-01 9.997845915944009176e-01 9.998507015329005654e-01 9.998347182450749715e-01 9.998916970397334625e-01 9.997137461994717311e-01 9.998654847008991986e-01
9.998958404368263331e-01 9.998186066997696297e-01 9.999229147444230748e-01 9.999444815370116535e-01 9.999170377083919092e-01 9.999095314092960596e-01 9.999251482318384232e-01 9.999182540817191933e-01 9.997518457272828174e-01 9.998135255956420719e-01
9.997757958850849169e-01 9.999514385983888642e-01 9.998721075181187246e-01 9.999583730065665366e-01 9.999270689795315414e-01 9.999517763024355910e-01 9.998767710997540359e-01 9.998831576510132102e-01 9.999406383455179403e-01 9.998981416270700251e-01
9.998742702745488931e-01 9.997532413603810175e-01 9.998259057354205170e-01 9.998987622445458801e-01 9.999093874644431335e-01 9.999036225020008217e-01 9.998876446257505268e-01 9.998748773334243944e-01 9.998615118267640822e-01 9.999022818777337784e-01
9.999342906498023265e-01 9.999079469765537187e-01 9.999338565193334194e-01 9.998939171909531076e-01 9.999074610490048531e-01 9.999240112660381374e-01 9.998910528575400969e-01 9.999444670854203965e-01 9.999376752731699014e-01 9.999054810431794449e-01
9.998666092801826721e-01 9.999590633385830873e-01 9.999646431812668768e-01 9.998592053888906150e-01 9.999575973669962980e-01 9.999526692204793177e-01 9.998839387617032282e-01 9.994515095032941998e-01 9.999365459076392515e-01 9.999454708672991243e-01
9.998100170938586384e-01 9.999236635191466327e-01 9.999703150742220714e-01 9.999584358304285381e-01 9.997874582238307495e-01 9.999035670631780670e-01 9.998282371204010310e-01 9.999272320999103014e-01 9.999311368457213245e-01 9.998686307389370587e-01
9.997165620728930557e-01 9.999522253766255364e-01 9.998549703930972310e-01 9.998369591325316774e-01 9.992928207413941388e-01 9.999132781909193524e-01 9.999479993632267583e-01 9.999034632870258399e-01 9.998883626130330438e-01 9.999010393365281857e-01
9.999327497976721046e-01 9.999075836775801474e-01 9.998521343716385568e-01 9.998513660544979809e-01 9.999398674309574186e-01 9.999522660024746656e-01 9.998711591203198745e-01 9.998199751041024763e-01 9.998961423543278881e-01 9.997070209417905362e-01
9.998328492009554980e-01 9.998550318976013873e-01 9.999111630132072603e-01 9.998702807167959561e-01 9.997690062811871448e-01 9.998621486357701649e-01 9.997505432754538734e-01 9.999102105757515790e-01 9.998353632816079362e-01 9.997358836092109513e-01
9.995961093374556850e-01 9.998726256377380439e-01 9.999343051736464538e-01 9.998221257502079018e-01 9.999129759628981873e-01 9.999109058873062450e-01 9.998187955844605179e-01 9.999180802734638496e-01 9.999024464612785712e-01 9.999439444743324357e-01
9.999570869929795824e-01 9.999160438793237571e-01 9.997548793115124122e-01 9.999627433090434447e-01 9.999340813186512467e-01 9.999395937351089891e-01 9.999471089791159839e-01 9.998530608023350474e-01 9.999296437036293561e-01 9.998609777611249250e-01
9.999330636388485960e-01 9.999546415096974838e-01 9.999399088640706923e-01 9.998840793614111044e-01 9.999179334846370892e-01 9.998943108330760055e-01 9.996714718168731029e-01 9.998752963086481316e-01 9.999181697054433382e-01 9.999410527811073424e-01
9.999662605942867266e-01 9.998908058782857156e-01 9.998944419384852011e-01 9.999711370957760082e-01 9.997732854161334171e-01 9.999473929211238898e-01 9.998656991181607001e-01 9.997844293556363837e-01 9.997389753394885226e-01 9.999044782107268103e-01
9.999209400588234820e-01 9.998796140625567652e-01 9.999353632435956651e-01 9.999092496181787304e-01 9.998980785260097592e-01 9.998992660955999812e-01 9.999104879821961722e-01 9.998708876216293451e-01 9.998693568280716537e-01 9.998904178765486428e-01
9.999558191760561376e-01 9.999287634642040068e-01 9.999087874434549050e-01 9.999182270487838586e-01 9.998749708466908581e-01 9.999399316187611575e-01 9.999080183309450032e-01 9.998994672707571807e-01 9.998079276248880154e-01 9.998081497169329923e-01
9.999555256472257847e-01 9.998698489762221087e-01 9.998957939820853902e-01 9.999406988865158219e-01 9.998560263502294099e-01 9.999522686113556658e-01 9.998007365121792667e-01 9.999144668395433255e-01 9.998729612305627956e-01 9.999037094278366844e-01
9.999065455092345234e-01 9.999338251839186009e-01 9.999334849778133139e-01 9.999161579025610536e-01 9.997410102042852964e-01 9.998331793330441641e-01 9.998474193669498744e-01 9.999593657848472317e-01 9.998837709599376344e-01 9.999370636259715672e-01
9.999368286586951537e-01 9.998991880489737083e-01 9.999278821662472838e-01 9.993801951692939944e-01 9.998849194246413052e-01 9.997804850990228420e-01 9.996961116859581775e-01 9.999050643455562604e-01 9.998246239043080408e-01 9.998845745834187282e-01
9.999248371241256095e-01 9.998826209732195602e-01 9.997551194256555362e-01 9.999603710523677913e-01 9.998531498454976685e-01 9.998804845773087147e-01 9.999496449302547330e-01 9.999079183940446924e-01 9.999271030057917953e-01 9.998849470682835694e-01
9.999606006335572950e-01 9.999309752856612166e-01 9.999563314580608431e-01 9.999595442254513022e-01 9.999241682348705140e-01 9.999545211435482139e-01 9.998194789283884054e-01 9.998972458092967308e-01 9.999623528924560523e-01 9.998469622286275671e-01
9.999561669392613705e-01 9.999350587672034552e-01 9.999220007417071177e-01 9.997357102305264309e-01 9.998570456494284553e-01 9.998998024862931766e-01 9.999624064240771881e-01 9.998279991079799256e-01 9.999453994224510867e-01 9.995829951781836087e-01
9.999284128568447505e-01 9.999494724774219412e-01 9.999254853238894736e-01 9.998975420287554705e-01 9.997627393401272711e-01 9.999118815236078817e-01 9.999156259920133349e-01 9.998484882563420939e-01 9.998952844688356878e-01 9.999210895696766244e-01
9.999114034603052703e-01 9.999083811067706051e-01 9.999568921532867583e-01 9.998666244553421345e-01 9.999461358913603881e-01 9.999124038841005202e-01 9.999375976686185608e-01 9.999509292141437466e-01 9.998896677219428764e-01 9.999860118862776703e-01
9.999287098422868780e-01 9.998498534564741469e-01 9.998880403352246038e-01 9.999161112075634072e-01 9.999090848067968551e-01 9.999286443880850417e-01 9.999114950504133237e-01 9.999388049358656216e-01 9.999369103334799780e-01 9.996406448569514769e-01
9.998679100042062728e-01 9.998823598689281500e-01 9.997808784302089080e-01 9.999484648308873957e-01 9.997200115883713156e-01 9.998459561695866027e-01 9.998690209305168830e-01 9.998415575408898803e-01 9.999101409927023676e-01 9.999272076856348113e-01
9.998365103993821501e-01 9.999209578003277477e-01 9.999050323631115678e-01 9.998038045302408694e-01 9.999167991766146901e-01 9.998415241937753661e-01 9.998883858079993248e-01 9.998257335511814281e-01 9.999136174811025235e-01 9.999238212749916865e-01
9.999134906955898794e-01 9.996900870305287512e-01 9.999226153066970157e-01 9.999031066899729536e-01 9.998596606892596883e-01 9.998608671534313652e-01 9.999439637002223158e-01 9.999214604814993246e-01 9.998043451077739396e-01 9.999061613259631054e-01
9.998677379317409963e-01 9.998576008389424841e-01 9.999235231133541957e-01 9.999262335738887675e-01 9.998472810582040848e-01 9.996035624466487191e-01 9.998202723644876722e-01 9.998600961395407438e-01 9.998703929003939228e-01 9.997381872104370570e-01
9.995632348522439647e-01 9.999205701051004924e-01 9.999647707571285293e-01 9.999149197538945710e-01 9.998877268203124613e-01 9.999201507648867171e-01 9.999254919651365814e-01 9.998796137336504186e-01 9.999304586994790522e-01 9.999259210497947192e-01
9.999426405906880477e-01 9.998665515021900596e-01 9.999388170569334378e-01 9.998369521342361788e-01 9.999448167443717450e-01 9.998044155976565373e-01 9.999310298638977024e-01 9.999482893656687077e-01 9.999265899890112941e-01 9.999513857572077669e-01
9.998652202139884926e-01 9.999201732448351754e-01 9.999324098588523446e-01 9.998983089841021465e-01 9.998146883226957105e-01 9.999620589907057822e-01 9.998908354429006939e-01 9.994363565684826201e-01 9.998514920541049511e-01 9.998027503124182758e-01
9.998797694704096850e-01 9.999130429683615873e-01 9.998358828110472940e-01 9.999394069157553355e-01 9.998240203521647773e-01 9.998167421108300479e-01 9.998628746544854229e-01 9.998054323619434136e-01 9.996703028910565170e-01 9.999462278587814001e-01
9.998962417663507241e-01 9.999634384312970914e-01 9.999462703497137284e-01 9.999195212667526533e-01 9.999309066694128667e-01 9.997933453757053002e-01 9.997981374526014875e-01 9.999044058255511791e-01 9.999086166278393639e-01 9.999675174439828229e-01
9.999139133196971452e-01 9.998979158269948320e-01 9.995584550591698481e-01 9.999480996313871994e-01 9.998448342112661313e-01 9.999561123062219448e-01 9.998977370534041231e-01 9.998867736057573952e-01 9.998079210202209799e-01 9.998628926840500419e-01
9.998314469692730633e-01 9.999484932295368278e-01 9.999159672102099217e-01 9.999392235517554628e-01 9.998724712499600376e-01 9.997850644116782481e-01 9.998210028364050705e-01 9.998742447680060152e-01 9.999221633841702817e-01 9.998537959510501727e-01
9.998792788652093311e-01 9.998689727000539262e-01 9.999590727175530214e-01 9.998727073661145548e-01 9.999299376395447414e-01 9.999168818964836447e-01 9.999068611760613123e-01 9.998939545238412219e-01 9.999183219626199826e-01 9.999386190322856471e-01
9.999042252284133792e-01 9.999627615490493948e-01 9.999193049116443799e-01 9.998722035116424101e-01 9.999484864158835196e-01 9.999206443319802462e-01 9.998799693252304888e-01 9.999291350017908142e-01 9.999479393991173026e-01 9.999495200109868032e-01
9.999383062046330872e-01 9.999165544488249902e-01 9.997871189634549571e-01 9.999058779001338548e-01 9.999512325892322417e-01 9.998922336529113553e-01 9.999084817992506258e-01 9.999667120087213368e-01 9.998707620980978872e-01 9.999141733049567993e-01
9.999559701922026145e-01 9.998841971211186452e-01 9.999154474046154650e-01 9.999249746253591198e-01 9.999695355922101347e-01 9.995934007381181985e-01 9.999267173165045097e-01 9.999453751951956626e-01 9.999576210321121650e-01 9.996875643147352664e-01
9.999590179495153608e-01 9.996083537574651512e-01 9.999170558057046687e-01 9.998702133492791688e-01 9.999143230668716686e-01 9.999112880875746789e-01 9.998052391556376817e-01 9.999405911973772154e-01 9.999109707194046015e-01 9.999363041197321111e-01
9.999652885961226589e-01 9.998880313150069199e-01 9.998608396597197245e-01 9.997732223906868887e-01 9.998579646269603050e-01 9.998236628047888486e-01 9.997650147191559089e-01 9.999619098812926321e-01 9.999323352374910323e-01 9.998052043545356815e-01
9.998416099866102025e-01 9.998897090189777792e-01 9.999157211923241917e-01 9.997347709545794103e-01 9.997364122100080852e-01 9.998975338172605420e-01 9.999174985419124750e-01 9.998857801891600783e-01 9.999367834248225062e-01 9.998962765621538518e-01
9.999322406252441064e-01 9.998540352990089586e-01 9.999249195751742647e-01 9.998616101423772884e-01 9.997877168069770892e-01 9.998633788983612991e-01 9.999292845576288613e-01 9.995499768885975911e-01 9.999740790519078271e-01 9.999500738830612301e-01
9.999388932086866744e-01 9.998887260109415864e-01 9.998858996608951388e-01 9.999283833256256138e-01 9.998395515236870867e-01 9.999657241016763898e-01 9.998839773115987262e-01 9.999044657657734092e-01 9.997809210397005097e-01 9.999007945524338581e-01
9.998439694081546758e-01 9.998586990990653289e-01 9.999137184357471675e-01 9.997999205289650471e-01 9.998295938376057235e-01 9.998074537246950388e-01 9.999125217396853671e-01 9.999338554816216140e-01 9.999347834490579512e-01 9.997709345541054837e-01
9.999145093513231997e-01 9.999062393110978997e-01 9.999042206168148317e-01 9.999758516605465886e-01 9.999335056686439183e-01 9.999078058672123959e-01 9.999429354602122899e-01 9.999379695419075009e-01 9.998759625981151755e-01 9.998606797682915159e-01
9.999497621109334489e-01 9.995618525854149672e-01 9.998698969230964684e-01 9.998524303345620590e-01 9.999082448329486006e-01 9.999150378994200450e-01 9.997643900749955126e-01 9.998943678967036064e-01 9.999545923311675688e-01 9.999209851709712771e-01
9.995043606246766243e-01 9.999033062161416519e-01 9.998943924470605760e-01 9.998656004977967138e-01 9.999288655609293031e-01 9.999559461722522524e-01 9.999313378056964297e-01 9.998835787432477362e-01 9.998214943082216477e-01 9.999119034260155470e-01
9.997963518389385573e-01 9.999742194443880239e-01 9.998649426722562295e-01 9.998939833130203736e-01 9.999452188752098181e-01 9.998905218224991565e-01 9.997727717246959189e-01 9.999449927091446089e-01 9.999279955940715281e-01 9.998903406131259830e-01
9.999079295477755203e-01 9.998499171350132553e-01 9.996886551862108616e-01 9.998650865229318230e-01 9.999257488253093795e-01 9.999100790934268845e-01 9.999656519091988383e-01 9.998316938254180331e-01 9.998976798213878858e-01 9.999030183915276204e-01
9.999261661321486860e-01 9.999492752697409781e-01 9.998627206801209422e-01 9.999060144881189993e-01 9.999764800123881470e-01 9.997630262233730969e-01 9.998832584181739369e-01 9.998820363630696040e-01 9.998397006658121811e-01 9.991428003127480473e-01
9.998384523668902846e-01 9.998920908983480738e-01 9.998037458739311711e-01 9.999471544680221813e-01 9.998710374216637220e-01 9.997437497189716193e-01 9.998364912026507234e-01 9.999017358626028917e-01 9.998521115262156700e-01 9.996622633402970637e-01
9.999304805070076130e-01 9.994434564818168720e-01 9.993744139748087507e-01 9.998717974912360029e-01 9.999442737176003071e-01 9.998529098059659725e-01 9.998812828042742407e-01 9.999259792659885848e-01 9.999427147001480609e-01 9.999363537299692517e-01
9.999117230059363370e-01 9.999295066576946445e-01 9.999207050269919295e-01 9.998149604492613252e-01 9.999387487776574268e-01 9.998409742284536383e-01 9.999251778386806233e-01 9.999641012357893821e-01 9.999602457142697798e-01 9.996382818216139610e-01
9.999251897752696738e-01 9.999205795483031567e-01 9.999360110623659592e-01 9.980146627252047820e-01 9.998977105934400145e-01 9.998496378234185133e-01 9.999174580259942990e-01 9.999507101979763224e-01 9.997961453573293023e-01 9.999259317875363040e-01
9.998704407604313005e-01 9.997462067679165898e-01 9.998799476957965782e-01 9.990672289358792924e-01 9.997768737181357279e-01 9.998749785163367765e-01 9.998238517089655941e-01 9.997742423547171242e-01 9.998500038572293303e-01 9.999420907944746029e-01
9.996623703846919673e-01 9.999606227976453043e-01 9.996638024818841339e-01 9.998260343411837781e-01 9.999526805557358289e-01 9.998636450501680040e-01 9.998944035858926549e-01 9.997993121386832271e-01 9.998915050500504220e-01 9.999496688064652972e-01
9.998948368972722101e-01 9.999568015168794899e-01 9.999584938592241956e-01 9.992921022965468580e-01 9.994885112160808438e-01 9.999111838971157518e-01 9.998943014400879514e-01 9.998945308033448942e-01 9.998791533913021778e-01 9.998187425180701249e-01
9.998179151053238067e-01 9.999068462655359424e-01 9.999298457033010123e-01 9.998965154617762696e-01 9.999162277809174881e-01 9.999248793843429350e-01 9.999644058066544661e-01 9.998999897777911539e-01 9.999352693552436833e-01 9.999121337868019932e-01
9.999136853565736560e-01 9.998664787309770041e-01 9.999388281757980446e-01 9.998927065511781231e-01 9.998311662947528822e-01 9.998892619678708682e-01 9.999310221687581768e-01 9.998546322406425269e-01 9.998377862919031189e-01 9.998748319770569548e-01
9.998368000412377610e-01 9.999127121953215180e-01 9.999491458010220102e-01 9.999627943048793322e-01 9.999489489830434286e-01 9.998277226678918828e-01 9.999218802523035521e-01 9.999343417819844815e-01 9.998967675374571540e-01 9.999317358895425389e-01
9.999602403995975219e-01 9.998599244665773433e-01 9.999344542034703798e-01 9.999426354628537794e-01 9.999684546040312760e-01 9.998946729533785271e-01 9.999392677968506060e-01 9.999416591945690103e-01 9.999124786165932699e-01 9.998998352621464303e-01
9.999674513310131685e-01 9.998762861919268108e-01 9.997455251059463865e-01 9.997831928368682286e-01 9.999391244674578072e-01 9.999054729557681487e-01 9.995086160678611220e-01 9.999417319410728311e-01 9.998950574134957137e-01 9.999610306709171281e-01
9.998881231973223427e-01 9.998908309452273491e-01 9.996943301614374944e-01 9.999354496074354115e-01 9.994986378154697704e-01 9.999312852870979595e-01 9.998305939263871789e-01 9.998179454361968421e-01 9.995955847134433414e-01 9.999082398936469662e-01
9.999185476587602039e-01 9.998659241870766490e-01 9.999019182398554140e-01 9.999283779228790303e-01 9.999240409697986998e-01 9.998964823910447830e-01 9.999524063733949975e-01 9.999425872112842617e-01 9.999633843341085848e-01 9.999125585405861383e-01
9.999269056754856999e-01 9.998191500745269300e-01 9.999384321583349999e-01 9.999150788267887613e-01 9.999532433879124715e-01 9.999414622778627360e-01 9.996518067033758337e-01 9.998678279679372727e-01 9.999381172759966852e-01 9.999350473328254552e-01
9.996156277486315522e-01 9.998216821677713417e-01 9.999481344709298947e-01 9.997610551214133334e-01 9.999367391250596482e-01 9.999664253913300715e-01 9.999242261975543888e-01 9.999126151678603414e-01 9.999276366718595765e-01 9.998454268463345951e-01
9.997693126373873307e-01 9.999549424767107952e-01 9.998493890435548037e-01 9.999272116985669090e-01 9.996314811830951941e-01 9.999129569448997890e-01 9.999124436856919873e-01 9.997653142240489066e-01 9.997786611214580788e-01 9.999666005370780875e-01
9.998833516930795140e-01 9.999323233843595560e-01 9.999333725238194193e-01 9.999475902018002405e-01 9.999442985439792597e-01 9.999438331370702482e-01 9.998538830644143616e-01 9.999288624496619482e-01 9.997435167579533655e-01 9.999466693919989435e-01
