9.999994872072228702e-01 9.999991325990298385e-01 9.999992050042504355e-01 9.999974035589359600e-01 9.999997523980290737e-01 9.999995695497497783e-01 9.999993200114164482e-01 9.999977324334481388e-01 9.999987883413559153e-01 9.999989683888095282e-01
9.999987087128890950e-01 9.999978927125391381e-01 9.999998507230098976e-01 9.999985936720903190e-01 9.999973786508341567e-01 9.999992908573622774e-01 9.999960242211229922e-01 9.999983809033320403e-01 9.999923159683056229e-01 9.999991986306135949e-01
9.999989506085007474e-01 9.999986140563129622e-01 9.999993792694634731e-01 9.999990758682396619e-01 9.999947905454511510e-01 9.999993759084863099e-01 9.999994113591421652e-01 9.999994506886084045e-01 9.999966456618372135e-01 9.999992862541539074e-01
9.999994199668544859e-01 9.999991188228531946e-01 9.999987339206930503e-01 9.999983583532826570e-01 9.999965452053033443e-01 9.999979161486407531e-01 9.999980258577345626e-01 9.999985536040031375e-01 9.999990589568488186e-01 9.999975843112457463e-01
9.999991749818776254e-01 9.999996736413412357e-01 9.999955687714556785e-01 9.999990710683354100e-01 9.999989908472052269e-01 9.999993277915899537e-01 9.999975212992001650e-01 9.999986753983184373e-01 9.999994523478020758e-01 9.999989320133602089e-01
9.999987953911455563e-01 9.999993859979726674e-01 9.999987834999628511e-01 9.999993335980814635e-01 9.999996825443567827e-01 9.999987614789738188e-01 9.999996105526653967e-01 9.999982599651702220e-01 9.999992893303374375e-01 9.999992791375937884e-01
9.999992593887382375e-01 9.999991748904334399e-01 9.999994578294670866e-01 9.999985099944478373e-01 9.999991528305554045e-01 9.999992408098528074e-01 9.999983575377825451e-01 9.999990793592351546e-01 9.999987966622639890e-01 9.999990689543445388e-01
9.999991524446549818e-01 9.999990278018093814e-01 9.999992152126696565e-01 9.999978747416752300e-01 9.999989827521389429e-01 9.999991681887727690e-01 9.999981025040500793e-01 9.999977212338276855e-01 9.999990144690095173e-01 9.999988412474538624e-01
9.999983955908495759e-01 9.999989292144455533e-01 9.999991363427016555e-01 9.999993256598154190e-01 9.999997193994148992e-01 9.999981575457654870e-01 9.999931151706500376e-01 9.999985478351568480e-01 9.999984793099138125e-01 9.999994110420208360e-01
9.999992069554537455e-01 9.999994860455995171e-01 9.999995137571813242e-01 9.999993926545315270e-01 9.999989880748654247e-01 9.999997726935450082e-01 9.999993261993906923e-01 9.999966957738405382e-01 9.999985555743571286e-01 9.999994106899763313e-01
9.999993404482154791e-01 9.999984399159856929e-01 9.999968003336581202e-01 9.999997273852928581e-01 9.999991934810198435e-01 9.999990834705803078e-01 9.999990604924346993e-01 9.999987601491879818e-01 9.999978112660937724e-01 9.999987797638573150e-01
9.999993696982026892e-01 9.999984599906781568e-01 9.999981393151144982e-01 9.999984080164096012e-01 9.999980911021174590e-01 9.999996042547584230e-01 9.999991129446037519e-01 9.999994104638084691e-01 9.999988711543449371e-01 9.999992883130078836e-01
9.999991448042707676e-01 9.999988816385496637e-01 9.999993200218845191e-01 9.999974972049318067e-01 9.999990408878115522e-01 9.999951178809900476e-01 9.999992136839843671e-01 9.999988517455496995e-01 9.999996203533806360e-01 9.999909024265424273e-01
9.999989310200597670e-01 9.999991621770284445e-01 9.999988681821251335e-01 9.999986711712249843e-01 9.999985679520793092e-01 9.999998514073171751e-01 9.999978270420570858e-01 9.999994778800189721e-01 9.999975428170757574e-01 9.999999267764669852e-01
9.999982067233889049e-01 9.999994995099463768e-01 9.999987243185042285e-01 9.999986311164503761e-01 9.999988208881375185e-01 9.999992675456219615e-01 9.999995482014445436e-01 9.999994439864616780e-01 9.999992407001048189e-01 9.999989109654773278e-01
9.999995482990610141e-01 9.999988836602362596e-01 9.999960203797123581e-01 9.999997830429701029e-01 9.999963363836206209e-01 9.999993066845989098e-01 9.999924921362759456e-01 9.999995376111264767e-01 9.999993296255274000e-01 9.999993787877919926e-01
9.999992455203012831e-01 9.999993264225064404e-01 9.999989338708273889e-01 9.999983084246241161e-01 9.999997831021540939e-01 9.999992348466055780e-01 9.999991039294939821e-01 9.999997211712391421e-01 9.999986344850410047e-01 9.999995333156208588e-01
9.999975487479828562e-01 9.999986098855296879e-01 9.999975431477681198e-01 9.999971996546899167e-01 9.999972359787751008e-01 9.999987391373836854e-01 9.999972116150555035e-01 9.999991726197393627e-01 9.999945061905091137e-01 9.999992013409206848e-01
9.999977637357263527e-01 9.999988064637335139e-01 9.999990860151616312e-01 9.999998509530163560e-01 9.999993449745741003e-01 9.999990806721704706e-01 9.999970958593882298e-01 9.999991778181109847e-01 9.999993470709942489e-01 9.999991259983003200e-01
9.999994530708959939e-01 9.999996558552827208e-01 9.999996600323570739e-01 9.999995852013637831e-01 9.999998254849750134e-01 9.999994788485786490e-01 9.999990570663879197e-01 9.999979071757877369e-01 9.999990012449593291e-01 9.999997480553258766e-01
9.999993232446465763e-01 9.999988238153548759e-01 9.999975454088919635e-01 9.999996211758171993e-01 9.999992588811607019e-01 9.999995180518564952e-01 9.999990089841976904e-01 9.999980031375962364e-01 9.999990539763642383e-01 9.999992862926491144e-01
9.999994263898478453e-01 9.999987314086993262e-01 9.999978504328591589e-01 9.999988150766674355e-01 9.999988044472457593e-01 9.999976468288810372e-01 9.999939036817885318e-01 9.999984475124471528e-01 9.999993556941154660e-01 9.999986271679461858e-01
9.999970528187541730e-01 9.999992201158500738e-01 9.999996881502483115e-01 9.999991115265078889e-01 9.999976678808154551e-01 9.999991511146973933e-01 9.999997086796669210e-01 9.999987223254578339e-01 9.999983900751345800e-01 9.999992047079855340e-01
9.999994175214754755e-01 9.999988121532462637e-01 9.999992998234545905e-01 9.999983093040131221e-01 9.999976075407083220e-01 9.999993378624544293e-01 9.999996734946241528e-01 9.999980985267920008e-01 9.999983384453362545e-01 9.999995823241255577e-01
9.999998418286979440e-01 9.999956181745865980e-01 9.999989813738254796e-01 9.999998762220170256e-01 9.999994432632495212e-01 9.999993597285993241e-01 9.999992785696807385e-01 9.999981689481876046e-01 9.999953258429253866e-01 9.999979995171093261e-01
9.999996998850247953e-01 9.999992993140505160e-01 9.999997360917575184e-01 9.999984601662338379e-01 9.999988133411731317e-01 9.999994503650826427e-01 9.999992063413709609e-01 9.999989982337627037e-01 9.999993067245465106e-01 9.999989957293483611e-01
9.999977508043043084e-01 9.999991810574542228e-01 9.999994905829212577e-01 9.999998500169130500e-01 9.999994630978571442e-01 9.999992216580997351e-01 9.999992201976820594e-01 9.999978913050123763e-01 9.999997559321309737e-01 9.999994621792990257e-01
9.999995838235615775e-01 9.999989962062320048e-01 9.999982921345818010e-01 9.999990196062693570e-01 9.999984784830046047e-01 9.999971723543741309e-01 9.999994382701263840e-01 9.999983047920689705e-01 9.999955830058886441e-01 9.999991221424263665e-01
9.999995416960373307e-01 9.999990894549527498e-01 9.999977170820970596e-01 9.999984076228216612e-01 9.999982789223362811e-01 9.999977245104005874e-01 9.999989231123641575e-01 9.999990441340594893e-01 9.999994205039399731e-01 9.999993687948253163e-01
9.999982905233499864e-01 9.999987170118219693e-01 9.999989862117653061e-01 9.999998721487909359e-01 9.999980093406916071e-01 9.999988714662533251e-01 9.999982230532269423e-01 9.999991755017995088e-01 9.999990028038100442e-01 9.999985189636918514e-01
9.999992726198075887e-01 9.999999142321399637e-01 9.999997356677851057e-01 9.999993619226458241e-01 9.999994321984795320e-01 9.999989055177885833e-01 9.999982839319759842e-01 9.999989040138733687e-01 9.999992806368432907e-01 9.999984688546003087e-01
9.999986707156064414e-01 9.999980098662853978e-01 9.999949045533512715e-01 9.999995685406669610e-01 9.999979893117167951e-01 9.999985733035398061e-01 9.999996629759515532e-01 9.999995019296815668e-01 9.999992263890249422e-01 9.999994158932303812e-01
9.999997195673647754e-01 9.999984440532736496e-01 9.999992576399775457e-01 9.999997525194797010e-01 9.999995756316397699e-01 9.999994756635278703e-01 9.999990436433436880e-01 9.999993383162180116e-01 9.999994528853164422e-01 9.999980507569630195e-01
9.999980948194190367e-01 9.999992778161541640e-01 9.999983116261440541e-01 9.999997851922017844e-01 9.999985458951762274e-01 9.999988673783871684e-01 9.999993697626095024e-01 9.999980878448312405e-01 9.999989594741458543e-01 9.999980946560064199e-01
9.999994016795772378e-01 9.999988624186062491e-01 9.999996681794716125e-01 9.999990755824861299e-01 9.999988578460174971e-01 9.999992555539223282e-01 9.999985539903424314e-01 9.999990305023759296e-01 9.999990486384437993e-01 9.999982962864426561e-01
9.999997842416611382e-01 9.999990032624460623e-01 9.999996428130227821e-01 9.999979156167552174e-01 9.999990257549394856e-01 9.999993695073258193e-01 9.999997751791314116e-01 9.999991568089777738e-01 9.999991450317611275e-01 9.999987598281877554e-01
9.999996001006226098e-01 9.999997084940884795e-01 9.999992467791793960e-01 9.999989378767442094e-01 9.999991457835691877e-01 9.999989761775491814e-01 9.999993525171269049e-01 9.999990467221333557e-01 9.999994127972287039e-01 9.999984291077558263e-01
9.999988843643862202e-01 9.999996447728118909e-01 9.999994667487122069e-01 9.999992927439886881e-01 9.999972347792716043e-01 9.999993496867201070e-01 9.999991222068839170e-01 9.999979954125132187e-01 9.999981028813262895e-01 9.999986385123167398e-01
9.999985877415874524e-01 9.999974260723800690e-01 9.999994947622355967e-01 9.999998482575858105e-01 9.999986425148807978e-01 9.999997838543671635e-01 9.999999451286262220e-01 9.999995475494974917e-01 9.999971888621937977e-01 9.999987867246969975e-01
9.999986845716812844e-01 9.999990292237965761e-01 9.999989029011389086e-01 9.999993449496111797e-01 9.999962101160683181e-01 9.999984639594446945e-01 9.999982174718798911e-01 9.999989428044234741e-01 9.999993913599491968e-01 9.999970975137482121e-01
9.999976587597797506e-01 9.999991631490804389e-01 9.999995000708555848e-01 9.999980559847381212e-01 9.999987174827997816e-01 9.999981206677589496e-01 9.999967232452797727e-01 9.999994977218615855e-01 9.999987050055199056e-01 9.999992721617049218e-01
9.999994305465007560e-01 9.999998442820788869e-01 9.999992069134979733e-01 9.999993210867041959e-01 9.999997364538719680e-01 9.999993135262116306e-01 9.999997319515723238e-01 9.999997071991816311e-01 9.999987583394887025e-01 9.999975382186464534e-01
9.999969850464481835e-01 9.999984420471101920e-01 9.999995952709453961e-01 9.999977577491040437e-01 9.999985732199991872e-01 9.999995283619221853e-01 9.999967143929376912e-01 9.999995158045624777e-01 9.999995605430184176e-01 9.999982779316309855e-01
9.999992166851539022e-01 9.999989894318113137e-01 9.999996089597815718e-01 9.999993383475618280e-01 9.999993499317441081e-01 9.999982898165613587e-01 9.999986944294476654e-01 9.999995770573902876e-01 9.999993560092423905e-01 9.999992989916796082e-01
9.999975531147502483e-01 9.999991969123789293e-01 9.999992968645244895e-01 9.999985841443348455e-01 9.999989019409213364e-01 9.999983755935117902e-01 9.999990746899845018e-01 9.999989019374800892e-01 9.999988591231229185e-01 9.999995955705829331e-01
9.999994358293259333e-01 9.999993934968522957e-01 9.999992715833095902e-01 9.999983134117339523e-01 9.999993134877985801e-01 9.999995109270501947e-01 9.999992198479600303e-01 9.999983822848569348e-01 9.999989127632247232e-01 9.999984536996160411e-01
9.999994781488744655e-01 9.999994809718785183e-01 9.999984062730092882e-01 9.999992015149938851e-01 9.999973197151778015e-01 9.999979625217558787e-01 9.999989008637417687e-01 9.999994923970183525e-01 9.999987030393486798e-01 9.999988599354902030e-01
9.999995064192203076e-01 9.999994395325192409e-01 9.999988854029292495e-01 9.999997050974236412e-01 9.999991139636743576e-01 9.999992608316143894e-01 9.999993723749204255e-01 9.999993956345289980e-01 9.999996291042836383e-01 9.999941139157508818e-01
9.999984174847623697e-01 9.999993038633786524e-01 9.999992493576103092e-01 9.999993035679541897e-01 9.999980523565641377e-01 9.999998958909879221e-01 9.999957155259859842e-01 9.999989412963807833e-01 9.999991603439675192e-01 9.999975221561502314e-01
9.999990490457240089e-01 9.999990984888149637e-01 9.999992713048326820e-01 9.999986189962933869e-01 9.999985696536474178e-01 9.999993497204895387e-01 9.999997942604815782e-01 9.999979634754448954e-01 9.999995080334705966e-01 9.999988889183573093e-01
9.999984956564935690e-01 9.999998202341112696e-01 9.999984547690946579e-01 9.999983753820983479e-01 9.999995607429290612e-01 9.999993405821793191e-01 9.999995405136986593e-01 9.999985142277828531e-01 9.999991523805054072e-01 9.999988197816792601e-01
9.999996659992557158e-01 9.999980588238314150e-01 9.999995125802413343e-01 9.999989618975472228e-01 9.999996987670332071e-01 9.999983679639756762e-01 9.999992941134432378e-01 9.999995850753167215e-01 9.999989636164731133e-01 9.999996756664381037e-01
9.999994620145002955e-01 9.999998421776858937e-01 9.999986897315651380e-01 9.999992360972034255e-01 9.999993749035636093e-01 9.999987006131556555e-01 9.999988304704590103e-01 9.999982768541866296e-01 9.999993900408674641e-01 9.999991385035181812e-01
9.999996480951592881e-01 9.999983038375130917e-01 9.999996444654984940e-01 9.999991614933289030e-01 9.999984070542082826e-01 9.999991742530637273e-01 9.999986876555095883e-01 9.999994028879078956e-01 9.999985250567794415e-01 9.999987106826994099e-01
9.999994212783356318e-01 9.999993414368427702e-01 9.999989422771983216e-01 9.999987021187218827e-01 9.999996994962875307e-01 9.999990625753442108e-01 9.999999000476753608e-01 9.999993373015597653e-01 9.999982623869020371e-01 9.999998158156162553e-01
9.999995970036785753e-01 9.999995662007241659e-01 9.999968380202459706e-01 9.999992241244042290e-01 9.999981246714698679e-01 9.999992556132673016e-01 9.999994091211370506e-01 9.999980809500724765e-01 9.999996254469916135e-01 9.999989307594010501e-01
9.999997655802226326e-01 9.999994712390314344e-01 9.999997893578949082e-01 9.999985561315689608e-01 9.999993042482671068e-01 9.999994087779430219e-01 9.999993465389340752e-01 9.999975313950683065e-01 9.999968805513503867e-01 9.999990363004892524e-01
9.999979612895962822e-01 9.999991642021256455e-01 9.999986216697605013e-01 9.999963403465935707e-01 9.999990854735519852e-01 9.999994465871060445e-01 9.999977844654804882e-01 9.999994502203634061e-01 9.999974764535981553e-01 9.999983227957345289e-01
9.999970733555439972e-01 9.999974017876579468e-01 9.999979941464374189e-01 9.999985464161724735e-01 9.999995092489353254e-01 9.999986749847372680e-01 9.999993740900288142e-01 9.999995937355097286e-01 9.999984690570191681e-01 9.999994695778651188e-01
9.999986875641052597e-01 9.999997267371818488e-01 9.999995396433346562e-01 9.999987091751427748e-01 9.999987586697274278e-01 9.999992760599483166e-01 9.999972483237720144e-01 9.999983542009066584e-01 9.999991286552327718e-01 9.999996226641044705e-01
9.999991230805700404e-01 9.999971693948699336e-01 9.999976737840093888e-01 9.999998570164223555e-01 9.999987232386623459e-01 9.999998871445664461e-01 9.999983468367452666e-01 9.999992618804333100e-01 9.999973425576400565e-01 9.999967354513310536e-01
9.999994235521323382e-01 9.999989871402179542e-01 9.999993060688832092e-01 9.999997419156692047e-01 9.999987947259835197e-01 9.999992545501380503e-01 9.999992362378091748e-01 9.999995852486683878e-01 9.999990278596353477e-01 9.999992661371589486e-01
9.999992884198569687e-01 9.999984937806151164e-01 9.999979896341416596e-01 9.999989668053170799e-01 9.999996932498791402e-01 9.999990087671821737e-01 9.999964120062502237e-01 9.999992428881677720e-01 9.999966155647160848e-01 9.999969896550351400e-01
9.999994759452015547e-01 9.999986450554019246e-01 9.999986657868942252e-01 9.999984497465752575e-01 9.999992459130599975e-01 9.999996412684808433e-01 9.999997065265522345e-01 9.999990074791540451e-01 9.999996238360634448e-01 9.999991917127922791e-01
9.999986922202109829e-01 9.999986061383004943e-01 9.999991369691721976e-01 9.999985233474200097e-01 9.999989409312433075e-01 9.999979192172905318e-01 9.999993578182185816e-01 9.999994630191212375e-01 9.999987521632838217e-01 9.999983147261585215e-01
9.999975304534379772e-01 9.999988188641476539e-01 9.999994707495455382e-01 9.999992537865667330e-01 9.999994611009714873e-01 9.999993323998275230e-01 9.999962680290166439e-01 9.999994559983733655e-01 9.999994484468134326e-01 9.999981028882773959e-01
9.999991302008006677e-01 9.999957591586785544e-01 9.999987302278020573e-01 9.999992846089880150e-01 9.999995216681095700e-01 9.999995835670125732e-01 9.999992633324490399e-01 9.999993547915925207e-01 9.999997259342704448e-01 9.999993113996556993e-01
9.999990092458936886e-01 9.999992473188028530e-01 9.999966535408909563e-01 9.999994390318444060e-01 9.999987926015277973e-01 9.999989019015435021e-01 9.999970759440580670e-01 9.999970392137362829e-01 9.999991061588687780e-01 9.999995164734860609e-01
9.999986073630074968e-01 9.999988167097905167e-01 9.999992678037549210e-01 9.999981626072897978e-01 9.999991420291116651e-01 9.999973521715118663e-01 9.999997533792356341e-01 9.999981938774593626e-01 9.999989825119076636e-01 9.999995485410034801e-01
9.999928741341344018e-01 9.999991250571551582e-01 9.999985824786309374e-01 9.999989814492129536e-01 9.999989437023977246e-01 9.999979435047227083e-01 9.999990538974625753e-01 9.999993835499052519e-01 9.999995563426561374e-01 9.999993206087526287e-01
9.999978138754670454e-01 9.999926090918163091e-01 9.999976765629583486e-01 9.999981487411745418e-01 9.999987996769268417e-01 9.999997016516952719e-01 9.999989875527495187e-01 9.999963177727122510e-01 9.999980142066229316e-01 9.999985880335114929e-01
9.999994967171632609e-01 9.999995448786358487e-01 9.999994571513883823e-01 9.999995741351126455e-01 9.999988602431980622e-01 9.999997990927519398e-01 9.999991994412998908e-01 9.999991628856914616e-01 9.999995375015855448e-01 9.999992611882185800e-01
9.999996851429931999e-01 9.999994412596641125e-01 9.999983502525625623e-01 9.999971674932095489e-01 9.999977430020902114e-01 9.999988507042210095e-01 9.999988400677171096e-01 9.999993187828825070e-01 9.999987694089107482e-01 9.999986811662361363e-01
9.999998847731237372e-01 9.999973586066929210e-01 9.999993333200153378e-01 9.999992912606839868e-01 9.999950940930801835e-01 9.999992517960557548e-01 9.999992271882559569e-01 9.999988387467636519e-01 9.999998514114223358e-01 9.999959926842066915e-01
9.999979443173045990e-01 9.999988938382166070e-01 9.999991108391661498e-01 9.999991470933058402e-01 9.999989067976243762e-01 9.999991699826845659e-01 9.999981557893072859e-01 9.999976815880411429e-01 9.999997595557095220e-01 9.999988578373817383e-01
9.999993647100356986e-01 9.999993034005708603e-01 9.999992292294876961e-01 9.999985222244212046e-01 9.999995462343294061e-01 9.999972834849294445e-01 9.999997200216387272e-01 9.999973959632305620e-01 9.999989438777960871e-01 9.999992579906220591e-01
9.999997103890386763e-01 9.999987252023200268e-01 9.999996785737862437e-01 9.999977542974174405e-01 9.999995242395429695e-01 9.999996599964842137e-01 9.999996291481763055e-01 9.999985534554711730e-01 9.999995570813735579e-01 9.999990132235917484e-01
9.999991686052167594e-01 9.999959546240496655e-01 9.999986159883099690e-01 9.999997027188501919e-01 9.999990631702753152e-01 9.999984131179540103e-01 9.999980882713064290e-01 9.999985333102681118e-01 9.999985844091665577e-01 9.999992386001491651e-01
9.999995063836900622e-01 9.999987444510112233e-01 9.999982886985921970e-01 9.999988614648088747e-01 9.999987047908978077e-01 9.999988585963217602e-01 9.999992442574459073e-01 9.999984908974517417e-01 9.999991099567198116e-01 9.999989688274366628e-01
9.999991135327042091e-01 9.999993034952232573e-01 9.999991427765636542e-01 9.999976459021225894e-01 9.999994143952017911e-01 9.999989166707051735e-01 9.999987941418386761e-01 9.999995559213321616e-01 9.999997995341001200e-01 9.999984096971096248e-01
9.999972179228405755e-01 9.999988422287322543e-01 9.999992831102225699e-01 9.999988814211832056e-01 9.999994929171726055e-01 9.999988880948360581e-01 9.999992466281308889e-01 9.999994455300760254e-01 9.999992013862837315e-01 9.999992927469878445e-01
9.999989384277032656e-01 9.999986304610422039e-01 9.999975717912706896e-01 9.999981409208579253e-01 9.999990388133439545e-01 9.999993847223298538e-01 9.999984616598834863e-01 9.999989123499639643e-01 9.999975708468308300e-01 9.999993171692105332e-01
9.999983819152622466e-01 9.999993756588223537e-01 9.999992140472736546e-01 9.999984031923407901e-01 9.999988983109012741e-01 9.999985177586913077e-01 9.999994992462891696e-01 9.999995304371525062e-01 9.999978714796815549e-01 9.999988551331441267e-01
9.999998395490063974e-01 9.999987568681552030e-01 9.999990688991986509e-01 9.999992363827908681e-01 9.999982643196261289e-01 9.999998090310482368e-01 9.999937655575250606e-01 9.999987992941052894e-01 9.999992088494712439e-01 9.999983082517217570e-01
9.999991393789726679e-01 9.999990690651332503e-01 9.999992078639726722e-01 9.999965458772381854e-01 9.999982344767791576e-01 9.999969556142753735e-01 9.999975621255595692e-01 9.999990018060698205e-01 9.999998364326436739e-01 9.999989033281027062e-01
9.999979845477674489e-01 9.999990271181199430e-01 9.999983008262774975e-01 9.999988171533308323e-01 9.999992339709130595e-01 9.999995098724726583e-01 9.999981603898695504e-01 9.999985335681209619e-01 9.999980528243643807e-01 9.999981155553814283e-01
9.999983909388865388e-01 9.999991082715843360e-01 9.999996897791879613e-01 9.999992066084982811e-01 9.999990575906372303e-01 9.999989413875443045e-01 9.999989277803752463e-01 9.999995777962075172e-01 9.999998741321953766e-01 9.999987955435513109e-01
9.999986701083350971e-01 9.999990538227538917e-01 9.999974189997792307e-01 9.999988131026662508e-01 9.999994557567296605e-01 9.999978138620821966e-01 9.999974605435699715e-01 9.999978884934075385e-01 9.999993201672324750e-01 9.999978302865478730e-01
9.999979960464989714e-01 9.999994131229217320e-01 9.999994738753440471e-01 9.999990605503409347e-01 9.999993510751070680e-01 9.999996643173139077e-01 9.999995104611401064e-01 9.999991598613297006e-01 9.999989631529543344e-01 9.999994534705268778e-01
9.999972695146328583e-01 9.999995498847980002e-01 9.999981893818601364e-01 9.999990789438257810e-01 9.999997323212094225e-01 9.999984269287571781e-01 9.999993103011256546e-01 9.999993346695802421e-01 9.999997426083725438e-01 9.999981813010994092e-01
9.999997369153199589e-01 9.999976171945553771e-01 9.999994363033566369e-01 9.999968836388387627e-01 9.999987836358490423e-01 9.999996415752528955e-01 9.999989123475570008e-01 9.999995008070386993e-01 9.999994642249181442e-01 9.999991858695315150e-01
9.999985399156088306e-01 9.999984836937215738e-01 9.999994355377895827e-01 9.999986062954240307e-01 9.999989152239099344e-01 9.999969668164089276e-01 9.999996626633826935e-01 9.999984197682899589e-01 9.999992314579546626e-01 9.999975544456841670e-01
9.999989652513482374e-01 9.999989964608182458e-01 9.999977723399489093e-01 9.999986755012948425e-01 9.999996311834882246e-01 9.999975231183867441e-01 9.999981027300182124e-01 9.999913158447996109e-01 9.999957429008593524e-01 9.999993787444877436e-01
9.999985506961823756e-01 9.999976640822590968e-01 9.999981416563454850e-01 9.999979594016318307e-01 9.999998718975579015e-01 9.999998550088672333e-01 9.999987583530007829e-01 9.999987399391377929e-01 9.999989686744749084e-01 9.999995167087707415e-01
9.999987527005255172e-01 9.999992219961163498e-01 9.999985202501241455e-01 9.999983569636455849e-01 9.999993849327237783e-01 9.999993520616933251e-01 9.999966722469957325e-01 9.999997024995251893e-01 9.999976820007451250e-01 9.999992616306463411e-01
9.999981477009720621e-01 9.999992036813938334e-01 9.999977053898394530e-01 9.999988928436611690e-01 9.999998726576188046e-01 9.999963556408179022e-01 9.999991562451858718e-01 9.999977638400388003e-01 9.999980496652983719e-01 9.999994354257193407e-01
9.999994089630711569e-01 9.999986469507686770e-01 9.999970822103111390e-01 9.999974169001449864e-01 9.999984020489836034e-01 9.999987015482405539e-01 9.999992637973991183e-01 9.999988843422596974e-01 9.999995613822499907e-01 9.999993115519708597e-01
9.999993397913742310e-01 9.999994514289973768e-01 9.999991154627958512e-01 9.999991546510470508e-01 9.999966659538043201e-01 9.999972939710687347e-01 9.999988909689334626e-01 9.999986526985633617e-01 9.999989545819917280e-01 9.999984507312614790e-01
9.999997217356824120e-01 9.999995803844246023e-01 9.999993409937439903e-01 9.999990462922352386e-01 9.999996341820510670e-01 9.999986527020160443e-01 9.999996556027644923e-01 9.999979488154771001e-01 9.999975482386775916e-01 9.999985716017640858e-01
9.999980536621571048e-01 9.999988439149034569e-01 9.999996465556965086e-01 9.999998282885873557e-01 9.999995518281290519e-01 9.999991033228440296e-01 9.999998921756945158e-01 9.999987944495657421e-01 9.999987663018906625e-01 9.999993456822777738e-01
