9.999996543906389812e-01 9.999994753219609844e-01 9.999998137891230598e-01 9.999995617557324579e-01 9.999999677351796290e-01 9.999998555939907385e-01 9.999995812039289556e-01 9.999994483582067550e-01 9.999998001063699071e-01 9.999996862408104814e-01
9.999992647476910745e-01 9.999993329623155791e-01 9.999998637020768300e-01 9.999992599557531170e-01 9.999993570961517309e-01 9.999997011750986209e-01 9.999997883244774455e-01 9.999998465058129726e-01 9.999996249267754100e-01 9.999993874107239167e-01
9.999996784995187626e-01 9.999995648870281251e-01 9.999998791941374643e-01 9.999995572026623147e-01 9.999991957304216195e-01 9.999997842095932343e-01 9.999998287040314793e-01 9.999995631306506372e-01 9.999987037795122768e-01 9.999994556907222387e-01
9.999993855229336592e-01 9.999996718912831373e-01 9.999987741486184856e-01 9.999995646953584449e-01 9.999995723602870257e-01 9.999994841434666215e-01 9.999996903676344751e-01 9.999993234024827649e-01 9.999997187625990769e-01 9.999995395512096819e-01
9.999994226091052374e-01 9.999996561340485091e-01 9.999998670144234492e-01 9.999995409896582643e-01 9.999996243053912437e-01 9.999995971552860796e-01 9.999992973267044505e-01 9.999995303973138183e-01 9.999997661603158283e-01 9.999991882964396339e-01
9.999994574729261787e-01 9.999998341859173134e-01 9.999995889726487341e-01 9.999996869014339262e-01 9.999997164422175233e-01 9.999994935057405776e-01 9.999999004740707242e-01 9.999991319280557844e-01 9.999998181717617562e-01 9.999993548477911220e-01
9.999998370380795976e-01 9.999994633591200444e-01 9.999998253764091904e-01 9.999995714939343694e-01 9.999996199124382423e-01 9.999995022615864038e-01 9.999994396131194341e-01 9.999995043952497609e-01 9.999998073251501474e-01 9.999996199573814026e-01
9.999989513880753744e-01 9.999996363261605126e-01 9.999997499168612469e-01 9.999993341189794549e-01 9.999997868179522076e-01 9.999993486456587588e-01 9.999993000377679353e-01 9.999990819355639715e-01 9.999995536933589113e-01 9.999993732031885463e-01
9.999993539765485995e-01 9.999995749416318302e-01 9.999996854653020462e-01 9.999996125629082577e-01 9.999998530880275238e-01 9.999990912630358775e-01 9.999994195669311692e-01 9.999994385426078658e-01 9.999992347078227040e-01 9.999993296463898229e-01
9.999995127508064519e-01 9.999997852728024217e-01 9.999996015086849432e-01 9.999997901281315604e-01 9.999995314346525888e-01 9.999998488182378908e-01 9.999996612664963092e-01 9.999990775010219046e-01 9.999995503084410098e-01 9.999997769094179922e-01
9.999998504140261701e-01 9.999995632618852159e-01 9.999989707272565198e-01 9.999998030675586458e-01 9.999995485131766282e-01 9.999996538189495077e-01 9.999994576237742905e-01 9.999993975078461661e-01 9.999995829304904049e-01 9.999995388927765960e-01
9.999996109809073941e-01 9.999996089749312311e-01 9.999995619781993916e-01 9.999995987324353797e-01 9.999995600002953289e-01 9.999996824031075482e-01 9.999995639459724472e-01 9.999995761675937178e-01 9.999994346506348997e-01 9.999996162912001552e-01
9.999992433585574991e-01 9.999993722020350528e-01 9.999993433193535841e-01 9.999994361061148584e-01 9.999994546074761903e-01 9.999990477383020604e-01 9.999998035460123669e-01 9.999994470230314514e-01 9.999996607387250380e-01 9.999993465524543712e-01
9.999995456016920192e-01 9.999993997841721827e-01 9.999997166319117836e-01 9.999995734152238303e-01 9.999993216746427827e-01 9.999998680451761546e-01 9.999992905525806330e-01 9.999998649887603674e-01 9.999996272415773158e-01 9.999999098708480805e-01
9.999994413430414175e-01 9.999995863211174063e-01 9.999999169784121733e-01 9.999997989106285123e-01 9.999995530408267719e-01 9.999994976420327752e-01 9.999997563138545154e-01 9.999997400761704291e-01 9.999997418274046979e-01 9.999995964375695268e-01
9.999996541173451492e-01 9.999995838918835922e-01 9.999993806212055247e-01 9.999998868147020881e-01 9.999993025821055648e-01 9.999996931183980919e-01 9.999992008909599495e-01 9.999999069450654643e-01 9.999997554767704466e-01 9.999998602749011756e-01
9.999996611363474175e-01 9.999995552914034969e-01 9.999998844799662390e-01 9.999995375188690527e-01 9.999999095920844017e-01 9.999997774580169363e-01 9.999996922764829987e-01 9.999995706296410658e-01 9.999993375028888298e-01 9.999998159689305055e-01
9.999994294769424252e-01 9.999995663839592597e-01 9.999987212282526183e-01 9.999995801063022993e-01 9.999996921302268804e-01 9.999992740029238769e-01 9.999997588329475606e-01 9.999997897089387688e-01 9.999995748709592513e-01 9.999996779645226042e-01
9.999993660029559139e-01 9.999996849808433508e-01 9.999993729427846256e-01 9.999998563626442127e-01 9.999998421972566831e-01 9.999996438478582217e-01 9.999994794825308730e-01 9.999995358802783452e-01 9.999996943427298390e-01 9.999998012133629599e-01
9.999995842054819617e-01 9.999998205174168708e-01 9.999999343492853576e-01 9.999994860410498232e-01 9.999997577401862348e-01 9.999999458200071745e-01 9.999995070925503660e-01 9.999996025192134930e-01 9.999993701193702345e-01 9.999998330060805296e-01
9.999996704766339617e-01 9.999997406354882434e-01 9.999992200671761200e-01 9.999997005280378826e-01 9.999997609793264131e-01 9.999997133780681446e-01 9.999995301729261987e-01 9.999994937617063817e-01 9.999997028843111702e-01 9.999999476120842168e-01
9.999996838260961640e-01 9.999996594287215990e-01 9.999993149725466823e-01 9.999990892812928855e-01 9.999997140647878258e-01 9.999992824062358121e-01 9.999994723655113438e-01 9.999995253929113703e-01 9.999997941963997272e-01 9.999993595424565562e-01
9.999992009530032089e-01 9.999998090485229252e-01 9.999994311099825728e-01 9.999998693695291152e-01 9.999994317705925839e-01 9.999999022122261216e-01 9.999995774049050823e-01 9.999997429601693577e-01 9.999995683387397083e-01 9.999994639119996753e-01
9.999998461522549009e-01 9.999998283279452060e-01 9.999995575225303357e-01 9.999988541901616568e-01 9.999997397208232330e-01 9.999997255920087813e-01 9.999998418461366612e-01 9.999994152623343791e-01 9.999985148300091220e-01 9.999997623921280665e-01
9.999999542221275073e-01 9.999993246561545979e-01 9.999996303261400321e-01 9.999997645904220578e-01 9.999997243368433653e-01 9.999995698865616900e-01 9.999998275001716896e-01 9.999994370989985226e-01 9.999996372675481471e-01 9.999994796461821878e-01
9.999997891607703693e-01 9.999996861862792130e-01 9.999997866060240659e-01 9.999996460102371643e-01 9.999997716055003538e-01 9.999996181586532362e-01 9.999996408133889902e-01 9.999993972876171089e-01 9.999998764986206545e-01 9.999992597913445191e-01
9.999993188932269073e-01 9.999995711649911634e-01 9.999997297259364260e-01 9.999996344114981950e-01 9.999995092721485346e-01 9.999996106298180143e-01 9.999998468546981156e-01 9.999992276942967218e-01 9.999997770565924871e-01 9.999995987930829777e-01
9.999998472968004704e-01 9.999996382551094021e-01 9.999991623165398469e-01 9.999995673521437922e-01 9.999995034504124414e-01 9.999992373031567627e-01 9.999997184840494491e-01 9.999997832453977331e-01 9.999996360915686111e-01 9.999997508853479822e-01
9.999994746578942939e-01 9.999993589105781178e-01 9.999996032772620058e-01 9.999991892336188570e-01 9.999995155566763216e-01 9.999990811241102895e-01 9.999994275852450709e-01 9.999997744371070807e-01 9.999997513427473228e-01 9.999997612789954804e-01
9.999994698892175071e-01 9.999994857101965895e-01 9.999998287496993932e-01 9.999998553796939360e-01 9.999990533977449747e-01 9.999994496602806482e-01 9.999990601009213220e-01 9.999996294244585249e-01 9.999993456179969709e-01 9.999994480161289445e-01
9.999997736353353206e-01 9.999998746479098477e-01 9.999998284863771403e-01 9.999993331135258456e-01 9.999997443604454750e-01 9.999997094282440102e-01 9.999991517436448429e-01 9.999993874560827445e-01 9.999995336460327788e-01 9.999997914128722076e-01
9.999992598503888441e-01 9.999996568615777681e-01 9.999992932710303206e-01 9.999995518857152099e-01 9.999997112797105459e-01 9.999997955658375126e-01 9.999999002180754992e-01 9.999996826890474866e-01 9.999999688068945680e-01 9.999997537712953521e-01
9.999998002999126445e-01 9.999994250250985317e-01 9.999997774486821811e-01 9.999998696682843580e-01 9.999996407611514426e-01 9.999998250508573827e-01 9.999996608880002968e-01 9.999998353340223689e-01 9.999997602731197643e-01 9.999992367938526083e-01
9.999992737819640709e-01 9.999994568046961518e-01 9.999991973546847879e-01 9.999996618840666374e-01 9.999994596373007472e-01 9.999992391993374197e-01 9.999999438290873011e-01 9.999993015974544264e-01 9.999997480722536691e-01 9.999990492330503855e-01
9.999996408217243227e-01 9.999994466102402058e-01 9.999997401890021731e-01 9.999996690362235041e-01 9.999995578956910602e-01 9.999996763681686662e-01 9.999994227676280989e-01 9.999998520071112784e-01 9.999998289420255482e-01 9.999990901327826531e-01
9.999999042612141009e-01 9.999995114472232105e-01 9.999999127584794367e-01 9.999992405885843594e-01 9.999993872211763168e-01 9.999994591148494427e-01 9.999997055449999506e-01 9.999996832375812605e-01 9.999994096374035246e-01 9.999993897282583033e-01
9.999998372543323910e-01 9.999997259988214759e-01 9.999995484058011863e-01 9.999994760361659019e-01 9.999995721765342349e-01 9.999994671002493396e-01 9.999994902385137552e-01 9.999995646193539089e-01 9.999996110293166707e-01 9.999991199822066967e-01
9.999997997027998409e-01 9.999997955726211973e-01 9.999998218214724011e-01 9.999992737887228866e-01 9.999994621350537516e-01 9.999998346052176856e-01 9.999994161355143518e-01 9.999990047973621454e-01 9.999987628869235756e-01 9.999998741412217118e-01
9.999994444711711727e-01 9.999991950862557877e-01 9.999997921233457765e-01 9.999999145823781355e-01 9.999995129207737143e-01 9.999997080775908653e-01 9.999997904418446160e-01 9.999995493552872317e-01 9.999993109957378001e-01 9.999991488937473028e-01
9.999994687061586340e-01 9.999995877367074959e-01 9.999999449771014293e-01 9.999992555518808501e-01 9.999991352148958068e-01 9.999995292965576654e-01 9.999993383546403880e-01 9.999996105687307679e-01 9.999996428587863972e-01 9.999992842208749178e-01
9.999994305875887779e-01 9.999996262658695789e-01 9.999996276112328442e-01 9.999998265059688585e-01 9.999998520183125406e-01 9.999994084578931464e-01 9.999988369830115076e-01 9.999998997451867710e-01 9.999994074167201097e-01 9.999997794057287059e-01
9.999998401399736725e-01 9.999998645859079494e-01 9.999999134237166354e-01 9.999992608105230385e-01 9.999998305621687900e-01 9.999996499709826736e-01 9.999994771842809493e-01 9.999996072867042285e-01 9.999995163354279404e-01 9.999991748346527265e-01
9.999995994475635586e-01 9.999996541344217116e-01 9.999996361469662975e-01 9.999996027131398124e-01 9.999997470234509578e-01 9.999997619505376356e-01 9.999996154249711777e-01 9.999997776088026535e-01 9.999997498577190003e-01 9.999996063296651139e-01
9.999993597186017658e-01 9.999991925853695118e-01 9.999999186175495547e-01 9.999998565636198933e-01 9.999998863480007438e-01 9.999989182213188110e-01 9.999995582385751147e-01 9.999998084497835338e-01 9.999997758840893924e-01 9.999994664698742541e-01
9.999997644615393755e-01 9.999998286864915098e-01 9.999994159944525229e-01 9.999998324101514457e-01 9.999996541561598784e-01 9.999998145377576586e-01 9.999997799804049015e-01 9.999992677639281125e-01 9.999998938011843697e-01 9.999998616923587713e-01
9.999995119847746583e-01 9.999995160616607093e-01 9.999997944780750769e-01 9.999990812696978315e-01 9.999997487825433851e-01 9.999997957074473476e-01 9.999996335450411777e-01 9.999993482762321584e-01 9.999994668792620001e-01 9.999997584944059215e-01
9.999996187137364378e-01 9.999997082286209427e-01 9.999993493494460095e-01 9.999998186070551132e-01 9.999997509695319753e-01 9.999998698102379180e-01 9.999997582038377963e-01 9.999997370925730600e-01 9.999995263872841766e-01 9.999994770767746122e-01
9.999997450682960309e-01 9.999993715155351959e-01 9.999994889721015578e-01 9.999998130579469402e-01 9.999997250808969618e-01 9.999993855413145116e-01 9.999996720313943932e-01 9.999996745339444493e-01 9.999999570212034783e-01 9.999998197206011463e-01
9.999992279697158537e-01 9.999998215177960947e-01 9.999995348961371322e-01 9.999994883785868760e-01 9.999996637353306683e-01 9.999997332343459888e-01 9.999993531632680455e-01 9.999994428644506383e-01 9.999998034363922761e-01 9.999991101441930708e-01
9.999994472062903039e-01 9.999994270344269021e-01 9.999995990351018271e-01 9.999994275564987323e-01 9.999994924470565483e-01 9.999995034168566166e-01 9.999998177130621224e-01 9.999991543731368004e-01 9.999997347418305704e-01 9.999996075969969089e-01
9.999993576333131573e-01 9.999996981358091341e-01 9.999995215584590591e-01 9.999995690699461370e-01 9.999998031994977721e-01 9.999998044967799427e-01 9.999998292603906602e-01 9.999995653002273777e-01 9.999996828815067573e-01 9.999993928745036786e-01
9.999997296296020410e-01 9.999996185141444283e-01 9.999997354796421600e-01 9.999991882119629860e-01 9.999997866477704500e-01 9.999994566706554844e-01 9.999997058374573422e-01 9.999997984037471976e-01 9.999992597508833292e-01 9.999998491374900711e-01
9.999999442440762332e-01 9.999997108884608465e-01 9.999995836265858085e-01 9.999997225851934290e-01 9.999996365198011716e-01 9.999996853868914348e-01 9.999995540222035295e-01 9.999992855845855066e-01 9.999996768195903440e-01 9.999996634768731907e-01
9.999997920676334529e-01 9.999997522069430378e-01 9.999995817969564715e-01 9.999998275517864021e-01 9.999989976619949594e-01 9.999996442753550374e-01 9.999998157076013250e-01 9.999996239806412390e-01 9.999996897565587295e-01 9.999994536068916862e-01
9.999995904152332304e-01 9.999992712415959328e-01 9.999994457198917441e-01 9.999994393307416463e-01 9.999996993309610005e-01 9.999993693467801315e-01 9.999998636286460130e-01 9.999996324531676972e-01 9.999992732717352117e-01 9.999999038117340922e-01
9.999999395973846461e-01 9.999998464173066592e-01 9.999990928038987592e-01 9.999994407893166848e-01 9.999995600301165855e-01 9.999995775428980327e-01 9.999998922843085225e-01 9.999992756772658753e-01 9.999995868211899452e-01 9.999995017342649950e-01
9.999997737096774086e-01 9.999998487187637952e-01 9.999998538824403926e-01 9.999991910612762158e-01 9.999995089084633415e-01 9.999998302030682629e-01 9.999995557240199950e-01 9.999982750370774998e-01 9.999996715008353521e-01 9.999996304110048140e-01
9.999991244914070432e-01 9.999998061208780209e-01 9.999991920265349776e-01 9.999991808214568900e-01 9.999996406111034686e-01 9.999996328490701192e-01 9.999994274114101245e-01 9.999997078065230305e-01 9.999994002105763169e-01 9.999997179532921221e-01
9.999993321115718814e-01 9.999992372344415070e-01 9.999994003337779880e-01 9.999995572892438345e-01 9.999995892451682966e-01 9.999997115125210945e-01 9.999998259730880079e-01 9.999996628881944183e-01 9.999996157024085841e-01 9.999997694854834140e-01
9.999998090642663318e-01 9.999997811201075670e-01 9.999996389552407994e-01 9.999995485949152441e-01 9.999989584830962785e-01 9.999994007925813166e-01 9.999992137636108946e-01 9.999991513034687252e-01 9.999998140082690945e-01 9.999995515955705239e-01
9.999995972795833188e-01 9.999992674320905550e-01 9.999990991212557301e-01 9.999999041481680839e-01 9.999996701453605086e-01 9.999999293354836505e-01 9.999991211156015192e-01 9.999996597742647486e-01 9.999988751813825294e-01 9.999991024558274599e-01
9.999997952367702947e-01 9.999994306228898733e-01 9.999997997957663642e-01 9.999997052950961862e-01 9.999996303687643806e-01 9.999995093417235470e-01 9.999996558962637172e-01 9.999998074584802721e-01 9.999995884522813183e-01 9.999996373236850200e-01
9.999995890153967615e-01 9.999997854260376240e-01 9.999996699754704066e-01 9.999996503692950567e-01 9.999997385692351859e-01 9.999995277701343444e-01 9.999990355092783778e-01 9.999996064447304045e-01 9.999996038049782099e-01 9.999986842533841180e-01
9.999997219510887714e-01 9.999994678108892199e-01 9.999987671689740676e-01 9.999993256321271229e-01 9.999996651664959657e-01 9.999994959772282588e-01 9.999999486799566739e-01 9.999995375426160571e-01 9.999998524270740097e-01 9.999995995414739935e-01
9.999996351279079043e-01 9.999996591987663219e-01 9.999997166998563225e-01 9.999994827819613796e-01 9.999994457527749958e-01 9.999995175542759629e-01 9.999997215010886231e-01 9.999997684123110853e-01 9.999991517662611962e-01 9.999989002627293067e-01
9.999989096730234062e-01 9.999991493399368325e-01 9.999996288914860809e-01 9.999997305768261180e-01 9.999996702978980467e-01 9.999995629178188850e-01 9.999994268843206413e-01 9.999997455065328111e-01 9.999999238430953286e-01 9.999987924764125458e-01
9.999996174571192942e-01 9.999991310325229144e-01 9.999991876896838772e-01 9.999996898974216064e-01 9.999998039434260244e-01 9.999998180179273666e-01 9.999995733317008639e-01 9.999997441480409366e-01 9.999999291835267590e-01 9.999995923902813555e-01
9.999994259749356296e-01 9.999996735178258156e-01 9.999992511420027208e-01 9.999995853529685119e-01 9.999992395561292380e-01 9.999994272175983800e-01 9.999995014290810058e-01 9.999996966839156398e-01 9.999995482801501412e-01 9.999996974636369274e-01
9.999994103669297418e-01 9.999996707296083809e-01 9.999997624862820844e-01 9.999997486188283435e-01 9.999994509996975589e-01 9.999983910687123556e-01 9.999996491120962672e-01 9.999995996884757377e-01 9.999993334134259504e-01 9.999996781327039619e-01
9.999991373383967375e-01 9.999989918724426774e-01 9.999991842802176123e-01 9.999993622960605677e-01 9.999995837228579099e-01 9.999997007664409576e-01 9.999998304531979576e-01 9.999998294473460003e-01 9.999999112675643786e-01 9.999996787515006424e-01
9.999998950443614865e-01 9.999996449263741649e-01 9.999990939491539832e-01 9.999990915459830987e-01 9.999995318906383934e-01 9.999997323976611563e-01 9.999995182523494508e-01 9.999998354968110403e-01 9.999994342527910307e-01 9.999995058508901469e-01
9.999996219182529789e-01 9.999996151583668835e-01 9.999997866085216236e-01 9.999998107128919012e-01 9.999996950484392189e-01 9.999999300829452986e-01 9.999994728308001513e-01 9.999996984480293838e-01 9.999997721779824156e-01 9.999997308478972835e-01
9.999994247460602947e-01 9.999996921842907449e-01 9.999991530192965383e-01 9.999992347937037840e-01 9.999989405546551025e-01 9.999995547244950878e-01 9.999997467470329582e-01 9.999996084888523873e-01 9.999995948530455703e-01 9.999997669638271969e-01
9.999998466014169418e-01 9.999992722848733973e-01 9.999996534724793218e-01 9.999993704653911131e-01 9.999993406507298177e-01 9.999996734569553958e-01 9.999995901258094122e-01 9.999996731607830869e-01 9.999999476889196437e-01 9.999997519836997251e-01
9.999993570566011458e-01 9.999997494232223394e-01 9.999996084258929718e-01 9.999997358854247897e-01 9.999996143045831731e-01 9.999994152404103609e-01 9.999991051535775943e-01 9.999993928776975682e-01 9.999998502835953929e-01 9.999996996114882686e-01
9.999996112407230076e-01 9.999996083145675785e-01 9.999998118512463119e-01 9.999994465572803470e-01 9.999998370683305104e-01 9.999995368277873053e-01 9.999998240287031326e-01 9.999990491328929476e-01 9.999996379385437395e-01 9.999998689823986764e-01
9.999998171990615026e-01 9.999993960746377253e-01 9.999997721114045612e-01 9.999994304776302911e-01 9.999998106474473625e-01 9.999997768036368306e-01 9.999995793811300437e-01 9.999992758177175256e-01 9.999997500749474577e-01 9.999994996661654145e-01
9.999995488241726349e-01 9.999981172821481579e-01 9.999994409957673192e-01 9.999998389460820203e-01 9.999995073015391922e-01 9.999995167952653308e-01 9.999993598764206348e-01 9.999995761210401790e-01 9.999993269069682444e-01 9.999993847770349831e-01
9.999997043868794622e-01 9.999998267478904523e-01 9.999995156917449446e-01 9.999994106915395253e-01 9.999996768485132081e-01 9.999997757880211280e-01 9.999996319816705226e-01 9.999997334112644687e-01 9.999996359358214182e-01 9.999995895491439191e-01
9.999996243913427119e-01 9.999995411299775760e-01 9.999994793724567010e-01 9.999995566232661171e-01 9.999996654755969328e-01 9.999997682234703644e-01 9.999997103849399549e-01 9.999997341693692698e-01 9.999997369567392713e-01 9.999993743153132719e-01
9.999998012782781442e-01 9.999996413201379664e-01 9.999993728711680241e-01 9.999996889982856185e-01 9.999995691646932361e-01 9.999991895262078101e-01 9.999995497610507655e-01 9.999997495428659677e-01 9.999996040430095823e-01 9.999996029012595544e-01
9.999996416933433219e-01 9.999995510953076927e-01 9.999995366260613361e-01 9.999994896411937839e-01 9.999997003123055617e-01 9.999996332062067728e-01 9.999994782428157647e-01 9.999995092668223506e-01 9.999995362068707649e-01 9.999998337335245235e-01
9.999997361963227638e-01 9.999997290255476790e-01 9.999996754498393647e-01 9.999996590114503814e-01 9.999996065913095977e-01 9.999992536549999755e-01 9.999995509603665234e-01 9.999996950488759806e-01 9.999995796036211804e-01 9.999998031585005664e-01
9.999998031810427568e-01 9.999996480643961183e-01 9.999998583587724754e-01 9.999994788737955886e-01 9.999997986087513224e-01 9.999998784699787313e-01 9.999993461686168539e-01 9.999993674969430701e-01 9.999997883457584225e-01 9.999998412648981594e-01
9.999995887802254346e-01 9.999995764885405425e-01 9.999995836024091478e-01 9.999994652219990066e-01 9.999989172664387471e-01 9.999996109842065328e-01 9.999995469849598528e-01 9.999997044374923094e-01 9.999996944422777645e-01 9.999997458757944324e-01
9.999996645821030983e-01 9.999988982306670104e-01 9.999996330408814638e-01 9.999997454703850597e-01 9.999995949677896734e-01 9.999996830886508370e-01 9.999996560035726567e-01 9.999997969771207140e-01 9.999992890200819495e-01 9.999989886056231958e-01
9.999991442859615942e-01 9.999993425973695560e-01 9.999996928333374502e-01 9.999995211153511754e-01 9.999994433654115777e-01 9.999993900868628938e-01 9.999993453986090186e-01 9.999997366500685825e-01 9.999997927200950931e-01 9.999995347216864561e-01
9.999997553039531306e-01 9.999998205834679244e-01 9.999995573375933811e-01 9.999995576702428446e-01 9.999997529452416822e-01 9.999991092966717954e-01 9.999993042999171244e-01 9.999995503291762011e-01 9.999997986484158163e-01 9.999993816838971261e-01
9.999989657278728350e-01 9.999995173690027217e-01 9.999997119572486826e-01 9.999993064561943923e-01 9.999996426871872179e-01 9.999997319204765311e-01 9.999997998800695953e-01 9.999997340653757893e-01 9.999994074732961868e-01 9.999995915743942199e-01
9.999990140891176216e-01 9.999995316883385499e-01 9.999995836120383341e-01 9.999991713616436240e-01 9.999999218488715425e-01 9.999995989493688509e-01 9.999997441140783261e-01 9.999997154893753848e-01 9.999997159729889784e-01 9.999988841369300552e-01
9.999998806377010663e-01 9.999993517902059370e-01 9.999996487788374022e-01 9.999997728797351826e-01 9.999997338953091619e-01 9.999998421978797403e-01 9.999997697658945528e-01 9.999998327509657114e-01 9.999996808079362198e-01 9.999998205104986271e-01
9.999991979609431647e-01 9.999995909159112850e-01 9.999997489303453779e-01 9.999998057636555471e-01 9.999994802569820429e-01 9.999992676781155332e-01 9.999998694168106272e-01 9.999997891511032133e-01 9.999997998091518792e-01 9.999989922360889016e-01
9.999994733222709042e-01 9.999990626271045846e-01 9.999992123113311537e-01 9.999998613215447252e-01 9.999994674531328398e-01 9.999992657874594570e-01 9.999998152930292816e-01 9.999991632869311697e-01 9.999994214763203715e-01 9.999996015192835763e-01
9.999997407948640893e-01 9.999997821188130187e-01 9.999992388224007156e-01 9.999994644627814289e-01 9.999998349341682191e-01 9.999998529957766502e-01 9.999997334396206750e-01 9.999992742861427697e-01 9.999996690455860149e-01 9.999998755343720847e-01
9.999998877183211565e-01 9.999995859377404095e-01 9.999995210205961937e-01 9.999990318712345116e-01 9.999996890028599594e-01 9.999996027697560796e-01 9.999994942899679273e-01 9.999997649151444179e-01 9.999990670503220436e-01 9.999997456739357915e-01
9.999988546217333241e-01 9.999997448762026897e-01 9.999995480385446278e-01 9.999997623171196226e-01 9.999997140391272410e-01 9.999996655402303425e-01 9.999997716426775041e-01 9.999991176473307375e-01 9.999997426597492245e-01 9.999997796853442589e-01
9.999995691940659626e-01 9.999995205800724651e-01 9.999990545094460392e-01 9.999994804879690502e-01 9.999991136673577197e-01 9.999994222560573132e-01 9.999994995657468522e-01 9.999996636115621174e-01 9.999998477537417330e-01 9.999995288503689128e-01
9.999996490153580941e-01 9.999997098325854594e-01 9.999997229646159225e-01 9.999997303389873693e-01 9.999977147030245650e-01 9.999993709612794435e-01 9.999995639296468397e-01 9.999998896778407032e-01 9.999995575218229016e-01 9.999993117896831540e-01
9.999996556773474987e-01 9.999997221398786440e-01 9.999993055701978939e-01 9.999994841557210412e-01 9.999998446546443098e-01 9.999989830173720007e-01 9.999997726043761137e-01 9.999990690605284893e-01 9.999990785136005922e-01 9.999989137161907626e-01
9.999992516120462804e-01 9.999996247980148523e-01 9.999998542474910490e-01 9.999999116460824844e-01 9.999997442862490482e-01 9.999997288205026980e-01 9.999998404094735394e-01 9.999993778795830401e-01 9.999995877918080867e-01 9.999997162838131226e-01
