9.869947431042412900e-01 9.948633906774572155e-01 9.950938486197311583e-01 9.959382807428428519e-01 9.910026226638338764e-01 9.922630924672376507e-01 9.921376111419241139e-01 9.737985809529352554e-01 9.973448281858715569e-01 9.943126866947332720e-01
9.980708887672463669e-01 9.975938506765477110e-01 9.970699781124642280e-01 9.982437122519336459e-01 9.956237648677741525e-01 9.962820024630902882e-01 9.964306405559315571e-01 9.965508525005467577e-01 9.962810652630705865e-01 9.907961229405946035e-01
9.840307653270877752e-01 9.888352632805931242e-01 9.897633975334614309e-01 9.899260969279362055e-01 9.835618826503400580e-01 9.962130464229617122e-01 9.941974401540405459e-01 9.937855933431090083e-01 9.878487220317208051e-01 9.948755165815017509e-01
9.986712140357851819e-01 9.955438400858932502e-01 9.952870973546272815e-01 9.946824532817970521e-01 9.890430257115526702e-01 9.978009444362408997e-01 9.936418750455457971e-01 9.933729435440730171e-01 9.839464883032773557e-01 9.904681798971667339e-01
9.925310110601117675e-01 9.881367211141319773e-01 9.899779674688568010e-01 9.912932832223503299e-01 9.962204995880784564e-01 9.926266051890900721e-01 9.911432224895559973e-01 9.951325400876687155e-01 9.973271585305256703e-01 9.914464438235609522e-01
9.961345432348276407e-01 9.976269161518658279e-01 9.881583401036415637e-01 9.925962947943248738e-01 9.910602057608498550e-01 9.931657566540482707e-01 9.946016441964706800e-01 9.955708205285311863e-01 9.960936700122238197e-01 9.897910727273170339e-01
9.969443602741500099e-01 9.957142363164319665e-01 9.917990746990876794e-01 9.935215968550173971e-01 9.950905387397048774e-01 9.923947014927039234e-01 9.968307485591283434e-01 9.921710544853364899e-01 9.970404914633134164e-01 9.926106067488937867e-01
9.845620106921050274e-01 9.940610249007746368e-01 9.873579026625689536e-01 9.899524382860575011e-01 9.806702965817680751e-01 9.905708251291287514e-01 9.897458749015620727e-01 9.966079345101985787e-01 9.879097553526581255e-01 9.929121480204180505e-01
9.778717712746768376e-01 9.977796687628989192e-01 9.813792027541556884e-01 9.884438230248484558e-01 9.960164392630351804e-01 9.972817813555989730e-01 9.971131018489660658e-01 9.928013622924010129e-01 9.887303356895834616e-01 9.967353361465393080e-01
9.922317137933643894e-01 9.901836712356839598e-01 9.948024943846396351e-01 9.944836298034720468e-01 9.905286377536670628e-01 9.983115913589823975e-01 9.942217903870103068e-01 9.911066788310864961e-01 9.982855417145595212e-01 9.978254288731481791e-01
9.954906039618560687e-01 9.907737659889096493e-01 9.944205419049847450e-01 9.933188573655460374e-01 9.889979357620517497e-01 9.939347690422322135e-01 9.919487048115090966e-01 9.876814236879850606e-01 9.958683909038745785e-01 9.751626812192023541e-01
9.929205137055392427e-01 9.947621726622906113e-01 9.931510371596475872e-01 9.845304727457737659e-01 9.786122569581406916e-01 9.966467548872112170e-01 9.921553593744217858e-01 9.932168927146127757e-01 9.898032150205142710e-01 9.948134514186524058e-01
9.910745048709259652e-01 9.867887463435297546e-01 9.914683868733080718e-01 9.962934445759606961e-01 9.897335095840112951e-01 9.896619452721449051e-01 9.807884975820617690e-01 9.952045972445117128e-01 9.949711377675904966e-01 9.950569958544661642e-01
9.974117580295738250e-01 9.528194434303239868e-01 9.904244205558589975e-01 9.894515052226233731e-01 9.964993502824751603e-01 9.930414042603872282e-01 9.934359985740535137e-01 9.976937238324007362e-01 9.962751390035645693e-01 9.970530001093241834e-01
9.864784416190597316e-01 9.948231046600073402e-01 9.962514724923126064e-01 9.937499890160207405e-01 9.975525215285827585e-01 9.892685047341820415e-01 9.943036134388875125e-01 9.919443284945310690e-01 9.911088309688815823e-01 9.723566082621143414e-01
9.975211526149105890e-01 9.975689462149648357e-01 9.706201252954668179e-01 9.963755411904859915e-01 9.969896702787738318e-01 9.765428452216073918e-01 9.888396900459351935e-01 9.936564930872359147e-01 9.956508517789897095e-01 9.853565328800940604e-01
9.798575461722266455e-01 9.865662787128633981e-01 9.945524052941154824e-01 9.892366419020359736e-01 9.961637319544958125e-01 9.970711195702436358e-01 9.964831320423810368e-01 9.957907863438594243e-01 9.973361418235173748e-01 9.953448730851366388e-01
9.930359671621411533e-01 9.624077855290390504e-01 9.949694272291511599e-01 9.945788976384244418e-01 9.945198153265455421e-01 9.965852304018406604e-01 8.532141549381593304e-01 9.850665279891664960e-01 9.955576355780447750e-01 9.942169042464489292e-01
9.887212649443037904e-01 9.963913472576308994e-01 9.964965829234693206e-01 9.952772623387771134e-01 9.963596528905599436e-01 9.960055441521570296e-01 9.964501959470154491e-01 9.853691534008346409e-01 9.860467667061706409e-01 9.906722245672131555e-01
9.926419299099462634e-01 9.959890922750194164e-01 9.977995659417970842e-01 9.975778103766088645e-01 9.854825162930391791e-01 9.951028591696047254e-01 9.928872450865638966e-01 9.950931953730113300e-01 9.910498014154215385e-01 9.979900969040961245e-01
9.956460926429629987e-01 9.957133573153642558e-01 9.971447899438157236e-01 9.973440034401385157e-01 9.959013552186093410e-01 9.930631638375787551e-01 9.814804036055436720e-01 9.958314908378225194e-01 9.972309265633045872e-01 9.293636711984665233e-01
9.771481957115355499e-01 9.550174115653390361e-01 9.942917242270986611e-01 9.964463107906896822e-01 9.917717690180656298e-01 9.894427043517131093e-01 9.938812750382290950e-01 9.901188572884204175e-01 9.934251796086231989e-01 9.932846937598488468e-01
9.923812332016412885e-01 9.881698974843783345e-01 9.903826390985881467e-01 9.974947276932100149e-01 9.923048808697453316e-01 9.892346251013173219e-01 9.236082347379149793e-01 9.944679481074484295e-01 9.815097552698078820e-01 9.987019567343574655e-01
9.969899264823514073e-01 9.921453788562650811e-01 9.896462354802826322e-01 9.831367279865007580e-01 9.972228868246797440e-01 9.837802805195693390e-01 9.929137384058913662e-01 9.927092186670990470e-01 9.897223439026757719e-01 9.921209088912330554e-01
9.981892899138006259e-01 9.888376816714955497e-01 9.899711584302000045e-01 9.930908897082907361e-01 9.931698293038839775e-01 9.949205365076089214e-01 9.974528753401650238e-01 9.962158384122754562e-01 9.904994897177545887e-01 9.423102982016537954e-01
9.950389143270078618e-01 9.964197090730434470e-01 9.898250704702944436e-01 9.983292026347824200e-01 9.908250859642486752e-01 9.977853896575041848e-01 9.944151033028792996e-01 9.840043707210189838e-01 9.923947676472525403e-01 9.809677412224682147e-01
9.941077149968832183e-01 9.862685224840115339e-01 9.951425584167280514e-01 9.918605434063085813e-01 9.962607560864783496e-01 9.956234627905314882e-01 9.864242206042258543e-01 9.918278384693370864e-01 9.922751087905342660e-01 9.930160763242558142e-01
9.909179994235847166e-01 9.971691843662816579e-01 9.936829685879913221e-01 9.923820550102223637e-01 9.919560764577918244e-01 9.958846942178853912e-01 9.971738667347623819e-01 9.963805709959384638e-01 8.127489382205840274e-01 9.971411346915317608e-01
9.944531503954503471e-01 9.896264175270150787e-01 9.974427190720104308e-01 9.925118886543993213e-01 9.919510292123843165e-01 9.967341239981004630e-01 9.961871515067483029e-01 9.849129235963673956e-01 9.953644695448452540e-01 9.962400862808716839e-01
9.877837482606076636e-01 9.958096677446606204e-01 9.964225404978349632e-01 9.926045457977612507e-01 9.873242142491580609e-01 9.747165298947456646e-01 9.687650545997869012e-01 9.928068466144321924e-01 9.938571755186942358e-01 9.874193120312612093e-01
9.888925540295441241e-01 9.977502322257029155e-01 9.947520492892263366e-01 9.945553102277380209e-01 9.830474458248993352e-01 9.921929805092019050e-01 9.969811430989139467e-01 9.883045256042646276e-01 9.902604156616960918e-01 9.751421487014898526e-01
9.935001158898192353e-01 9.948044307291707966e-01 9.952650308068675677e-01 9.897736751742960415e-01 9.888130640199495058e-01 9.475389553170802115e-01 9.839979748433007600e-01 9.931715837082034648e-01 9.957746321572519266e-01 9.943522155273916141e-01
9.972006544494480540e-01 9.945807046271527563e-01 9.944750595545269745e-01 9.879618852542541019e-01 9.857929115666878017e-01 9.968617648497325456e-01 9.704487252880030779e-01 9.855165532065079947e-01 9.878563422916701864e-01 9.946076826343142052e-01
9.945486992579645191e-01 9.962432349859485781e-01 9.959765364005549459e-01 9.712234358830335035e-01 9.929673434157110234e-01 9.987239331632633554e-01 9.940742489553511252e-01 9.959778212069695380e-01 9.922645161245305934e-01 9.945565303482208908e-01
9.858153848552986265e-01 9.965440899367357108e-01 9.833988072097291644e-01 9.849359963271503426e-01 9.979302869325543668e-01 9.974621759159335577e-01 9.910101989842159398e-01 9.970568318424736232e-01 9.979121005688450508e-01 9.890438236955499951e-01
9.981819244029243032e-01 9.893301293329186397e-01 9.844784893540290405e-01 9.904086856254958882e-01 9.918240813081530272e-01 9.457156433024499487e-01 9.929962460289782911e-01 9.984100731433233067e-01 9.928449038861139053e-01 9.865994268859982208e-01
9.781990631815641324e-01 9.918098442193463704e-01 9.966915525555128941e-01 9.946001046727360739e-01 9.900854759615895784e-01 9.914752255986011287e-01 9.880810968698653385e-01 9.930129178302837811e-01 9.928281089346976396e-01 9.973418813903701663e-01
9.900502478800052852e-01 9.939205884306937522e-01 9.915479759388902137e-01 9.971381761413781186e-01 9.562022691027626253e-01 9.922767303720522181e-01 9.917234069352764969e-01 9.972376604976351810e-01 9.659221317490471748e-01 9.947526568027984517e-01
9.862182749906667212e-01 9.933860969461900670e-01 9.913752819844608988e-01 9.912752333726955190e-01 9.901890935199434418e-01 9.928960565299999041e-01 9.970580806234251581e-01 9.848070959322061668e-01 9.968056494948488444e-01 9.815761929138739905e-01
9.949488287205875414e-01 9.824489610690991803e-01 9.971502408027719255e-01 9.925216920302623036e-01 9.718249754396851570e-01 9.867800550730123632e-01 9.843936717587913332e-01 9.965509336419806630e-01 9.621746084669510202e-01 9.802054185708669598e-01
9.974932849840815186e-01 9.927159023538353333e-01 9.912187546736794808e-01 9.929321385159302071e-01 9.892050993939552894e-01 9.858455854726985157e-01 9.905790301968782074e-01 9.918483965103486177e-01 9.922371062864393521e-01 9.920737384433008232e-01
9.884574042749970646e-01 9.962514359652493434e-01 9.862017330419453609e-01 9.939670861409706237e-01 9.953735313052658462e-01 9.976056250875201536e-01 9.953226259534535547e-01 9.946342684598307171e-01 9.980070202689471648e-01 9.961434283644919896e-01
9.914772097912802895e-01 9.913264226198741369e-01 9.921309032539017414e-01 9.951693549530771232e-01 9.934366603851577660e-01 9.916095263677446869e-01 9.952858725453496147e-01 9.974097253044607037e-01 9.976227576068025238e-01 9.967954313530594801e-01
9.964568745484564394e-01 9.622587444807044754e-01 9.700554464385808817e-01 9.862714836998888179e-01 9.954371682921945297e-01 8.965273611749490223e-01 9.922374093731542999e-01 9.936654537956541855e-01 9.962689309992541764e-01 9.955204338430648781e-01
9.885329601101819907e-01 9.869555831123242307e-01 9.973954181280811904e-01 9.943434103637995847e-01 9.913097063365331474e-01 9.936326398822751260e-01 9.957488129750047268e-01 9.923080141895890272e-01 9.831948142515039013e-01 9.941848386006717497e-01
9.877882628087630845e-01 9.929454471413882155e-01 9.958586681897056980e-01 9.897038893163552231e-01 9.969804172404107545e-01 9.906724941930729056e-01 9.820775208456343774e-01 9.512032994581579581e-01 9.944916691228501415e-01 9.902401215799544465e-01
9.974760311237869104e-01 9.145603161632402944e-01 9.966668456856100367e-01 9.886009994076653262e-01 9.955943435344182246e-01 9.952647439288728748e-01 9.882273711551854412e-01 9.903093617611987698e-01 9.868837309019181658e-01 9.943322248231213356e-01
9.977765432063079309e-01 9.980833517413837397e-01 9.948073041541476424e-01 9.889432649762223138e-01 9.835546730328028620e-01 9.904898878065756529e-01 9.988995117147211333e-01 9.984043912926707787e-01 9.900091445276950619e-01 9.947088683141478427e-01
9.958145325422959049e-01 9.953644078138859097e-01 9.928342090626249838e-01 9.941760395475828238e-01 9.963386226489795439e-01 9.884642670029364364e-01 9.977817599142705385e-01 9.804964110635980834e-01 9.930758497713919608e-01 9.961402653999013035e-01
9.772632428068124266e-01 9.958574229685125401e-01 9.876488985314467728e-01 9.958694861335816162e-01 9.829796074622418889e-01 9.877880240535616974e-01 9.909664410121403755e-01 9.947265750966901576e-01 9.965006478772511223e-01 9.881101779580455657e-01
9.958706620192119274e-01 9.927406306446847628e-01 9.946587096491720237e-01 9.464662863159769568e-01 9.957838850298331712e-01 9.934994992379201362e-01 9.971673472639526192e-01 9.852066177986900097e-01 9.875742987049297428e-01 9.911386888291648933e-01
9.951256768117471285e-01 9.671890262978332098e-01 9.846833491906781255e-01 9.939315064868984306e-01 9.923539614719038005e-01 9.926921058894241368e-01 9.977641292966442643e-01 9.902988243952599579e-01 9.926603167890455381e-01 9.881106385000896219e-01
9.790235787077211649e-01 9.804993039675531374e-01 9.799850638572983330e-01 9.909525072708191828e-01 9.916476904104237766e-01 9.976510909223968993e-01 9.902922077184359573e-01 9.943436253663116009e-01 9.825858927133560572e-01 9.945311771218323660e-01
9.932255733233533723e-01 9.950953854433531864e-01 9.927835152147939102e-01 9.948170203578076132e-01 9.894650148181703964e-01 9.877788855618716557e-01 9.964782959052107536e-01 9.924500074955804330e-01 9.840676146260349810e-01 9.875268840977108331e-01
9.855422083137060918e-01 9.842287253021609894e-01 9.936750695702406544e-01 9.904838098047060724e-01 9.914527818658632752e-01 9.745182172822228761e-01 9.882086390115178975e-01 9.922070847949463479e-01 9.759861879126275896e-01 9.868047715095777939e-01
9.980390520993891457e-01 9.946523127915639639e-01 9.900932945865286161e-01 9.770690588343675653e-01 9.970231356267006406e-01 9.966652419644977945e-01 9.853291848652225848e-01 9.987199587255444211e-01 9.961246665017521318e-01 9.914268759496956962e-01
9.954821975207659435e-01 9.901057420088918981e-01 9.979662188811329049e-01 9.982024424967153031e-01 9.938811868690393680e-01 9.936062860502321570e-01 9.943653823025436767e-01 9.978913437284264720e-01 9.962820320607764790e-01 9.840420231265802897e-01
9.912212114369767235e-01 9.912926721888807302e-01 9.936211073116115733e-01 9.343298253677897458e-01 9.978257036224150722e-01 9.913734694714865237e-01 7.957069929763586069e-01 9.883364977049832190e-01 9.964948006449874107e-01 9.614250746019143978e-01
9.920326773768176620e-01 9.962014453678597059e-01 9.907319337726606667e-01 9.952917766623593510e-01 9.868092117672448982e-01 9.964448782926143000e-01 9.944082647403522657e-01 9.943020139742357877e-01 9.973419050852750933e-01 9.962839092273773067e-01
9.963521956838738980e-01 9.964614744535419399e-01 9.960760366183272208e-01 9.951829852455227332e-01 9.969724708552754056e-01 9.952476879762875983e-01 9.973365946335114307e-01 9.968858760495743487e-01 9.949150129541114440e-01 9.899722874629305336e-01
9.879156066749738008e-01 9.900335253202173780e-01 9.905994889215330446e-01 9.900598956103079384e-01 9.891053955302542278e-01 9.969567811795809753e-01 9.967374906164783166e-01 9.947479765789886130e-01 9.966036159778389747e-01 9.969436441875437760e-01
9.907345311224993178e-01 9.957247289255539702e-01 9.964838767580723733e-01 9.927365359182527271e-01 9.927581222143064821e-01 9.940553692180750245e-01 9.932569105147663890e-01 9.925217748415722241e-01 9.868821476946532112e-01 9.946467126452391838e-01
9.967083918448275126e-01 9.943150572096245421e-01 9.882505112063124653e-01 9.897894817035669535e-01 9.863173145051176149e-01 9.961672409644967141e-01 9.912489058887120619e-01 9.924287757450905856e-01 9.952576633413805496e-01 9.943506871394994784e-01
9.957171904821026098e-01 9.941566081996824344e-01 9.976318185239501091e-01 9.832716328155262087e-01 9.945621469308816298e-01 9.964724353781395649e-01 9.682321443596606514e-01 9.985644348029204531e-01 9.954704496033189853e-01 9.615816344725917064e-01
9.952500847820011654e-01 9.921151575959391566e-01 9.943238110551873010e-01 9.945386778270023376e-01 9.921856422699122380e-01 9.935799968222278622e-01 9.956027753907584765e-01 9.803774223711873015e-01 9.973035642443592863e-01 9.928920059472444715e-01
9.970959524508701266e-01 9.929869663736352603e-01 9.959935717527624854e-01 9.935797504485843756e-01 9.958557860753591839e-01 9.967170612885412062e-01 9.972708583153669926e-01 9.967244483956492207e-01 9.945789277946303075e-01 9.899377165939351464e-01
9.867407970624345603e-01 9.906644470933722024e-01 9.938289805775517571e-01 9.956034351785882919e-01 9.935901857518497637e-01 9.923889912474470609e-01 9.943474564992509368e-01 9.919770574639881211e-01 9.963888734757472276e-01 9.968017671083608811e-01
9.974581349501508987e-01 9.912413865332230234e-01 9.955084739839810126e-01 9.981565540549486304e-01 9.950753802371005152e-01 9.921162924124815596e-01 9.917871267575242289e-01 9.939616663912420602e-01 9.985233683925697212e-01 9.933393380737759459e-01
9.907511653403805463e-01 9.931363251485220145e-01 9.927765340050390686e-01 9.880856645956181961e-01 9.943454210377739022e-01 9.914601697149397763e-01 9.935800684565044838e-01 8.808203721663941943e-01 9.967772640512988502e-01 9.894349823472058381e-01
9.948436936424397414e-01 9.898957377364687726e-01 9.965445422085404958e-01 9.955052853684961400e-01 9.962579697823402691e-01 9.972321002196017359e-01 9.823364366373460443e-01 9.923781037261169002e-01 9.901484449655881814e-01 9.967510570596863628e-01
9.971226898856672127e-01 9.838228748540291946e-01 9.944888857971373453e-01 9.915517115802690018e-01 9.608121417158985711e-01 9.920795227353268464e-01 9.941152277360504330e-01 9.875486906905034390e-01 9.936734452914768312e-01 9.962621329961710570e-01
9.958120535955100605e-01 9.960988987525822846e-01 9.924614469589060350e-01 9.967711132755084913e-01 9.775550778973182142e-01 9.962232005398953261e-01 9.834146279266167134e-01 9.943833020991634797e-01 9.941302915598885237e-01 9.939909541949235594e-01
9.957854886969721431e-01 9.871128336541348247e-01 9.954709586556169665e-01 9.959254103817779535e-01 9.394142421827753608e-01 9.866759256772147380e-01 9.708321267391517573e-01 9.942255468458421896e-01 9.940780481108537625e-01 9.899688625433221700e-01
9.900481615040301886e-01 8.981008196149418144e-01 9.967110543748088913e-01 9.935652112164279348e-01 9.336395280199898394e-01 9.906220569873084303e-01 9.882138151403393467e-01 9.971952419540133228e-01 9.827743655383696098e-01 9.973329232214225293e-01
9.973419650310216822e-01 9.946894917856256013e-01 9.789046284693225797e-01 9.943813107713550536e-01 9.958876207397190372e-01 9.887785224118967875e-01 9.959699600103107953e-01 9.960828679661115626e-01 9.968700832059701478e-01 9.958922217265233634e-01
9.966697421346336627e-01 9.970302183604441426e-01 9.940382370769982323e-01 9.962077463391691978e-01 9.780118564720065022e-01 9.696694942418543350e-01 9.950460398622942293e-01 9.974443232934996351e-01 9.950821635813625887e-01 9.933527720566537322e-01
9.954742757691287247e-01 9.972408991805912226e-01 9.957539488221621715e-01 9.977287595922681440e-01 9.953916190076799175e-01 9.955759443344777138e-01 9.916397834272517864e-01 9.925453993250336060e-01 9.981849395563215932e-01 9.920953838874535524e-01
9.979020822753112974e-01 9.957585821620729138e-01 9.961453862633520284e-01 9.854813474748386204e-01 9.914210503863943869e-01 9.938212990544540437e-01 9.787616291279561676e-01 9.935854337857499274e-01 9.846109479911604456e-01 9.970570110301322231e-01
9.892363585863289677e-01 9.789584485428773908e-01 9.945875248789037837e-01 9.890153129055393455e-01 9.954123533184845440e-01 9.923519319890719004e-01 9.920661121894596146e-01 9.941858532231918621e-01 9.861983072842328557e-01 9.915616911206381889e-01
9.940737658558820300e-01 9.968934135491697157e-01 9.896548806807742293e-01 9.908276234708442987e-01 9.812949231701341146e-01 9.498267321397304563e-01 9.932227060368485905e-01 9.925400967547534092e-01 9.941903097794265731e-01 9.864748682993763618e-01
9.913543669623937626e-01 9.923691654187096756e-01 9.959948782549119528e-01 9.941885507894822060e-01 9.893277263818947009e-01 9.965237601728968997e-01 9.926707748765019046e-01 9.926874466281528919e-01 9.978737818097588308e-01 9.872299752918713978e-01
9.959964478255077802e-01 9.926782323679613773e-01 9.969780247408472906e-01 9.907340758293574634e-01 9.824277448879747965e-01 9.967696815128375132e-01 9.594818100860652565e-01 9.979893879313347371e-01 9.957771917873835532e-01 9.925428411826775488e-01
9.952736109676418863e-01 9.978556492487368201e-01 9.982041582844427552e-01 9.913878427759396095e-01 9.852550587182556940e-01 9.962770159588602015e-01 9.956550588989875328e-01 9.909252222413933442e-01 9.819174652450938234e-01 9.716984336019889312e-01
9.944087795522528195e-01 9.952353433250485937e-01 9.888635283880201632e-01 9.859979129911466966e-01 9.883977836569275421e-01 9.972119789092236397e-01 9.938587613652815067e-01 9.860973484754917973e-01 9.569143430087112545e-01 9.937868884205244280e-01
9.813159602427458106e-01 9.967524028490459820e-01 9.887919492850896219e-01 8.941025546008154468e-01 9.288713584854405569e-01 9.979698036769963920e-01 9.960418397487821318e-01 9.753627824767084897e-01 9.966560599899696449e-01 9.868697954412238849e-01
9.936687917131690195e-01 9.941480501973225525e-01 9.851133880692494182e-01 9.967530046649881736e-01 9.973524518829984808e-01 9.932881964546483866e-01 9.930924419691692373e-01 9.891296450316767741e-01 9.933751610396499565e-01 9.970381158379296727e-01
9.967078960371968943e-01 9.880947479852683069e-01 9.968504048623595404e-01 9.956995970048595490e-01 9.943745414515547942e-01 9.957487209731701316e-01 9.934208628350217340e-01 9.978468213339384274e-01 9.887333668596595126e-01 9.959337273003431301e-01
9.952852245040609835e-01 9.856022997313731437e-01 9.973486602773808940e-01 9.669320176021193314e-01 9.862502023287272879e-01 9.864117880465339550e-01 9.951456223956607339e-01 9.882394285453141025e-01 9.865394205848063702e-01 9.899156844099535890e-01
9.771000317160403181e-01 9.912337647971500854e-01 9.427278897489237419e-01 9.948158820024549653e-01 9.966165276886095326e-01 9.966112587068349793e-01 9.955962150084437523e-01 9.914333364313779873e-01 9.950930520895772124e-01 9.963938152734302944e-01
9.889758469901642757e-01 9.795346352650672328e-01 9.887255620365543729e-01 9.959958708312135478e-01 9.959386705501341863e-01 9.912627370974065322e-01 9.951346512379444231e-01 9.985725927949424818e-01 9.732283285851736077e-01 9.759585979731341121e-01
9.909577938426745725e-01 9.903829956205963958e-01 9.936251843485417456e-01 9.753919518211157103e-01 9.936584935352763548e-01 9.780932374829246490e-01 9.860591470296130590e-01 9.942549364976307480e-01 9.936461725621120733e-01 9.966239189385087682e-01
9.938138660148870818e-01 9.976518720705175314e-01 9.955000964774434191e-01 9.934490956294804720e-01 9.958624559786324326e-01 9.982163682973064223e-01 9.971322318111975891e-01 9.962496335690136373e-01 9.950581590687677114e-01 9.973516577215606471e-01
9.951968176700177748e-01 9.908946935688449642e-01 9.948174639174783840e-01 9.969177647657244679e-01 9.958667345379890179e-01 9.968980938600069397e-01 9.957022130190684717e-01 9.909203287364677371e-01 9.942682838235173959e-01 9.966399276641542126e-01
9.892891155284118110e-01 9.902635189444292108e-01 9.949818943217519918e-01 9.938212442583538309e-01 9.951792397689654956e-01 9.952144225306019942e-01 9.939231449276766384e-01 9.846787481909655693e-01 9.954756557108798143e-01 9.957051934434112406e-01
9.592224808669534974e-01 9.928420420285503090e-01 9.754637571584506839e-01 9.950372897218875412e-01 9.981247863239347540e-01 9.885010071968518552e-01 9.902299394926867837e-01 9.959324833264913135e-01 9.960653533587632280e-01 9.909364214722081732e-01
9.805021278931144169e-01 9.952500566638633472e-01 9.939459514197013235e-01 9.865434633961716049e-01 9.933292188731180916e-01 9.907613144414662010e-01 9.963472768768436572e-01 9.975090619083192278e-01 9.893749373063672747e-01 9.935642606278586308e-01
9.921231427504738631e-01 9.956361514551421710e-01 9.935750184787900396e-01 9.974508514504685230e-01 9.958130003086255178e-01 9.931408732521567195e-01 9.853060196188868636e-01 9.933849709797375471e-01 9.922093165163101691e-01 9.941400552315940997e-01
9.975559957112292153e-01 9.893185640005888182e-01 9.966564267270234811e-01 9.964826686052769000e-01 9.961881045359262110e-01 9.964756228669716664e-01 9.942734265499952873e-01 9.715669366778834082e-01 9.915675394374149354e-01 9.974578721496871747e-01
9.880792573089749453e-01 9.945144734001617470e-01 9.838770847842016609e-01 9.965799545192414177e-01 9.951089021841876825e-01 9.948666148808940068e-01 9.951504753674348391e-01 9.946470625839884949e-01 9.958564180396393128e-01 9.974608171017681491e-01
9.937693207715262433e-01 9.934952507110632602e-01 9.928568589149762147e-01 9.915004476407397460e-01 9.863112040164947469e-01 9.930650541141111676e-01 9.940885507277242850e-01 9.787732465946791249e-01 9.958794606179017794e-01 9.805424782276896956e-01
