9.999749432552119677e-01 9.999754206842280668e-01 9.999837897676508991e-01 9.999709295851270108e-01 9.999744379404803540e-01 9.999868553463692189e-01 9.999593907815864657e-01 9.999789411008548345e-01 9.999741992835845528e-01 9.999821992984280206e-01
9.999646602169921517e-01 9.999809271085843276e-01 9.999899661170998932e-01 9.999816139319510633e-01 9.999792282076158667e-01 9.999729208919958534e-01 9.999649473107979913e-01 9.999819549224505666e-01 9.999831470660603960e-01 9.999717401356846835e-01
9.999736302654750331e-01 9.999756988905627031e-01 9.999725452195081798e-01 9.999822631928581007e-01 9.999817028438877653e-01 9.999779509756372420e-01 9.999731070045208003e-01 9.999825597881695227e-01 9.999829266923179194e-01 9.999759331485806868e-01
9.999859082100326368e-01 9.999833558203545802e-01 9.999750152268284120e-01 9.999799123046674287e-01 9.999903967827301621e-01 9.999839274293474967e-01 9.999803310872177331e-01 9.999720572068188096e-01 9.999699972013205151e-01 9.999836076369968962e-01
9.999703920188411921e-01 9.999829861326736680e-01 9.999879923396913783e-01 9.999838323110228355e-01 9.999807589773996863e-01 9.999838565536536272e-01 9.999832147225389267e-01 9.999788442355977969e-01 9.999724824572673310e-01 9.999796151434936498e-01
9.999801132172971840e-01 9.999787071744767886e-01 9.999824154169323354e-01 9.999836987145418465e-01 9.999795425986179875e-01 9.999827270717441818e-01 9.999411922464839231e-01 9.999846796254162618e-01 9.999832340942473863e-01 9.999761747621221941e-01
9.999715936845973152e-01 9.999807809353514765e-01 9.999809559689782912e-01 9.999740947990258810e-01 9.999760708318109481e-01 9.999861070087127102e-01 9.999624075415124436e-01 9.999830996918001036e-01 9.999806833871520695e-01 9.999703759990915541e-01
9.999880481163119228e-01 9.999719410155185617e-01 9.999716925489104957e-01 9.999661396732094643e-01 9.999801670813632803e-01 9.999742705774126161e-01 9.999592604314633260e-01 9.999776114671926619e-01 9.999804911232909044e-01 9.999738881230338938e-01
9.999768646553249818e-01 9.999707199664984447e-01 9.999825812256001312e-01 9.999839975736579678e-01 9.999804663282368944e-01 9.999784787238438222e-01 9.999827252098842933e-01 9.999678113026816417e-01 9.999874909754746799e-01 9.999814761525525064e-01
9.999729529767559244e-01 9.999810008557423746e-01 9.999766627133388486e-01 9.999785068123117071e-01 9.999793650020024627e-01 9.999803073510296070e-01 9.999840411940889018e-01 9.999761535564419823e-01 9.999772280511747269e-01 9.999743757748492667e-01
9.999835922536816080e-01 9.999729935573817841e-01 9.999724161114574850e-01 9.999771604827099036e-01 9.999791299291038715e-01 9.999780473305114326e-01 9.999737260417419504e-01 9.999650230442407306e-01 9.999770929741339520e-01 9.999759719786563972e-01
9.999773057643954743e-01 9.999807279861279152e-01 9.999812136447222555e-01 9.999712238445688239e-01 9.999812234866991556e-01 9.999715318115525164e-01 9.999729573203586241e-01 9.999689508442800578e-01 9.999736850603497818e-01 9.999869607049655107e-01
9.999821092644191056e-01 9.999798959141260601e-01 9.999812178457249123e-01 9.999895648793442060e-01 9.999814488541874935e-01 9.999821666693572420e-01 9.999785110061840676e-01 9.999813619540947052e-01 9.999798160433809313e-01 9.999818069505411744e-01
9.999800015645297080e-01 9.999801423948485590e-01 9.999762701863029735e-01 9.999693269251308525e-01 9.999799218922256205e-01 9.999800371518297037e-01 9.999799664809901900e-01 9.999699258712737571e-01 9.999741466377398691e-01 9.999769966655484010e-01
9.999848049351582890e-01 9.999788154979865062e-01 9.999834281374936351e-01 9.999682257578915712e-01 9.999812080007817183e-01 9.999628966960129040e-01 9.999766050991508726e-01 9.999660591058439074e-01 9.999796118787080967e-01 9.999748431756797507e-01
9.999790386723057534e-01 9.999765164835267006e-01 9.999820502478726780e-01 9.999830850446446151e-01 9.999770668282189634e-01 9.999690839575979817e-01 9.999732996836973031e-01 9.999862440060468538e-01 9.999757417168360085e-01 9.999743914544625412e-01
9.999667939391309046e-01 9.999782620583411719e-01 9.999798929785906898e-01 9.999819277721492261e-01 9.999885132483863348e-01 9.999801321427641554e-01 9.999778838389851154e-01 9.999838721655212037e-01 9.999788299784920786e-01 9.999827577945687995e-01
9.999700293178718224e-01 9.999758244645901017e-01 9.999821535550749152e-01 9.999835684510557376e-01 9.999682774312923517e-01 9.999810964671735913e-01 9.999833454198940874e-01 9.999836121589401605e-01 9.999766367921949506e-01 9.999789873934882278e-01
9.999735846959060259e-01 9.999789783682576649e-01 9.999747191864113427e-01 9.999752157623307269e-01 9.999805182824521577e-01 9.999770288185724221e-01 9.999916513052996558e-01 9.999770610774778579e-01 9.999651491503763756e-01 9.999791972684118901e-01
9.999801521202099641e-01 9.999813844568390397e-01 9.999878332674984049e-01 9.999738141633965904e-01 9.999821705330164123e-01 9.999741004428326363e-01 9.999805527383056614e-01 9.999721427132873819e-01 9.999855771539672977e-01 9.999691604650811083e-01
9.999679305914834782e-01 9.999707929837885478e-01 9.999728403625157691e-01 9.999852684962965421e-01 9.999717788062784107e-01 9.999812503673587427e-01 9.999817681849120232e-01 9.999729637322697373e-01 9.999762252915068705e-01 9.999814841903723606e-01
9.999727480921284384e-01 9.999883789208630080e-01 9.999736303316185682e-01 9.999853903282881484e-01 9.999738192527473091e-01 9.999763874030367372e-01 9.999857663730332691e-01 9.999897241959168070e-01 9.999773948026394743e-01 9.999772054942600574e-01
9.999670091490845403e-01 9.999822598049221689e-01 9.999766044597862003e-01 9.999712866116897692e-01 9.999755875450998532e-01 9.999809795064924511e-01 9.999883194473825343e-01 9.999743746384801568e-01 9.999764518056136753e-01 9.999774325261818753e-01
9.999823792948914214e-01 9.999733261913118509e-01 9.999595072386836536e-01 9.999754411907839646e-01 9.999839562787731229e-01 9.999810736945873302e-01 9.999713634465525747e-01 9.999657719327118555e-01 9.999699715160027536e-01 9.999779159918965599e-01
9.999600486118154219e-01 9.999879021074874474e-01 9.999610842863511095e-01 9.999795279049770169e-01 9.999861270947575376e-01 9.999830673788500102e-01 9.999858495816668080e-01 9.999664904129562659e-01 9.999848152970708393e-01 9.999794519066587117e-01
9.999521663954933359e-01 9.999755927924813825e-01 9.999848117633073352e-01 9.999762380026723241e-01 9.999862074276522073e-01 9.999656468805984133e-01 9.999780764277470535e-01 9.999800166216590291e-01 9.999823802031948539e-01 9.999728095805290318e-01
9.999889938629483721e-01 9.999719782005436208e-01 9.999839645760898454e-01 9.999771159258104003e-01 9.999841158295535992e-01 9.999719373084308138e-01 9.999789926180464583e-01 9.999877397086077702e-01 9.999859175727614513e-01 9.999776499155152987e-01
9.999818456194147220e-01 9.999760609686479951e-01 9.999818651619331034e-01 9.999818199939968233e-01 9.999791775314933462e-01 9.999673126115203869e-01 9.999771449687356872e-01 9.999834513982484019e-01 9.999710014321647744e-01 9.999756010782804294e-01
9.999696365114657537e-01 9.999726339309222833e-01 9.999819057021757107e-01 9.999723524012518183e-01 9.999698987044144394e-01 9.999839836230326462e-01 9.999652529281235491e-01 9.999720044006180641e-01 9.999905853913476639e-01 9.999784236876096966e-01
9.999764258428796015e-01 9.999738441651989662e-01 9.999904485037832691e-01 9.999774229154257954e-01 9.999776497951875509e-01 9.999812037307829193e-01 9.999739367500557474e-01 9.999768192389010268e-01 9.999900673864794420e-01 9.999699054795200270e-01
9.999753713363742635e-01 9.999836378213994292e-01 9.999831596349370022e-01 9.999764167211236954e-01 9.999777722572021910e-01 9.999749283090633156e-01 9.999779122463657854e-01 9.999792961117899281e-01 9.999869416278370782e-01 9.999815808275402951e-01
9.999733207340127938e-01 9.999785052200316215e-01 9.999713571202661910e-01 9.999826472953794454e-01 9.999796141801240434e-01 9.999910949153729689e-01 9.999842636642243265e-01 9.999793884360620444e-01 9.999807858059625021e-01 9.999775751236187338e-01
9.999823974730261966e-01 9.999855763231236816e-01 9.999660170326513109e-01 9.999712150529338484e-01 9.999711776566121424e-01 9.999799416101817773e-01 9.999782321049338618e-01 9.999735440720844970e-01 9.999819901547180034e-01 9.999691247789047610e-01
9.999734381473632805e-01 9.999768441637902905e-01 9.999855720005694781e-01 9.999757757016485282e-01 9.999848872437143710e-01 9.999803733821389651e-01 9.999842467493587073e-01 9.999739768415477625e-01 9.999752351444928244e-01 9.999722232881597117e-01
9.999803221840251055e-01 9.999794156593689864e-01 9.999776012942326320e-01 9.999780271862174219e-01 9.999808271769438095e-01 9.999798241409124655e-01 9.999796457326717292e-01 9.999719003867149070e-01 9.999776869644592114e-01 9.999893169063334142e-01
9.999833234651951397e-01 9.999838363096159588e-01 9.999722195660487589e-01 9.999715968278123368e-01 9.999813029097230910e-01 9.999834980081385716e-01 9.999712102486039145e-01 9.999759304995613496e-01 9.999796445677722190e-01 9.999827185250664829e-01
9.999831187433858570e-01 9.999806723282782528e-01 9.999844006636331439e-01 9.999829520170625541e-01 9.999805496333569188e-01 9.999760291351352803e-01 9.999791218582517738e-01 9.999745395766712619e-01 9.999680097926498812e-01 9.999786577578531066e-01
9.999766263599190186e-01 9.999775713528875620e-01 9.999874148301181043e-01 9.999875857939831691e-01 9.999831241194367948e-01 9.999798116397399239e-01 9.999809912950786694e-01 9.999716928176224373e-01 9.999848528821158045e-01 9.999695479984390678e-01
9.999725108474186719e-01 9.999801345267864683e-01 9.999859286165242445e-01 9.999731664321439562e-01 9.999866320507910800e-01 9.999763571172751719e-01 9.999802268303447095e-01 9.999641293882232107e-01 9.999836769849022033e-01 9.999816839556968651e-01
9.999841514517036067e-01 9.999774306527011714e-01 9.999735830058358310e-01 9.999840139725230115e-01 9.999763096090802383e-01 9.999893936045224363e-01 9.999813712878674599e-01 9.999787867598814994e-01 9.999755255955659061e-01 9.999787740632539723e-01
9.999825487829478998e-01 9.999716300815046921e-01 9.999844679160182492e-01 9.999766299478149989e-01 9.999843903199040485e-01 9.999790270255675129e-01 9.999742254628785076e-01 9.999807366341464387e-01 9.999796143868316944e-01 9.999858880924668014e-01
9.999715675860532116e-01 9.999862020016955233e-01 9.999814030570657319e-01 9.999779624160569647e-01 9.999846633309437127e-01 9.999757104050331913e-01 9.999852419442711859e-01 9.999756412085115675e-01 9.999855346950042856e-01 9.999696990991432388e-01
9.999852244906378695e-01 9.999742829657584098e-01 9.999776671798700223e-01 9.999697307457814377e-01 9.999676583298058308e-01 9.999865036357997727e-01 9.999861471063976603e-01 9.999814140658305206e-01 9.999767348477164308e-01 9.999902728781070449e-01
9.999747945182736464e-01 9.999799045205026715e-01 9.999761618984861489e-01 9.999759854225243050e-01 9.999800786244273931e-01 9.999773085970702358e-01 9.999532952356171567e-01 9.999826064972960893e-01 9.999699944763370540e-01 9.999858057056231209e-01
9.999783367659788036e-01 9.999819622823652443e-01 9.999829828787089037e-01 9.999853474604092352e-01 9.999774191032556603e-01 9.999811238926458179e-01 9.999867736702475751e-01 9.999869153686351542e-01 9.999852376341643589e-01 9.999850204143264643e-01
9.999865904028347741e-01 9.999657364972782680e-01 9.999732137810714017e-01 9.999635720179465004e-01 9.999831636264080448e-01 9.999734888283661194e-01 9.999665009300207075e-01 9.999777896720349890e-01 9.999893155159959024e-01 9.999774800698012500e-01
9.999716597489377579e-01 9.999817560545213313e-01 9.999827605127804553e-01 9.999858927736575698e-01 9.999761092025183373e-01 9.999820976466008426e-01 9.999751562158197826e-01 9.999795032672939010e-01 9.999724033619529218e-01 9.999797427462067123e-01
9.999800069495398125e-01 9.999886048160839813e-01 9.999794043088872098e-01 9.999747301143323552e-01 9.999891370325034723e-01 9.999815948749405381e-01 9.999758956724672521e-01 9.999725736070651516e-01 9.999810616244434458e-01 9.999759069488085572e-01
9.999777136106430264e-01 9.999865402386602931e-01 9.999869423359748488e-01 9.999795719622568413e-01 9.999810164961389081e-01 9.999715973904451660e-01 9.999795015170086510e-01 9.999753137827779303e-01 9.999821946498030911e-01 9.999801525478154707e-01
9.999691310497867969e-01 9.999863129292603237e-01 9.999824670028544249e-01 9.999848668371595917e-01 9.999770363432625153e-01 9.999702513447369379e-01 9.999768586268603654e-01 9.999807173751894540e-01 9.999748276091983135e-01 9.999795674784083266e-01
9.999755347047024623e-01 9.999720409429693202e-01 9.999735164506290408e-01 9.999753619572835373e-01 9.999811313737511087e-01 9.999780681008656469e-01 9.999780337350728798e-01 9.999857748767304599e-01 9.999791800657734653e-01 9.999663496243259564e-01
9.999832968008444123e-01 9.999828963819105132e-01 9.999807889594654053e-01 9.999816154903319321e-01 9.999837128074702264e-01 9.999783692631513121e-01 9.999772384779862522e-01 9.999806639145788489e-01 9.999859606035564896e-01 9.999798274889991623e-01
9.999711004016006433e-01 9.999737160584771800e-01 9.999665173636542725e-01 9.999744392124793047e-01 9.999811191019769563e-01 9.999792299766950832e-01 9.999764892942617500e-01 9.999823126459740363e-01 9.999692821016660238e-01 9.999754008760745050e-01
9.999781406993059063e-01 9.999733807176224287e-01 9.999795089058588493e-01 9.999812684429673082e-01 9.999843757184116999e-01 9.999778616731347380e-01 9.999799737116092935e-01 9.999808585379900139e-01 9.999833209603306017e-01 9.999723587182531848e-01
9.999806042034447007e-01 9.999858618673433952e-01 9.999815035617306558e-01 9.999778332564160932e-01 9.999793580227505085e-01 9.999853516247189100e-01 9.999769301060871252e-01 9.999707490540625798e-01 9.999776133575649650e-01 9.999783609039818444e-01
9.999720416070213558e-01 9.999844855464973259e-01 9.999828056002517673e-01 9.999794793970036011e-01 9.999782404262758106e-01 9.999691913245203345e-01 9.999764841263181214e-01 9.999793298899469773e-01 9.999743599090855639e-01 9.999749969805289407e-01
9.999740895256475914e-01 9.999802015303258518e-01 9.999686634893216741e-01 9.999780141022032165e-01 9.999633568037372688e-01 9.999829540305884557e-01 9.999660198907469599e-01 9.999781678671184615e-01 9.999881387305359359e-01 9.999805186367688448e-01
9.999827343312946981e-01 9.999767078143397825e-01 9.999774773005480899e-01 9.999837408034286668e-01 9.999677439701790682e-01 9.999723357413211611e-01 9.999687478423199272e-01 9.999820502701151081e-01 9.999786884482564364e-01 9.999795387430144844e-01
9.999851099244245756e-01 9.999895335913735472e-01 9.999785948275103920e-01 9.999896896492593834e-01 9.999757990616986447e-01 9.999593799197113997e-01 9.999873526616348540e-01 9.999837425289905823e-01 9.999743124446305309e-01 9.999805367801970490e-01
9.999748878980198041e-01 9.999781834512251333e-01 9.999817759415370322e-01 9.999810038962766434e-01 9.999859291946323614e-01 9.999794042976702935e-01 9.999785725647546419e-01 9.999789640391787415e-01 9.999675885589872637e-01 9.999758301949402961e-01
9.999639967014841702e-01 9.999779102936682262e-01 9.999785403124621386e-01 9.999629542519860026e-01 9.999814688325091572e-01 9.999880368992710711e-01 9.999719345348069277e-01 9.999866961429780821e-01 9.999803026499550773e-01 9.999752554134329063e-01
9.999803869565251357e-01 9.999721152806488877e-01 9.999785850213033234e-01 9.999842605689897024e-01 9.999882237296818799e-01 9.999848746155570733e-01 9.999794189884537721e-01 9.999670421431053891e-01 9.999812633314970611e-01 9.999812325126750112e-01
9.999837368983384156e-01 9.999843606293663534e-01 9.999817270611753850e-01 9.999868183300385516e-01 9.999696101350210586e-01 9.999844841567526732e-01 9.999755162889923943e-01 9.999752884581725176e-01 9.999725189874624220e-01 9.999814993649008832e-01
9.999857769283012621e-01 9.999764886043535084e-01 9.999762760861892197e-01 9.999733420917189530e-01 9.999647498090074027e-01 9.999629486092712627e-01 9.999695714290764981e-01 9.999822073667203881e-01 9.999879072008099890e-01 9.999856896625476388e-01
9.999662198247009082e-01 9.999849429183245153e-01 9.999723197590723034e-01 9.999779295388526723e-01 9.999836455274303537e-01 9.999813732528071153e-01 9.999784953860826331e-01 9.999799679149709020e-01 9.999882819813591395e-01 9.999801897320572674e-01
9.999821115410418848e-01 9.999690025754011113e-01 9.999864319910113375e-01 9.999761095565069535e-01 9.999783284075759449e-01 9.999695299369742996e-01 9.999744950370472729e-01 9.999836452244846852e-01 9.999863315340988823e-01 9.999825056376953070e-01
9.999684236105106372e-01 9.999763496879225944e-01 9.999772642462404493e-01 9.999825097887502512e-01 9.999856364641838136e-01 9.999801353209868404e-01 9.999863900828623864e-01 9.999789438651804918e-01 9.999808336835899203e-01 9.999755477478005083e-01
9.999811620119359867e-01 9.999762969449256245e-01 9.999735446771000902e-01 9.999777178879332151e-01 9.999691039458283859e-01 9.999784789329181356e-01 9.999801913571878531e-01 9.999784018180370992e-01 9.999718581943063400e-01 9.999856272470787344e-01
9.999806052158866088e-01 9.999723618239427791e-01 9.999693611958947459e-01 9.999722190829617441e-01 9.999717355712364197e-01 9.999754489412481240e-01 9.999831226816496832e-01 9.999799802138553684e-01 9.999812298289409984e-01 9.999802391467148555e-01
9.999859398055196413e-01 9.999691623074566937e-01 9.999749917193648807e-01 9.999850364355806764e-01 9.999815251800666660e-01 9.999835444499215464e-01 9.999792182951150465e-01 9.999802334204851428e-01 9.999838542824611709e-01 9.999692952943974866e-01
9.999815943394960716e-01 9.999776946504678188e-01 9.999824353438636626e-01 9.999730383323157668e-01 9.999729937949864977e-01 9.999771487273330095e-01 9.999759901113461913e-01 9.999781453629352779e-01 9.999774355961943417e-01 9.999808879223845981e-01
9.999654444570287293e-01 9.999804276773531786e-01 9.999857127483618990e-01 9.999806856804343003e-01 9.999771554696328391e-01 9.999859826316801481e-01 9.999823351077888889e-01 9.999798143621001500e-01 9.999768448358680173e-01 9.999804874326309045e-01
9.999737347199464388e-01 9.999735738196081636e-01 9.999818960356490205e-01 9.999820311879390466e-01 9.999813868815693452e-01 9.999866022490877526e-01 9.999845877164516006e-01 9.999800980201793976e-01 9.999748969508152063e-01 9.999759931016927172e-01
9.999823934460484454e-01 9.999856940938258720e-01 9.999829881686723709e-01 9.999706806129521341e-01 9.999783169580443998e-01 9.999833539232115820e-01 9.999779112927682512e-01 9.999812964985688168e-01 9.999675928260735036e-01 9.999733610198806577e-01
9.999766919657956388e-01 9.999729205025221779e-01 9.999779599023488341e-01 9.999821398765483815e-01 9.999836486043498507e-01 9.999717617561038052e-01 9.999861331034886058e-01 9.999859741946066638e-01 9.999765066007365588e-01 9.999846504728053809e-01
9.999838091166779463e-01 9.999834441421390219e-01 9.999829492058116553e-01 9.999774191521648703e-01 9.999761786460085178e-01 9.999782923511221222e-01 9.999848141034263227e-01 9.999824046840679603e-01 9.999777345515935556e-01 9.999842234761209259e-01
9.999817157890925623e-01 9.999858807142077977e-01 9.999697671499333529e-01 9.999878256673141452e-01 9.999756997151810767e-01 9.999848379490138273e-01 9.999780529946292740e-01 9.999801443800252487e-01 9.999813696130653851e-01 9.999838323351966096e-01
9.999748445188879620e-01 9.999814817548583479e-01 9.999791957379573493e-01 9.999692467184108091e-01 9.999851280835628797e-01 9.999798505080854660e-01 9.999773548404417012e-01 9.999798506357443495e-01 9.999806448902039957e-01 9.999843939814448968e-01
9.999834478457986231e-01 9.999822308021829587e-01 9.999644827703282335e-01 9.999818351676358352e-01 9.999670399243671959e-01 9.999900165244086647e-01 9.999693335861903343e-01 9.999832513586036642e-01 9.999773557536546509e-01 9.999803971375368361e-01
9.999794823511677366e-01 9.999787275919808094e-01 9.999603254721401990e-01 9.999690974405015531e-01 9.999831276856420148e-01 9.999739684487115587e-01 9.999759164818206036e-01 9.999794145930647193e-01 9.999666829070656959e-01 9.999804783345113135e-01
9.999758544619702372e-01 9.999710803746506560e-01 9.999753334048107067e-01 9.999780161527963562e-01 9.999783229320982070e-01 9.999802270186385345e-01 9.999858962437608856e-01 9.999518609754328713e-01 9.999818120385776110e-01 9.999824765146381189e-01
9.999801740454081767e-01 9.999811595666753261e-01 9.999864161919352901e-01 9.999836869194673739e-01 9.999784767321517887e-01 9.999726664078372185e-01 9.999812965765073614e-01 9.999837687558760235e-01 9.999710765499290055e-01 9.999815248763070930e-01
9.999658708120302553e-01 9.999745031522415672e-01 9.999818499780779302e-01 9.999669361912774113e-01 9.999781661653798226e-01 9.999710800515886344e-01 9.999648547275861166e-01 9.999850694816345698e-01 9.999840995249045239e-01 9.999853575161700148e-01
9.999700814544747463e-01 9.999762391523839833e-01 9.999765134284042123e-01 9.999707336196224094e-01 9.999762404890415457e-01 9.999722266594338604e-01 9.999820805589283435e-01 9.999805413011211286e-01 9.999854867087573096e-01 9.999809729138852132e-01
9.999762950188806343e-01 9.999763384270181632e-01 9.999890565032184542e-01 9.999749005865459228e-01 9.999755160159061740e-01 9.999763321555120710e-01 9.999887765420076846e-01 9.999835993726878813e-01 9.999824025267761707e-01 9.999794427345435333e-01
9.999708113079528449e-01 9.999660993238201900e-01 9.999815440626674823e-01 9.999716915944037998e-01 9.999799227131698220e-01 9.999768206005460458e-01 9.999798887698352345e-01 9.999813282399948600e-01 9.999834013852746395e-01 9.999780704392994268e-01
9.999814592316362827e-01 9.999799506913753522e-01 9.999833668476243442e-01 9.999717439878624825e-01 9.999661128953045708e-01 9.999751923811536214e-01 9.999845809660656837e-01 9.999828044301509733e-01 9.999825876649399703e-01 9.999803639841138292e-01
9.999772178125355682e-01 9.999788319665945391e-01 9.999777106775502578e-01 9.999860385313139588e-01 9.999774371481680024e-01 9.999754300532792683e-01 9.999758823561543108e-01 9.999872757132970413e-01 9.999869429658424513e-01 9.999816661895749581e-01
9.999751927331939072e-01 9.999770813879789166e-01 9.999837662944338623e-01 9.999796866954915320e-01 9.999743570777456236e-01 9.999839732004514037e-01 9.999785271817157595e-01 9.999781013035639043e-01 9.999781650807053612e-01 9.999728121253704805e-01
9.999786224440480042e-01 9.999828719573553570e-01 9.999761635787274283e-01 9.999806055121225334e-01 9.999719715205425130e-01 9.999786091098014085e-01 9.999791431859081925e-01 9.999861441652736493e-01 9.999786172991688149e-01 9.999783671255637607e-01
9.999762311593062281e-01 9.999780488835096071e-01 9.999715701927482936e-01 9.999826619239243763e-01 9.999741773449478677e-01 9.999831208204108535e-01 9.999851723581199003e-01 9.999780344544910715e-01 9.999873923630101524e-01 9.999800116917023640e-01
9.999773379880211310e-01 9.999819759833699084e-01 9.999840520379381648e-01 9.999818372001191280e-01 9.999768687311580972e-01 9.999767556041256888e-01 9.999778106015049239e-01 9.999814343097277458e-01 9.999790656051527060e-01 9.999795297457414467e-01
9.999875661480064348e-01 9.999828405268181841e-01 9.999815232033169021e-01 9.999797014380600313e-01 9.999772652925780214e-01 9.999747742719531374e-01 9.999805396654767309e-01 9.999802499328885874e-01 9.999827138638787138e-01 9.999687527447301827e-01
9.999686821787198143e-01 9.999718188927544382e-01 9.999744440098466969e-01 9.999775804423849390e-01 9.999685766613904958e-01 9.999819431532482872e-01 9.999738319108061324e-01 9.999810785978608951e-01 9.999783099344566883e-01 9.999780155346729149e-01
9.999736049260671278e-01 9.999746892769435513e-01 9.999821493447923482e-01 9.999609080346013590e-01 9.999841310506555336e-01 9.999805437592429458e-01 9.999783257190270058e-01 9.999801241354016046e-01 9.999716862102877579e-01 9.999733714034593213e-01
9.999815541224402748e-01 9.999861153163948080e-01 9.999635356146013843e-01 9.999762849882770643e-01 9.999559450982150599e-01 9.999724305102577482e-01 9.999679852857147333e-01 9.999882033837060868e-01 9.999607508624810404e-01 9.999667204661338848e-01
9.999787147169679757e-01 9.999756686266937367e-01 9.999803938440566808e-01 9.999790267775002794e-01 9.999759698914832962e-01 9.999798607361894964e-01 9.999721823443343816e-01 9.999796705787015183e-01 9.999774815870484668e-01 9.999727788465030409e-01
9.999763025531598348e-01 9.999853078307417986e-01 9.999838803827177935e-01 9.999825312666199562e-01 9.999839234061567161e-01 9.999781910503411364e-01 9.999736349628595145e-01 9.999795271815486997e-01 9.999882110461610907e-01 9.999743085909482687e-01
9.999802866569096338e-01 9.999794554056891105e-01 9.999736713789186826e-01 9.999700670148143899e-01 9.999779939850966803e-01 9.999768679387351922e-01 9.999743599366578417e-01 9.999881593284176695e-01 9.999843122592622091e-01 9.999754386147886587e-01
9.999846025893971424e-01 9.999796718289258868e-01 9.999751403427560303e-01 9.999859334758172125e-01 9.999723222340172191e-01 9.999739912772747097e-01 9.999776938511071300e-01 9.999800788056226741e-01 9.999704187714130166e-01 9.999704602875406634e-01
