9.996541065173769613e-01 9.997034724620689206e-01 9.996796664172752367e-01 9.997089879259769551e-01 9.998537062388950236e-01 9.997359458577615987e-01 9.998367069201701263e-01 9.998478619128472467e-01 9.995641969665397530e-01 9.998008526147694752e-01
9.993815814050034385e-01 9.997244162603377005e-01 9.996733026289158497e-01 9.996393179831267739e-01 9.993233733927209261e-01 9.997185044508483109e-01 9.996566141885224743e-01 9.996181850405102542e-01 9.992990551888845108e-01 9.995047254310409635e-01
9.989096308653994116e-01 9.992467889527826275e-01 9.997515464163941878e-01 9.997778643079596739e-01 9.997784635055891878e-01 9.994327853866789013e-01 9.998136484108129940e-01 9.987836824300997396e-01 9.995217126677710118e-01 9.990696053297249968e-01
9.996466506971497523e-01 9.995966958139226310e-01 9.995584362103997478e-01 9.997680729420242995e-01 9.994033226618308507e-01 9.995669571898081474e-01 9.994243181894044703e-01 9.996509403253741599e-01 9.990587443948356627e-01 9.996182352454356934e-01
9.998020227453118247e-01 9.997420461398197622e-01 9.995649013387515325e-01 9.997644692231224539e-01 9.998033583118038914e-01 9.996577053254185330e-01 9.997249277370424680e-01 9.993969806007513279e-01 9.993555744690582054e-01 9.998559429631752593e-01
9.991662009848354398e-01 9.998082975351046953e-01 9.995546016150597124e-01 9.996924969915554904e-01 9.994679831260533387e-01 9.997085283313684734e-01 9.996417614385344486e-01 9.996570358172672810e-01 9.993884811567389503e-01 9.998789102096408143e-01
9.995185372525341450e-01 9.997053959718669169e-01 9.997670167959501475e-01 9.998292459115205588e-01 9.992872471024545344e-01 9.990797273409816048e-01 9.997375226268185866e-01 9.998108429759571258e-01 9.998749440455819704e-01 9.982692460311397564e-01
9.998066116113277779e-01 9.995416502219190980e-01 9.996723177123935100e-01 9.997559875562417320e-01 9.993375364080110401e-01 9.998363962761408485e-01 9.992480950352560232e-01 9.998359176164987039e-01 9.996871751080096402e-01 9.998507487638010893e-01
9.992391181771976827e-01 9.997127468431015185e-01 9.998133708824321619e-01 9.997723384911517686e-01 9.997989144145130735e-01 9.995904721605735066e-01 9.998883173135502123e-01 9.999165270174992237e-01 9.992856766510140876e-01 9.965119784102646205e-01
9.997646591352687961e-01 9.998653785400157812e-01 9.995237679273043518e-01 9.998604102293991991e-01 9.998440931411298749e-01 9.996934346895297585e-01 9.998415534496392088e-01 9.998102783260840454e-01 9.997534140151204118e-01 9.997692893580891749e-01
9.998541180199730372e-01 9.999221426225862741e-01 9.919668650709551061e-01 9.994605871961247390e-01 9.998259185189325438e-01 9.998408818190515079e-01 9.997535256370898571e-01 9.996951173634907040e-01 9.997102624854659059e-01 9.995837559472247058e-01
9.999136354896309697e-01 9.991927698560748583e-01 9.997457933217691606e-01 9.994468605686678275e-01 9.996882135360766197e-01 9.997111301375265491e-01 9.994636428386958205e-01 9.998407954969474876e-01 9.997337366485899990e-01 9.996986067500223117e-01
9.998660595878584578e-01 9.996947894206369423e-01 9.995472637334263943e-01 9.997113750650099551e-01 9.996761457492145952e-01 9.992242398273037951e-01 9.996367718934130453e-01 9.995179882279972006e-01 9.998148553184225129e-01 9.996263049867070150e-01
9.993320562555459974e-01 9.991828045049861995e-01 9.998039629546240370e-01 9.997119156315278365e-01 9.984657335156958968e-01 9.991145458591225159e-01 9.996345476816652642e-01 9.996813955011546460e-01 9.997100652047485880e-01 9.996987810547289799e-01
9.990747032142228701e-01 9.977893861919350238e-01 9.996273662474716160e-01 9.993812036364710938e-01 9.998328914858980454e-01 9.994714526037548064e-01 9.991034643172544971e-01 9.990797770937823730e-01 9.989392602562704448e-01 9.997498846219428081e-01
9.994986348206927884e-01 9.994221822426054835e-01 9.993503120439484189e-01 9.997062766047863924e-01 9.998341171284835793e-01 9.997870169584972544e-01 9.996277293515121176e-01 9.997341247608321213e-01 9.994544560055143023e-01 9.995139041829281812e-01
9.991651128215168765e-01 9.996963565034243659e-01 9.995208627943866775e-01 9.996038132010862665e-01 9.995352767594009036e-01 9.997201986245726202e-01 9.997352598491662246e-01 9.998286633926007916e-01 9.997714520544451755e-01 9.987204700947228675e-01
9.997512018425521729e-01 9.995966105505683652e-01 9.988759267604278014e-01 9.998025260131422343e-01 9.996429629517658011e-01 9.996577865859815892e-01 9.997988233895961363e-01 9.997122684157353500e-01 9.992786901808572431e-01 9.994707814940044788e-01
9.995883758186127066e-01 9.998468584821225136e-01 9.998677327654715841e-01 9.993717692017389798e-01 9.998391872025322868e-01 9.997486694602027990e-01 9.998174865724802629e-01 9.997015985462957000e-01 9.992775684227922506e-01 9.996195407623782447e-01
9.997956033002136644e-01 9.996347008397461487e-01 9.998058330992110054e-01 9.995924660232018422e-01 9.997005631727053920e-01 9.992886149392001816e-01 9.995911344260557385e-01 9.997503461144210402e-01 9.997095670685045565e-01 9.998233564739649193e-01
9.997245115477635391e-01 9.998774735022124549e-01 9.995886480296751753e-01 9.997611355845326120e-01 9.995989500910363867e-01 9.998802238836764777e-01 9.996030079774422816e-01 9.994996551789858685e-01 9.950903377900106594e-01 9.995908811326373877e-01
9.998074624567631075e-01 9.997806080124121975e-01 9.997614577325167895e-01 9.997630907984705884e-01 9.997109378498981735e-01 9.995978786885210132e-01 9.989054220175542786e-01 9.992553448166848762e-01 9.998246894729555523e-01 9.996241448313440969e-01
9.996400124314244184e-01 9.997584211490773143e-01 9.994482198968315245e-01 9.996782529137534512e-01 9.995095639439295354e-01 9.990554960926120165e-01 9.992998658018162894e-01 9.998514264241782357e-01 9.992952779013358766e-01 9.993885867142613399e-01
9.998475680552159073e-01 9.993786088205039997e-01 9.993575191979194861e-01 9.997239971187821261e-01 9.995810800557102249e-01 9.995345399766121242e-01 9.997347652317639666e-01 9.995911085436489651e-01 9.997702710097228218e-01 9.997712860508204402e-01
9.999001575901453887e-01 9.997340617074029767e-01 9.996890415544197328e-01 9.996808818501886629e-01 9.995253021444446828e-01 9.996537295481493501e-01 9.988748329351767596e-01 9.996394165794389997e-01 9.997901525164385461e-01 9.993418701881094934e-01
9.997263940085581169e-01 9.993397803992267736e-01 9.996718193260255569e-01 9.998157167038114190e-01 9.995074018984215769e-01 9.996642810344513741e-01 9.998298121454396448e-01 9.997497999017934678e-01 9.991666683090613121e-01 9.996545388253487152e-01
9.998166655183314822e-01 9.997028942100401050e-01 9.998256520085416765e-01 9.998033754757781333e-01 9.997415584230343599e-01 9.998659705564746369e-01 9.998153180064998091e-01 9.997504743199358002e-01 9.983813919272126469e-01 9.993652626121152238e-01
9.995108222453523705e-01 9.993267652972797066e-01 9.996796098651842266e-01 9.996791733148642223e-01 9.994929110877203149e-01 9.997751734414044300e-01 9.995521525242201388e-01 9.997869005386205155e-01 9.991167380031561462e-01 9.996185182096303246e-01
9.996827521050817289e-01 9.997064874510187549e-01 9.997510612264176588e-01 9.996802201150998268e-01 9.997683039884333045e-01 9.999610353193523204e-01 9.993466241906362457e-01 9.996968469230479437e-01 9.995751178586532726e-01 9.996456477057846790e-01
9.998596863039840299e-01 9.998181221389250695e-01 9.994954404301154005e-01 9.997706485501598461e-01 9.998570535351902766e-01 9.993868564778349839e-01 9.997369022806705807e-01 9.994997932015020625e-01 9.997213215007775267e-01 9.992335951404628380e-01
9.998407259306135719e-01 9.995014281424543512e-01 9.997603372954702028e-01 9.997627883681444727e-01 9.996230793225120426e-01 9.975412962663644523e-01 9.992348682137490723e-01 9.995821668277125038e-01 9.997051887915562318e-01 9.998292985113816922e-01
9.995763151230849797e-01 9.993674945988707536e-01 9.998249148589563040e-01 9.998887694845245422e-01 9.998084250807356410e-01 9.998270968705933459e-01 9.997756223629126193e-01 9.996395250070770899e-01 9.997513161065133547e-01 9.996953541189635972e-01
9.996182208076770381e-01 9.994096249167230273e-01 9.995845124985982544e-01 9.997407682465280221e-01 9.984984899132803848e-01 9.993885275340473884e-01 9.996183980456149198e-01 9.995237657810471799e-01 9.997202076690577810e-01 9.995353894856630061e-01
9.996726185544475562e-01 9.996771947928444479e-01 9.990348065429799362e-01 9.995803196429966508e-01 9.993398154285990653e-01 9.996830711104890410e-01 9.997596267984382168e-01 9.996766838491816243e-01 9.998546194216576533e-01 9.996644737894109234e-01
9.997696848072818998e-01 9.997751990058193483e-01 9.997084144943459982e-01 9.996760905532763308e-01 9.995386251165129243e-01 9.998683477244714179e-01 9.997865651833045542e-01 9.997125290613804172e-01 9.998338266227012605e-01 9.995429399378615853e-01
9.995690383575799309e-01 9.997514929218966895e-01 9.998114428406335019e-01 9.998338670986591792e-01 9.994738407850844997e-01 9.997905329734424473e-01 9.997257697069983351e-01 9.998283704954110673e-01 9.998460264261317398e-01 9.993874624433592979e-01
9.997698508557285590e-01 9.992943364212054647e-01 9.998227989294408147e-01 9.997172765358122160e-01 9.996769646344589866e-01 9.993677715174559273e-01 9.996144766809339499e-01 9.997202586788658252e-01 9.994973100333890415e-01 9.997949219329244075e-01
9.992711555934900014e-01 9.997540967920215405e-01 9.994354937835575603e-01 9.996251935862404681e-01 9.995044979947540487e-01 9.993224722942682936e-01 9.998968854054616218e-01 9.998659946109481611e-01 9.996634284370646828e-01 9.998736607307442403e-01
9.997609931000508432e-01 9.992877787344780494e-01 9.997249180128575663e-01 9.996998891746827764e-01 9.995475063499363877e-01 9.997738409106885493e-01 9.998575388932898766e-01 9.997070798938320069e-01 9.996952069610866021e-01 9.997529021278177552e-01
9.996710130826060858e-01 9.996318118060272262e-01 9.997308939221393187e-01 9.992873589166907378e-01 9.994149568171198927e-01 9.994262566469397369e-01 9.996398092583569372e-01 9.997463466109914876e-01 9.997414247462634851e-01 9.988510872148765873e-01
9.997038101822457445e-01 9.999247086079076086e-01 9.997482844830768434e-01 9.994278570643886361e-01 9.995403137492899770e-01 9.996540192663475599e-01 9.996841544243660893e-01 9.997129100298540738e-01 9.998752098609799965e-01 9.996262104501805190e-01
9.997380307167764713e-01 9.996393796405359522e-01 9.997024617531192758e-01 9.997928145818485435e-01 9.990042123263611629e-01 9.996379528123832126e-01 9.987881291899328717e-01 9.997953319261903005e-01 9.995530563017098746e-01 9.993558222766563137e-01
9.997183225816168584e-01 9.996778497220782933e-01 9.997962310979174871e-01 9.996324973154073756e-01 9.998137060537078957e-01 9.995973896806268355e-01 9.988863129160910903e-01 9.996565603699822944e-01 9.997422256182940670e-01 9.996992632023833369e-01
9.993628905282094799e-01 9.995737989629046583e-01 9.995063398172229219e-01 9.996470879450952696e-01 9.992757621570401705e-01 9.997580548512942089e-01 9.995297048375770821e-01 9.994715301819211417e-01 9.996846225725134483e-01 9.997691624501681140e-01
9.998246645674752076e-01 9.997106264157500366e-01 9.994579204163238639e-01 9.997888357909641144e-01 9.997633383593352852e-01 9.994458838844847426e-01 9.995709675107773418e-01 9.997997791788085786e-01 9.990996592844193502e-01 9.990942637169233365e-01
9.997639024956459508e-01 9.995983456014473356e-01 9.999058087665563255e-01 9.995680765766712383e-01 9.997444977774802011e-01 9.997691242738030448e-01 9.993107650800436836e-01 9.995590307750163994e-01 9.997053247047826829e-01 9.996393432039498705e-01
9.992199046866211409e-01 9.998517785052369877e-01 9.998607101369195727e-01 9.998619859135787769e-01 9.991867464868564586e-01 9.998317242220453593e-01 9.999242402689996201e-01 9.997622800590882930e-01 9.993825830393561205e-01 9.998543946607540978e-01
9.983003980736763205e-01 9.995706604626811709e-01 9.995955776464886533e-01 9.998205702291589336e-01 9.997140188037020314e-01 9.990911725869631166e-01 9.993131931150182057e-01 9.997518287740112530e-01 9.998514065672911011e-01 9.994656601149223274e-01
9.985446794625755240e-01 9.996252961821743277e-01 9.998623048263515223e-01 9.995319114700772500e-01 9.998514889475079714e-01 9.996127111005411736e-01 9.999111528319000186e-01 9.997621423889352377e-01 9.997745841066663086e-01 9.996062515104393587e-01
9.996936134097104132e-01 9.998413531830480094e-01 9.995153044889488747e-01 9.997438612106135380e-01 9.997639963434171717e-01 9.997506789780971070e-01 9.994682108572999768e-01 9.996784647207705987e-01 9.995322979299197108e-01 9.995514576308002219e-01
9.998254858328894379e-01 9.997827972298456434e-01 9.998858340684028123e-01 9.989142954214982328e-01 9.996990156348954937e-01 9.996134017787948745e-01 9.993312044048503484e-01 9.997080189564419017e-01 9.996387276508714725e-01 9.996790988699408853e-01
9.997843213819138652e-01 9.998889597599277534e-01 9.997457784496107669e-01 9.995203083907101549e-01 9.998435993081000728e-01 9.996690252192679260e-01 9.998547493269998032e-01 9.998013234251967862e-01 9.997793999730817394e-01 9.997995810723575572e-01
9.998348261320526564e-01 9.996648492018727072e-01 9.995082398574289817e-01 9.997219481727643853e-01 9.998475443703123133e-01 9.995720786843893535e-01 9.996537819705282324e-01 9.993475530457899270e-01 9.997102928544723266e-01 9.996451157150278988e-01
9.998949928063031178e-01 9.997717084221148243e-01 9.996005233285206737e-01 9.975695276444161985e-01 9.996175621483435192e-01 9.988182509820257016e-01 9.992912458469374037e-01 9.996081536468378603e-01 9.995216373222127748e-01 9.997274944523120155e-01
9.995864994173623286e-01 9.998686354537402732e-01 9.990583136046937707e-01 9.997302899328085468e-01 9.997412612998994863e-01 9.986491960393947265e-01 9.997446808148044983e-01 9.991236968604815250e-01 9.996153629687097864e-01 9.995115179265092742e-01
9.996708982069426597e-01 9.996556562294101056e-01 9.997774487140398403e-01 9.987727693631222037e-01 9.996617915497574280e-01 9.992835614039724534e-01 9.997334160701761840e-01 9.996713196528735912e-01 9.998462103819534263e-01 9.996061046063225985e-01
9.994054942696126709e-01 9.988363195492541147e-01 9.995700225610871792e-01 9.990015652561013981e-01 9.997398134832351513e-01 9.995722326389885337e-01 9.994813023772551874e-01 9.982165741506540124e-01 9.997799567107638063e-01 9.997135650148653019e-01
9.996731624536475680e-01 9.999256932514338780e-01 9.994626253554400597e-01 9.990685576292077652e-01 9.996300807876397077e-01 9.995231528140456900e-01 9.992517838151667720e-01 9.998699660385147459e-01 9.995018509050948019e-01 9.988470705020733309e-01
9.997189349174565587e-01 9.998180608692966986e-01 9.997666393124983175e-01 9.997637008434325789e-01 9.983582572407290190e-01 9.997943307428778237e-01 9.997503948327935985e-01 9.995672406542626121e-01 9.998826360497733434e-01 9.999210028531594352e-01
9.992752110948598387e-01 9.997768592764431084e-01 9.997050990378639757e-01 9.997620871113573893e-01 9.995380615093172327e-01 9.995195564884682415e-01 9.997199087450745481e-01 9.997500115028130629e-01 9.997797989431148613e-01 9.992677638584596123e-01
9.998320430484823884e-01 9.996830177420172880e-01 9.996332072813218783e-01 9.997704636182910276e-01 9.998189995457015256e-01 9.998425994555072416e-01 9.997659551401792966e-01 9.998546157219829755e-01 9.992582732378363364e-01 9.998220905184215246e-01
9.997746570118123399e-01 9.998697606127607829e-01 9.992282624516454215e-01 9.993580374496546792e-01 9.996503926893224312e-01 9.997963593741758803e-01 9.997444624353449827e-01 9.997266859603308742e-01 9.993881723213347001e-01 9.986980095781092803e-01
9.996478204414129820e-01 9.997900029030353242e-01 9.998962896478778006e-01 9.996603977075770864e-01 9.998186307930219119e-01 9.995767930122668732e-01 9.994118370354171388e-01 9.993228754546190640e-01 9.996558592461909365e-01 9.998702901594133108e-01
9.997909347025835114e-01 9.994902927702127293e-01 9.997203314247471440e-01 9.997489678524449364e-01 9.994746630625909178e-01 9.998131440577838758e-01 9.997079851108466864e-01 9.997373388155327278e-01 9.998244151845508965e-01 9.998465082618540611e-01
9.998503624958552383e-01 9.999352425406767830e-01 9.998113081671988756e-01 9.996304581057248173e-01 9.997799495200911934e-01 9.997324713177595523e-01 9.997252042665543126e-01 9.997685380879035577e-01 9.997140632492043100e-01 9.996510470033481699e-01
9.993858096490326748e-01 9.981037227000041367e-01 9.996705886411512143e-01 9.995709199120782484e-01 9.996644059425896511e-01 9.994598772302427658e-01 9.997462905294005608e-01 9.998691929825114233e-01 9.997586784063438037e-01 9.997135467689324262e-01
9.995985155817271872e-01 9.998858745743250953e-01 9.996898281346270343e-01 9.996641379324994192e-01 9.995088716651054916e-01 9.997437984552205448e-01 9.996844614546110952e-01 9.991655280933123828e-01 9.993999415736515290e-01 9.994919763920995237e-01
9.998192605472521199e-01 9.997082366836748113e-01 9.995940349847259876e-01 9.996921774943344774e-01 9.998841811466264717e-01 9.997339417009775131e-01 9.998104392186532019e-01 9.997225617394777109e-01 9.997731914183648483e-01 9.996187635935720461e-01
9.989038106764358549e-01 9.995973050087056944e-01 9.997088435186822775e-01 9.992534859855941587e-01 9.994650232691524305e-01 9.991183989483842787e-01 9.996830204596661718e-01 9.997442290396325593e-01 9.998852157042192879e-01 9.997998132351898493e-01
9.996884326638459939e-01 9.996712296487639815e-01 9.996964736988278588e-01 9.998362196973905602e-01 9.988692440164623765e-01 9.990536066803632487e-01 9.996991172472473597e-01 9.998352491683994980e-01 9.991867584835097960e-01 9.990627260693369927e-01
9.997026419320471646e-01 9.997491778540319451e-01 9.997997632470779772e-01 9.997105181775485239e-01 9.993378126666482286e-01 9.993076658154557146e-01 9.997637881239501700e-01 9.994339824355934487e-01 9.997957210277964579e-01 9.995373589794995794e-01
9.998573474388040561e-01 9.996401351529503598e-01 9.998612747069803852e-01 9.995782075896200158e-01 9.997156248476202212e-01 9.994472161187540893e-01 9.998227081485052681e-01 9.998917638801343433e-01 9.998204363832298158e-01 9.998006776710361976e-01
9.985650589020416135e-01 9.997897314268430202e-01 9.989242995513181178e-01 9.997859016231982476e-01 9.994115289201283003e-01 9.998937986716233128e-01 9.997416048872574956e-01 9.996646558067602273e-01 9.995650854034547894e-01 9.997381892827811312e-01
9.995076487098925044e-01 9.997269210535256745e-01 9.996201647774263233e-01 9.997427226988772064e-01 9.996772457478270146e-01 9.994543077810620346e-01 9.997650037777050525e-01 9.994241562205203877e-01 9.994823826514902532e-01 9.998407071111755640e-01
9.991180847707992196e-01 9.992904021039540341e-01 9.997065953139543382e-01 9.995594113880338361e-01 9.997719828401654407e-01 9.995400515396022367e-01 9.996266213601870954e-01 9.994612816448741333e-01 9.997787851173471907e-01 9.997013138438244351e-01
9.998768318456717763e-01 9.997466560436961691e-01 9.999254556408392336e-01 9.990456518831379862e-01 9.997429625689520094e-01 9.997277643461006669e-01 9.996949746722734176e-01 9.995503152491956866e-01 9.997912237021363557e-01 9.997198402851933396e-01
9.991288802986668660e-01 9.998011095351916344e-01 9.995489337256883156e-01 9.996978845661407265e-01 9.994695678009251072e-01 9.998376954578513942e-01 9.993970724366146863e-01 9.973904183319406425e-01 9.980722966469454116e-01 9.997231204789820413e-01
9.996455160465343992e-01 9.996117793863652512e-01 9.995939439674168536e-01 9.998521459795171040e-01 9.994525324293879187e-01 9.992959391866138574e-01 9.997260079788230502e-01 9.992011625197220193e-01 9.997946594347943972e-01 9.996107072111426461e-01
9.998264360247834937e-01 9.998495256236606954e-01 9.999179653610636986e-01 9.995944540384507082e-01 9.998430218586890073e-01 9.996235716512591463e-01 9.999038525508394670e-01 9.998549899604755042e-01 9.996191956061415418e-01 9.998909053804481140e-01
9.996870799555990228e-01 9.997613448183454432e-01 9.994277727695273228e-01 9.996431538444647824e-01 9.997205257428797287e-01 9.996203644720114134e-01 9.996592886723378868e-01 9.995361851386495022e-01 9.996403500344469562e-01 9.997568275379643543e-01
9.995188884906782700e-01 9.998246320703748635e-01 9.997498304012967241e-01 9.997605613243417677e-01 9.997579983208770837e-01 9.996489103370543861e-01 9.996559079287057337e-01 9.996083580627128651e-01 9.995665111262095337e-01 9.996755040543029436e-01
9.998069208042031919e-01 9.998172965795489864e-01 9.998745083018384383e-01 9.998347995138644473e-01 9.958061875182755429e-01 9.998095720537860664e-01 9.998796685137407714e-01 9.997871857443365595e-01 9.999413384558109019e-01 9.997860846244326360e-01
9.999210906201144722e-01 9.996896539424303674e-01 9.997320136672621649e-01 9.996461361138043733e-01 9.995741252487398976e-01 9.996743428594970782e-01 9.996963815151655997e-01 9.997251471513759480e-01 9.996496657537623509e-01 9.997886421261324985e-01
9.996140003552727027e-01 9.996865532723089309e-01 9.993284478160290307e-01 9.996899700609276351e-01 9.996487422852007310e-01 9.991707227612919295e-01 9.996206775101509345e-01 9.995026935091161358e-01 9.996987539473962681e-01 9.987089102490346315e-01
9.997113989125451239e-01 9.993910986688996356e-01 9.997426351065877848e-01 9.997417931084091602e-01 9.994981812359888806e-01 9.998026032870095392e-01 9.993283788244285981e-01 9.992843239762223551e-01 9.997565381781685634e-01 9.987608579265384590e-01
9.998650195469079849e-01 9.997398631029986715e-01 9.995850957995386921e-01 9.996366419365591005e-01 9.993257845980980658e-01 9.997826590954471682e-01 9.994611222276517104e-01 9.996527195173803282e-01 9.996791013056974817e-01 9.994295834940244427e-01
9.996177589445283118e-01 9.998086794326133120e-01 9.993112613585729553e-01 9.997823999908768133e-01 9.997005504923421881e-01 9.997242500637105733e-01 9.997750499455272388e-01 9.998352850805002356e-01 9.997248804292822033e-01 9.995157518245403327e-01
9.993506037322886781e-01 9.998347359511575716e-01 9.996975166504953325e-01 9.994469663706644358e-01 9.998743894633502771e-01 9.912346460171913565e-01 9.985733696956168304e-01 9.995288202488947782e-01 9.997541676370489405e-01 9.997608023468269600e-01
9.997144666609243391e-01 9.997420236701221041e-01 9.998237509020785341e-01 9.998418137998068556e-01 9.996489595639863612e-01 9.995644078940932875e-01 9.998096568958234620e-01 9.997318654437916674e-01 9.986536071489438005e-01 9.996953595383077928e-01
9.997226257855418297e-01 9.997201861524313005e-01 9.998929626129673398e-01 9.997429429951554258e-01 9.996867091636164604e-01 9.998106517879634669e-01 9.998262357201510575e-01 9.998398051705620349e-01 9.998866445235744527e-01 9.997135484856652932e-01
9.994783572254124504e-01 9.997961163150572705e-01 9.998181031605439806e-01 9.996436067088743105e-01 9.997418345366394510e-01 9.997707472556219832e-01 9.998182614656256906e-01 9.997271471474308280e-01 9.998373719360728051e-01 9.996347782063061960e-01
9.997724311909613748e-01 9.994512581389212169e-01 9.999131409614595567e-01 9.997295721959128523e-01 9.998346609527124507e-01 9.998305619518352838e-01 9.994208107209040515e-01 9.996147090740262753e-01 9.995954961789171866e-01 9.996521474716804079e-01
9.995315710455864311e-01 9.998496681783455298e-01 9.998279076221006090e-01 9.996438789246573364e-01 9.988023889528019339e-01 9.996747321404644282e-01 9.999421869186821965e-01 9.998069688255796228e-01 9.997776925704773276e-01 9.997227875554121068e-01
9.997388160218889652e-01 9.998963632814932279e-01 9.997540549286811906e-01 9.997024011692313694e-01 9.998060986332989453e-01 9.998175077950628431e-01 9.997904402247654865e-01 9.996893891205091975e-01 9.997985805423684758e-01 9.997199864249033396e-01
9.999189887513680874e-01 9.997882684660379660e-01 9.997914611910041494e-01 9.998017668207995756e-01 9.996436305006186629e-01 9.997563323969851368e-01 9.998468670057277796e-01 9.996818531895323989e-01 9.996403525907843202e-01 9.993314586771667729e-01
9.995727635515972986e-01 9.998187917329363072e-01 9.993004719303433259e-01 9.998127032859093211e-01 9.987023944065729353e-01 9.994882889254512737e-01 9.997536580683390461e-01 9.998842029773387097e-01 9.994997614914784556e-01 9.995248112999078893e-01
9.996686652921084049e-01 9.998042064897414427e-01 9.998558062591926809e-01 9.998974851748457793e-01 9.997384345261873806e-01 9.969188882274735430e-01 9.997076647158782414e-01 9.994147410983565960e-01 9.996059301271456032e-01 9.992172303334404537e-01
9.985117580311794194e-01 9.997811243742236176e-01 9.998195453273091005e-01 9.999205935966817282e-01 9.995439263882445191e-01 9.997391513466982182e-01 9.996703615002724419e-01 9.997736086034673120e-01 9.998298046737397193e-01 9.994499938347972678e-01
9.996200731580822119e-01 9.999384407567718513e-01 9.994659978027060632e-01 9.998723566735998602e-01 9.994818491747887723e-01 9.995862224132223695e-01 9.996527470397037485e-01 9.998862406849207130e-01 9.995700460677365840e-01 9.995065716729549798e-01
9.995424732203039841e-01 9.993088120672578567e-01 9.998144146550650424e-01 9.998757742129916748e-01 9.993031747616699656e-01 9.998005247320629341e-01 9.990598408997592994e-01 9.998138624862873414e-01 9.996058307810112842e-01 9.997005914665257897e-01
