9.999878016753638299e-01 9.999916005053662849e-01 9.999851685087212116e-01 9.999938020512200154e-01 9.999881521575901822e-01 9.999932401019521189e-01 9.999930904349791927e-01 9.999838273071309791e-01 9.999893688980420192e-01 9.999851953113405578e-01
9.999859605244432181e-01 9.999935816966885049e-01 9.999844622225931845e-01 9.999920723637603093e-01 9.999772427569048050e-01 9.999898584814974623e-01 9.999922176498997617e-01 9.999715463635399093e-01 9.999922372881081545e-01 9.999873451005063529e-01
9.999848287287854687e-01 9.999916208781168825e-01 9.999829503346835402e-01 9.999924151175625386e-01 9.999939997129242419e-01 9.999856413469424554e-01 9.999948987346568563e-01 9.999914823118211116e-01 9.999900136563459885e-01 9.999923827794700015e-01
9.999862187207190223e-01 9.999883709618896388e-01 9.999882680787500755e-01 9.999886123124430704e-01 9.999909664919689467e-01 9.999888898712396834e-01 9.999928012079165596e-01 9.999945896941759838e-01 9.999798174547951390e-01 9.999922216499993466e-01
9.999944978055560485e-01 9.999894508454367781e-01 9.999905209725563626e-01 9.999769587528652970e-01 9.999942657647172828e-01 9.999941555065817722e-01 9.999895192538273969e-01 9.999936382718972450e-01 9.999872153440761968e-01 9.999857080436473922e-01
9.999859094249029523e-01 9.999882086775492285e-01 9.999919278641016263e-01 9.999914992016853965e-01 9.999937760736593573e-01 9.999929244689761410e-01 9.999889535429937748e-01 9.999910254056156855e-01 9.999883886534456368e-01 9.999932643269721089e-01
9.999898658502811566e-01 9.999830390815752645e-01 9.999888814955786298e-01 9.999898512769317405e-01 9.999908088987788934e-01 9.999948954407380519e-01 9.999889679239971629e-01 9.999881573122443301e-01 9.999907728770051074e-01 9.999868945323017178e-01
9.999888904129631273e-01 9.999919602192789414e-01 9.999896344641723278e-01 9.999951963131962218e-01 9.999855238698130977e-01 9.999805785929475332e-01 9.999925734380061826e-01 9.999918745284279709e-01 9.999890561285651458e-01 9.999804963915455147e-01
9.999927005450927053e-01 9.999740732950643807e-01 9.999863076043711274e-01 9.999950425278918420e-01 9.999940474044280991e-01 9.999915770056083675e-01 9.999954294784857423e-01 9.999922137226637808e-01 9.999962887589429750e-01 9.999864892806112904e-01
9.999814216380955578e-01 9.999875355704204161e-01 9.999869472085054500e-01 9.999904704409602330e-01 9.999931065418731224e-01 9.999939076272787997e-01 9.999942127405672121e-01 9.999865593383915341e-01 9.999889391455880627e-01 9.999896666408291113e-01
9.999891875680042563e-01 9.999902422939018765e-01 9.999877171390472164e-01 9.999872858056159108e-01 9.999853802239790923e-01 9.999889771985750464e-01 9.999861458888817944e-01 9.999909131536446338e-01 9.999834280308358414e-01 9.999928219112665939e-01
9.999886680152125784e-01 9.999912881699039024e-01 9.999917537271861834e-01 9.999843006070812113e-01 9.999858436103713499e-01 9.999940588538588360e-01 9.999926760509580959e-01 9.999899591998582249e-01 9.999877769641046799e-01 9.999913961939935758e-01
9.999947157256907637e-01 9.999907828528029619e-01 9.999831200157770494e-01 9.999943799186741256e-01 9.999916376045028255e-01 9.999949566368462328e-01 9.999872346011892121e-01 9.999823767332748359e-01 9.999956381387906656e-01 9.999918230905746608e-01
9.999939019243434535e-01 9.999864447872982565e-01 9.999860919624391498e-01 9.999894958091493091e-01 9.999942033642691408e-01 9.999871663619176454e-01 9.999906004966522266e-01 9.999898288571605898e-01 9.999886753444779952e-01 9.999934558264387263e-01
9.999926959192039222e-01 9.999731249297822977e-01 9.999941783350234648e-01 9.999903869260130529e-01 9.999865972752721710e-01 9.999950453757404656e-01 9.999904534037515891e-01 9.999903487279602210e-01 9.999827849691357295e-01 9.999857523754053235e-01
9.999951945376654994e-01 9.999857225061452581e-01 9.999789172349603517e-01 9.999945629784610102e-01 9.999858242833378208e-01 9.999894225297242256e-01 9.999908622829835059e-01 9.999950369032809538e-01 9.999847905039667140e-01 9.999907232828501025e-01
9.999891741709646675e-01 9.999938173181172063e-01 9.999930797415191863e-01 9.999944157715968673e-01 9.999899725870765588e-01 9.999912559501695775e-01 9.999913460637918083e-01 9.999887345262008509e-01 9.999901289001934535e-01 9.999845898837437241e-01
9.999950820315407496e-01 9.999937592340758519e-01 9.999907369324653184e-01 9.999882564229068960e-01 9.999919888835989701e-01 9.999844899909817730e-01 9.999943485960262057e-01 9.999871563779370032e-01 9.999809939622850141e-01 9.999941068426105861e-01
9.999956135339470586e-01 9.999891186074071348e-01 9.999838669580862760e-01 9.999842461859931309e-01 9.999844665729603621e-01 9.999938715316227800e-01 9.999932220499773150e-01 9.999876267266201157e-01 9.999875991508206940e-01 9.999889154070937813e-01
9.999962081903179811e-01 9.999952575288880707e-01 9.999878775484659643e-01 9.999839562208487909e-01 9.999966531623566413e-01 9.999913248653157227e-01 9.999923884433852272e-01 9.999845628674032261e-01 9.999931061854199221e-01 9.999924745721419095e-01
9.999892470683030554e-01 9.999906164428900013e-01 9.999962593919105025e-01 9.999836121217424711e-01 9.999884568091960135e-01 9.999918213703266057e-01 9.999869392086349063e-01 9.999793794422775495e-01 9.999869274902226657e-01 9.999962307106217141e-01
9.999945485802427259e-01 9.999940517947462082e-01 9.999930357522350821e-01 9.999904321976326171e-01 9.999771305066906812e-01 9.999878090089037164e-01 9.999864203620768555e-01 9.999921296202183285e-01 9.999887057409408975e-01 9.999847422072836167e-01
9.999934845483999801e-01 9.999893736340825789e-01 9.999891278498937996e-01 9.999926643422467620e-01 9.999882872012121338e-01 9.999875413362754317e-01 9.999905945528545503e-01 9.999956503303778499e-01 9.999855409111388926e-01 9.999858217030951346e-01
9.999870294905905954e-01 9.999942041295978301e-01 9.999919214630991204e-01 9.999953077606886787e-01 9.999926026476079199e-01 9.999920844732277381e-01 9.999850258796443292e-01 9.999875119201561136e-01 9.999908611921635160e-01 9.999815281122913513e-01
9.999903957839987312e-01 9.999884916867861628e-01 9.999921776570446230e-01 9.999939983629643203e-01 9.999912639725954122e-01 9.999860387338005419e-01 9.999914756506970148e-01 9.999912869429908868e-01 9.999917472314298061e-01 9.999940807618542538e-01
9.999873666977190378e-01 9.999872898151989098e-01 9.999863689580771320e-01 9.999949222791785219e-01 9.999918867772166209e-01 9.999870670191132183e-01 9.999701686918909260e-01 9.999922823081353052e-01 9.999900241096036924e-01 9.999864667427103004e-01
9.999891624044247029e-01 9.999926581790277158e-01 9.999927346649621906e-01 9.999956862988446105e-01 9.999859384174122345e-01 9.999934220881089297e-01 9.999901646475836126e-01 9.999929708371253501e-01 9.999926769532754278e-01 9.999915847595720608e-01
9.999905472556670505e-01 9.999864731284916486e-01 9.999928854586473959e-01 9.999900029674130275e-01 9.999903190037293665e-01 9.999824469855105313e-01 9.999863240647366425e-01 9.999900450943389751e-01 9.999827675612938949e-01 9.999868386434891399e-01
9.999819234850755301e-01 9.999878994622596329e-01 9.999852936505465584e-01 9.999809255396957530e-01 9.999924726750432091e-01 9.999965164698256803e-01 9.999931751828171622e-01 9.999896971627693087e-01 9.999890191867866207e-01 9.999876678239454364e-01
9.999920970314951640e-01 9.999904051510384306e-01 9.999912034618870793e-01 9.999929095333152107e-01 9.999912720420639500e-01 9.999846435123606048e-01 9.999840241863919843e-01 9.999939225111169616e-01 9.999907363780247138e-01 9.999881317447654183e-01
9.999911890021189187e-01 9.999918195988229952e-01 9.999904687899384692e-01 9.999880751545595636e-01 9.999848884930937487e-01 9.999883187746367863e-01 9.999921004603952168e-01 9.999930703222207340e-01 9.999811208711443244e-01 9.999878374460080543e-01
9.999868646127216820e-01 9.999898879696859089e-01 9.999839864639922249e-01 9.999915996586296041e-01 9.999914414159785103e-01 9.999951800263762181e-01 9.999868340334951977e-01 9.999946309324904137e-01 9.999885117235777221e-01 9.999925249394360227e-01
9.999947605207982759e-01 9.999962629975657213e-01 9.999913021615410846e-01 9.999877143751051412e-01 9.999939547332435952e-01 9.999873555575675699e-01 9.999854871511213439e-01 9.999822718836315349e-01 9.999878517915945508e-01 9.999733079956882875e-01
9.999838942829211152e-01 9.999875781866520708e-01 9.999804821826824286e-01 9.999903481290837171e-01 9.999756415202344373e-01 9.999846273730086388e-01 9.999937015038946608e-01 9.999847458860015026e-01 9.999886224579030980e-01 9.999880326483260307e-01
9.999910741200798148e-01 9.999928949549700130e-01 9.999858457770646192e-01 9.999872552676509763e-01 9.999879735434921146e-01 9.999865805356152881e-01 9.999891607612557687e-01 9.999887335908007602e-01 9.999893468893722437e-01 9.999925271819827266e-01
9.999923119480951250e-01 9.999959427474569562e-01 9.999806335940507607e-01 9.999885962093388869e-01 9.999884913026949596e-01 9.999927242129444949e-01 9.999927750130744863e-01 9.999908707543142539e-01 9.999929683375435863e-01 9.999954500834444815e-01
9.999909339015176091e-01 9.999927783624997790e-01 9.999964099776457171e-01 9.999886411283793741e-01 9.999960734298978249e-01 9.999889437969952111e-01 9.999892764770096365e-01 9.999870802647476964e-01 9.999914016714220866e-01 9.999845805419330658e-01
9.999870882864750898e-01 9.999882729266188486e-01 9.999913686231706178e-01 9.999911225323425690e-01 9.999838727162309038e-01 9.999829713747158122e-01 9.999869360972756249e-01 9.999946927892099380e-01 9.999958406911255704e-01 9.999925720483113789e-01
9.999849046917119733e-01 9.999936923212549011e-01 9.999837213572443373e-01 9.999873014357579804e-01 9.999910394156392712e-01 9.999927853229408914e-01 9.999884464936195094e-01 9.999916194550252380e-01 9.999889728960591473e-01 9.999940293810857250e-01
9.999878712873920827e-01 9.999945832754522090e-01 9.999907500159475049e-01 9.999825243494122606e-01 9.999834612664030287e-01 9.999918350825031110e-01 9.999927928865630644e-01 9.999911173039904844e-01 9.999934216075572202e-01 9.999921626691569143e-01
9.999906009449601729e-01 9.999879047635482632e-01 9.999837566021845259e-01 9.999835954967017937e-01 9.999914845260022833e-01 9.999917271851793688e-01 9.999875580829611366e-01 9.999803114197064469e-01 9.999835176186225860e-01 9.999870423125282182e-01
9.999964663626118577e-01 9.999933128735769561e-01 9.999870895540905469e-01 9.999843074805614407e-01 9.999885140018202057e-01 9.999913472005946824e-01 9.999934800466538931e-01 9.999881265234925598e-01 9.999918793436641806e-01 9.999910463689254403e-01
9.999880159220769782e-01 9.999895207082503124e-01 9.999936203612325158e-01 9.999949745289724579e-01 9.999885206958473161e-01 9.999871982854653396e-01 9.999878691826482591e-01 9.999919773077575735e-01 9.999798877619757720e-01 9.999855508498165513e-01
9.999888181104915619e-01 9.999913696416047326e-01 9.999908590908782591e-01 9.999933339135763655e-01 9.999945295708406734e-01 9.999895899107972275e-01 9.999839731146460409e-01 9.999927473101866138e-01 9.999906129960616230e-01 9.999929778013909587e-01
9.999924308957840458e-01 9.999951615476756484e-01 9.999854514217936252e-01 9.999926701852551725e-01 9.999905425530707381e-01 9.999893111895971076e-01 9.999924966640779678e-01 9.999909796733373879e-01 9.999908919897350090e-01 9.999918496003133983e-01
9.999854201533332487e-01 9.999907688268702133e-01 9.999802285623903275e-01 9.999845058090117700e-01 9.999863636513551812e-01 9.999888156183909249e-01 9.999912040080755071e-01 9.999943670662441164e-01 9.999907010307749200e-01 9.999856836655689474e-01
9.999840308144519740e-01 9.999974755980727270e-01 9.999882833591551279e-01 9.999899202541021603e-01 9.999868478297080365e-01 9.999914749198074437e-01 9.999860859151156189e-01 9.999943815556379123e-01 9.999886178146630833e-01 9.999908067130743872e-01
9.999887729112412194e-01 9.999889959442052056e-01 9.999905286342606336e-01 9.999865162566771160e-01 9.999847471676254207e-01 9.999930125152447502e-01 9.999926790819719802e-01 9.999851373018313616e-01 9.999905811857817683e-01 9.999945050466978458e-01
9.999849034877423826e-01 9.999777057119239032e-01 9.999921379941479893e-01 9.999896445344379492e-01 9.999826864416383465e-01 9.999899027216428982e-01 9.999878189046127464e-01 9.999945488582668851e-01 9.999914852921173436e-01 9.999936668814581875e-01
9.999925947035490648e-01 9.999913334341565818e-01 9.999903856010083913e-01 9.999913529652774136e-01 9.999871360594161374e-01 9.999906030217500241e-01 9.999893325352935403e-01 9.999975339417337405e-01 9.999897980747970427e-01 9.999914491162796848e-01
9.999824810940621811e-01 9.999867160715288916e-01 9.999913053617729419e-01 9.999879284477852792e-01 9.999946557890141419e-01 9.999952070814629446e-01 9.999936599653536096e-01 9.999902878782568338e-01 9.999967883647666866e-01 9.999940405726051029e-01
9.999925612243346640e-01 9.999963548132312363e-01 9.999938390091820395e-01 9.999774559691748665e-01 9.999797017302781699e-01 9.999909514138619615e-01 9.999920829866707495e-01 9.999907975815859329e-01 9.999927221529760768e-01 9.999932710856096474e-01
9.999790796138382509e-01 9.999895417199197167e-01 9.999923113685968978e-01 9.999877235630604266e-01 9.999934205263842912e-01 9.999907739031952403e-01 9.999902812750331993e-01 9.999873249598686398e-01 9.999919969244789320e-01 9.999956399684027941e-01
9.999941906648009970e-01 9.999802446049043114e-01 9.999908937516831520e-01 9.999905920527686343e-01 9.999861598773965854e-01 9.999894733222097765e-01 9.999958607375535324e-01 9.999896480683700961e-01 9.999961463743225476e-01 9.999973324119091345e-01
9.999968720116194643e-01 9.999908874991377816e-01 9.999903001015746362e-01 9.999914041346300575e-01 9.999892226109287074e-01 9.999788759579477659e-01 9.999902206735151733e-01 9.999925060556775769e-01 9.999946804494314057e-01 9.999856733506458095e-01
9.999901107537013667e-01 9.999839228396151247e-01 9.999862122127262110e-01 9.999878507965448415e-01 9.999879875794096540e-01 9.999921608363314673e-01 9.999897110536455358e-01 9.999819453129856761e-01 9.999875608147498207e-01 9.999947538507998335e-01
9.999972704396976608e-01 9.999869800244910456e-01 9.999844441882799195e-01 9.999901959024098952e-01 9.999913690964311597e-01 9.999852109826949942e-01 9.999899242871035376e-01 9.999880584574658560e-01 9.999891259003952371e-01 9.999839393899717654e-01
9.999947778438661450e-01 9.999943129985204848e-01 9.999835508017387298e-01 9.999908371989613132e-01 9.999898092503307634e-01 9.999923566095625382e-01 9.999883543119226781e-01 9.999944249680357000e-01 9.999762877755746793e-01 9.999919208399914439e-01
9.999921243729803511e-01 9.999941664110011397e-01 9.999920035654815686e-01 9.999843783621638060e-01 9.999827084084331741e-01 9.999910275227151812e-01 9.999797978446036684e-01 9.999843183767898047e-01 9.999919953880875845e-01 9.999894718570628838e-01
9.999850598737156648e-01 9.999940325713420064e-01 9.999964311916660353e-01 9.999867661625130300e-01 9.999949183094596350e-01 9.999927935885772889e-01 9.999928494465317730e-01 9.999946184587361619e-01 9.999937169392636438e-01 9.999922919428220203e-01
9.999845655897336982e-01 9.999867083839736326e-01 9.999894876661743481e-01 9.999912364128722420e-01 9.999889620607727014e-01 9.999963674559803062e-01 9.999846601977335769e-01 9.999816816015115739e-01 9.999888873594093841e-01 9.999892919425237281e-01
9.999892196316096937e-01 9.999850434663702936e-01 9.999894640548211422e-01 9.999843780890042000e-01 9.999915427191625739e-01 9.999929119438109026e-01 9.999807280324157777e-01 9.999925555748998551e-01 9.999865002747120313e-01 9.999901843702367898e-01
9.999936293045971203e-01 9.999880803996638035e-01 9.999868370257052330e-01 9.999957263724649215e-01 9.999855179559313800e-01 9.999891556403811554e-01 9.999891650700888368e-01 9.999874985800485394e-01 9.999899294122654991e-01 9.999951515800393764e-01
9.999918420591995538e-01 9.999886788226571843e-01 9.999902770911840433e-01 9.999806812720031246e-01 9.999902174904856667e-01 9.999877470890840003e-01 9.999919685341429609e-01 9.999935514940053727e-01 9.999858773725986971e-01 9.999942760469312519e-01
9.999922600019317542e-01 9.999953277754276559e-01 9.999890340585085857e-01 9.999931419537805288e-01 9.999905761288341299e-01 9.999923559548880014e-01 9.999960402583368824e-01 9.999894295823738011e-01 9.999858730135068319e-01 9.999941842538185854e-01
9.999925344653469717e-01 9.999916187180801774e-01 9.999909741710201194e-01 9.999869152893781088e-01 9.999852420298491751e-01 9.999868841467955960e-01 9.999957648858867065e-01 9.999954815345899473e-01 9.999916715340383400e-01 9.999941302674691945e-01
9.999886933555834911e-01 9.999894836283508281e-01 9.999946044619334451e-01 9.999935809908683249e-01 9.999932528327764025e-01 9.999958001231250559e-01 9.999962228648011653e-01 9.999957116449830208e-01 9.999895353380674479e-01 9.999909565018356705e-01
9.999896261801982655e-01 9.999952741965525416e-01 9.999870124795224857e-01 9.999842885084159194e-01 9.999856423217625689e-01 9.999868494079449111e-01 9.999876638588904854e-01 9.999909156486366246e-01 9.999849403504819101e-01 9.999946661990314345e-01
9.999929285681006252e-01 9.999936198601111492e-01 9.999891407448066039e-01 9.999898019097975821e-01 9.999935001762962905e-01 9.999908459779228709e-01 9.999898578120798298e-01 9.999926443038019697e-01 9.999889215414381471e-01 9.999880202037021437e-01
9.999958884011971305e-01 9.999929746295621591e-01 9.999903753403576179e-01 9.999867832258308997e-01 9.999915273688831929e-01 9.999933988179154909e-01 9.999897565511662867e-01 9.999926770250061603e-01 9.999920290046410143e-01 9.999882904167762820e-01
9.999926218905587083e-01 9.999911379755651586e-01 9.999884186939929087e-01 9.999897776649142589e-01 9.999930313945623039e-01 9.999919829276611161e-01 9.999934244184744969e-01 9.999884313009846926e-01 9.999957142792441633e-01 9.999870228307178310e-01
9.999924422036263749e-01 9.999874000615911473e-01 9.999924401579523003e-01 9.999861755621213266e-01 9.999863976316990533e-01 9.999974970888959591e-01 9.999936098983229771e-01 9.999917557560600301e-01 9.999849005873905350e-01 9.999890774515536318e-01
9.999906804178466668e-01 9.999919673595789593e-01 9.999940443308772409e-01 9.999967768704410842e-01 9.999958759157817623e-01 9.999871696716793323e-01 9.999905505818178497e-01 9.999883402228820772e-01 9.999936084325909968e-01 9.999965638315584382e-01
9.999883276189079906e-01 9.999927689949631437e-01 9.999865051408726169e-01 9.999844301383101763e-01 9.999851045027992047e-01 9.999816647326953412e-01 9.999895695732200496e-01 9.999896538822848902e-01 9.999879383800469590e-01 9.999910353987081502e-01
9.999948830436469205e-01 9.999882643132249616e-01 9.999946264358693382e-01 9.999932332925539624e-01 9.999892271002229771e-01 9.999912368615664349e-01 9.999874182420447344e-01 9.999865308380176954e-01 9.999941310300056729e-01 9.999926282037433500e-01
9.999892715953001554e-01 9.999907894466762981e-01 9.999956671698650990e-01 9.999822869001208092e-01 9.999927204616819720e-01 9.999900600052530342e-01 9.999905477535571130e-01 9.999925257192038286e-01 9.999840657041844105e-01 9.999935319877922835e-01
9.999918470278115201e-01 9.999861262573127574e-01 9.999884364434264983e-01 9.999862515862534273e-01 9.999951310734389587e-01 9.999900697864129162e-01 9.999863331965449520e-01 9.999939330322956677e-01 9.999987902273881346e-01 9.999866406195991875e-01
9.999921862856671062e-01 9.999952801819552706e-01 9.999911948044475363e-01 9.999934403813102168e-01 9.999909605543649826e-01 9.999875018730921550e-01 9.999905243193195625e-01 9.999905004759368499e-01 9.999870715641183683e-01 9.999963813948946623e-01
9.999929127410948082e-01 9.999771332188893691e-01 9.999887136519300945e-01 9.999838265600199394e-01 9.999912460842995676e-01 9.999840719856596394e-01 9.999897980587288959e-01 9.999869697105445709e-01 9.999903089122803568e-01 9.999880273991510471e-01
9.999930437243691461e-01 9.999896298545811746e-01 9.999936929377178929e-01 9.999825201130766450e-01 9.999878416312941720e-01 9.999843596396684742e-01 9.999905792756986767e-01 9.999931817177492022e-01 9.999893979853082815e-01 9.999957631644860179e-01
9.999820878993231910e-01 9.999847285226342031e-01 9.999871934086815850e-01 9.999874208507180118e-01 9.999892295475329984e-01 9.999923651902661303e-01 9.999913443541601499e-01 9.999926787842384757e-01 9.999779001454499605e-01 9.999965179789149783e-01
9.999890102485609056e-01 9.999938030767414610e-01 9.999904487631841032e-01 9.999942453806756060e-01 9.999853643119350766e-01 9.999876821167439367e-01 9.999871161756127558e-01 9.999919014037328413e-01 9.999831036791377858e-01 9.999882528323055242e-01
9.999969934140277017e-01 9.999780060415447425e-01 9.999941707112947054e-01 9.999924323755983169e-01 9.999926909557828036e-01 9.999946959391574630e-01 9.999884273036171445e-01 9.999938223522837344e-01 9.999937746826070839e-01 9.999887381937342390e-01
9.999875605241438370e-01 9.999874477018992902e-01 9.999901830414551496e-01 9.999917566839704453e-01 9.999867450551013226e-01 9.999919481087610196e-01 9.999921280573745852e-01 9.999884519076784883e-01 9.999848843616038208e-01 9.999893887788133817e-01
9.999873721207284127e-01 9.999857001835346093e-01 9.999880653349046966e-01 9.999949099063465408e-01 9.999966638877377800e-01 9.999910354517569377e-01 9.999916265001210780e-01 9.999928500596224623e-01 9.999942497364263660e-01 9.999947040545114074e-01
9.999935376572846035e-01 9.999941347900931365e-01 9.999825569499102285e-01 9.999910729297954992e-01 9.999879034565632985e-01 9.999883929484532086e-01 9.999845053359265323e-01 9.999913057294925745e-01 9.999843077754132503e-01 9.999889325417735675e-01
9.999882509220248128e-01 9.999907808232938455e-01 9.999814642315659752e-01 9.999900706934584660e-01 9.999885529435256215e-01 9.999896185617337396e-01 9.999891017552549055e-01 9.999879582540530665e-01 9.999881336382266950e-01 9.999825221506700723e-01
9.999917523566355104e-01 9.999915420247837972e-01 9.999935161138919781e-01 9.999923773951192585e-01 9.999908831329480385e-01 9.999905577185288497e-01 9.999878305389922062e-01 9.999873557542969804e-01 9.999912990450335881e-01 9.999914786985855120e-01
9.999882502199776146e-01 9.999864646353739950e-01 9.999943657810475006e-01 9.999871352279211534e-01 9.999903249097148450e-01 9.999910614026019662e-01 9.999854417041432741e-01 9.999920876030355954e-01 9.999917736284852365e-01 9.999942461402924199e-01
9.999888466361608330e-01 9.999921698465553677e-01 9.999929506645875987e-01 9.999973000046005200e-01 9.999916493287813735e-01 9.999916745311271393e-01 9.999899075103666490e-01 9.999962766311256690e-01 9.999915351474947256e-01 9.999831683759490275e-01
9.999880703871935061e-01 9.999958016356852442e-01 9.999926761771488204e-01 9.999868858133752481e-01 9.999938239164433140e-01 9.999959642032051343e-01 9.999915199003064359e-01 9.999927158739991828e-01 9.999908217176198821e-01 9.999843613765341255e-01
9.999909842949370464e-01 9.999941911310746834e-01 9.999913652875248582e-01 9.999943662084324059e-01 9.999913958970915173e-01 9.999841282942822929e-01 9.999900885512477133e-01 9.999945871920522533e-01 9.999937827101731402e-01 9.999884188738182855e-01
9.999883333473875702e-01 9.999930875182551082e-01 9.999891770950216641e-01 9.999908736912648255e-01 9.999915470438937026e-01 9.999925104192434189e-01 9.999892415090785303e-01 9.999934687797918942e-01 9.999926078864957990e-01 9.999889828607159137e-01
9.999923722935312176e-01 9.999923694591250634e-01 9.999892926296550799e-01 9.999918084250903894e-01 9.999908007280281508e-01 9.999867375319889673e-01 9.999935249193411257e-01 9.999862824925442872e-01 9.999932893212688523e-01 9.999897148940966041e-01
9.999895878409494898e-01 9.999940678146018724e-01 9.999899151363499383e-01 9.999845420331118229e-01 9.999942280117980475e-01 9.999976937049926962e-01 9.999887553400302886e-01 9.999932245191707203e-01 9.999918045938516187e-01 9.999919142971149810e-01
9.999884000342575963e-01 9.999932092353321922e-01 9.999845732454186731e-01 9.999916783848528112e-01 9.999912057765066864e-01 9.999907779872585500e-01 9.999935627285591044e-01 9.999806886004221074e-01 9.999923357047493244e-01 9.999955939586299136e-01
9.999905066097706241e-01 9.999903580358876498e-01 9.999917697551879980e-01 9.999862783158635082e-01 9.999870890187952943e-01 9.999936835560311321e-01 9.999917282924849493e-01 9.999898993581401996e-01 9.999770366644723518e-01 9.999762288797088283e-01
9.999920835018253351e-01 9.999874282424993099e-01 9.999920047046333416e-01 9.999925723113596288e-01 9.999883368411601747e-01 9.999942885576044160e-01 9.999939687098989838e-01 9.999886108759600267e-01 9.999882309493910437e-01 9.999925100823201518e-01
9.999888077712538736e-01 9.999849446041089163e-01 9.999840569903932774e-01 9.999892473377578472e-01 9.999945489580304159e-01 9.999905845964930373e-01 9.999850273003185741e-01 9.999912702050800517e-01 9.999918073393104789e-01 9.999873561355213658e-01
9.999950975859778213e-01 9.999930992315329004e-01 9.999918505908108601e-01 9.999901722975459428e-01 9.999859730609585995e-01 9.999928852418655811e-01 9.999920592817166387e-01 9.999901957330277202e-01 9.999853504334823562e-01 9.999934223482112028e-01
