9.999961202372579239e-01 9.999950098055322423e-01 9.999872968651326577e-01 9.999918504622435922e-01 9.999926710623376902e-01 9.999944310865581665e-01 9.999948119743690134e-01 9.999945316927869587e-01 9.999903360317341505e-01 9.999912477278480871e-01
9.999893974922228201e-01 9.999929964580571706e-01 9.999934424867149563e-01 9.999908883858791286e-01 9.999965642181469772e-01 9.999934180612742862e-01 9.999939464335271255e-01 9.999946871345216648e-01 9.999951511585004615e-01 9.999914554639325326e-01
9.999941022573745064e-01 9.999962642421833525e-01 9.999939225044064406e-01 9.999956985546669674e-01 9.999941107873203672e-01 9.999942771757945881e-01 9.999927291492287651e-01 9.999936048502562347e-01 9.999924437976028813e-01 9.999913919522911421e-01
9.999952958160230887e-01 9.999840824383525728e-01 9.999940582447891524e-01 9.999954967933042393e-01 9.999952080544762811e-01 9.999856495504385601e-01 9.999895409473271712e-01 9.999927158283891115e-01 9.999941841990072078e-01 9.999932195452030381e-01
9.999938268611193726e-01 9.999933217490322157e-01 9.999925936290664508e-01 9.999948151009152575e-01 9.999938327269961569e-01 9.999925195672521028e-01 9.999909704533584964e-01 9.999888808902084314e-01 9.999934619799809576e-01 9.999945657495636908e-01
9.999928912447897389e-01 9.999937436967661908e-01 9.999948262313640424e-01 9.999941483812960774e-01 9.999927628435711924e-01 9.999893369656642772e-01 9.999938673388270027e-01 9.999958537761503008e-01 9.999963882444165009e-01 9.999961231814065155e-01
9.999936946286275274e-01 9.999927395363664706e-01 9.999938954620934961e-01 9.999956109622762934e-01 9.999915837350366044e-01 9.999958403597666301e-01 9.999948365135392647e-01 9.999930416068204542e-01 9.999925732418650792e-01 9.999942800720382774e-01
9.999943829448306731e-01 9.999940107248356247e-01 9.999959508252496132e-01 9.999929377796515917e-01 9.999949473772646868e-01 9.999943793167659356e-01 9.999938867940091347e-01 9.999914301409478234e-01 9.999905812060847499e-01 9.999934310045176522e-01
9.999931166818395445e-01 9.999907741645194248e-01 9.999950161267544546e-01 9.999909490130481915e-01 9.999935419244827539e-01 9.999839721898849954e-01 9.999935463351464771e-01 9.999915254848738000e-01 9.999936435765472975e-01 9.999915803929462221e-01
9.999894396621924475e-01 9.999943685287545625e-01 9.999936631843946433e-01 9.999940755101383028e-01 9.999907793896849473e-01 9.999934104590526562e-01 9.999950900949009513e-01 9.999904547971252278e-01 9.999944617393730084e-01 9.999946413209288565e-01
9.999951834622973212e-01 9.999937996620190672e-01 9.999931881685777402e-01 9.999934959976990445e-01 9.999933865170060887e-01 9.999951203440293757e-01 9.999932159153520628e-01 9.999926272729258159e-01 9.999932769024912904e-01 9.999927450905680137e-01
9.999945777507294187e-01 9.999931787819384965e-01 9.999927227539482377e-01 9.999898636394757290e-01 9.999919210468171116e-01 9.999935606729467574e-01 9.999900938489134639e-01 9.999913559946745911e-01 9.999952427497000862e-01 9.999904281940896755e-01
9.999949102523326694e-01 9.999895432620603541e-01 9.999949519357244077e-01 9.999949958805580685e-01 9.999945043693699853e-01 9.999931635117820239e-01 9.999946406962204604e-01 9.999971768356908930e-01 9.999924908935571288e-01 9.999920285917770491e-01
9.999938507504080309e-01 9.999923442860179090e-01 9.999910086887725535e-01 9.999879884460511903e-01 9.999893749221615558e-01 9.999898965147469010e-01 9.999936892298284530e-01 9.999964813964149490e-01 9.999938307606680565e-01 9.999919807844263042e-01
9.999898734859248295e-01 9.999903883421171757e-01 9.999886607928357707e-01 9.999924204436085873e-01 9.999930857526952988e-01 9.999949212732852644e-01 9.999926305892776757e-01 9.999952012816595293e-01 9.999927040209221074e-01 9.999947161721551847e-01
9.999935918668342305e-01 9.999922491354690246e-01 9.999928765375140083e-01 9.999956679289744299e-01 9.999923299178579139e-01 9.999930148002540431e-01 9.999930488240164062e-01 9.999951207661063046e-01 9.999933555430243759e-01 9.999963627059403892e-01
9.999910257318173068e-01 9.999891576064382503e-01 9.999921439993255667e-01 9.999933588866977141e-01 9.999936092673779031e-01 9.999931322055846117e-01 9.999922205341829073e-01 9.999954829043655735e-01 9.999888935672408552e-01 9.999919265109906696e-01
9.999933699796813569e-01 9.999887510192603246e-01 9.999941474278670750e-01 9.999917992614025808e-01 9.999893521099229021e-01 9.999891513048001501e-01 9.999935665414413366e-01 9.999939044499561724e-01 9.999916274128264337e-01 9.999894194266260028e-01
9.999934792747554591e-01 9.999946398455773489e-01 9.999943440441191322e-01 9.999882414705034694e-01 9.999912405805153615e-01 9.999909099027651793e-01 9.999949515773435271e-01 9.999936241911935308e-01 9.999931566947271033e-01 9.999928675942688638e-01
9.999952167395380620e-01 9.999934018700263882e-01 9.999921906637831981e-01 9.999932728758356149e-01 9.999914797463201888e-01 9.999894009926770799e-01 9.999928044076281664e-01 9.999958521836566083e-01 9.999933514072947283e-01 9.999947993180794414e-01
9.999944338135544619e-01 9.999917022991916538e-01 9.999915493285560508e-01 9.999941455784516764e-01 9.999919115438207218e-01 9.999948382553531800e-01 9.999924296832194415e-01 9.999929462797266799e-01 9.999963350779997873e-01 9.999964218429651108e-01
9.999934599648792055e-01 9.999926322523191580e-01 9.999939451774181309e-01 9.999930538073101838e-01 9.999928062300675879e-01 9.999917336752260910e-01 9.999909158811137733e-01 9.999955697181007741e-01 9.999931745717529630e-01 9.999949272570513026e-01
9.999947874610147780e-01 9.999941867053190325e-01 9.999881358475123383e-01 9.999960943524607293e-01 9.999916759243705489e-01 9.999916563722839324e-01 9.999933727471725931e-01 9.999933243802044958e-01 9.999932554667667617e-01 9.999902910017846036e-01
9.999927044262547637e-01 9.999932264711186569e-01 9.999940607949074911e-01 9.999909689809112212e-01 9.999913064976803101e-01 9.999919499105085485e-01 9.999941179674712854e-01 9.999901418744553405e-01 9.999918049540715836e-01 9.999950431974314879e-01
9.999915766100611059e-01 9.999927423083487810e-01 9.999936694002008464e-01 9.999933277460850700e-01 9.999906716411389729e-01 9.999927411899915963e-01 9.999910653029547847e-01 9.999909156943027622e-01 9.999937241316042558e-01 9.999939403288041762e-01
9.999921769743966848e-01 9.999928746373636379e-01 9.999959680152227248e-01 9.999909992381351698e-01 9.999907835406400824e-01 9.999938286997784864e-01 9.999920456201057961e-01 9.999917328205801814e-01 9.999896959141525432e-01 9.999908088461856304e-01
9.999911900328485315e-01 9.999917372316066144e-01 9.999910586830451642e-01 9.999920298110800410e-01 9.999898755419310836e-01 9.999906175402251129e-01 9.999935662448484752e-01 9.999926411011262894e-01 9.999940136452852846e-01 9.999927899582639057e-01
9.999914559377995893e-01 9.999945321724040825e-01 9.999912538468632706e-01 9.999932839859059230e-01 9.999951373255314691e-01 9.999913101298040230e-01 9.999961105895120994e-01 9.999944557893517549e-01 9.999935388367496847e-01 9.999949723054262218e-01
9.999933703855766742e-01 9.999907679576328645e-01 9.999909005037015408e-01 9.999939229595282697e-01 9.999928595292478795e-01 9.999940906528981266e-01 9.999934966252863600e-01 9.999894039451197036e-01 9.999872063955216328e-01 9.999891589899696509e-01
9.999849471511709220e-01 9.999943673442245329e-01 9.999943595429664489e-01 9.999940090244413549e-01 9.999928391185143317e-01 9.999950088757157962e-01 9.999924623747160624e-01 9.999957149377273202e-01 9.999935919894534786e-01 9.999934118879059142e-01
9.999912904557446414e-01 9.999935757949155457e-01 9.999918003249566034e-01 9.999865769065051646e-01 9.999933944977159594e-01 9.999909075502165789e-01 9.999951157379932676e-01 9.999936989445656899e-01 9.999930821287125182e-01 9.999923795551596273e-01
9.999923605505800506e-01 9.999914823837168232e-01 9.999897035178462179e-01 9.999935295518382894e-01 9.999940526804833585e-01 9.999917558632622772e-01 9.999924989844942713e-01 9.999953672381426406e-01 9.999928311681002269e-01 9.999904925561170499e-01
9.999922424736540361e-01 9.999907675987256273e-01 9.999896374997733206e-01 9.999907619148060700e-01 9.999893175630913955e-01 9.999914036514538918e-01 9.999919852738717863e-01 9.999944246297060024e-01 9.999921944703373811e-01 9.999935442612293279e-01
9.999912269554042110e-01 9.999934302129352970e-01 9.999912450822514565e-01 9.999885247455497783e-01 9.999916429614902347e-01 9.999924168604454877e-01 9.999886109766051856e-01 9.999918421656819323e-01 9.999937293051198717e-01 9.999943328592892922e-01
9.999905976507560412e-01 9.999893454420355487e-01 9.999958966054354192e-01 9.999941902309932296e-01 9.999949147891102896e-01 9.999922283337824291e-01 9.999930549047606476e-01 9.999922300483924387e-01 9.999903804609284741e-01 9.999942961277904496e-01
9.999915982605812603e-01 9.999931907798806918e-01 9.999943103370587671e-01 9.999929770063064050e-01 9.999938004458935881e-01 9.999967643764747782e-01 9.999864690277583401e-01 9.999953294468443277e-01 9.999919532212346862e-01 9.999957606450706749e-01
9.999931765445343457e-01 9.999934270971789774e-01 9.999934117695433722e-01 9.999887717811996035e-01 9.999941619472434429e-01 9.999935801908097499e-01 9.999925225174316479e-01 9.999894613445503566e-01 9.999956586176740325e-01 9.999922768580223886e-01
9.999923376954731324e-01 9.999936302520573417e-01 9.999894911224087579e-01 9.999944653163405084e-01 9.999946205597101123e-01 9.999920521572612797e-01 9.999928337526560185e-01 9.999944553894938304e-01 9.999941408644122953e-01 9.999915900874433161e-01
9.999918598907420186e-01 9.999940976425285566e-01 9.999924818643686208e-01 9.999946944583433250e-01 9.999942504371760466e-01 9.999938454894032880e-01 9.999924063232237259e-01 9.999936557431807760e-01 9.999935776939408161e-01 9.999954881746949686e-01
9.999921286381470154e-01 9.999914650230844471e-01 9.999922000740718575e-01 9.999895772008616790e-01 9.999927545007294416e-01 9.999940487025646974e-01 9.999941894937135478e-01 9.999945080501380090e-01 9.999925769338727788e-01 9.999916953007282894e-01
9.999964688490492470e-01 9.999880898465063339e-01 9.999879412017304015e-01 9.999945544334297720e-01 9.999884795907374446e-01 9.999930166845748536e-01 9.999895598058690105e-01 9.999927564677608682e-01 9.999928819875067987e-01 9.999953540790742501e-01
9.999966799859296707e-01 9.999949077661111074e-01 9.999937175299744574e-01 9.999922748819867202e-01 9.999962841516014667e-01 9.999933951666009069e-01 9.999932085819350780e-01 9.999929542451995168e-01 9.999949660363006698e-01 9.999910153883960762e-01
9.999911520531163944e-01 9.999938015359525201e-01 9.999897565730622162e-01 9.999952284146530479e-01 9.999949903959719499e-01 9.999945845536045708e-01 9.999925883426497020e-01 9.999915273054951204e-01 9.999915215878389940e-01 9.999928330662015696e-01
9.999947809505838059e-01 9.999903646301041560e-01 9.999930885154713067e-01 9.999972335940746637e-01 9.999930274723005663e-01 9.999937061326105159e-01 9.999918376480934068e-01 9.999913911780526909e-01 9.999928613534206923e-01 9.999952454692594417e-01
9.999959152223534264e-01 9.999955609547586111e-01 9.999933749784812864e-01 9.999932045821616766e-01 9.999931150370244826e-01 9.999925030572757167e-01 9.999917086355739615e-01 9.999897621742851461e-01 9.999930035152928554e-01 9.999947297905407151e-01
9.999916096665566467e-01 9.999910854772136037e-01 9.999916015616910903e-01 9.999922465098690649e-01 9.999942775603796186e-01 9.999939841384020145e-01 9.999926608449067889e-01 9.999946745803235393e-01 9.999917605241005480e-01 9.999900149338708522e-01
9.999913543924306980e-01 9.999919237818676310e-01 9.999902282526008657e-01 9.999930066960449615e-01 9.999925050362101775e-01 9.999945926685344100e-01 9.999923604712578351e-01 9.999935566396629394e-01 9.999914748990477165e-01 9.999933207396037860e-01
9.999924878192747446e-01 9.999954313936483263e-01 9.999950211379857734e-01 9.999904515847856112e-01 9.999912160853164922e-01 9.999937173673250079e-01 9.999909882711066622e-01 9.999923820617314663e-01 9.999921625355846500e-01 9.999915077781647010e-01
9.999969269254358473e-01 9.999936605644793586e-01 9.999942519668870711e-01 9.999930039735515086e-01 9.999926026079413166e-01 9.999913222609662089e-01 9.999907327711431426e-01 9.999902695432366651e-01 9.999945304029245197e-01 9.999940737777215372e-01
9.999890807615653410e-01 9.999950632801227757e-01 9.999923151184868519e-01 9.999958817382342824e-01 9.999930798337399729e-01 9.999939244461443222e-01 9.999931508113303336e-01 9.999947894785160551e-01 9.999916579280645479e-01 9.999908372825725422e-01
9.999957144801663311e-01 9.999926147190448811e-01 9.999962371325032962e-01 9.999932616906838101e-01 9.999913770040154137e-01 9.999910317639465474e-01 9.999927421273442363e-01 9.999933625281711702e-01 9.999942850503228398e-01 9.999917786759662253e-01
9.999893574047545863e-01 9.999942560880402675e-01 9.999931149199844382e-01 9.999927331615080517e-01 9.999944777729400380e-01 9.999921578470664096e-01 9.999920428350473900e-01 9.999911441562412406e-01 9.999947647790647931e-01 9.999942529358112342e-01
9.999917064586543169e-01 9.999930387920580310e-01 9.999916613942054777e-01 9.999920675198620268e-01 9.999954756807255540e-01 9.999932311273989072e-01 9.999932243378999441e-01 9.999933207352370568e-01 9.999945231678051272e-01 9.999940108567053620e-01
9.999926358725785835e-01 9.999944150951856070e-01 9.999913291925093262e-01 9.999927118271649817e-01 9.999919878272333085e-01 9.999958675705393762e-01 9.999898027719701377e-01 9.999921395808434310e-01 9.999926173613830072e-01 9.999954869601992424e-01
9.999896670989095737e-01 9.999898519860228596e-01 9.999929447686825013e-01 9.999913611482491582e-01 9.999916322991539985e-01 9.999936208144649674e-01 9.999913429916672536e-01 9.999911484100522108e-01 9.999921617189471146e-01 9.999902566059107878e-01
9.999911742715480445e-01 9.999924582461410250e-01 9.999943768888562845e-01 9.999916890178328632e-01 9.999902030056128099e-01 9.999917286138703121e-01 9.999931485620326965e-01 9.999911436040564983e-01 9.999935457751745194e-01 9.999964298773508231e-01
9.999931887410801190e-01 9.999931798911656511e-01 9.999910270832036430e-01 9.999925950148819132e-01 9.999928830488089559e-01 9.999915783690983551e-01 9.999918182656275523e-01 9.999921954079206143e-01 9.999885216845190161e-01 9.999883893849720318e-01
9.999922408446272337e-01 9.999938006516025935e-01 9.999897949232889882e-01 9.999916871667674512e-01 9.999889856168715507e-01 9.999939478327349862e-01 9.999943305674620087e-01 9.999944432561636010e-01 9.999924505676242026e-01 9.999923834428230407e-01
9.999895117974525460e-01 9.999949130114361706e-01 9.999934113124707702e-01 9.999907423655142180e-01 9.999934166283618309e-01 9.999894079952185155e-01 9.999966257266679204e-01 9.999915261322451787e-01 9.999941836935323236e-01 9.999920695677111393e-01
9.999936241449046692e-01 9.999967019135409529e-01 9.999932846382555418e-01 9.999948064632697697e-01 9.999951922135201787e-01 9.999944607034239041e-01 9.999942188866768333e-01 9.999914390955889631e-01 9.999887473189322806e-01 9.999911233708411729e-01
9.999920066357171899e-01 9.999929172947156220e-01 9.999910891423634540e-01 9.999916818334290136e-01 9.999931352005914098e-01 9.999936537406100001e-01 9.999904909106188677e-01 9.999932819259156336e-01 9.999934178843830068e-01 9.999910482282613478e-01
9.999923661662416530e-01 9.999897642634266726e-01 9.999921952118857593e-01 9.999942911299827264e-01 9.999929204323222409e-01 9.999899716729586663e-01 9.999954977604945672e-01 9.999953641662594483e-01 9.999924375995196124e-01 9.999909202015119236e-01
9.999931590229136358e-01 9.999913340926969152e-01 9.999940264498370368e-01 9.999931004969390136e-01 9.999960156419913648e-01 9.999903789295222500e-01 9.999906135856647671e-01 9.999913117772958326e-01 9.999934086011615930e-01 9.999929285882830365e-01
9.999947876592987228e-01 9.999950719404145927e-01 9.999948454647601404e-01 9.999886773581067034e-01 9.999917375246616391e-01 9.999927398918423416e-01 9.999956777863144852e-01 9.999911926569818865e-01 9.999918124089599569e-01 9.999954158799089221e-01
9.999927778828576752e-01 9.999937857273191177e-01 9.999904290023572395e-01 9.999927319719448260e-01 9.999911744438330086e-01 9.999937049549945112e-01 9.999916651417991575e-01 9.999931209383682296e-01 9.999927322691064546e-01 9.999904033399489300e-01
9.999957993941609447e-01 9.999928773933659532e-01 9.999948868182754191e-01 9.999905489957600091e-01 9.999960672949169682e-01 9.999914912389965549e-01 9.999937718431214373e-01 9.999896810299419014e-01 9.999934655068501987e-01 9.999930236255708538e-01
9.999919724127955822e-01 9.999951646852860421e-01 9.999967170627942492e-01 9.999938340700634809e-01 9.999917778344776798e-01 9.999947883597033460e-01 9.999959457314627764e-01 9.999939470377710027e-01 9.999945894512699551e-01 9.999912854657871941e-01
9.999924814422700425e-01 9.999922870770421302e-01 9.999956072810992636e-01 9.999915710535037805e-01 9.999939574059191205e-01 9.999924041253563933e-01 9.999927620537659712e-01 9.999943083933418020e-01 9.999942323010734269e-01 9.999912637212549082e-01
9.999965526252977410e-01 9.999889847966233480e-01 9.999941733208824735e-01 9.999931351711000005e-01 9.999939524068972574e-01 9.999931970359265954e-01 9.999951049164496064e-01 9.999918048409094373e-01 9.999893306297213957e-01 9.999951253043400934e-01
9.999917317326946220e-01 9.999939078917333690e-01 9.999951799059850766e-01 9.999944149266831728e-01 9.999925518062935392e-01 9.999893081517977622e-01 9.999951178385156902e-01 9.999922597600335861e-01 9.999935988247989904e-01 9.999941883921075192e-01
9.999912584295864715e-01 9.999935569738647168e-01 9.999884112630488264e-01 9.999929089443231334e-01 9.999952595593140092e-01 9.999933641965161879e-01 9.999919756627504430e-01 9.999925923356883795e-01 9.999903114518030600e-01 9.999931802306989415e-01
9.999931629033084191e-01 9.999935115707991873e-01 9.999946514743683901e-01 9.999936159026119320e-01 9.999893129386988599e-01 9.999917873526077416e-01 9.999913315545098103e-01 9.999946059513775687e-01 9.999930222326739448e-01 9.999952807551401035e-01
9.999935091919751606e-01 9.999927402805954824e-01 9.999902496178409983e-01 9.999927818873448615e-01 9.999939840693925497e-01 9.999922167034021037e-01 9.999939743848339502e-01 9.999936762895271780e-01 9.999907161951230306e-01 9.999927409751501184e-01
9.999851841528640817e-01 9.999894238143574032e-01 9.999927437819007281e-01 9.999937326627887924e-01 9.999937158737925991e-01 9.999887578523406484e-01 9.999887900276834829e-01 9.999941681430154494e-01 9.999903942975471027e-01 9.999929298141070344e-01
9.999922079446962320e-01 9.999928639929009933e-01 9.999920001129829483e-01 9.999953381995480006e-01 9.999925949999843855e-01 9.999904992258451530e-01 9.999946766495833028e-01 9.999938683195190858e-01 9.999944791684960421e-01 9.999945062445591004e-01
9.999948075184909024e-01 9.999928021319556271e-01 9.999914254326041085e-01 9.999881328500536126e-01 9.999948539908803946e-01 9.999933063606456507e-01 9.999943781523749076e-01 9.999939386846576905e-01 9.999924103301786049e-01 9.999919276231273857e-01
9.999927231125365079e-01 9.999939754160259708e-01 9.999929229748081294e-01 9.999899520142722098e-01 9.999913615459400384e-01 9.999920491289765456e-01 9.999924189530934315e-01 9.999934574966918843e-01 9.999910214440419498e-01 9.999949403929243585e-01
9.999916489964866262e-01 9.999915673291694951e-01 9.999940354599212711e-01 9.999933193343647497e-01 9.999915368144670635e-01 9.999913048536007709e-01 9.999933330464126913e-01 9.999942772565542093e-01 9.999922685665281197e-01 9.999916299534480357e-01
9.999905973812502902e-01 9.999935075658348271e-01 9.999848028577811299e-01 9.999952573130750366e-01 9.999897454823751808e-01 9.999926781700458900e-01 9.999934124400789992e-01 9.999909468719132555e-01 9.999922496500631697e-01 9.999948675787631025e-01
9.999960100002694974e-01 9.999921513434920639e-01 9.999954161663249241e-01 9.999932447676592728e-01 9.999971709354801286e-01 9.999897255964308451e-01 9.999924038266123638e-01 9.999941743587814624e-01 9.999928700953772953e-01 9.999885482667802972e-01
9.999930840227142514e-01 9.999947575989172055e-01 9.999932535221952579e-01 9.999932151063742891e-01 9.999932826171730182e-01 9.999956691600496717e-01 9.999926616443129967e-01 9.999934680211882698e-01 9.999942164477295670e-01 9.999914277896745363e-01
9.999947776197561922e-01 9.999937053596223979e-01 9.999952597009059696e-01 9.999955568913817539e-01 9.999961403492471090e-01 9.999933948452801591e-01 9.999931253682843302e-01 9.999929967030941613e-01 9.999919582185802236e-01 9.999934872772169303e-01
9.999950344887963416e-01 9.999919190184978213e-01 9.999930964769307984e-01 9.999946742578335046e-01 9.999923044972751640e-01 9.999908402503344673e-01 9.999939123683767583e-01 9.999912717851143773e-01 9.999949337063709365e-01 9.999929193404786254e-01
9.999951598383743923e-01 9.999937802214425853e-01 9.999919171555693431e-01 9.999911137871875244e-01 9.999930309321647393e-01 9.999946565223479800e-01 9.999957780778985228e-01 9.999953892953503676e-01 9.999916661855374755e-01 9.999875171397487605e-01
9.999944562348650479e-01 9.999937623738627268e-01 9.999937581186409963e-01 9.999888927308534514e-01 9.999925861649715531e-01 9.999932134060575128e-01 9.999916651583480309e-01 9.999928688451109604e-01 9.999936162364376768e-01 9.999918477801130745e-01
9.999936163365386044e-01 9.999952325059987546e-01 9.999934273838209098e-01 9.999912878880341527e-01 9.999935762123196570e-01 9.999973315391139650e-01 9.999883662971537079e-01 9.999909976263375855e-01 9.999928513175297962e-01 9.999929421852801203e-01
9.999914297276868425e-01 9.999920797471647527e-01 9.999913766068783127e-01 9.999931956899323904e-01 9.999922997758604604e-01 9.999883807161471516e-01 9.999902682960184475e-01 9.999922198812999374e-01 9.999927906035640524e-01 9.999936741739856583e-01
9.999935169467289997e-01 9.999926840731353517e-01 9.999914604970000509e-01 9.999932227195803547e-01 9.999938584045524603e-01 9.999931957764623958e-01 9.999916127177032044e-01 9.999874684092308064e-01 9.999946011257671019e-01 9.999942289031780174e-01
9.999921737829512436e-01 9.999938875160202523e-01 9.999903061469848087e-01 9.999919655088872483e-01 9.999955877020453299e-01 9.999925155730927662e-01 9.999934439581403822e-01 9.999896165749031507e-01 9.999959375098123049e-01 9.999944377370948434e-01
9.999965117479860943e-01 9.999935703078415283e-01 9.999953996655600585e-01 9.999883863274662277e-01 9.999925585577460474e-01 9.999935218263987791e-01 9.999934295009191842e-01 9.999919161734280859e-01 9.999936454134272790e-01 9.999953828012831947e-01
9.999902413710326510e-01 9.999905998526050777e-01 9.999907111807798676e-01 9.999937929387819890e-01 9.999940469700211443e-01 9.999933825071135596e-01 9.999935256514543847e-01 9.999945342258058645e-01 9.999937610614022532e-01 9.999934037651748708e-01
9.999957204584858372e-01 9.999922505880419754e-01 9.999942281991167636e-01 9.999935493828292499e-01 9.999920758675827637e-01 9.999940271675288317e-01 9.999925221244958529e-01 9.999905290676367464e-01 9.999885898488777292e-01 9.999931525112321085e-01
9.999935740420498043e-01 9.999915488573134503e-01 9.999921817299785021e-01 9.999916314905760162e-01 9.999943004324176599e-01 9.999915714464744365e-01 9.999891425778348886e-01 9.999942856202334029e-01 9.999953915771558899e-01 9.999939794979637586e-01
9.999911127322829163e-01 9.999912242541770802e-01 9.999887047883226909e-01 9.999943084636464530e-01 9.999902481246735197e-01 9.999916401064889993e-01 9.999940792929801203e-01 9.999874447421626122e-01 9.999927621285328305e-01 9.999925129721498607e-01
9.999914765571480402e-01 9.999932465486921496e-01 9.999959163897508274e-01 9.999951280457682889e-01 9.999944965008373821e-01 9.999940308212793560e-01 9.999945583143128314e-01 9.999926973156098020e-01 9.999954227142523466e-01 9.999962191269924361e-01
9.999943896010129452e-01 9.999922278075589199e-01 9.999901766150361970e-01 9.999949137871796401e-01 9.999950147517923105e-01 9.999958346897861450e-01 9.999895863176772037e-01 9.999928460215059545e-01 9.999944963115404706e-01 9.999934391972854497e-01
9.999960993506945561e-01 9.999935113710087808e-01 9.999912750985383569e-01 9.999903750427973081e-01 9.999902216485839768e-01 9.999954110713465960e-01 9.999932552954585718e-01 9.999940784224139456e-01 9.999897128314436667e-01 9.999948852440380120e-01
9.999923880622793027e-01 9.999927621674875589e-01 9.999952950637919225e-01 9.999927128892464046e-01 9.999936998344497452e-01 9.999948211351842309e-01 9.999913405357899743e-01 9.999937004531936902e-01 9.999920041217741362e-01 9.999929174352794048e-01
9.999918782876682233e-01 9.999936766545531874e-01 9.999925585195504896e-01 9.999915568754126349e-01 9.999929628419715888e-01 9.999936980499708472e-01 9.999917904676129954e-01 9.999923992923939187e-01 9.999960954778611688e-01 9.999899403904042305e-01
9.999921701914725736e-01 9.999912435984311676e-01 9.999946562742946243e-01 9.999907091757572752e-01 9.999921689427250238e-01 9.999953100445859722e-01 9.999889814527994636e-01 9.999956633206680268e-01 9.999933474675506417e-01 9.999906062974405208e-01
