9.999565387121278626e-01 9.999318222101651887e-01 9.999621521766529630e-01 9.999336792753924508e-01 9.999757385118190900e-01 9.999762794057882598e-01 9.999325635669867873e-01 9.999471152642576133e-01 9.999681139781505523e-01 9.999771011318058234e-01
9.999092481428905055e-01 9.999814040882363253e-01 9.999737786240058268e-01 9.999015464626136440e-01 9.999101383050725822e-01 9.999717955738386399e-01 9.999868878987667742e-01 9.999676104654068309e-01 9.999557562855012627e-01 9.999626213176345813e-01
9.999359144144751577e-01 9.999700718420531098e-01 9.999383773430583489e-01 9.999373087719806152e-01 9.999110378488629269e-01 9.999946889700898067e-01 9.999572762212538546e-01 9.999750544845883438e-01 9.999745805364453899e-01 9.998741676311624360e-01
9.999640101138185244e-01 9.999709673478540672e-01 9.999344538886127953e-01 9.998813015029218709e-01 9.999401311119576752e-01 9.999928683256774642e-01 9.999776779060629561e-01 9.999555835502546008e-01 9.999801477675689387e-01 9.999176969065163290e-01
9.999410034455750163e-01 9.999425885820839577e-01 9.999363916988945888e-01 9.999885987058469983e-01 9.999602357639600925e-01 9.999801770985423666e-01 9.999574923016558703e-01 9.999295923096964689e-01 9.999568791281610025e-01 9.999750530553802585e-01
9.999934527711427101e-01 9.999643526926678128e-01 9.999718371025311248e-01 9.999249474099709545e-01 9.999576485249881408e-01 9.999496184674868671e-01 9.999100736707658976e-01 9.999828156283976366e-01 9.999686570693284704e-01 9.999771507707965190e-01
9.999319171011396001e-01 9.999738983466975872e-01 9.999187741528492435e-01 9.999928091883780734e-01 9.999770741620328529e-01 9.999204735789429810e-01 9.999765123558153057e-01 9.999544004006483133e-01 9.999188552683593301e-01 9.999544379279977635e-01
9.999847125402336889e-01 9.999578727641222908e-01 9.999843259078005087e-01 9.999427954933697293e-01 9.999450231390384358e-01 9.999138869784647277e-01 9.999599091428872377e-01 9.999418822060814893e-01 9.998826824756247289e-01 9.999738640541512291e-01
9.999811496443785641e-01 9.999437214426016851e-01 9.999831557372335089e-01 9.999502095056981288e-01 9.999503680585996035e-01 9.999316635351139793e-01 9.999551092051557344e-01 9.999825114129859971e-01 9.998982425199793855e-01 9.999258027317530217e-01
9.999753416029221187e-01 9.999679206906075812e-01 9.999884148795966654e-01 9.999752938844499450e-01 9.999184740589761589e-01 9.999443460193683242e-01 9.998647848889172796e-01 9.999685731816401191e-01 9.999851381471768219e-01 9.998969516550918479e-01
9.999510306303629470e-01 9.999021405286310227e-01 9.999073647284992816e-01 9.999656912788551510e-01 9.999639887126788862e-01 9.999428430602573803e-01 9.999734949194067912e-01 9.999749602882598287e-01 9.999618265535494821e-01 9.999634116196224332e-01
9.999671008553370211e-01 9.999708230791805041e-01 9.999602270072419641e-01 9.999307571676804285e-01 9.999765534994132787e-01 9.999553957209017518e-01 9.999106523289759130e-01 9.998995489678919046e-01 9.999741626383087389e-01 9.999351790668442597e-01
9.999867022118392734e-01 9.999241209923357410e-01 9.999578648143060411e-01 9.999427591182915576e-01 9.999885460003722359e-01 9.999529497861997518e-01 9.999208138795683265e-01 9.999296337922679578e-01 9.999383204250067436e-01 9.999882178901355889e-01
9.999678117613726158e-01 9.999861503186505685e-01 9.999832017594885158e-01 9.999319595271346506e-01 9.999690913145310445e-01 9.998892408017640010e-01 9.998703396801601473e-01 9.999807764027203172e-01 9.999380057408222555e-01 9.999616058247291495e-01
9.999787137131034287e-01 9.999585342619508044e-01 9.999800187189913370e-01 9.998833045355199900e-01 9.998838819899439345e-01 9.999828635551786249e-01 9.999442890244668591e-01 9.999891655518493572e-01 9.999090704465051216e-01 9.999641493756863397e-01
9.999791435124176786e-01 9.999419903027586543e-01 9.999569918413129255e-01 9.999551694545109060e-01 9.999704833558229478e-01 9.999699786056461814e-01 9.999294895259022153e-01 9.999576858178291783e-01 9.999459938734294173e-01 9.999669458063401573e-01
9.999807939242192356e-01 9.999598868350102476e-01 9.999757099575801167e-01 9.999438948891955503e-01 9.999748188599314469e-01 9.999253433413886061e-01 9.998955297105076578e-01 9.999777441660754329e-01 9.999607257949921779e-01 9.999824371640907428e-01
9.999707567835485200e-01 9.999584170468031052e-01 9.999661846767472495e-01 9.999616326429651147e-01 9.999627385429410431e-01 9.999617105582535581e-01 9.999665552560385029e-01 9.999542246533941192e-01 9.999699206068751733e-01 9.999460003062127234e-01
9.999773391376004517e-01 9.999170408166326851e-01 9.998985690796565740e-01 9.999569106627721471e-01 9.999468676059374284e-01 9.999665331871485652e-01 9.998746717113967675e-01 9.999648891419036234e-01 9.999537009078175442e-01 9.999818825631324737e-01
9.999852875121628681e-01 9.999829237819242156e-01 9.999826212202657105e-01 9.999412676633309127e-01 9.999519713117964725e-01 9.999656031277234236e-01 9.999703780360859051e-01 9.999504724232569641e-01 9.999765929111122942e-01 9.999078822400092603e-01
9.999477970604869759e-01 9.999531146612702370e-01 9.999837193382800082e-01 9.998773054264524784e-01 9.999762169195924866e-01 9.999886280657168669e-01 9.999706578481450947e-01 9.999449288809529879e-01 9.999853475676164782e-01 9.999677589748025008e-01
9.998927374652271105e-01 9.999736371372874855e-01 9.999776131801838552e-01 9.999110377437820940e-01 9.999752915027334543e-01 9.999377965692733961e-01 9.999390889061284815e-01 9.999496940115863985e-01 9.999722426920523155e-01 9.999440048423265948e-01
9.999796199924441131e-01 9.999408247099810243e-01 9.999538896154926970e-01 9.999666394991817420e-01 9.998951603719565817e-01 9.999723599043985889e-01 9.999014369604544150e-01 9.999402845418590147e-01 9.999729833048512928e-01 9.999382142376086469e-01
9.998833651129647171e-01 9.999250156879593288e-01 9.999476995030054383e-01 9.999855246904038042e-01 9.999438830833896619e-01 9.999869469797811883e-01 9.999679627269192350e-01 9.999598235378809319e-01 9.999720479035181242e-01 9.999548693858514303e-01
9.999628836630909401e-01 9.998872334641584203e-01 9.999715964481616925e-01 9.999888997741682717e-01 9.999511558639970765e-01 9.999250337341444306e-01 9.999639603017439482e-01 9.999411441699945780e-01 9.999153818974830799e-01 9.999707065235897696e-01
9.999401619943937281e-01 9.999422056060044417e-01 9.999905859528809282e-01 9.999243017219667795e-01 9.999264360761604964e-01 9.999644729839687329e-01 9.999581136213898658e-01 9.999772482467266244e-01 9.999488212265454923e-01 9.998982827633224879e-01
9.999490219153921444e-01 9.999280508003925982e-01 9.999687273232207296e-01 9.999418085597341355e-01 9.999838877571407547e-01 9.999265508844408235e-01 9.999741071449399499e-01 9.999533034348437877e-01 9.999524072690523235e-01 9.999644390999462562e-01
9.999444770861887211e-01 9.999615862123788501e-01 9.999848632630716772e-01 9.999685027266808079e-01 9.999787429226466573e-01 9.999477713755928754e-01 9.999552316722909451e-01 9.998539624564698469e-01 9.999706797451841656e-01 9.999771449339427409e-01
9.999726814688791876e-01 9.999786846309405286e-01 9.999096502326048075e-01 9.997916609303452162e-01 9.999460238191464345e-01 9.999527375289144482e-01 9.999601893433343047e-01 9.999452065217045993e-01 9.999515778826901791e-01 9.999588818376867749e-01
9.999681975459759897e-01 9.999491770746161690e-01 9.999361413786077568e-01 9.999579604107131647e-01 9.999301860107534523e-01 9.998992749827469995e-01 9.999895909070575239e-01 9.999597285749212139e-01 9.999837145821572904e-01 9.999382355597331573e-01
9.999707928647564303e-01 9.999569065933531231e-01 9.999781827649834032e-01 9.999831018022485862e-01 9.999437231996214370e-01 9.999824207134556664e-01 9.999471824601936509e-01 9.999889248200479752e-01 9.999496141245154401e-01 9.999508928671889674e-01
9.999782528643256230e-01 9.999494406424569437e-01 9.999185317694680997e-01 9.999268322727170588e-01 9.999785169289830966e-01 9.999243182457492329e-01 9.999124481438389500e-01 9.999711047420962728e-01 9.999348692921499193e-01 9.999808856001750623e-01
9.999284747963511633e-01 9.999640927784778643e-01 9.999924156601937009e-01 9.999351770544917528e-01 9.999588304075159861e-01 9.999569636249449056e-01 9.999587173870523316e-01 9.999033689516932943e-01 9.999423799347076924e-01 9.999802703512654656e-01
9.999652411167664345e-01 9.999889843006000145e-01 9.999816865286866863e-01 9.999874201425815734e-01 9.999408035018653162e-01 9.999705386858811496e-01 9.999396448816244565e-01 9.999795702317690882e-01 9.999502546133383074e-01 9.999534956417386322e-01
9.999854151342250086e-01 9.999540343236641426e-01 9.999690739164930342e-01 9.999726510825120984e-01 9.999712890236184260e-01 9.999695910762230744e-01 9.999258174808178801e-01 9.999790174862678294e-01 9.999415991254964053e-01 9.999068965124355834e-01
9.999242543910907832e-01 9.999171145437176778e-01 9.999504253611771754e-01 9.999824032458588530e-01 9.999519060222122890e-01 9.999515398667566668e-01 9.999952172890315127e-01 9.999410779802669902e-01 9.999466149501962109e-01 9.999673502597261621e-01
9.999532546595223392e-01 9.999581531176686688e-01 9.999461483316380850e-01 9.999538568582698739e-01 9.999614220972250500e-01 9.999237504060315418e-01 9.999621724348869423e-01 9.999686869847302928e-01 9.999602847116040305e-01 9.999729013982499026e-01
9.999693361861968777e-01 9.999754216270676510e-01 9.999925367901326689e-01 9.999708685304461442e-01 9.999436743790339754e-01 9.999407767710735140e-01 9.999553390316245904e-01 9.998905453583699643e-01 9.999847525884866251e-01 9.999425470077344391e-01
9.999473885839653686e-01 9.999476687675962205e-01 9.999530905780005252e-01 9.999723139723663001e-01 9.999497106832586635e-01 9.999494701744210401e-01 9.999868455722664695e-01 9.999518264516161770e-01 9.999817828544702580e-01 9.999736728007267983e-01
9.999297245663674172e-01 9.999684923734206698e-01 9.999610066714544887e-01 9.999316475104620405e-01 9.999741027849572417e-01 9.999216801581127800e-01 9.998416046576176219e-01 9.999382125214449912e-01 9.999032232272418996e-01 9.999229655741076472e-01
9.999746452031558208e-01 9.999714244319367618e-01 9.999771616017271159e-01 9.999173652293458225e-01 9.999590655672299100e-01 9.999441593189745126e-01 9.999383555728967865e-01 9.999507994703054070e-01 9.999408897442817468e-01 9.999759679844132387e-01
9.999548711477687091e-01 9.998951576742354241e-01 9.999843607397018719e-01 9.999147016553465717e-01 9.999588794908484957e-01 9.999509664654965269e-01 9.999435506558694842e-01 9.999500042391402665e-01 9.999386047131931798e-01 9.999807582771861325e-01
9.999524264142258811e-01 9.999838985987324902e-01 9.999725069028739810e-01 9.999285496255387873e-01 9.998925847294096725e-01 9.999757500507924224e-01 9.999760497773807488e-01 9.998891773390828908e-01 9.999636488488725661e-01 9.999653137686178583e-01
9.999412470780743023e-01 9.999583315604189115e-01 9.999602946065739850e-01 9.999665558418108224e-01 9.999250451985430832e-01 9.999431526181198349e-01 9.999408562284156643e-01 9.999026673299097334e-01 9.999220488450089039e-01 9.999806291135326930e-01
9.998943045412326258e-01 9.999456026945384712e-01 9.999600988171437610e-01 9.999391783337532313e-01 9.999802146747502896e-01 9.999270678155286474e-01 9.999530818610442573e-01 9.999740959849756639e-01 9.999909499035687377e-01 9.999591032364774090e-01
9.999115204579993588e-01 9.999057540749715089e-01 9.999748435787810807e-01 9.999910489285531723e-01 9.999689030343235085e-01 9.999654629546033124e-01 9.999857662955111692e-01 9.999538414524410390e-01 9.999461999796672718e-01 9.999614732480045509e-01
9.999753372681480235e-01 9.999736304464045267e-01 9.999671322833163511e-01 9.999611479304415518e-01 9.998974407692124977e-01 9.999345361969821377e-01 9.999841930552009206e-01 9.999855964285235821e-01 9.999860870394773338e-01 9.999721296221260047e-01
9.999871512045660493e-01 9.999354179797699249e-01 9.999641833131293067e-01 9.999895500131462667e-01 9.999691075420259478e-01 9.999851602857313670e-01 9.999734488661373710e-01 9.999739101256938101e-01 9.999523320845754570e-01 9.998964525713979201e-01
9.999362135507393612e-01 9.999190192067383132e-01 9.999511337908296715e-01 9.999562746819690151e-01 9.999759613302644512e-01 9.999613519526542316e-01 9.999441248921252523e-01 9.999054617406345491e-01 9.999704019327158022e-01 9.999387709825159343e-01
9.999424114898232130e-01 9.999401565105781042e-01 9.998588341770879850e-01 9.999172610351642065e-01 9.999697251008006216e-01 9.999656647510096752e-01 9.999666070177193333e-01 9.998937204606425100e-01 9.999449783734599695e-01 9.999717350966325080e-01
9.999923114678277436e-01 9.999495931500709256e-01 9.999491550006913698e-01 9.999417250887515651e-01 9.999332892726805477e-01 9.999245929736765293e-01 9.999812928606005569e-01 9.999715887024963612e-01 9.999468435178918702e-01 9.999118025050334202e-01
9.999141417549679556e-01 9.999502151849074538e-01 9.999864638927997706e-01 9.999392385732567279e-01 9.999254926997843684e-01 9.999585547377615180e-01 9.999551616058865999e-01 9.999652868497403979e-01 9.999466660677136520e-01 9.999675882024042783e-01
9.999710669059004298e-01 9.999668279882141242e-01 9.999885947972025901e-01 9.999678474009644491e-01 9.999760313765256869e-01 9.999435409150866372e-01 9.999396960767313880e-01 9.999579523454109609e-01 9.999535675070931884e-01 9.998972076330007175e-01
9.999730144505936114e-01 9.999412697589161736e-01 9.999765903160445779e-01 9.999875379590217328e-01 9.999899938393924659e-01 9.999273558009114105e-01 9.998748592707124017e-01 9.999714191647811612e-01 9.999778645579047165e-01 9.999587641699309026e-01
9.999343020100943669e-01 9.999794876988362669e-01 9.999700436416960603e-01 9.999855059170354998e-01 9.999703165685123185e-01 9.999726492252632992e-01 9.999698809463233307e-01 9.999335355352857446e-01 9.999532644185823438e-01 9.999141230106839418e-01
9.999132747051369119e-01 9.999535111276754984e-01 9.999828940296808799e-01 9.999794053498195501e-01 9.999604204342408265e-01 9.999546524330633623e-01 9.999322930177545476e-01 9.999372211068502381e-01 9.999958670281556827e-01 9.999370179665423297e-01
9.999834466084345230e-01 9.999903552289314268e-01 9.999741380258465595e-01 9.999368184004071569e-01 9.998980906872733110e-01 9.999521596256962797e-01 9.999621710752107928e-01 9.999540970660076855e-01 9.999453001662256257e-01 9.999803331799472783e-01
9.999794970921581649e-01 9.999788147381490910e-01 9.999889932090453293e-01 9.999078487493144873e-01 9.999337782441679590e-01 9.999647288780819654e-01 9.999646202909459047e-01 9.999536345638878609e-01 9.999188801754298472e-01 9.999673533873685294e-01
9.999401444860757104e-01 9.999524842112792467e-01 9.998820152395713201e-01 9.999266938246690328e-01 9.999126546566849960e-01 9.999563221822868053e-01 9.999464208713672031e-01 9.999561192182723213e-01 9.999566345502326481e-01 9.999833301820326703e-01
9.999462393480869071e-01 9.999463105722621314e-01 9.999449545441621012e-01 9.999742930928514628e-01 9.999826407428140662e-01 9.999572542197563418e-01 9.999359674479485482e-01 9.999379723292157740e-01 9.998985133550658544e-01 9.999767061897015807e-01
9.999239059444173794e-01 9.999639113400873303e-01 9.999754031992811321e-01 9.999442228317781955e-01 9.998494116011478194e-01 9.998814596180527481e-01 9.999777215310911016e-01 9.999120707018942511e-01 9.999873678552739786e-01 9.999804832386498532e-01
9.999818375132013548e-01 9.999675951741033852e-01 9.999539421837734254e-01 9.999450207143831815e-01 9.999460182354181770e-01 9.999437717275676540e-01 9.999692969404634368e-01 9.999633426108850420e-01 9.998835141715641806e-01 9.999539909053596354e-01
9.999519367180574880e-01 9.999605655849259644e-01 9.999235912869717247e-01 9.999796808864189757e-01 9.999817182279161498e-01 9.999808014905037234e-01 9.999352557174412404e-01 9.999506649229942257e-01 9.999817492735906255e-01 9.999891108973210097e-01
9.999377021638590213e-01 9.999038086505974698e-01 9.999585081956822163e-01 9.999515763792248269e-01 9.999473551187345599e-01 9.999460867795521013e-01 9.999868274397490930e-01 9.998711430652491572e-01 9.999837792807619863e-01 9.999204077311327765e-01
9.999020464674641673e-01 9.999564299145448087e-01 9.999049717890938771e-01 9.999608926792437069e-01 9.999758652530443825e-01 9.999334016553721449e-01 9.999447069718020442e-01 9.999636416845011366e-01 9.999523849433711309e-01 9.999943076001180930e-01
9.999353823861154567e-01 9.999258898512008997e-01 9.999927328935214188e-01 9.999808822904582284e-01 9.999131411949543358e-01 9.999593696112899499e-01 9.999679675605347429e-01 9.998912508415659373e-01 9.999581776920423160e-01 9.999841285130186552e-01
9.997960406347501383e-01 9.999544632942821698e-01 9.999403611743399312e-01 9.999457542889415018e-01 9.999436604762492742e-01 9.999839605277202059e-01 9.999659495312213098e-01 9.999811740386378434e-01 9.999784844811355766e-01 9.999492256963146142e-01
9.999307007799508318e-01 9.999461804514602203e-01 9.999449283316950154e-01 9.999792550530577362e-01 9.999755875302792640e-01 9.999476601622476757e-01 9.999142049359527329e-01 9.999374270098539963e-01 9.999472359652452624e-01 9.999898466964425303e-01
9.999808073570731759e-01 9.999784302189310692e-01 9.999782153143847996e-01 9.999799933456805512e-01 9.999637759622563848e-01 9.999053090685214862e-01 9.999658401683672038e-01 9.999496215701725310e-01 9.999413179555103337e-01 9.999750228164071553e-01
9.999621713010100610e-01 9.999475313224692741e-01 9.999580654586994743e-01 9.999896500457801096e-01 9.998826394118049965e-01 9.999698196527548877e-01 9.999556262016559005e-01 9.999700310332805264e-01 9.998985588143208814e-01 9.999396658239487756e-01
9.999850935219546377e-01 9.999512432218295999e-01 9.999911313509738386e-01 9.999761606816018888e-01 9.999879729695075881e-01 9.999358509917293247e-01 9.999714378697543982e-01 9.999260727641873236e-01 9.999665573341907088e-01 9.999587122001211137e-01
9.999393268815883751e-01 9.999626718499525779e-01 9.999844139979029434e-01 9.999617368496908076e-01 9.999534065945172578e-01 9.999256069126543078e-01 9.999292178562699807e-01 9.999630974446616083e-01 9.999532903345699220e-01 9.999475763787979421e-01
9.999385680585174407e-01 9.999190841062621793e-01 9.999797952920266297e-01 9.999192709527530143e-01 9.999876290923155331e-01 9.999479642940989343e-01 9.999595676921425591e-01 9.999639445172081587e-01 9.999282518271177533e-01 9.999852016581908254e-01
9.999557498975940595e-01 9.999385954171543522e-01 9.999785185363858631e-01 9.999184119731889808e-01 9.999757023570839953e-01 9.999438034232279726e-01 9.999794827384108631e-01 9.999512351816107758e-01 9.999597058997932164e-01 9.999648794979449917e-01
9.999519084786182566e-01 9.999696537989062328e-01 9.999232627397679485e-01 9.999762763626837136e-01 9.999256803656803028e-01 9.999763137019788140e-01 9.999781393228549531e-01 9.999549347478283723e-01 9.999370326523587815e-01 9.999877190413256622e-01
9.999445901581122120e-01 9.999752217966598744e-01 9.999649690632954613e-01 9.999198472633650248e-01 9.999741773508068476e-01 9.999724287878444251e-01 9.999714143822373558e-01 9.999433650376775562e-01 9.999760078916052342e-01 9.999518895088314041e-01
9.999383893014591740e-01 9.999596057611899180e-01 9.999847775400383387e-01 9.999207173489526035e-01 9.999422060418747815e-01 9.999073184033703265e-01 9.999695717544934137e-01 9.999411693433468695e-01 9.999758621056475949e-01 9.999478610519729749e-01
9.999762683771205030e-01 9.999665638887030861e-01 9.999171427061379624e-01 9.999189229976299664e-01 9.999239409867630712e-01 9.999713373004045502e-01 9.998872629558207548e-01 9.998496157750805802e-01 9.999367145829939352e-01 9.999707605602080607e-01
9.999192597222660295e-01 9.999530731461593325e-01 9.999539704951433405e-01 9.999219782997467165e-01 9.999307414396941818e-01 9.999237569403772730e-01 9.999688593081557109e-01 9.999873981874435325e-01 9.999246998510630258e-01 9.999703725300168600e-01
9.999492362814497159e-01 9.999701833628582559e-01 9.999691870162530360e-01 9.999264936084536481e-01 9.999052504736750668e-01 9.999312170645898723e-01 9.999707434996238931e-01 9.999208331944525741e-01 9.999370317222597837e-01 9.999858081233538032e-01
9.999635090818275174e-01 9.998545820960974551e-01 9.999842194138061080e-01 9.999855567548797675e-01 9.999234112356384374e-01 9.999671370641520785e-01 9.999491215481862705e-01 9.999311662370253817e-01 9.999811752998282177e-01 9.999865706271393595e-01
9.999826728743226312e-01 9.999268682853117429e-01 9.999332883590285048e-01 9.999670138503080619e-01 9.999584817383474489e-01 9.999535201504938797e-01 9.999263288404098837e-01 9.999398706001576542e-01 9.999668186567711725e-01 9.999106461323469253e-01
9.999008589190729879e-01 9.999482885524545450e-01 9.999473357679636853e-01 9.999926896191417836e-01 9.999193391534586528e-01 9.999077293845063386e-01 9.999400826316492408e-01 9.999027775104952775e-01 9.999428645790222614e-01 9.999362299154441747e-01
9.999608823238260724e-01 9.999466498072088205e-01 9.999223812916748777e-01 9.999645400707748433e-01 9.999624160084910063e-01 9.999844380789999487e-01 9.999625216594492105e-01 9.999667998116913425e-01 9.999510573003704827e-01 9.999461766772933524e-01
9.999382246972937649e-01 9.999571799854507503e-01 9.999251380468326955e-01 9.999457614955641338e-01 9.999259539820186671e-01 9.999546781037230714e-01 9.999858246662305383e-01 9.999346889308025066e-01 9.999852919068320523e-01 9.999711164256630536e-01
9.999564476027325011e-01 9.999865352795712647e-01 9.999706388228256637e-01 9.999529935852135010e-01 9.998956441391269045e-01 9.999436744324993187e-01 9.999568240991285606e-01 9.999369983407124796e-01 9.999562298298215746e-01 9.999701150512337877e-01
9.999580253658375550e-01 9.999769800006266252e-01 9.999157560862976801e-01 9.999621616651448441e-01 9.999513657623401164e-01 9.999336831048373231e-01 9.999786198551047223e-01 9.999521049053698984e-01 9.998821426997304140e-01 9.999509152577915616e-01
9.999673428196620417e-01 9.999809398683473516e-01 9.999236315213649862e-01 9.999085890397184651e-01 9.999629864114525368e-01 9.999432576969901065e-01 9.999476581282641385e-01 9.999648997597779809e-01 9.999392191608804659e-01 9.999540632890083769e-01
9.999616664143671230e-01 9.998946439525648877e-01 9.999265250239988134e-01 9.999139389145870194e-01 9.999489414310088753e-01 9.999556606657531432e-01 9.999565955899518688e-01 9.999828488786278724e-01 9.999280806230693708e-01 9.999307803913859427e-01
9.999692861367527330e-01 9.999538398858361932e-01 9.999832533698616022e-01 9.999768820817773740e-01 9.999717774191514419e-01 9.999841318135900270e-01 9.999678160996119392e-01 9.999609699822914477e-01 9.999600061782599747e-01 9.999425110250141913e-01
9.999206728282530321e-01 9.999616702856332084e-01 9.999535528644108995e-01 9.999332607788332661e-01 9.999380792378754768e-01 9.999667368010556334e-01 9.999394323310080157e-01 9.999630250256059671e-01 9.999875939915440215e-01 9.999497373838972525e-01
9.999622202689261163e-01 9.999806100170661738e-01 9.999688613075596866e-01 9.999611525980365290e-01 9.999467742109897639e-01 9.999636606472112055e-01 9.999486514156309402e-01 9.997962426485680343e-01 9.999569745291094769e-01 9.999634995998064602e-01
9.999486642883727017e-01 9.999311224134525000e-01 9.999736075938343571e-01 9.997270455529562172e-01 9.999973693906242245e-01 9.999832549669708248e-01 9.999328654099450819e-01 9.999228592027096241e-01 9.999484630138155694e-01 9.999598033096109839e-01
9.999617550647454944e-01 9.999687590426021844e-01 9.999609238750561957e-01 9.999631080644806325e-01 9.999777773848386175e-01 9.999868218199328140e-01 9.999400181222217743e-01 9.999319350621680424e-01 9.999713852265537106e-01 9.999717351304820978e-01
9.999390198304334287e-01 9.999933601879986700e-01 9.999863254099677912e-01 9.999896832015485737e-01 9.999648287133208191e-01 9.999850442906251802e-01 9.999866183202793524e-01 9.999478400963445202e-01 9.998550669114837364e-01 9.999814487144585984e-01
9.999649706248169290e-01 9.999652778668420838e-01 9.998885057633711826e-01 9.999077623729898390e-01 9.999744302598365664e-01 9.999918847719256876e-01 9.999564323011411737e-01 9.999834010734504064e-01 9.999220996109644544e-01 9.999618331744246635e-01
9.999411153478989789e-01 9.999491655548222724e-01 9.999321669047179784e-01 9.999657378583879375e-01 9.999535151934459964e-01 9.999609992325803054e-01 9.999581349649200313e-01 9.999734914508915384e-01 9.999616480783579675e-01 9.999659464982912915e-01
9.999939700397294517e-01 9.999272073178955278e-01 9.999623551213877581e-01 9.999548065022207943e-01 9.999765836093597038e-01 9.999310872982462017e-01 9.999788451737453565e-01 9.999243973493383564e-01 9.999110521770980808e-01 9.999878771542023426e-01
9.999331761890188908e-01 9.999696137386717698e-01 9.999062228225485960e-01 9.999535952371211289e-01 9.999248375064989647e-01 9.999761570814363898e-01 9.999221611439793600e-01 9.998934546712061611e-01 9.999788759229637503e-01 9.999247571716527450e-01
9.999456929257883875e-01 9.999366166642460474e-01 9.999069791778006921e-01 9.999683574807416431e-01 9.999482276469604525e-01 9.999357220122357948e-01 9.999498893622442708e-01 9.999903690534425182e-01 9.999575498742455659e-01 9.999729817511402441e-01
