9.996850642948343912e-01 9.997366011987390833e-01 9.997339544694906488e-01 9.997174366657196609e-01 9.997214154960040178e-01 9.996854811481223901e-01 9.997586064258165983e-01 9.996413059400958145e-01 9.997700224130396940e-01 9.997944678140398000e-01
9.996490976965798358e-01 9.997702461369242233e-01 9.997191861908040211e-01 9.996972713302396674e-01 9.996976041887191133e-01 9.997442043180687632e-01 9.996858156742068902e-01 9.996840026105395793e-01 9.997481204141924760e-01 9.997528050394606236e-01
9.997327971364884380e-01 9.996764475930538518e-01 9.996644775640731728e-01 9.997544991263191960e-01 9.997064503434069938e-01 9.996406563256700073e-01 9.997339799430865481e-01 9.997274522015827669e-01 9.996216443583896272e-01 9.997396066422653549e-01
9.997071649990487696e-01 9.997484101319661365e-01 9.997280943790284313e-01 9.997012626499112153e-01 9.996937053413015306e-01 9.995745947205604276e-01 9.997100957869065052e-01 9.996439410115708357e-01 9.996900216971918995e-01 9.997046897297956480e-01
9.997047883772793853e-01 9.997222286608958841e-01 9.997654912701713359e-01 9.997173136562241824e-01 9.997898001740526119e-01 9.996989832060905190e-01 9.996540897409146309e-01 9.996331679266160508e-01 9.996734422846557111e-01 9.997171174336743071e-01
9.996474012900407047e-01 9.997369746256616896e-01 9.996950326470771531e-01 9.996826702969648926e-01 9.997564159534206851e-01 9.996926099305977198e-01 9.997391152739112385e-01 9.997537251402933700e-01 9.997020871446615775e-01 9.996978505192567477e-01
9.997432707994270418e-01 9.225304542292896981e-01 9.997282962470777079e-01 9.996509942541594862e-01 9.997046893423412461e-01 9.996939833694540312e-01 9.997285885759245039e-01 9.997094130829892178e-01 9.997194973832993492e-01 9.996818735952083257e-01
9.997795095095872719e-01 9.997464906616937430e-01 9.996921328922541150e-01 9.997594294498212131e-01 9.996735400748313349e-01 9.997607710579538010e-01 9.997868064459821680e-01 9.996250049428765383e-01 9.997627294390656338e-01 9.997699580674775932e-01
9.997200169665404479e-01 9.996905043111751210e-01 9.997566116637879308e-01 9.996910285419231545e-01 9.997314901587824876e-01 9.997734364010933961e-01 9.997453934161614209e-01 9.997085204979113682e-01 9.997430168173181420e-01 9.997263220078143053e-01
9.997651667317266622e-01 9.996892810908950544e-01 9.997320343718929525e-01 9.997642578399286162e-01 9.996995229135696714e-01 9.997054968784874207e-01 9.997707603639157670e-01 9.996804681017708027e-01 9.997526055751675411e-01 9.997078676795880803e-01
9.996196525696053881e-01 9.997063415528443242e-01 9.997605215030355152e-01 9.997181253019500335e-01 9.997241662568772114e-01 9.996434426760253400e-01 9.997260616609882078e-01 9.997178113039288938e-01 9.997093633365162768e-01 9.997401038174327237e-01
9.997561075329349789e-01 9.997433035035574456e-01 9.997593369747993508e-01 9.997718978455856220e-01 9.997214529115908688e-01 9.997385265515961184e-01 9.997075522266365422e-01 9.996925523964278471e-01 9.996793582037595272e-01 9.997481752406356392e-01
9.997184138431221001e-01 9.997130863108053545e-01 9.997425709800485949e-01 9.997228954007356672e-01 9.997391024343823540e-01 9.996597071367295806e-01 9.996128901862180172e-01 9.996953373379282581e-01 9.997033346068502357e-01 9.997571051720562929e-01
9.997755954189769811e-01 9.997343822463383711e-01 9.996853838790693558e-01 9.997051067332246577e-01 9.997077625931376499e-01 9.997692208342688902e-01 9.997089052393629549e-01 9.996932055641793990e-01 9.997481058019020983e-01 9.996509229691387111e-01
9.996830421753427620e-01 9.997203434680717038e-01 9.996165466600320793e-01 9.997447307545435091e-01 9.997752660383255607e-01 9.996644944910676456e-01 9.997294005518531090e-01 9.997703485132831691e-01 9.997033002676632973e-01 9.997240573973242839e-01
9.997096185065887930e-01 9.997436726108387406e-01 9.996925702398202773e-01 9.997330663205757917e-01 9.997147573406671706e-01 9.997746938953386842e-01 9.996334305311306290e-01 9.997322991596433450e-01 9.997176487134720180e-01 9.997691248565819810e-01
9.997126212784595012e-01 9.995906599474084775e-01 9.997189880642124438e-01 9.997258565469387959e-01 9.997304370120402295e-01 9.996681674031026033e-01 9.996728246588557631e-01 9.997611878625065618e-01 9.997739965316239097e-01 9.997498277709285786e-01
9.997234905727002685e-01 9.997158335484701563e-01 9.997368654312170921e-01 9.994127576332577645e-01 9.997869009083055758e-01 9.997435198183476368e-01 9.996900478697181569e-01 9.997444971674537273e-01 9.996771575638928597e-01 9.996908730585528646e-01
9.996738101659813358e-01 9.997268064889239803e-01 9.997265980460304791e-01 9.997514077047023884e-01 9.996656643764673111e-01 9.997337612119329142e-01 9.997847535433088684e-01 9.997657180797546728e-01 9.996514857118460329e-01 9.997672797272560974e-01
9.997347283999219458e-01 9.997377063962139543e-01 9.997033675853583823e-01 9.997323481839573978e-01 9.996635152652205702e-01 9.997609253561542397e-01 9.997412304627788515e-01 9.997015527731941686e-01 9.997112491872615081e-01 9.997154544381439134e-01
9.997127418373170649e-01 9.996364582786956277e-01 9.996718975873144508e-01 9.997665223117344624e-01 9.997335033713723451e-01 9.996970669054077163e-01 9.997667039409008360e-01 9.996530622627776141e-01 9.997855052526504194e-01 9.996465483401082430e-01
9.996668061955243934e-01 9.997310155007128607e-01 9.996884644680043008e-01 9.997470829424637273e-01 9.997491733515672108e-01 9.996971902013161992e-01 9.997414610061989837e-01 9.996698144609751369e-01 9.997857340371310020e-01 9.996327335448009777e-01
9.997108110165958683e-01 9.997086433969074593e-01 9.997425872296824556e-01 9.997453582591944166e-01 9.997456395407078311e-01 9.997538621489586719e-01 9.996872047378300152e-01 9.997292182710005859e-01 9.996782300563745727e-01 9.997335762109272883e-01
9.996928779904590279e-01 9.997474242086903384e-01 9.997381923852344254e-01 9.996538492564935874e-01 9.995840832924253183e-01 9.997242415300425789e-01 9.996674734231866255e-01 9.996616124750705712e-01 9.996914076457629195e-01 9.997410991124854318e-01
9.997324531365399114e-01 9.996953651604563174e-01 9.997911579713067987e-01 9.997496826823125682e-01 9.997004316712443384e-01 9.997618545158130088e-01 9.997674905039880544e-01 9.996765592308768378e-01 9.997660400249032131e-01 9.996592896658870186e-01
9.996440679862245160e-01 9.996556976747883461e-01 9.997140419548640189e-01 9.996385955739418572e-01 9.997574666911679397e-01 9.997200966889826512e-01 9.997140970862712361e-01 9.996728273866501979e-01 9.997307765465008877e-01 9.997457880490775439e-01
9.996918613137869558e-01 9.996831550797058430e-01 9.997444348866372232e-01 9.997129784885702142e-01 9.997136693780741545e-01 9.996466368156421423e-01 9.998076102177793079e-01 9.997119268868156494e-01 9.997266046400250517e-01 9.996797111563421323e-01
9.996996041138093148e-01 9.997324535249669797e-01 9.997213729144203143e-01 9.996489035330431427e-01 9.997470898707024878e-01 9.997709572901625208e-01 9.997118788547453283e-01 9.996706960156530597e-01 9.997791145234896648e-01 9.997265198254358110e-01
9.997470139843951387e-01 9.996192367894357611e-01 9.997217725184734949e-01 9.996863096710135732e-01 9.997314458583547170e-01 9.997082866782913690e-01 9.997360026692568846e-01 9.997857603860725861e-01 9.997814927925623429e-01 9.996528279736026645e-01
9.996542247476365439e-01 9.998136782378913567e-01 9.997384335618496598e-01 9.997085647736148051e-01 9.995234343899640495e-01 9.997072981523237312e-01 9.997216079416190171e-01 9.997660174472857708e-01 9.997202025210472076e-01 9.997093757787867130e-01
9.997658319740811983e-01 9.997148982712841248e-01 9.997711051164586138e-01 9.997838521553999991e-01 9.997226017848098722e-01 9.997510628804388011e-01 9.996097051960185498e-01 9.997790610588166427e-01 9.997312724817001284e-01 9.996958839679959130e-01
9.996403179533694949e-01 9.996773093806065047e-01 9.997664440695295252e-01 9.996960282000122433e-01 9.996595037513514859e-01 9.997567732042471622e-01 9.996249826814371797e-01 9.997492421791999151e-01 9.996957670021342501e-01 9.997207034443568174e-01
9.997191644755780704e-01 9.996977032559323240e-01 9.996381761670027899e-01 9.998110342722699162e-01 9.998133983278061354e-01 9.997692788028464950e-01 9.997669387183724110e-01 9.997187710354221712e-01 9.997544164325825600e-01 9.997468802363070894e-01
9.997002237988118489e-01 9.997700749150865152e-01 9.997578051356977857e-01 9.996522795947427875e-01 9.997614787616384557e-01 9.997399527336209291e-01 9.997379020225228841e-01 9.996731034167994911e-01 9.996938647733095706e-01 9.997013552799699498e-01
9.996750841844276314e-01 9.997759143001637705e-01 9.995522183357070656e-01 9.997465491808941174e-01 9.997336478915064273e-01 9.996996765833967569e-01 9.997653636072658667e-01 9.997445587834238312e-01 9.997557626064320635e-01 9.997227922065686778e-01
9.997900342685481778e-01 9.996770808715121914e-01 9.997140554312311522e-01 9.997366865462991026e-01 9.997288113270599297e-01 9.996964634637443003e-01 9.996813953983755274e-01 9.996425040525671601e-01 9.995884851518865855e-01 9.997602024928147202e-01
9.997146930371160201e-01 9.997422582998729546e-01 9.996815862194405877e-01 9.996806161367667309e-01 9.997065283596803242e-01 9.996078134721585462e-01 9.997778594870642133e-01 9.997465819432084233e-01 9.997195787880372997e-01 9.997399346850939228e-01
9.996852006243072131e-01 9.996374871166766596e-01 9.997266794579419136e-01 9.997023273425068579e-01 9.997636735055526191e-01 9.997753477451324366e-01 9.997254356900692196e-01 9.997385954598073665e-01 9.997206127804389997e-01 9.997607838161223226e-01
9.998069266246282227e-01 9.997157783210113280e-01 9.997546475351556383e-01 9.996736437011785048e-01 9.997328090800988720e-01 9.997579096842481583e-01 9.997408952463542331e-01 9.997744661020722123e-01 9.996891817889330678e-01 9.997816054661210483e-01
8.099623647518815472e-01 9.997551949408747252e-01 9.997587568195336338e-01 9.997736713821477883e-01 9.997601166164605813e-01 9.995449898670113464e-01 9.997238938132506636e-01 9.997905587559797747e-01 9.997602789062579598e-01 9.997725918609932094e-01
9.996667982215371451e-01 9.996923941622999354e-01 9.997168724942606666e-01 9.997491592226137591e-01 9.996790719153336724e-01 9.997665728205581415e-01 9.997298384757101752e-01 9.997154587466784426e-01 9.997435767805015194e-01 9.996721581811987001e-01
9.997013073409936057e-01 9.996118405605108892e-01 9.997320272711621714e-01 9.996258638483853654e-01 9.996582020781237254e-01 9.996207560330574449e-01 9.997440236864293395e-01 9.997091075666733051e-01 9.996706982065292069e-01 9.997200545252605819e-01
9.997605606507975473e-01 9.996690976376352289e-01 9.997110147659399315e-01 9.996533139472691953e-01 9.996593334939664066e-01 9.997814906214858022e-01 9.997745603626024824e-01 9.997384962960379484e-01 9.997492939726505545e-01 9.996241738943986155e-01
9.996946642637922764e-01 9.997387842083328424e-01 9.996389129663830753e-01 9.997214308960113982e-01 9.997660697915985439e-01 9.996317786166771802e-01 9.997287621517129130e-01 9.997763711030407396e-01 9.997386224220058404e-01 9.997372294683604110e-01
9.996792907358436064e-01 9.997319143698710775e-01 9.997025316935933548e-01 9.996873282748798273e-01 9.997022800893220484e-01 9.996516817368183982e-01 9.996084262161223366e-01 9.997002098709534268e-01 9.997387175882953558e-01 9.995944736039968914e-01
9.997555071781024649e-01 9.997091629954812930e-01 9.996921943121467313e-01 9.997279088948709536e-01 9.997358698671354738e-01 9.997037893636837591e-01 9.997184328706023582e-01 9.997172295455335478e-01 9.997081554491435984e-01 9.997891104759057956e-01
9.996404789779409494e-01 9.997708152523619995e-01 9.997378664541713977e-01 9.997026705541814939e-01 9.996685294223773832e-01 9.996840453525340786e-01 9.997658221386175326e-01 9.997504431843350359e-01 9.997447006952001614e-01 9.996921173800404903e-01
9.997405818383373610e-01 9.997451579086095164e-01 9.995342347465464572e-01 9.997414569675205920e-01 9.996619443219241230e-01 9.996194003097200742e-01 9.997281721752052652e-01 9.997629858820937798e-01 9.997896655741135286e-01 9.996835848586527185e-01
9.997773116687606043e-01 9.997142595943102616e-01 9.996590756375010045e-01 9.997586767443823463e-01 9.996859711145532623e-01 9.996963308461627173e-01 9.997604089329288346e-01 9.996914444057782845e-01 9.997468606232049471e-01 9.996400758218257909e-01
9.996881128183506826e-01 9.996004770448388976e-01 9.996788313120439362e-01 9.996804329180490889e-01 9.997168623128313003e-01 9.997319385204420650e-01 9.997541843586221777e-01 9.996980420628601705e-01 9.996582227815458133e-01 9.997135574522867385e-01
9.997131483900277837e-01 9.996259500700589440e-01 9.997025042064228151e-01 9.997540170045843277e-01 9.997336665113433218e-01 9.997692575615442223e-01 9.997667249746271523e-01 9.996717492562749996e-01 9.997336382204260463e-01 9.996901735357746066e-01
9.997127921111947924e-01 9.996590794347065545e-01 9.996926079514856234e-01 9.997881767315680568e-01 9.996635819557336822e-01 9.997273153518836386e-01 9.997394085351887227e-01 9.997052303662578021e-01 9.997536908736637251e-01 9.997264719774201502e-01
9.997432226700829760e-01 9.996839745878826067e-01 9.997384506657229775e-01 9.997029983134289033e-01 9.996122243694446352e-01 9.996886386728374152e-01 9.996814194514717089e-01 9.997232631325905228e-01 9.996440751746419329e-01 9.997540841142548151e-01
9.993771333017140712e-01 9.997396664553610535e-01 9.996920950745216139e-01 9.997050103315086034e-01 9.997340577600531963e-01 9.997106122599764833e-01 9.997238181394353385e-01 9.997294154730750337e-01 9.997084201396810865e-01 9.997094239409577421e-01
9.995935295429798639e-01 9.997056585571617582e-01 9.997517405527973633e-01 9.996946942377527012e-01 9.997401184172299837e-01 9.996912741854164786e-01 9.997335215727370938e-01 9.996998152036087326e-01 9.997430618925051693e-01 9.996697494748142399e-01
9.997286679310949387e-01 9.996969542585490975e-01 9.996913941485451316e-01 9.996087885238498227e-01 9.997417423132831660e-01 9.997359504757069582e-01 9.997138322349595763e-01 9.997391005746388837e-01 9.996840120412640029e-01 9.997318429194979039e-01
9.995569104873924804e-01 9.997087440406414727e-01 9.997997866466730166e-01 9.996652530543902460e-01 9.997496502245716288e-01 9.997231251068698921e-01 9.996671175010767296e-01 9.998026611695585153e-01 9.996658717950169804e-01 9.997065411847022576e-01
9.997404058514851588e-01 9.996803308250242770e-01 9.997037640986472518e-01 9.996670847228178447e-01 9.997683194234129322e-01 9.997190192767602124e-01 9.997100777452971876e-01 9.997026657573815367e-01 9.996329741298797256e-01 9.996607838526098133e-01
9.997403816946078825e-01 9.997109327144915181e-01 9.996346707388468200e-01 9.996875687507833508e-01 9.997684366204702133e-01 9.996784550567979766e-01 9.997211375202791350e-01 9.996509703151504889e-01 9.997301140394942998e-01 9.997540653861841653e-01
9.996942053799057204e-01 9.996898357655307210e-01 9.997307730625520916e-01 9.997692132146815958e-01 9.997361169214068477e-01 9.997575643366056752e-01 9.997530762774516910e-01 9.996906466281456627e-01 9.996540426274460600e-01 9.997163419529625505e-01
9.997354095140587038e-01 9.996986516818596735e-01 9.997805603554911213e-01 9.997548215345463118e-01 9.997105868327414990e-01 9.996919272916169330e-01 9.997465384070878258e-01 9.997622290904548681e-01 9.997281595580923552e-01 9.997146379675631023e-01
9.997098086892128865e-01 9.997633310322009415e-01 9.997466896757009058e-01 9.997059590556860442e-01 9.997056713116762028e-01 9.997019210469468842e-01 9.997094550444171057e-01 9.997220580218921793e-01 9.996740330221093318e-01 9.997638322877949735e-01
9.997745088081436693e-01 9.996933670325367505e-01 9.997034347846519564e-01 9.997705685803850439e-01 9.997125711357374156e-01 9.997356672651498410e-01 9.997457191529057763e-01 9.997108599214171720e-01 9.997056190712992896e-01 9.998251212903519480e-01
9.996665663963140158e-01 9.995988572508733849e-01 9.997617126851762182e-01 9.996472931093478564e-01 9.996395590836341105e-01 9.997564718627928171e-01 9.997245795549333236e-01 9.998078721416826520e-01 9.997506816007630803e-01 9.997079919463575104e-01
9.996493228623989369e-01 9.997753179257009570e-01 9.997544043193465901e-01 9.997975736671000924e-01 9.997080081071559876e-01 9.997256692322237237e-01 9.996752358704374952e-01 9.997038353301966884e-01 9.997390826260034169e-01 9.997309628492455635e-01
9.997356412482443222e-01 9.997713315766733055e-01 9.997303652492998127e-01 9.996971619082248850e-01 9.997480346155513953e-01 9.997011454949181752e-01 9.997368098153303073e-01 9.996479470100485543e-01 9.997770833620417408e-01 9.997383884104218410e-01
9.997126801669882212e-01 9.997796854319754845e-01 9.996091129046087431e-01 9.996963868960611066e-01 9.997527409446559377e-01 9.997320864741081614e-01 9.997150812427969546e-01 9.996704200200781099e-01 9.997226441907294259e-01 9.997549483495381528e-01
9.997568039583715205e-01 9.997301947017368517e-01 9.996821541010355583e-01 9.996938494769345152e-01 9.997061266846875016e-01 9.997493954218991119e-01 9.997347216555685367e-01 9.997886911717108749e-01 9.997279327214505518e-01 9.997000691488699964e-01
9.997144123671527494e-01 9.996709072195287815e-01 9.997205648803775269e-01 9.997577025111781257e-01 9.997313101127448531e-01 9.997166794639928966e-01 9.997758083731814738e-01 9.997502298095978235e-01 9.997091889445074431e-01 9.997749732156987479e-01
9.996914198240343108e-01 9.997519276122150966e-01 9.997079644658433129e-01 9.997338758615185172e-01 9.997157773408690273e-01 9.997407214390752195e-01 9.997226145277020581e-01 9.997322922243593313e-01 9.996816469796588889e-01 9.998032399169665130e-01
9.997464146677276231e-01 9.996884541333491692e-01 9.997434770396763648e-01 9.996998791426676689e-01 9.996676115481347713e-01 9.996839601284455146e-01 9.997716644641467809e-01 9.996408078158522947e-01 9.997002954463715119e-01 9.997223419588441296e-01
9.997212034152819227e-01 9.997067095271064963e-01 9.997431505624879700e-01 9.997310052947212533e-01 9.997622939757597749e-01 9.997161218677245165e-01 9.997128542611221080e-01 9.997377733412357026e-01 9.996912714860468618e-01 9.996969296738956734e-01
9.997223214764848764e-01 9.997400001007573644e-01 9.997034915406524114e-01 9.997709881639764706e-01 9.996837418551413057e-01 9.997590374023981319e-01 9.996957790922513798e-01 9.984104391861429173e-01 9.997362521231635268e-01 9.996866832587659735e-01
9.997079166797773198e-01 9.997200560221407573e-01 9.996564621578204468e-01 9.997280145959670516e-01 9.997463984709025198e-01 9.997048822386767064e-01 9.997485892187077949e-01 9.997241441306989884e-01 9.997053150151513634e-01 9.997224355099825210e-01
9.997344839433017771e-01 9.997928767290070740e-01 9.997462528725971076e-01 9.997210360887694991e-01 9.997565191036049681e-01 9.997611562419435050e-01 9.997066363993931670e-01 9.997477594700016068e-01 9.996670721287611583e-01 9.997034622381761881e-01
9.996600725404414245e-01 9.997212516792257642e-01 9.996763297863562325e-01 9.997034279163089510e-01 9.997331608081195808e-01 9.996732476526134503e-01 9.997555042150753080e-01 9.996874690778257966e-01 9.997453572771859420e-01 9.996838652749383547e-01
9.997571393313999799e-01 9.996663911103755851e-01 9.997316119160916115e-01 9.996262946869807209e-01 9.996804511647566782e-01 9.997410895287843768e-01 9.997261001391863910e-01 9.996981065651131537e-01 9.997016771393008039e-01 9.996675682724294187e-01
9.997628974250073464e-01 9.996498130387534431e-01 9.997285878713486618e-01 9.997437323037060564e-01 9.997619631476726276e-01 9.997406693168259251e-01 9.996251551462393969e-01 9.997052820275345031e-01 9.997335443939997512e-01 9.997191184129061714e-01
9.996786212734269927e-01 9.997535224695968115e-01 9.997122293282806327e-01 9.997507031583373616e-01 9.997276562129876476e-01 9.997247642695122893e-01 9.997288082950281929e-01 9.997683167743152133e-01 9.997290409195159766e-01 9.997191125151465574e-01
9.998025777608822162e-01 9.997578565218786517e-01 9.996969282172284421e-01 9.996790563903225069e-01 9.997072472923196340e-01 9.997435046089354627e-01 9.996334949753328258e-01 9.996919606342277165e-01 9.996730967946553248e-01 9.997565275911128868e-01
9.997720067449816783e-01 9.997339746148505846e-01 9.997075043158958341e-01 9.997177366233648277e-01 9.997669862913942662e-01 9.997056780502661111e-01 9.997719788468003577e-01 9.997149617213461070e-01 9.996803676771682801e-01 9.997432288327691152e-01
9.997292935224744159e-01 9.997393204846924952e-01 9.996742384435884921e-01 9.996451968085962037e-01 9.997489324338705297e-01 9.996743516589908785e-01 9.997455031292661332e-01 9.997374083201079342e-01 9.997865192989878746e-01 9.995697588336609485e-01
9.996885699099827827e-01 9.997686232278608642e-01 9.997640079828209458e-01 9.997047506815860407e-01 9.996829638561792741e-01 9.997399848309141968e-01 9.997227178231778977e-01 9.997115441871080588e-01 9.996632356437139544e-01 9.997586964020646061e-01
9.997006694523896675e-01 9.996418079865799777e-01 9.997275753659001785e-01 9.996728258725752214e-01 9.996425000762048096e-01 9.997604204507541947e-01 9.997412556866451805e-01 9.997166618159336604e-01 9.997109199086721132e-01 9.997140555080848978e-01
9.996915960490286857e-01 9.996954376290068112e-01 9.997577316092243205e-01 9.997231547032741084e-01 9.997329934641352445e-01 9.997187162167521235e-01 9.997040900082132531e-01 9.996902771635979290e-01 9.997009264621170566e-01 9.997332611661542412e-01
9.996788977014681166e-01 9.997133078903407410e-01 9.996375489124081914e-01 9.997367736761585411e-01 9.997306576278138790e-01 9.997520601167305676e-01 9.996922096803483315e-01 9.997107369910120944e-01 9.996884329043532746e-01 9.997004435154888125e-01
9.997131373299100732e-01 9.997699891317509691e-01 9.997333791489144694e-01 9.996737923695917516e-01 9.997236431772212883e-01 9.997343112241492413e-01 9.996588527472070052e-01 9.991423656947103771e-01 9.997164907093688546e-01 9.997671086510649952e-01
9.997037057010594863e-01 9.996452738233740920e-01 9.996910659836709678e-01 9.997649632683310861e-01 9.823321156377696761e-01 9.996532086067978495e-01 9.997573357169180497e-01 9.997346077438143963e-01 9.997953662079014370e-01 9.996720774548772948e-01
9.996801154851080451e-01 9.997728316345968480e-01 9.997460684891312788e-01 9.996813088949279003e-01 9.996373212759215310e-01 9.997255985276798373e-01 9.996929724584913135e-01 9.995947523621492303e-01 9.997460227427465984e-01 9.997578213477095188e-01
9.997266429504898522e-01 9.996950212547338621e-01 9.997384756974649900e-01 9.997331964635421953e-01 9.996291430431875069e-01 9.997503694892667658e-01 9.996679288304298749e-01 9.997342454667161871e-01 9.996804707331972129e-01 9.997964142958953859e-01
9.997572136350487693e-01 9.997214157691809433e-01 9.996648492342464776e-01 9.997300873548431444e-01 9.997153805382928971e-01 9.997733390363933159e-01 9.996664915189782397e-01 9.996635132863552764e-01 9.996508820699895326e-01 9.997319406000519937e-01
9.997337610666747754e-01 9.996830046057779695e-01 9.997691621560229613e-01 9.997030541615582466e-01 9.997205610209487503e-01 9.997608985873808196e-01 9.997254812336966445e-01 9.997580708932030102e-01 9.997164743945342602e-01 9.997072878689288178e-01
9.997808505037929505e-01 9.996899231012126297e-01 9.998034620079391255e-01 9.996935691667456769e-01 9.997232008319668628e-01 9.997164260498989652e-01 9.997440548672067440e-01 9.997270964773092849e-01 9.996735527166196178e-01 9.996723706429233580e-01
9.997839083572596097e-01 9.997523187090773256e-01 9.996820782492512603e-01 9.997002172406291853e-01 9.997693297104327526e-01 9.996779627524134959e-01 9.996833048209702310e-01 9.996795966925074994e-01 9.996272364079153983e-01 9.996493735751443843e-01
9.997769480462112002e-01 9.997322672039050673e-01 9.997703804620932111e-01 9.997411553268619189e-01 9.996618682435775005e-01 9.996799238984178659e-01 9.997554287918055671e-01 9.997273853681396538e-01 9.997194039547582234e-01 9.997222244727752560e-01
9.997371670646247876e-01 9.997355227670726707e-01 9.997193195285688505e-01 9.997560009988206708e-01 9.997486695973198945e-01 9.997222318240088779e-01 9.997198436965395452e-01 9.996347496533178889e-01 9.997266461342170230e-01 9.997425909729881210e-01
9.996482594459967785e-01 9.997235317419297385e-01 9.997379517994279263e-01 9.997148743703178075e-01 9.997552389734963851e-01 9.997545094235601448e-01 9.997392759628361825e-01 9.996965195845283203e-01 9.997168072935076477e-01 9.996924271555890362e-01
9.996644146606961101e-01 9.996446357499241264e-01 9.997118371807538484e-01 9.997057283908011849e-01 9.997213146408698847e-01 9.996288013722082200e-01 9.997063183597121316e-01 9.997965649136472122e-01 9.996689139837358073e-01 9.996855482404559678e-01
9.997181688176248748e-01 9.997190613343409638e-01 9.997300543933138606e-01 9.997592947742147684e-01 9.997420973138902989e-01 9.997413093414505569e-01 9.997115635607117801e-01 9.997133386065744087e-01 9.996932721973655900e-01 9.997249598527673253e-01
9.997045486778808332e-01 9.997479732343941272e-01 9.997986066716476605e-01 9.997527649146898954e-01 9.997341663273114909e-01 9.997764319159073709e-01 9.997339085863174990e-01 9.997658987090735083e-01 9.997303027588756441e-01 9.997849021341757014e-01
