9.999094141984747885e-01 9.999478149720749665e-01 9.998919119412837953e-01 9.998773502869673369e-01 9.998728029845198595e-01 9.998880735467893244e-01 9.998651553120004865e-01 9.998899399351021122e-01 9.998180744174297585e-01 9.999221582249087081e-01
9.999108293496301592e-01 9.999205639092920705e-01 9.998948743447166887e-01 9.998440007896711723e-01 9.998716739732488312e-01 9.999548582303318112e-01 9.999233232360563717e-01 9.999348560997073365e-01 9.998786168085431747e-01 9.999101691083612797e-01
9.999395408119590156e-01 9.998662643525371152e-01 9.999120176139543181e-01 9.997985510912463791e-01 9.998592791512004307e-01 9.998376851300002643e-01 9.998412178493751856e-01 9.998918056340788674e-01 9.999174066955157647e-01 9.999023896924598143e-01
9.999077108853724472e-01 9.999090219826802795e-01 9.999514703419843942e-01 9.998840869865484038e-01 9.998889444469858390e-01 9.999385947094509008e-01 9.999001070350801434e-01 9.998774971273347578e-01 9.999440197053087731e-01 9.999054405488175812e-01
9.999170277345833524e-01 9.999645241091981163e-01 9.998731660063759907e-01 9.997879960777048547e-01 9.999039051086191510e-01 9.998590588925470035e-01 9.999525223902666626e-01 9.997942904124593744e-01 9.998566274073347193e-01 9.998952154703537598e-01
9.998868207559022947e-01 9.999200770696938800e-01 9.998916957225142399e-01 9.999043607716565640e-01 9.999216214178763273e-01 9.998884112782053801e-01 9.998459629518301472e-01 9.998958514535061237e-01 9.998235862911568628e-01 9.998837085525014157e-01
9.999014840152863348e-01 9.998505901441099297e-01 9.998972689923604218e-01 9.999263074240326565e-01 9.999149926898951435e-01 9.998751645308435743e-01 9.999573413568649816e-01 9.999316105586184555e-01 9.999420947860739872e-01 9.998337329200035484e-01
9.999276199835349654e-01 9.999167026853924556e-01 9.999393699081710052e-01 9.998972639358991721e-01 9.997652926740511203e-01 9.999226035001274049e-01 9.998737556154607686e-01 9.998922823949087935e-01 9.998996014891251560e-01 9.998841027749347798e-01
9.999384118357851348e-01 9.998817927866160415e-01 9.998230953822961897e-01 9.999030359454467165e-01 9.999351248077344989e-01 9.998685501840398615e-01 9.999067032159804080e-01 9.998891826276771200e-01 9.998515356801449538e-01 9.999163460112922008e-01
9.998930449188786485e-01 9.998361210660919873e-01 9.998814895773432410e-01 9.998080655417933560e-01 9.998855259314279875e-01 9.997938999772791879e-01 9.999464965636359892e-01 9.998839500533823754e-01 9.998739539967653744e-01 9.999019274628775378e-01
9.998570340331204287e-01 9.998910303475992967e-01 9.999007205773984275e-01 9.998813370110158916e-01 9.999135305371847915e-01 9.999224976262087727e-01 9.999385929769601944e-01 9.998964132204551936e-01 9.998869254868725243e-01 9.998929420913561517e-01
9.998833305292017526e-01 9.999176316211549898e-01 9.998961431509358899e-01 9.999334132353983051e-01 9.999373071471661101e-01 9.999047999383778862e-01 9.997591775719506524e-01 9.998985487194517185e-01 9.999032228896551633e-01 9.998899298655822276e-01
9.999383559833824320e-01 9.999016397273078338e-01 9.998632473752008254e-01 9.998333350624335480e-01 9.999243289115732347e-01 9.999282680116272637e-01 9.998806170974711138e-01 9.997885544056870355e-01 9.999054986336876061e-01 9.999114116343835734e-01
9.999000983817928345e-01 9.998962382037199781e-01 9.998780282369051919e-01 9.999427867898328381e-01 9.999541881905709140e-01 9.998815733434555098e-01 9.999296801369386145e-01 9.998567880394085838e-01 9.999224979310109562e-01 9.998679423099445795e-01
9.999462032815051860e-01 9.998827816136975910e-01 9.998682964232403769e-01 9.999230030296921701e-01 9.998547098936994004e-01 9.999430499689903051e-01 9.998860017400400535e-01 9.998737887317615813e-01 9.998634671617410152e-01 9.999296003462395666e-01
9.999240306377937815e-01 9.998982178797134468e-01 9.998683157931592680e-01 9.998442680005328320e-01 9.999482315235634911e-01 9.998696013212217126e-01 9.999073010623622526e-01 9.999405212610500415e-01 9.999248537916277657e-01 9.998917410754916135e-01
9.999601378189958423e-01 9.998945315401299716e-01 9.999359071638547203e-01 9.999283999010728508e-01 9.999286201952006792e-01 9.999402307903892950e-01 9.999427394271955816e-01 9.998815681456795224e-01 9.998829194428938694e-01 9.999371333867554945e-01
9.998313259354932869e-01 9.998593967968493201e-01 9.998970944456438970e-01 9.999621823234705609e-01 9.999153616665962252e-01 9.999254600582546670e-01 9.999044609956337926e-01 9.998842244297384552e-01 9.999109532598912109e-01 9.998891844255133332e-01
9.998499361542330099e-01 9.998735045237611141e-01 9.999220275014503168e-01 9.999321096797141317e-01 9.999489408527177936e-01 9.999078008579196375e-01 9.997885665455996662e-01 9.999237067870225815e-01 9.999465150431250393e-01 9.999369893259018038e-01
9.999386138015808889e-01 9.998336632744164731e-01 9.999275364467956617e-01 9.999307744491733319e-01 9.998450821460710403e-01 9.999083971578462959e-01 9.999120224867945605e-01 9.999428562647021401e-01 9.998738545559502366e-01 9.998978352056175911e-01
9.998993602650041446e-01 9.998843289918901700e-01 9.999290647798042553e-01 9.999482273116870878e-01 9.998994259697548959e-01 9.998304465050941170e-01 9.999158383513080395e-01 9.998452878058428084e-01 9.999349873492663354e-01 9.999031205097890229e-01
9.999049522676354274e-01 9.999064338324991086e-01 9.998952797078132226e-01 9.998956257842036566e-01 9.999398125003392535e-01 9.999251614039809111e-01 9.998551169714194886e-01 9.998031174051974501e-01 9.998188435101953431e-01 9.998464451717529178e-01
9.999293358909661089e-01 9.999085044794031596e-01 9.999475866282856451e-01 9.999100587951983421e-01 9.999372861835094106e-01 9.999005744538606022e-01 9.998094785966934461e-01 9.999222907677298711e-01 9.999282225807399893e-01 9.998543427025042840e-01
9.999060779258653886e-01 9.998880996648689123e-01 9.998973107282066453e-01 9.998599529825723531e-01 9.999350842857169797e-01 9.998637617868962879e-01 9.998671233533348301e-01 9.999169514929621139e-01 9.998882688879198177e-01 9.997948921224870666e-01
9.998786366716818641e-01 9.998822371434885614e-01 9.997605326438856466e-01 9.998763150672005384e-01 9.999319631044140122e-01 9.998998823775770983e-01 9.998352233442497905e-01 9.999102040154356219e-01 9.999051878054620035e-01 9.998834965040915845e-01
9.999100496533372961e-01 9.998786312646196217e-01 9.999086933113435771e-01 9.999330930533785189e-01 9.998976179768034322e-01 9.999063382388899690e-01 9.998621385547330487e-01 9.998344342232114990e-01 9.998795089959597870e-01 9.998027137622557126e-01
9.998584560606816884e-01 9.998771829177847126e-01 9.998116021056234759e-01 9.999471256326959434e-01 9.998473880836786787e-01 9.999428741102005525e-01 9.998871114533678384e-01 9.998481231215700094e-01 9.998777008020042212e-01 9.999092273925401786e-01
9.998903709901583170e-01 9.999315711283981445e-01 9.999342348179305340e-01 9.998799852745006156e-01 9.998896080156240984e-01 9.999351033566474811e-01 9.998938882469249334e-01 9.999368285755553254e-01 9.999092601709290706e-01 9.999191632083512804e-01
9.998420384459639765e-01 9.997962311049758410e-01 9.998511449749883928e-01 9.999262405499710349e-01 9.998853744482316674e-01 9.998899543395064482e-01 9.999055494786706078e-01 9.998388541390483830e-01 9.998519617200947174e-01 9.999011347112850556e-01
9.999497658761578034e-01 9.997764290527675346e-01 9.998638215745081492e-01 9.999546974159618795e-01 9.999009910167828696e-01 9.999475725929438674e-01 9.998886621232679905e-01 9.998810368271934257e-01 9.998429683798537582e-01 9.999400404726411784e-01
9.999539700501242079e-01 9.999149453226683359e-01 9.998965664198223857e-01 9.998811684616694118e-01 9.999064267796544669e-01 9.998387489455019539e-01 9.998764583406890560e-01 9.999093322013575813e-01 9.998951776888531651e-01 9.998281626955203283e-01
9.998953582504855886e-01 9.999110528560871680e-01 9.998694430454799775e-01 9.998789601324150622e-01 9.998736039507967188e-01 9.998901299846089108e-01 9.999263019042744505e-01 9.998344815198040303e-01 9.998877387188832566e-01 9.999263429880340670e-01
9.998426006188683157e-01 9.999082720866284690e-01 9.998051480764714727e-01 9.999462877276871220e-01 9.998952735905803912e-01 9.998529167909496751e-01 9.998348126023745008e-01 9.999313724586917917e-01 9.997716832695792144e-01 9.999161392538152837e-01
9.998061378935855226e-01 9.998802779998656742e-01 9.998955935814248797e-01 9.998667576671166346e-01 9.999419021013212783e-01 9.998762662948509350e-01 9.998364465595933614e-01 9.998890313531855201e-01 9.999351245081250505e-01 9.998957245171197217e-01
9.998411100722780498e-01 9.999459016932110700e-01 9.998925971305622218e-01 9.999522871813060210e-01 9.999390035897006701e-01 9.999305942346902176e-01 9.999068362579746072e-01 9.999030791504198712e-01 9.998498294796578367e-01 9.998396311387269808e-01
9.999072710452779900e-01 9.998920107926410061e-01 9.999184194668695458e-01 9.998970241134286230e-01 9.999610985444385980e-01 9.998713443022564373e-01 9.998841231903381477e-01 9.998808980955702364e-01 9.999193311484877444e-01 9.998401938361021202e-01
9.999380038827579975e-01 9.999426999384437575e-01 9.998943017921294585e-01 9.999183696010518485e-01 9.999711670298939703e-01 9.998928707039678176e-01 9.999054957892130613e-01 9.998338383338614133e-01 9.998795365818823333e-01 9.998273650074938068e-01
9.998882834490651073e-01 9.998995981979305059e-01 9.999071257442082583e-01 9.998558455046219207e-01 9.999032115784132202e-01 9.999301257156075762e-01 9.997208483134911727e-01 9.998929137097860576e-01 9.998479934109758549e-01 9.998802044292841584e-01
9.999177709233827427e-01 9.998601275385300413e-01 9.998976693306583785e-01 9.998996339765955366e-01 9.999056152382976848e-01 9.999015891958855651e-01 9.998392185724214176e-01 9.999262932086339095e-01 9.999159364600777034e-01 9.998522954043852495e-01
9.998457879457416375e-01 9.998485039489090065e-01 9.999647955902715157e-01 9.999263151723758458e-01 9.999460463845418756e-01 9.998754376321327131e-01 9.999283839184990308e-01 9.998251488840553813e-01 9.999329988516166834e-01 9.999330039472912324e-01
9.998659255219040087e-01 9.999271412656088875e-01 9.999071994457747747e-01 9.997775084067147544e-01 9.998408964440610447e-01 9.998940178570790982e-01 9.999189829730160683e-01 9.998710546674036692e-01 9.999147209084146004e-01 9.999023547984409177e-01
9.999110584095656229e-01 9.998750151486081039e-01 9.998892666108143423e-01 9.999089517469764710e-01 9.999147958005144554e-01 9.998609292089922773e-01 9.999049897967359213e-01 9.999289701173701417e-01 9.999385673987044587e-01 9.999165378034885476e-01
9.998319230602118468e-01 9.999394969113727383e-01 9.999474461159739702e-01 9.998402974437459179e-01 9.998706613075708516e-01 9.999376972033887645e-01 9.998887861097397467e-01 9.999309196690912005e-01 9.998915738979836654e-01 9.999343817320250905e-01
9.999212672214632391e-01 9.998675287342188023e-01 9.998514919347563090e-01 9.999141197431041794e-01 9.998372775324279038e-01 9.999103555563969570e-01 9.998947775912234714e-01 9.998836131319607246e-01 9.999061037534574536e-01 9.998735682205832642e-01
9.997891019245538358e-01 9.999274156574047279e-01 9.998693120473416407e-01 9.999355351416753246e-01 9.997825583050106157e-01 9.999031291125911602e-01 9.999141444658252720e-01 9.998941325360528598e-01 9.998975057733222593e-01 9.999102837507156671e-01
9.998961465078621824e-01 9.998618649779584810e-01 9.998817226341889519e-01 9.999060522585225819e-01 9.998792591472438485e-01 9.999073930122884812e-01 9.999394146251455728e-01 9.999366789882130346e-01 9.998307944221089816e-01 9.999342928129514307e-01
9.999035590246038163e-01 9.999374208294173894e-01 9.999266857378464879e-01 9.999183007783216670e-01 9.998932457605083091e-01 9.998794999720537202e-01 9.998708886347530411e-01 9.999110661920428411e-01 9.998385724001696007e-01 9.999490323123124691e-01
9.998924785277452099e-01 9.999092415597226058e-01 9.999132459277950691e-01 9.998584336927003324e-01 9.999080524960932692e-01 9.999154454206519160e-01 9.997924239776151412e-01 9.999112266977178143e-01 9.998548105255363749e-01 9.999041174368089591e-01
9.998224026302736656e-01 9.999182154734679306e-01 9.997862412281132150e-01 9.999041840334648157e-01 9.999239593040574192e-01 9.998979585551861504e-01 9.998982581321982366e-01 9.999153634717380390e-01 9.999002993950620866e-01 9.998688336329060178e-01
9.999436099008833789e-01 9.998816100378694616e-01 9.998967300944245906e-01 9.998871633197711217e-01 9.999207262216984748e-01 9.998797989419816457e-01 9.998621120785730065e-01 9.998782142879832913e-01 9.998883071578775761e-01 9.998473491207597874e-01
9.998125249010970661e-01 9.998722512096199777e-01 9.998573659560445748e-01 9.998809769231788991e-01 9.998459167237760958e-01 9.999683003117709745e-01 9.999355405868435298e-01 9.998687389372600265e-01 9.998263051670125412e-01 9.999129775138262399e-01
9.999032735357606949e-01 9.999464709370290416e-01 9.999140279036969892e-01 9.998537234375539651e-01 9.999234855806120592e-01 9.998829222466711908e-01 9.999579288311633007e-01 9.999181055177230881e-01 9.999020641677713872e-01 9.998553261691104366e-01
9.999428000487226020e-01 9.999289837734105513e-01 9.999266203023865485e-01 9.998597658877228511e-01 9.998727804653212425e-01 9.998900233782496150e-01 9.998493862820345690e-01 9.999521120442533828e-01 9.998488849714733950e-01 9.999262968600122203e-01
9.998934711383545837e-01 9.999266897129686082e-01 9.998790298403325005e-01 9.998874472542466085e-01 9.998335602368030317e-01 9.999196466345213752e-01 9.997953417702447609e-01 9.999129344939832187e-01 9.998988723019741620e-01 9.998232057849102405e-01
9.998249319283883940e-01 9.998926697517753759e-01 9.999346116819392005e-01 9.998662378878607759e-01 9.999229975412835536e-01 9.998781204627836816e-01 9.998972355499355924e-01 9.999316067386071483e-01 9.999500955235356425e-01 9.999443113993606858e-01
9.997991925002904789e-01 9.999234615807248705e-01 9.999051115901875786e-01 9.998910154844409259e-01 9.998991943066294352e-01 9.998365548204096731e-01 9.999417973952652305e-01 9.998716779580448799e-01 9.998933929223592365e-01 9.997989428500505538e-01
9.999455184656321771e-01 9.998923791486230561e-01 9.999572360035899887e-01 9.999076701199142159e-01 9.998660456622514570e-01 9.999126624336238667e-01 9.999012089167876871e-01 9.998397941913724773e-01 9.998585470479287585e-01 9.999478782888689965e-01
9.999099766796853972e-01 9.998254830783724900e-01 9.999046711443227986e-01 9.999068709423061252e-01 9.998900171299629491e-01 9.998486420462181501e-01 9.998901613148212242e-01 9.999060567162150193e-01 9.999123242493719310e-01 9.998368388655926031e-01
9.998437488702227594e-01 9.999520524253626697e-01 9.998697523541701937e-01 9.999154056171578597e-01 9.998544170008794030e-01 9.999232498778730660e-01 9.998281209178881968e-01 9.998841069014877680e-01 9.998404765644538505e-01 9.999116093249356130e-01
9.998679794472609128e-01 9.999374722249860792e-01 9.998670481436510160e-01 9.998032233985347794e-01 9.998958993824639263e-01 9.998625028637715406e-01 9.998564195075938521e-01 9.998682999083398082e-01 9.998920238626637369e-01 9.999160089381461392e-01
9.999541898292731990e-01 9.998786794726159943e-01 9.998846662309170963e-01 9.999126191325906632e-01 9.999090929500020763e-01 9.998963652449851525e-01 9.999346793243422127e-01 9.999487899319893236e-01 9.999365745241602932e-01 9.999488705065817662e-01
9.998279692460926293e-01 9.999186530667474315e-01 9.999557649594510433e-01 9.998865046311192772e-01 9.998676689967457287e-01 9.998692765432909413e-01 9.999121532249355404e-01 9.998885641379838818e-01 9.999630985582074194e-01 9.998938273339682548e-01
9.998816514712168813e-01 9.999247831233114558e-01 9.998670736381767288e-01 9.999445363043294455e-01 9.999037818383185172e-01 9.998424710949316285e-01 9.998059513336184922e-01 9.998425553925822662e-01 9.998645480131580499e-01 9.999236297695668352e-01
9.999065476065742697e-01 9.998859281625341877e-01 9.999512542251451919e-01 9.999254822340767346e-01 9.998993439690933016e-01 9.998022441484333278e-01 9.998936832379778927e-01 9.999069981452176625e-01 9.998888612901446482e-01 9.998520501118457471e-01
9.998743961898165500e-01 9.999300998958766673e-01 9.998721743974173792e-01 9.999534168802706180e-01 9.998068101459365309e-01 9.998435408786593426e-01 9.999404897189102526e-01 9.998569470936277126e-01 9.999092435480553265e-01 9.998912003653184222e-01
9.999089133505220106e-01 9.999255140148010090e-01 9.999094868198060704e-01 9.998690982327852472e-01 9.998698972780498684e-01 9.998495331571012334e-01 9.998691642650935352e-01 9.999466269274127628e-01 9.999560447084309134e-01 9.998587789915373003e-01
9.998235947682405644e-01 9.999242087320555639e-01 9.999538745023347497e-01 9.998436750424970487e-01 9.998783434943105952e-01 9.999154451140530586e-01 9.998747446847743303e-01 9.999185544443257578e-01 9.999424352521737447e-01 9.998547614128763250e-01
9.999384535937343443e-01 9.999072860087898640e-01 9.999283281627470155e-01 9.999086299006767486e-01 9.998581439560675355e-01 9.999357971092892594e-01 9.999171982669140535e-01 9.998802095517224098e-01 9.999403699287441327e-01 9.999121577957994500e-01
9.999402167621397330e-01 9.999132004934756512e-01 9.999083309938018305e-01 9.998622648903588983e-01 9.998188041328557318e-01 9.998912543758138316e-01 9.997736541565483970e-01 9.998486894633817901e-01 9.999229465553691742e-01 9.998930321548793465e-01
9.999287868302979554e-01 9.999231975801686767e-01 9.998567252719298137e-01 9.998895432912465742e-01 9.999093601076863846e-01 9.999333707317382691e-01 9.998725969173352102e-01 9.998497595033621899e-01 9.999204991862732372e-01 9.998976136605735032e-01
9.999112574428503653e-01 9.998340984753054661e-01 9.999328572892305367e-01 9.998569724384233082e-01 9.998566700432383048e-01 9.999328204020229149e-01 9.998896244555138813e-01 9.998312899874245430e-01 9.998079498438547930e-01 9.999039505979770981e-01
9.998631404215707619e-01 9.998596169684291768e-01 9.999522243821439282e-01 9.999407539547097157e-01 9.999459443516467427e-01 9.999235442019425157e-01 9.999111685972690289e-01 9.997505551034145954e-01 9.998241910492264850e-01 9.998787611389752250e-01
9.998026090078496741e-01 9.999174993820592050e-01 9.998494878864671032e-01 9.998318217067377889e-01 9.998477843494990580e-01 9.998902790155411724e-01 9.998984881175116968e-01 9.998468996275985399e-01 9.999674977760657502e-01 9.998404917058070218e-01
9.998095915558481428e-01 9.998733985519744349e-01 9.998498339115327038e-01 9.998522057471781466e-01 9.998754127830066230e-01 9.999507559604239315e-01 9.998951987684704390e-01 9.999387933025708497e-01 9.999457210608266866e-01 9.998767545505153898e-01
9.998959568869603132e-01 9.998524258923447983e-01 9.999106462567818321e-01 9.998499364934431144e-01 9.999518772590508808e-01 9.998810290855176808e-01 9.998409598894566486e-01 9.999557918130407286e-01 9.999184362393549463e-01 9.999169269706270624e-01
9.998124584332067633e-01 9.999351074803174422e-01 9.998237775412718298e-01 9.997327441054458808e-01 9.998645761343160077e-01 9.998802605378402930e-01 9.998807066648841557e-01 9.998513277331574356e-01 9.997171014948590395e-01 9.999485422711066329e-01
9.998396266358339224e-01 9.998782880358344505e-01 9.999185234769543129e-01 9.999415583960823417e-01 9.999156487265387083e-01 9.996959358069251733e-01 9.999365266314160783e-01 9.999217177672047319e-01 9.998528158577559832e-01 9.998720963301527265e-01
9.998476656366964699e-01 9.998963444091244490e-01 9.998548671144902311e-01 9.998969734829963318e-01 9.999195547319252864e-01 9.998854039741714717e-01 9.999452152702530405e-01 9.999066233804938530e-01 9.999523587999370466e-01 9.999481579801637876e-01
9.998720507338927366e-01 9.999562132728700981e-01 9.999253801226885008e-01 9.998310937373116047e-01 9.999374296330582057e-01 9.998796068748212473e-01 9.999399980274727984e-01 9.999027643397776499e-01 9.999050342415913839e-01 9.998735421233538867e-01
9.997346805535749503e-01 9.998697704700248989e-01 9.999121623820975691e-01 9.998996880244778174e-01 9.999274933694651812e-01 9.998985885737232682e-01 9.999401515837440524e-01 9.998727635576923900e-01 9.999074241136575170e-01 9.998851264930891380e-01
9.999184399105891519e-01 9.999052424863819066e-01 9.997281999462076518e-01 9.998851609712305910e-01 9.998523509303673951e-01 9.998704674412912663e-01 9.999199786917629673e-01 9.998235989203386742e-01 9.998756040886764840e-01 9.998189028479975704e-01
9.998713036333850557e-01 9.998109063677516062e-01 9.999035640620740351e-01 9.998565333876346939e-01 9.999420976822234186e-01 9.999052882883178173e-01 9.998728391269383620e-01 9.999504035050270634e-01 9.998385420430502268e-01 9.999166046854137679e-01
9.998570003909071913e-01 9.999087947227183193e-01 9.998772596472316199e-01 9.998758359099438886e-01 9.999325723045449088e-01 9.998942638162956476e-01 9.999427622573306973e-01 9.999482015119823819e-01 9.998715711071725076e-01 9.999141223879617346e-01
9.998638749628373512e-01 9.999169776076853866e-01 9.998681424363484727e-01 9.998585442755493213e-01 9.999378715454944055e-01 9.999359901230846503e-01 9.999347097295540054e-01 9.998951036798299219e-01 9.998415221437455536e-01 9.998528098526745511e-01
9.998957224812097255e-01 9.998874492245513057e-01 9.998866571777161871e-01 9.997882511633482405e-01 9.999041362216807283e-01 9.999145528315057652e-01 9.998947809478475612e-01 9.998079993067046090e-01 9.999076156346616839e-01 9.998988115570328628e-01
9.998969592232366255e-01 9.998495767297721493e-01 9.999295682687010522e-01 9.998989701871259239e-01 9.999199425336311453e-01 9.998575477033158077e-01 9.998724023079733625e-01 9.997834943666100704e-01 9.998877537269300619e-01 9.998390785030886185e-01
9.998510052819920002e-01 9.998749136705202822e-01 9.999042141074535595e-01 9.998951625343123206e-01 9.998756492763676285e-01 9.999097291891043682e-01 9.998620046655345428e-01 9.999228503094543807e-01 9.999241206593769693e-01 9.999623017694545535e-01
9.999168679289948125e-01 9.997631682073747639e-01 9.998444306991088881e-01 9.999435958519992118e-01 9.998948360177145611e-01 9.997864608783200158e-01 9.999173970246545418e-01 9.998869579779527950e-01 9.999267266815307087e-01 9.999101006576371908e-01
9.999225257940428380e-01 9.999381800380123808e-01 9.998114703416355331e-01 9.999250686754916906e-01 9.999178872561957920e-01 9.998706726784156729e-01 9.998803331853095555e-01 9.999118562503566121e-01 9.999110133038349169e-01 9.998772848600500085e-01
9.998831755490462658e-01 9.998796143991701690e-01 9.998872303118720994e-01 9.999010735974411812e-01 9.999000158771542690e-01 9.998987907559307997e-01 9.999647557229326411e-01 9.999048941224670806e-01 9.998915603219539205e-01 9.999174459705774121e-01
9.999248103144358080e-01 9.998990460270219538e-01 9.998827883195472443e-01 9.998645093131487416e-01 9.999360727099714241e-01 9.999513316001020780e-01 9.998509535738626663e-01 9.999233514245073895e-01 9.998774902317576485e-01 9.998686961395050199e-01
9.999259322866684840e-01 9.998632354750714990e-01 9.998625928656936779e-01 9.999321765067377132e-01 9.998776806334791489e-01 9.999301467108121511e-01 9.999178430335929901e-01 9.998949965579286836e-01 9.999162706632437336e-01 9.999030141368632219e-01
9.998815343048451654e-01 9.999087582304394539e-01 9.998928837074243514e-01 9.999646309357249629e-01 9.998407985548020127e-01 9.999022877896805994e-01 9.998753862387641522e-01 9.999023248607137315e-01 9.999073266436676599e-01 9.999219742493883345e-01
9.999433295549814416e-01 9.997877692719621123e-01 9.999373624400085259e-01 9.999180359251371719e-01 9.998937272143205712e-01 9.997458128840914782e-01 9.999529930556275703e-01 9.998227034783948586e-01 9.998954035159302034e-01 9.998963826950219014e-01
9.998875900174700737e-01 9.999420767129073573e-01 9.999330518534464973e-01 9.999139964546294168e-01 9.998707398769351995e-01 9.999177048617581276e-01 9.998967309649330337e-01 9.999087757176804425e-01 9.999166979751561435e-01 9.999183100856289252e-01
9.999009008302227608e-01 9.999346359414097440e-01 9.998757944093734640e-01 9.999384065125076493e-01 9.999370741723430100e-01 9.999182950180450780e-01 9.999002955623054190e-01 9.998865678875671348e-01 9.999137646120677125e-01 9.999481599830776224e-01
9.998952500850160074e-01 9.998733444577180274e-01 9.998324051953653147e-01 9.998880235259102189e-01 9.999008157320041779e-01 9.998928107364971618e-01 9.998596120197205117e-01 9.999037794268859081e-01 9.998640789462723832e-01 9.999470470277312950e-01
9.998794022329237086e-01 9.999095215640295686e-01 9.998875787638440427e-01 9.998609641971076822e-01 9.998433244124376174e-01 9.998506034712847379e-01 9.998342498240779808e-01 9.998189321046326850e-01 9.997933832873979743e-01 9.999280937220389465e-01
9.998472469315471400e-01 9.998970599752114996e-01 9.998858552277489764e-01 9.999202793615249441e-01 9.998804975114773397e-01 9.999161535697075331e-01 9.998963028697396282e-01 9.998520084368630600e-01 9.999489302900822496e-01 9.998781004648576998e-01
9.998924527584921451e-01 9.998921006406087386e-01 9.999302950005980462e-01 9.998693354343562989e-01 9.998270197598371212e-01 9.999265418086239476e-01 9.998111912585162520e-01 9.998573856773218527e-01 9.999144664998445009e-01 9.999144792721177399e-01
