9.999252731795549298e-01 9.997941658614428739e-01 9.998461685003149357e-01 9.999293480007306334e-01 9.998334856439132778e-01 9.998910819145658824e-01 9.999054490047551980e-01 9.998965009772916579e-01 9.999375152438610970e-01 9.999051775888081472e-01
9.998989124882078361e-01 9.998458246271958449e-01 9.998600294894831597e-01 9.997918998861098361e-01 9.998924620557040344e-01 9.998745706339570161e-01 9.999395245503176488e-01 9.998710042599371350e-01 9.997232695757410914e-01 9.999561841368810322e-01
9.998798899449296007e-01 9.999344170266494247e-01 9.997915905970103934e-01 9.999024436171608521e-01 9.998044315453378239e-01 9.997137085393544842e-01 9.998621824010931469e-01 9.998695474136832795e-01 9.998955018842755615e-01 9.997417256039284883e-01
9.997048351388605480e-01 9.998908828634119894e-01 9.997820128254847338e-01 9.998181255951537061e-01 9.999142379968842809e-01 9.999078161970119671e-01 9.999397888846761617e-01 9.998771165909873249e-01 9.999364661523043596e-01 9.998351826613154358e-01
9.999028127647687780e-01 9.998298145536108628e-01 9.996746030859465781e-01 9.999011902707803934e-01 9.999041130780847997e-01 9.998984937250224858e-01 9.999194370692225942e-01 9.998583178203692690e-01 9.998169146259524576e-01 9.999450734754485870e-01
9.998808477363897440e-01 9.997511523934725641e-01 9.995229758095858230e-01 9.999125664701372651e-01 9.999461557208930707e-01 9.996637104221229864e-01 9.990497674183921317e-01 9.999318986739895720e-01 9.998536771392285694e-01 9.996572073879216314e-01
9.991919876858271765e-01 9.998720210897378280e-01 9.999491298161690134e-01 9.998804060078100298e-01 9.998990035467948401e-01 9.999222735870026968e-01 9.997711821399095644e-01 9.999492111982992704e-01 9.998190550866148385e-01 9.999319817771823438e-01
9.998124563284446209e-01 9.998812749641062814e-01 9.998916434139090148e-01 9.998507616733154357e-01 9.998869879964202845e-01 9.999137692523483167e-01 9.998662995634522987e-01 9.998883812870191790e-01 9.998463361228732138e-01 9.999152719425716818e-01
9.998975828033863644e-01 9.999079431404447327e-01 9.998199445753417347e-01 9.996481922168172218e-01 9.997328556836631019e-01 9.999255086302845097e-01 9.998121661964827211e-01 9.998757028221189058e-01 9.999085676779843057e-01 9.998882545877006978e-01
9.997727287733840784e-01 9.998288848606339263e-01 9.998962528892633150e-01 9.998352981340715706e-01 9.998748979533679249e-01 9.997806963325316376e-01 9.998962776387458895e-01 9.999412480911405998e-01 9.997615513215685201e-01 9.998993492107811631e-01
9.999503973172075844e-01 9.997572221631561007e-01 9.993599660515516403e-01 9.998856912379134876e-01 9.997709507592924538e-01 9.999192708161558363e-01 9.999392639327958632e-01 9.999489415479667631e-01 9.997568503588379896e-01 9.999123830804272917e-01
9.996913461705545512e-01 9.999775158974302247e-01 9.998277769144392479e-01 9.998175839958649558e-01 9.999460499618211262e-01 9.997714568210452901e-01 9.999321506028082673e-01 9.998484886997150989e-01 9.999529748813119623e-01 9.998938613288669286e-01
9.989744306599808166e-01 9.998821890785257738e-01 9.999045212925340431e-01 9.998777454068138448e-01 9.998951021264516070e-01 9.998551291343124037e-01 9.998976771859116042e-01 9.998796795998741160e-01 9.998730422176748123e-01 9.998950373926600577e-01
9.999264020426444910e-01 9.998939149346410815e-01 9.999401168649418858e-01 9.998494275768514683e-01 9.999616369907459168e-01 9.997482528043646344e-01 9.999099644865503400e-01 9.999750748113382937e-01 9.998536998071527737e-01 9.999524505760325477e-01
9.998720535404969079e-01 9.999053409899429923e-01 9.999266223246850993e-01 9.998476033448384648e-01 9.997943334628283107e-01 9.996583483104020118e-01 9.998726767505899948e-01 9.998319028421982502e-01 9.999395836345666977e-01 9.999056702525850326e-01
9.999162368277526580e-01 9.999743391614911436e-01 9.998778966949390945e-01 9.998225710288907164e-01 9.997635715140853474e-01 9.999029839405088049e-01 9.998557609823901515e-01 9.998068987659023410e-01 9.998694126749442246e-01 9.999479341196761961e-01
9.997549890648651516e-01 9.999229119241340724e-01 9.997582558505191397e-01 9.999317776769309773e-01 9.998456643947402078e-01 9.999119788684726062e-01 9.996517912110840509e-01 9.999255592882199117e-01 9.998858995561278329e-01 9.994728335480638215e-01
9.997776246032705760e-01 9.999086503126085601e-01 9.998253304038998701e-01 9.999148969665033748e-01 9.999225776115554520e-01 9.999465542253912487e-01 9.998879398720013079e-01 9.999692304416214483e-01 9.998297199759604847e-01 9.998527782556497767e-01
9.997720251609277797e-01 9.999446706546066821e-01 9.998153887335232692e-01 9.994642830562933122e-01 9.998938413842320960e-01 9.998490638625182614e-01 9.996898955692108402e-01 9.997880326097755566e-01 9.999016098607953484e-01 9.998941148213349450e-01
9.998732937630918638e-01 9.998015350456795902e-01 9.999159464565385846e-01 9.998878727213116324e-01 9.998409761724441625e-01 9.997568831862898575e-01 9.998172350447157575e-01 9.999314953019603491e-01 9.999063556665391816e-01 9.997021314360776678e-01
9.999438698517736368e-01 9.995938468798230003e-01 9.997953648357169598e-01 9.999119160100395920e-01 9.996868936003109329e-01 9.998518611837358128e-01 9.998004872815864363e-01 9.998844797713816179e-01 9.998671569986233854e-01 9.998749855845978640e-01
9.998482384870118755e-01 9.998706390812357458e-01 9.998586132606239740e-01 9.999129245360546259e-01 9.997712685546545908e-01 9.998114827544025696e-01 9.998929983596498428e-01 9.999097478471966616e-01 9.998792407653608327e-01 9.997809968818296422e-01
9.999469176484592214e-01 9.999096664718105654e-01 9.998700821617521051e-01 9.999043497051280927e-01 9.999350298217749566e-01 9.997180523905114802e-01 9.999560030202643279e-01 9.997924440891550191e-01 9.999330093003027109e-01 9.998998999177614033e-01
9.998815947367778456e-01 9.998624793851901282e-01 9.998833901366125376e-01 9.999727488593469493e-01 9.999050335321746363e-01 9.996405824197742707e-01 9.998433477081796195e-01 9.999135388500939303e-01 9.999434745187382179e-01 9.995962524401725835e-01
9.998853369490944276e-01 9.999327001070096310e-01 9.997792253059152312e-01 9.999627464454439174e-01 9.999121035882371222e-01 9.998960098808130637e-01 9.998565102142717986e-01 9.999285979376897338e-01 9.998803771958648667e-01 9.998922667572053280e-01
9.998662110439485717e-01 9.997199276668004009e-01 9.999202777802116415e-01 9.999077614019233895e-01 9.999095287034833746e-01 9.996273152360563019e-01 9.998958509054937105e-01 9.999135409425007337e-01 9.999107064443234494e-01 9.999516834370216767e-01
9.997381669422937822e-01 9.998549865996047004e-01 9.998788118796515523e-01 9.999173609067163460e-01 9.999354815622915060e-01 9.994736550376773776e-01 9.999565533183558674e-01 9.999604737739123950e-01 9.999502549193193257e-01 9.997752134219648479e-01
9.998935168475477919e-01 9.999557247511261515e-01 9.999850792237664487e-01 9.999137301559782864e-01 9.999027078637255928e-01 9.998597877310337889e-01 9.999067564086498994e-01 9.999083524315445226e-01 9.998949210317393810e-01 9.998590660717894263e-01
9.998861460815244850e-01 9.999223776093845162e-01 9.997142112327325192e-01 9.998609479421303181e-01 9.998910453632914308e-01 9.999104033749280918e-01 9.999096079578977392e-01 9.999145770176308679e-01 9.997749371859314671e-01 9.999430022807401786e-01
9.999374264252870459e-01 9.997818644475876537e-01 9.999183829709000770e-01 9.994990594638246684e-01 9.998442548319063095e-01 9.999224679112885816e-01 9.998821933510779747e-01 9.998379660361732535e-01 9.999221157441832153e-01 9.997678917602620396e-01
9.998012842756243135e-01 9.998569532925768444e-01 9.998420677482636743e-01 9.996465991629771564e-01 9.996034633076469333e-01 9.998220907217008069e-01 9.998573219218873653e-01 9.998622363987346162e-01 9.999406748082537710e-01 9.997364189354632780e-01
9.998617093212991414e-01 9.998343439374730579e-01 9.999134055077066874e-01 9.999157446738073940e-01 9.998517819863372846e-01 9.997179622534584365e-01 9.999080423657749073e-01 9.999596458644023356e-01 9.997687844470877216e-01 9.999071712193171590e-01
9.999381304737713361e-01 9.996182365367196621e-01 9.998291118521026588e-01 9.998802827407528016e-01 9.999558786482493078e-01 9.998816421217281425e-01 9.998774357993598372e-01 9.999251552714885083e-01 9.998967834134762089e-01 9.998702219648512024e-01
9.998492476113726157e-01 9.998137587366187073e-01 9.999221849817311325e-01 9.999157415208955735e-01 9.999005525484813139e-01 9.998754405040543025e-01 9.998055609800935439e-01 9.997782960014767184e-01 9.999308237076127703e-01 9.999222953438846595e-01
9.999032129893000720e-01 9.999276409486236306e-01 9.996751236762790871e-01 9.997160792929213891e-01 9.999013977016817378e-01 9.998252587705623862e-01 9.995494354258462888e-01 9.996228036822248919e-01 9.998242598034123851e-01 9.998591516686604619e-01
9.998786451063187419e-01 9.998534988427228987e-01 9.998913365383507168e-01 9.997615896643141653e-01 9.999473726956293884e-01 9.998851660536409725e-01 9.999272670742344049e-01 9.998822050967408614e-01 9.988738496312047355e-01 9.997960558699978684e-01
9.995643924054843366e-01 9.998742983854765898e-01 9.998313754093854921e-01 9.999306568711205934e-01 9.998642493747321724e-01 9.998768205115985408e-01 9.998861655402512261e-01 9.998836362456113847e-01 9.999010868600962665e-01 9.998179392571054924e-01
9.998766129687778337e-01 9.999330536020480942e-01 9.998977176619903151e-01 9.998728700505266076e-01 9.999175993068344370e-01 9.998180784409491650e-01 9.998837265695753596e-01 9.999347369331579305e-01 9.999471181647962004e-01 9.995801835950038905e-01
9.998827935590189897e-01 9.998989609124568911e-01 9.997537536456070351e-01 9.998457692842642741e-01 9.997583149092494903e-01 9.999766323646608335e-01 9.998873444010653033e-01 9.998793704279177463e-01 9.998805526431995272e-01 9.999084151980527357e-01
9.997438305962053073e-01 9.999414226247679283e-01 9.996932817260714144e-01 9.998857768449288530e-01 9.998530003950739653e-01 9.998501924870499824e-01 9.996656645465534785e-01 9.997961989394953397e-01 9.999051168795993760e-01 9.998352940828886259e-01
9.996209409932803602e-01 9.999118374906335038e-01 9.999328172909719425e-01 9.998797027783673519e-01 9.999249798888004692e-01 9.999167545300715609e-01 9.999248033045156081e-01 9.998512703327151474e-01 9.997914891016013161e-01 9.999115633962397665e-01
9.998021771203181585e-01 9.999091765611936022e-01 9.999010878740210995e-01 9.998539990752929318e-01 9.999020834208394160e-01 9.999141273775189465e-01 9.998971779743428545e-01 9.998608351575819508e-01 9.999469285985815858e-01 9.998439168075220485e-01
9.998371928529251607e-01 9.998878568841783609e-01 9.998903542256395438e-01 9.998570011885843378e-01 9.999145799066125884e-01 9.996205224620778873e-01 9.998981866066048996e-01 9.998598487271550539e-01 9.998498266357217501e-01 9.999005414041927109e-01
9.997947342149764438e-01 9.997826652170972439e-01 9.998965059135944689e-01 9.998508099958496320e-01 9.997345260452685789e-01 9.998408565884883137e-01 9.998227938201642573e-01 9.997185289087067162e-01 9.997460659049910436e-01 9.999472569545316825e-01
9.995075546592152582e-01 9.996918606271358865e-01 9.999176850342993417e-01 9.998479841936728230e-01 9.999345595749273841e-01 9.999243911464461565e-01 9.996753432150661256e-01 9.999000862681057811e-01 9.998499100720640298e-01 9.994770060673392464e-01
9.995133079950522248e-01 9.999127275232060352e-01 9.998902596417349464e-01 9.998403243632603132e-01 9.998022023708684758e-01 9.998746068328276948e-01 9.998497924306861684e-01 9.997767675558131284e-01 9.998947241247920781e-01 9.998940720184104070e-01
9.998540539642813973e-01 9.998540168993778066e-01 9.999646702140947419e-01 9.998054346775921974e-01 9.998921599875679744e-01 9.998798883821775618e-01 9.995562025003053019e-01 9.999231219988322650e-01 9.999471901933811857e-01 9.999218222261154754e-01
9.999296263246710836e-01 9.999416048952088909e-01 9.997959214591547461e-01 9.998937586866528671e-01 9.999363232278795088e-01 9.998375931285953255e-01 9.999332545393656568e-01 9.999096606146332666e-01 9.999614060711318198e-01 9.999055738921074354e-01
9.998808434365122899e-01 9.999282149668267117e-01 9.998022131588091277e-01 9.999312499593754344e-01 9.998792667410669743e-01 9.998169999898417482e-01 9.998211313264299127e-01 9.999338343154158260e-01 9.996745848545365298e-01 9.998276942572442705e-01
9.998928658243764200e-01 9.992738209026521545e-01 9.999827693535372486e-01 9.999540254983437793e-01 9.998739535435851034e-01 9.999351809738320496e-01 9.999057462263801765e-01 9.998789989638506848e-01 9.998349792854417384e-01 9.999543726514441566e-01
9.998924417563403999e-01 9.998683866766115980e-01 9.998699140165555610e-01 9.998889513121951289e-01 9.998282302051315629e-01 9.998206952028098060e-01 9.998415156571336393e-01 9.997160327406851010e-01 9.998848932082806673e-01 9.999227463691757745e-01
9.997765979201618247e-01 9.998995920270404847e-01 9.999446679799262050e-01 9.999374942834996505e-01 9.998419356795357205e-01 9.998712204660722414e-01 9.999089910912655199e-01 9.998229420428705883e-01 9.999474334020485022e-01 9.998704911616412838e-01
9.997036708728866961e-01 9.992867544607055841e-01 9.998685299530424286e-01 9.998428360701374640e-01 9.998473001666907667e-01 9.997880060353326881e-01 9.998764012545485746e-01 9.998688425788214706e-01 9.996957151970079503e-01 9.997789731048167816e-01
9.999301942567068169e-01 9.997367011415266846e-01 9.998946313930676677e-01 9.996008454841170954e-01 9.997307461292607167e-01 9.996998984322769122e-01 9.998941526852130890e-01 9.999158909823109287e-01 9.999618007500579164e-01 9.998646894510281324e-01
9.999447808219210643e-01 9.998479999515983430e-01 9.997393104071315983e-01 9.999550667645942248e-01 9.998640322974245986e-01 9.998604217902653524e-01 9.999755770273872635e-01 9.999149337516427538e-01 9.998424329475357197e-01 9.999360626859966628e-01
9.999652691099956137e-01 9.999054593822306325e-01 9.998902585703592916e-01 9.999446923798051001e-01 9.999465126952920002e-01 9.999485776896568368e-01 9.997702310823579630e-01 9.999075418659707504e-01 9.999436037653960385e-01 9.998747701190278114e-01
9.997902417185678958e-01 9.999044536784819082e-01 9.998476235743704033e-01 9.998596339283405410e-01 9.998718103812679336e-01 9.999011320904922506e-01 9.997289017592304594e-01 9.998720910366911685e-01 9.998194471098630354e-01 9.998442957880588899e-01
9.995399552498211992e-01 9.999531005226366398e-01 9.999323526261850725e-01 9.998696244199336558e-01 9.999404691419043756e-01 9.998673567504808846e-01 9.999544500037627071e-01 9.998652644262340239e-01 9.999082008000175215e-01 9.999278598923597716e-01
9.998663914530071528e-01 9.998874047202316317e-01 9.998555947409984990e-01 9.998395528167240975e-01 9.998844323582840588e-01 9.996302927762629187e-01 9.998685718781182841e-01 9.999486674510837947e-01 9.998947734923725461e-01 9.998729526242344789e-01
9.999184659675486309e-01 9.999380407775766422e-01 9.999016923583433636e-01 9.999439346782730276e-01 9.998755142943591689e-01 9.998511838801767970e-01 9.999142208735966042e-01 9.999078063780655334e-01 9.995751350597902318e-01 9.999273416244651713e-01
9.999188418018958302e-01 9.998779215690327682e-01 9.998825105732063179e-01 9.999157788476930042e-01 9.998663706510950711e-01 9.998275107085048408e-01 9.997949803441189554e-01 9.998869911253741583e-01 9.999243988532173777e-01 9.993079156367666860e-01
9.999470042301656925e-01 9.999284651745593555e-01 9.998895623851096204e-01 9.999612457181975556e-01 9.998682291307785519e-01 9.997778975535095425e-01 9.996793593641890574e-01 9.997680508881022776e-01 9.999606145166436422e-01 9.995717201046609990e-01
9.998955910681728287e-01 9.999371044676412801e-01 9.999190475848747095e-01 9.998151636189285263e-01 9.998981248847841341e-01 9.999194104695857677e-01 9.998346718185681103e-01 9.998846247254645769e-01 9.998368391539650402e-01 9.998712443938957417e-01
9.998782411081772459e-01 9.998539483410573414e-01 9.999160656783786516e-01 9.998437162715796411e-01 9.997910936566746232e-01 9.997943107981489552e-01 9.998058960837397091e-01 9.999134299122054426e-01 9.998628565692110337e-01 9.999000548952499123e-01
9.998179310919089735e-01 9.996674030317163062e-01 9.999046970847542681e-01 9.997833534435550673e-01 9.997991735321781759e-01 9.998299661850402753e-01 9.995835619621440404e-01 9.998205457403709362e-01 9.998364130713076614e-01 9.999034654602806382e-01
9.996996979750120138e-01 9.999480499341699691e-01 9.998527821572136265e-01 9.999171424455631785e-01 9.998675477379637133e-01 9.998985651140092079e-01 9.997921169461537749e-01 9.998934815671457477e-01 9.998091826420499872e-01 9.998715262157787942e-01
9.999269715500435085e-01 9.998451424569604340e-01 9.998008085633039999e-01 9.999479300583999919e-01 9.997503300999741604e-01 9.996728811290296335e-01 9.998259738716028799e-01 9.999106848557355320e-01 9.997067292500848579e-01 9.999484405373988416e-01
9.999190490579686896e-01 9.999053841887991512e-01 9.998354194989019783e-01 9.997859191079275787e-01 9.998623742953008930e-01 9.999173818565488814e-01 9.998769206056296044e-01 9.998963272539321823e-01 9.998965965376063192e-01 9.999396301399577913e-01
9.999794078559910426e-01 9.998399285095315170e-01 9.999010153392463573e-01 9.998804617670401518e-01 9.997032196176426355e-01 9.998772753759544996e-01 9.997313545463341056e-01 9.999680473893880484e-01 9.997236643763802721e-01 9.999253197649191627e-01
9.999120401220730203e-01 9.999857892232617562e-01 9.999276224371271837e-01 9.999561486061634419e-01 9.994744915266864371e-01 9.999199913300843567e-01 9.999403071491322903e-01 9.998576877681661923e-01 9.999810239489496100e-01 9.998317298273525777e-01
9.997888144007353040e-01 9.999266390032869323e-01 9.998358480974856022e-01 9.997977631719768832e-01 9.996383545176659169e-01 9.998288529858012641e-01 9.998722275437522677e-01 9.998329245330226378e-01 9.999171263909522045e-01 9.996681263851937560e-01
9.998137962974461557e-01 9.999101739488563956e-01 9.998225354570822176e-01 9.998208574405490490e-01 9.997929299902063027e-01 9.998910556084182888e-01 9.998996244050971649e-01 9.999452527159415904e-01 9.999207220429551235e-01 9.999155157585553066e-01
9.998827965657773875e-01 9.999669930060886003e-01 9.996061102708123647e-01 9.997984374659455442e-01 9.998323917510750780e-01 9.997075297709229202e-01 9.998658189980106359e-01 9.998996456333083538e-01 9.998292688577309351e-01 9.998715121722978605e-01
9.998968702344916970e-01 9.999189024071146736e-01 9.999120600996179720e-01 9.999398187761312506e-01 9.999726876106158624e-01 9.998681807882071615e-01 9.998073846544366372e-01 9.999237503261484417e-01 9.998388212657960405e-01 9.999387708781657391e-01
9.997470564897381617e-01 9.999080853166820715e-01 9.999121256525024259e-01 9.997120116577300486e-01 9.997323990881314959e-01 9.999331216055156180e-01 9.999016403267851905e-01 9.994204580293709617e-01 9.999403255395297174e-01 9.999009964382282734e-01
9.999025999344015592e-01 9.996611144224002432e-01 9.997650519529116542e-01 9.999138819592083838e-01 9.998858515949794468e-01 9.996219806754332859e-01 9.998812322851492462e-01 9.999186255231108378e-01 9.999249557922327281e-01 9.998876966006636779e-01
9.999184808753427411e-01 9.996733661347456668e-01 9.997811405743074475e-01 9.999262316449167853e-01 9.997692653931911089e-01 9.998127585329754652e-01 9.998705247326612477e-01 9.997522249407251316e-01 9.999296225084236545e-01 9.998522998760833724e-01
9.998028127868491266e-01 9.997210500707787162e-01 9.999339044743787985e-01 9.999671767560448510e-01 9.998582010982246526e-01 9.997662315879010109e-01 9.999088385855283700e-01 9.999082400325061126e-01 9.998472944347867042e-01 9.998894779457939697e-01
9.998042995316344106e-01 9.998899674124270831e-01 9.999495696014570889e-01 9.998600427275287084e-01 9.998592370111593075e-01 9.996450306991495616e-01 9.999133366556706148e-01 9.999058468832364710e-01 9.999247074504569177e-01 9.998352669096356449e-01
9.999251957555573833e-01 9.997058430987552091e-01 9.998673039899594883e-01 9.999477036816478703e-01 9.998427728345878895e-01 9.998960259664746442e-01 9.998625056296769342e-01 9.998178914934050532e-01 9.998264597038324375e-01 9.999208750782461186e-01
9.997643786429105672e-01 9.997702266520644976e-01 9.997886855279840557e-01 9.997363990170854420e-01 9.999146693634705096e-01 9.997776676439233956e-01 9.998881560308637839e-01 9.998088296641562955e-01 9.999264831773224671e-01 9.997238722875305683e-01
9.999446944522391023e-01 9.999001419325883599e-01 9.998154924798445808e-01 9.998756327715566661e-01 9.997416627723820781e-01 9.999331952430967618e-01 9.998912340812918798e-01 9.998107525925484795e-01 9.998349015420820995e-01 9.998810920586245210e-01
9.998421946256826898e-01 9.999135474722447015e-01 9.997376731527771732e-01 9.999426818568309949e-01 9.998923571341492567e-01 9.998047784244870062e-01 9.991313758535047551e-01 9.997396807357710191e-01 9.999222953403129610e-01 9.998702595485520206e-01
9.999062382167506202e-01 9.998873402726082826e-01 9.998623373133062042e-01 9.998245692380191008e-01 9.998856513213175701e-01 9.998823912058858454e-01 9.999624808601903503e-01 9.998388580755857014e-01 9.997308307066127275e-01 9.998263295511938820e-01
9.997202930739471638e-01 9.998228220877841688e-01 9.998824275917584936e-01 9.997759610127008312e-01 9.998961340582429580e-01 9.998962799044984751e-01 9.998556606116810741e-01 9.999314298148331837e-01 9.998786429862487335e-01 9.999032650079416884e-01
9.998233448137714419e-01 9.998796883058815865e-01 9.998611127006037380e-01 9.998450996874519436e-01 9.997210449578151081e-01 9.999532864956942602e-01 9.999298850179162423e-01 9.998754877256910145e-01 9.998981665729761437e-01 9.999017848540030506e-01
9.999490802020950531e-01 9.998620831046689528e-01 9.999676240608972311e-01 9.997030082949904806e-01 9.998681543860454823e-01 9.998577722618663399e-01 9.998919103951984244e-01 9.999503520142667412e-01 9.999235145003728675e-01 9.999239388820410079e-01
9.998248105517246742e-01 9.998828010992051318e-01 9.994468612765695648e-01 9.998820170169674393e-01 9.999571748304041385e-01 9.997846730275845584e-01 9.998580870704578683e-01 9.998671070403839511e-01 9.998412673926345695e-01 9.998903806081297363e-01
9.999161154286914099e-01 9.998971060295354096e-01 9.998950362343086429e-01 9.997622127657610491e-01 9.998887097135918944e-01 9.999136679748111822e-01 9.998303680043792996e-01 9.998662193482120708e-01 9.998949087553541393e-01 9.999350688682676624e-01
9.999258149452096012e-01 9.995332572031916385e-01 9.997182252750321796e-01 9.998538389897350109e-01 9.999432496622309152e-01 9.998984892181496109e-01 9.994917256679712869e-01 9.999112614118543796e-01 9.998668487106336933e-01 9.999283765530309065e-01
9.997859107767474995e-01 9.997171941300145859e-01 9.998717401033878627e-01 9.998819442320042716e-01 9.997799346796298892e-01 9.997915993055029871e-01 9.998871681695427061e-01 9.998370982173298005e-01 9.997003418114466244e-01 9.998673480927711132e-01
9.998271891618839557e-01 9.998997517171075433e-01 9.999085267868670357e-01 9.998785515993864337e-01 9.997050927525111819e-01 9.998873077015869582e-01 9.999159903092064150e-01 9.999349919207637383e-01 9.998009518509012317e-01 9.998505515691802348e-01
9.999181681914548481e-01 9.999509450058116089e-01 9.999050452967341851e-01 9.998987707548092629e-01 9.998044227008863194e-01 9.998346089939192938e-01 9.999165246771626325e-01 9.998797315871942315e-01 9.998452755378813839e-01 9.998829132206588088e-01
9.999145567761839049e-01 9.999074102037170952e-01 9.998902065970552977e-01 9.998201740475892718e-01 9.999522016701225535e-01 9.998841854071177648e-01 9.999130409424014099e-01 9.998834353367684891e-01 9.998696537228540793e-01 9.997687614523749211e-01
9.996208146327680844e-01 9.998419177025268390e-01 9.998414436633376035e-01 9.998603064198487989e-01 9.998876027846257397e-01 9.998926796235902970e-01 9.998330382178816089e-01 9.998663945223067451e-01 9.996345475867778330e-01 9.998879404512952540e-01
9.999307404855495296e-01 9.999409466849273898e-01 9.999122506852134995e-01 9.997766002566802479e-01 9.999262373344349752e-01 9.998515528815907771e-01 9.999438506480599065e-01 9.995026901477190862e-01 9.998773292071230223e-01 9.999331592788769374e-01
9.998530812936402556e-01 9.999312942008634630e-01 9.998260074919744778e-01 9.999672373253750690e-01 9.998783146063395799e-01 9.998813534475406994e-01 9.999175101013193512e-01 9.999257887440921033e-01 9.999474676380557536e-01 9.999022720661774333e-01
9.999331747881582411e-01 9.999245150911656443e-01 9.998313255269704047e-01 9.997569175907464745e-01 9.999534409626312792e-01 9.989771215207671196e-01 9.998420311984737019e-01 9.998246924108525890e-01 9.999373846482499939e-01 9.990821807955951872e-01
9.999141628004982740e-01 9.998838576144096768e-01 9.998704409877602339e-01 9.998279049632451398e-01 9.999453154824820000e-01 9.998993467303602944e-01 9.998008368901181164e-01 9.998203398969670586e-01 9.999568209520155460e-01 9.998706616417137871e-01
9.997391454560664581e-01 9.998743874815683164e-01 9.998371301932832411e-01 9.997572387478921296e-01 9.999331992989191065e-01 9.998175273057294810e-01 9.999350449521393625e-01 9.998874760167513198e-01 9.999302455303012982e-01 9.999669359263876345e-01
