9.999977064416391004e-01 9.999986117643466788e-01 9.999981662948815853e-01 9.999992580318872726e-01 9.999986003331794437e-01 9.999983404846198853e-01 9.999981708854337459e-01 9.999976996000230489e-01 9.999995190890974550e-01 9.999984910170881536e-01
9.999982076270461651e-01 9.999973174743601589e-01 9.999971580968196605e-01 9.999981568954293687e-01 9.999993747965578716e-01 9.999989353034547390e-01 9.999987188999712728e-01 9.999992960473575998e-01 9.999995931103687896e-01 9.999985597973227724e-01
9.999987708619348936e-01 9.999994231695009672e-01 9.999993896200390919e-01 9.999979681233629458e-01 9.999995854760409530e-01 9.999971061695386298e-01 9.999983023845574470e-01 9.999990902270878834e-01 9.999990038789969837e-01 9.999982513125544870e-01
9.999998103145814055e-01 9.999980824662555445e-01 9.999979458206713634e-01 9.999986668760540987e-01 9.999992884138824145e-01 9.999983122781548328e-01 9.999997643455206253e-01 9.999982183978729511e-01 9.999977291247696964e-01 9.999985235898809499e-01
9.999982263525248882e-01 9.999984405720505620e-01 9.999984195269054910e-01 9.999996713401383408e-01 9.999970067675268970e-01 9.999986342834301656e-01 9.999981533338585526e-01 9.999992057106436016e-01 9.999994255532890230e-01 9.999990717699245302e-01
9.999975421258852082e-01 9.999989706274696744e-01 9.999987503299986313e-01 9.999983966999681506e-01 9.999983092173893029e-01 9.999989246303431223e-01 9.999973046348654693e-01 9.999993301885514718e-01 9.999964923911711656e-01 9.999987948278671324e-01
9.999987354969924747e-01 9.999980012416154196e-01 9.999984834544041190e-01 9.999984173035011414e-01 9.999982368443820491e-01 9.999993057472614799e-01 9.999983991532875871e-01 9.999979713021101002e-01 9.999982102741261647e-01 9.999989877093297119e-01
9.999985996566760349e-01 9.999990388560517918e-01 9.999998363841795523e-01 9.999987096571772982e-01 9.999990289081749362e-01 9.999994333228815480e-01 9.999993863951706086e-01 9.999964708408528580e-01 9.999989618910621880e-01 9.999985276618604813e-01
9.999994179205654588e-01 9.999990840941693770e-01 9.999985798653484581e-01 9.999987926196666210e-01 9.999991852421582506e-01 9.999984712063137993e-01 9.999978564809863801e-01 9.999986730952751257e-01 9.999991797556319062e-01 9.999993865052785313e-01
9.999977408049708361e-01 9.999990113968738603e-01 9.999987808729188243e-01 9.999995945173525413e-01 9.999993003933971281e-01 9.999994512052690077e-01 9.999988719721387698e-01 9.999933795709169404e-01 9.999988482309886129e-01 9.999987695207041005e-01
9.999997652320868902e-01 9.999983253344272294e-01 9.999980358638432820e-01 9.999982384841993310e-01 9.999990602410274709e-01 9.999994601422805829e-01 9.999992271667575983e-01 9.999988474825830531e-01 9.999996397653099223e-01 9.999961234824513712e-01
9.999985822654300360e-01 9.999988238256248829e-01 9.999990746756601823e-01 9.999990119365000929e-01 9.999989829231131777e-01 9.999978843970810383e-01 9.999984187658601531e-01 9.999996062730905910e-01 9.999987690029126242e-01 9.999992538987263480e-01
9.999995061876135738e-01 9.999984486539416073e-01 9.999969664446328732e-01 9.999986966956911916e-01 9.999994469318530532e-01 9.999990466306268866e-01 9.999985345198321163e-01 9.999978977249930345e-01 9.999981469354894958e-01 9.999981860248308152e-01
9.999993665110842311e-01 9.999966464150710221e-01 9.999990926255177826e-01 9.999993132521620698e-01 9.999985493156343663e-01 9.999992432575286472e-01 9.999991513593295966e-01 9.999989038367920191e-01 9.999993694250904896e-01 9.999978537425554537e-01
9.999991774351391083e-01 9.999988243985857839e-01 9.999992184388811767e-01 9.999967288284283828e-01 9.999972778449852662e-01 9.999984924389768715e-01 9.999985698085644970e-01 9.999983428216132619e-01 9.999997989234991058e-01 9.999965903926140154e-01
9.999962972642103542e-01 9.999992549115244156e-01 9.999995053121309985e-01 9.999999082555711682e-01 9.999989025752615834e-01 9.999989138843308201e-01 9.999980408997518611e-01 9.999990947514690864e-01 9.999976561700465449e-01 9.999991106085029946e-01
9.999995476210009615e-01 9.999980422702976490e-01 9.999964633924268709e-01 9.999992666928635421e-01 9.999985174592088688e-01 9.999972576785118861e-01 9.999990253093261616e-01 9.999990640465460379e-01 9.999992141221089037e-01 9.999990647779049002e-01
9.999970308541235031e-01 9.999991814555756475e-01 9.999986503926898695e-01 9.999992018561449925e-01 9.999982736706308772e-01 9.999983522519417800e-01 9.999963418260136017e-01 9.999984096165783765e-01 9.999986897892223503e-01 9.999981261057219184e-01
9.999990824453564020e-01 9.999984693610948217e-01 9.999988073597089189e-01 9.999987182609529901e-01 9.999991647625697810e-01 9.999985020580776096e-01 9.999990459919404495e-01 9.999992528475273312e-01 9.999976830962251650e-01 9.999989349975684227e-01
9.999993717683085537e-01 9.999951758454436179e-01 9.999987256240306932e-01 9.999967251408585778e-01 9.999982385939363283e-01 9.999987501363816200e-01 9.999991286609686281e-01 9.999989953287434785e-01 9.999957179872402957e-01 9.999966221953888734e-01
9.999979190434818976e-01 9.999988785806157576e-01 9.999964454891999699e-01 9.999975127772737782e-01 9.999957662584803009e-01 9.999960939440710739e-01 9.999968523909037454e-01 9.999981495992038560e-01 9.999983287348666039e-01 9.999978936904974081e-01
9.999970795875600116e-01 9.999972190341180900e-01 9.999991821674920622e-01 9.999992233469063851e-01 9.999984070465219865e-01 9.999993456465126052e-01 9.999988232787291320e-01 9.999945651652989431e-01 9.999994667321734365e-01 9.999985179964696602e-01
9.999977436374081208e-01 9.999979420109931239e-01 9.999979819827315985e-01 9.999980340542794499e-01 9.999989472673169733e-01 9.999965287069056963e-01 9.999994681258624896e-01 9.999991537479303583e-01 9.999988771932782905e-01 9.999988735006080098e-01
9.999977370622979977e-01 9.999982016435225995e-01 9.999987882893512925e-01 9.999979672728800395e-01 9.999995577817781811e-01 9.999990249551812260e-01 9.999991681094511087e-01 9.999976521388179718e-01 9.999987196313721016e-01 9.999993348693008155e-01
9.999981519231381233e-01 9.999989459677016690e-01 9.999989230877281976e-01 9.999986520947831137e-01 9.999994135619125757e-01 9.999990096792732430e-01 9.999993681587312500e-01 9.999977511164759303e-01 9.999972202161258039e-01 9.999974434502381104e-01
9.999980235812051532e-01 9.999982696475344657e-01 9.999979382488219937e-01 9.999995679879618571e-01 9.999983501059765967e-01 9.999987155505453140e-01 9.999986055989484868e-01 9.999982540083339755e-01 9.999989471741297375e-01 9.999985959707137217e-01
9.999993344304183296e-01 9.999996989743553666e-01 9.999988382692351907e-01 9.999994220108001652e-01 9.999968537984655903e-01 9.999991717483253106e-01 9.999991138921731082e-01 9.999990709274448886e-01 9.999996289749484291e-01 9.999968061789346052e-01
9.999993511536240387e-01 9.999990944501268020e-01 9.999996130622642587e-01 9.999967961440856534e-01 9.999991563973346098e-01 9.999997278220228436e-01 9.999965746372284636e-01 9.999979415729777221e-01 9.999993879618083170e-01 9.999983589077364732e-01
9.999985669503330676e-01 9.999993237336701757e-01 9.999970187609117378e-01 9.999977429097102188e-01 9.999983526159968994e-01 9.999977864898258462e-01 9.999979933685608779e-01 9.999986050673719262e-01 9.999976966941404033e-01 9.999952183199534161e-01
9.999984532166161788e-01 9.999988545863576217e-01 9.999974174400528826e-01 9.999993168617252737e-01 9.999979539896088898e-01 9.999992250356766199e-01 9.999985580099532978e-01 9.999990039151300802e-01 9.999987898985845947e-01 9.999991172288492658e-01
9.999989703526076523e-01 9.999983635398008719e-01 9.999997416108035164e-01 9.999991926367064465e-01 9.999987519936383018e-01 9.999992532237593768e-01 9.999967798225357640e-01 9.999987545681353618e-01 9.999974509003146661e-01 9.999996732679261591e-01
9.999995783512629632e-01 9.999992101060867222e-01 9.999988356654633259e-01 9.999968942085527557e-01 9.999975313583188141e-01 9.999987687376981071e-01 9.999996575994964942e-01 9.999979804361343039e-01 9.999996358806032548e-01 9.999990928773935250e-01
9.999979601290487352e-01 9.999987807635540848e-01 9.999972385490053517e-01 9.999996827248255338e-01 9.999986226826274027e-01 9.999991536624560640e-01 9.999972328968573798e-01 9.999977353174328565e-01 9.999979660879986243e-01 9.999978322008700182e-01
9.999991911384317200e-01 9.999987233153473376e-01 9.999975031824426264e-01 9.999991097772157334e-01 9.999988076560560879e-01 9.999985018569086392e-01 9.999964379355597011e-01 9.999950884749837510e-01 9.999978639558968485e-01 9.999955306433909730e-01
9.999989849279402598e-01 9.999997183586929461e-01 9.999980468693994151e-01 9.999990189753004133e-01 9.999986920048717920e-01 9.999980484041299800e-01 9.999970389432856210e-01 9.999992035316858097e-01 9.999989595946944254e-01 9.999979936526879332e-01
9.999968623960899805e-01 9.999996708778977617e-01 9.999986456982981053e-01 9.999995750042079967e-01 9.999983614245371299e-01 9.999947646345050956e-01 9.999989182981005031e-01 9.999965621849346009e-01 9.999990126480834407e-01 9.999993996728444579e-01
9.999980141377948772e-01 9.999968153779247304e-01 9.999978051506934751e-01 9.999988134136351681e-01 9.999986063132899616e-01 9.999969033244370253e-01 9.999955393606841936e-01 9.999975904078479694e-01 9.999992221504578893e-01 9.999989830199144114e-01
9.999953563982237892e-01 9.999988613664826387e-01 9.999986815239487736e-01 9.999981818715928394e-01 9.999992314080434763e-01 9.999982553528343754e-01 9.999980280148300649e-01 9.999985556345758475e-01 9.999973043003976825e-01 9.999985870785249586e-01
9.999984684245830646e-01 9.999975219584678054e-01 9.999998604797435409e-01 9.999971177747679629e-01 9.999994650386361261e-01 9.999990619380308976e-01 9.999991250907176443e-01 9.999964481312584308e-01 9.999994129413734001e-01 9.999980642640986517e-01
9.999969142507120212e-01 9.999987224265530772e-01 9.999985381871507872e-01 9.999995953856427588e-01 9.999986110330059130e-01 9.999983464168175074e-01 9.999993617163601689e-01 9.999997827375890491e-01 9.999993674225585716e-01 9.999993997737656182e-01
9.999996376518218710e-01 9.999982600697593371e-01 9.999987286113556362e-01 9.999987401384167196e-01 9.999985200170016242e-01 9.999990496778996540e-01 9.999991893508564100e-01 9.999984644962870428e-01 9.999987644114343155e-01 9.999991874083283827e-01
9.999980139026891646e-01 9.999989130000696003e-01 9.999978544013485848e-01 9.999989777905254895e-01 9.999993817495277382e-01 9.999957586340588733e-01 9.999992699793056605e-01 9.999992392717372836e-01 9.999983519525064146e-01 9.999983524306230720e-01
9.999978432509137871e-01 9.999991882502672347e-01 9.999992463628301076e-01 9.999991227310899289e-01 9.999976741106926248e-01 9.999970401527112918e-01 9.999984991102491838e-01 9.999990634156020741e-01 9.999991979688225285e-01 9.999967719756266415e-01
9.999994073820482887e-01 9.999976852578599251e-01 9.999982281672997741e-01 9.999992146979238550e-01 9.999972532894770838e-01 9.999978192784541031e-01 9.999969553463916583e-01 9.999974895664226482e-01 9.999975930074662678e-01 9.999994390293615032e-01
9.999978884487250586e-01 9.999989977796104323e-01 9.999982378639695746e-01 9.999991779110160017e-01 9.999991512297052854e-01 9.999996453838965182e-01 9.999975012821428200e-01 9.999988065466635101e-01 9.999975834862645518e-01 9.999988046686377752e-01
9.999989871390468910e-01 9.999983986523610646e-01 9.999982781228931028e-01 9.999980261321018693e-01 9.999990143360815154e-01 9.999997907396526164e-01 9.999962296500027881e-01 9.999979206044183888e-01 9.999981021480582877e-01 9.999985169339636881e-01
9.999974160960825031e-01 9.999991832012309345e-01 9.999989808380623790e-01 9.999987348292711520e-01 9.999975336396873526e-01 9.999985761905835213e-01 9.999986421226325639e-01 9.999971988555375058e-01 9.999987480664237482e-01 9.999984268729146253e-01
9.999990632648736444e-01 9.999973572139958522e-01 9.999978979933824563e-01 9.999976613460088704e-01 9.999983260155462794e-01 9.999981354647922149e-01 9.999980989987744540e-01 9.999988402947905808e-01 9.999997572357458564e-01 9.999990364880120275e-01
9.999987649895908381e-01 9.999967004476298937e-01 9.999975346308130897e-01 9.999978004209241211e-01 9.999990692091510480e-01 9.999994218639013388e-01 9.999993392968412609e-01 9.999989609905700627e-01 9.999992878870562762e-01 9.999993429578966087e-01
9.999985693815197640e-01 9.999984221687892028e-01 9.999985532809393396e-01 9.999988851111508703e-01 9.999993454378431901e-01 9.999995354762241107e-01 9.999989853045534449e-01 9.999989069629471317e-01 9.999993303307261883e-01 9.999980131579474518e-01
9.999984611795500467e-01 9.999979189027665694e-01 9.999981482432390711e-01 9.999997923687281576e-01 9.999996683806562370e-01 9.999987982406599585e-01 9.999992362507841293e-01 9.999981219938034460e-01 9.999985614205479934e-01 9.999992429247007708e-01
9.999994534564858872e-01 9.999955344821728209e-01 9.999977445603246418e-01 9.999966042911380137e-01 9.999990892571612999e-01 9.999984122938732067e-01 9.999995445285921880e-01 9.999990428932999942e-01 9.999988988353694097e-01 9.999995015686943267e-01
9.999981885957464067e-01 9.999985274827049020e-01 9.999994787288455367e-01 9.999985459911168162e-01 9.999988697431326790e-01 9.999972529156507806e-01 9.999983580728869503e-01 9.999958302471645410e-01 9.999968811128894242e-01 9.999978709212210548e-01
9.999988211791225323e-01 9.999980036618043577e-01 9.999988634321149705e-01 9.999991543113950776e-01 9.999983351407418786e-01 9.999989586362452165e-01 9.999985961496389297e-01 9.999967508341174316e-01 9.999994049978259136e-01 9.999995506869686634e-01
9.999974142483551987e-01 9.999997354541401151e-01 9.999984565715658302e-01 9.999988562153461213e-01 9.999994267364096245e-01 9.999990955136053294e-01 9.999994673826874125e-01 9.999996148371079752e-01 9.999990293211136194e-01 9.999981179157968469e-01
9.999991302487881706e-01 9.999978732462794229e-01 9.999990646443437381e-01 9.999989521706276197e-01 9.999984444956004914e-01 9.999993136165835628e-01 9.999989722588702445e-01 9.999992203416877556e-01 9.999960704764172537e-01 9.999995843831076536e-01
9.999989077732858167e-01 9.999993020809804234e-01 9.999989515686112940e-01 9.999987772619879367e-01 9.999989894549705660e-01 9.999988852469514633e-01 9.999974540918185051e-01 9.999987933472954671e-01 9.999993360376177032e-01 9.999985535019786376e-01
9.999990452486769987e-01 9.999987402004943959e-01 9.999993246570909600e-01 9.999991798192308101e-01 9.999983021029412722e-01 9.999996721634292207e-01 9.999990339464530642e-01 9.999986468728004896e-01 9.999993181577689905e-01 9.999988494214085977e-01
9.999973320946728972e-01 9.999993672803507705e-01 9.999983918513936088e-01 9.999979482071654768e-01 9.999996536984743223e-01 9.999994809464746170e-01 9.999988104021774182e-01 9.999986319717086847e-01 9.999997424749375030e-01 9.999995631843288102e-01
9.999984690336896076e-01 9.999991856336297724e-01 9.999989721342982252e-01 9.999985635568269249e-01 9.999956913710948969e-01 9.999992563341860707e-01 9.999985973848024567e-01 9.999984606765868200e-01 9.999996039997040009e-01 9.999995973954344253e-01
9.999965809933432093e-01 9.999991099882861167e-01 9.999991113109456542e-01 9.999984249838536066e-01 9.999979572100657910e-01 9.999988465462457121e-01 9.999992719471364477e-01 9.999963630035406670e-01 9.999972162495081029e-01 9.999981449786919940e-01
9.999994370818308109e-01 9.999988347012696011e-01 9.999992391950719428e-01 9.999983671776342398e-01 9.999991753277498452e-01 9.999972753084352961e-01 9.999990013817974255e-01 9.999991869321332993e-01 9.999995074625180891e-01 9.999983341029271555e-01
9.999995575873613651e-01 9.999989248807986675e-01 9.999975797825444435e-01 9.999989271726743567e-01 9.999980218945395682e-01 9.999981181667254582e-01 9.999990626381084491e-01 9.999994101689789749e-01 9.999982185096086829e-01 9.999983207766864890e-01
9.999983211530302230e-01 9.999993703370492204e-01 9.999994447440145873e-01 9.999969072267652637e-01 9.999987920537620756e-01 9.999984418295276845e-01 9.999995296790540333e-01 9.999981228204847250e-01 9.999991674206493153e-01 9.999992586691419660e-01
9.999976095317182345e-01 9.999986639478595229e-01 9.999994289374498635e-01 9.999990216640904928e-01 9.999994128964555529e-01 9.999987194171230387e-01 9.999977484856185095e-01 9.999993608187724980e-01 9.999997891273209039e-01 9.999992544196896205e-01
9.999988809611644047e-01 9.999980326918159745e-01 9.999970478060583590e-01 9.999982676259471237e-01 9.999984917406584684e-01 9.999970716894476253e-01 9.999994455096761214e-01 9.999978034953331818e-01 9.999978458442827511e-01 9.999989900906606222e-01
9.999996098409710266e-01 9.999990110495793338e-01 9.999989332152575683e-01 9.999997348265192709e-01 9.999993536213928058e-01 9.999991316810072917e-01 9.999994679577927092e-01 9.999993567189955357e-01 9.999982468267386571e-01 9.999993765281630642e-01
9.999988269515510675e-01 9.999988999035890336e-01 9.999984159320194355e-01 9.999994723273791797e-01 9.999991760363001747e-01 9.999983305988675575e-01 9.999961535669539270e-01 9.999994816365397332e-01 9.999988226582415818e-01 9.999986614966789311e-01
9.999986490656742610e-01 9.999986060278307498e-01 9.999985309788720356e-01 9.999992565845172710e-01 9.999990905135928143e-01 9.999988732414234471e-01 9.999987945700081760e-01 9.999993562330357078e-01 9.999982677972182321e-01 9.999980632900939970e-01
9.999987533958506480e-01 9.999998240438345842e-01 9.999975482380818459e-01 9.999993014793823187e-01 9.999991227055643472e-01 9.999980409879019039e-01 9.999982577513927273e-01 9.999983413434306856e-01 9.999990405038144958e-01 9.999964012522845058e-01
9.999990376661794800e-01 9.999985868914559317e-01 9.999990733230943452e-01 9.999980630633642509e-01 9.999998862968210167e-01 9.999993135864991833e-01 9.999983436930136582e-01 9.999993348735154441e-01 9.999987545831575675e-01 9.999992688164520693e-01
9.999989233380301989e-01 9.999976312694950353e-01 9.999987454732388592e-01 9.999985170675276258e-01 9.999992590233532930e-01 9.999983719081503297e-01 9.999987318737250108e-01 9.999977042587442355e-01 9.999976440656916932e-01 9.999989715831789638e-01
9.999977919710147933e-01 9.999981901386676419e-01 9.999981335724410503e-01 9.999983279252249169e-01 9.999989107241920028e-01 9.999981715840373653e-01 9.999972304132033196e-01 9.999985517783528399e-01 9.999989756337300806e-01 9.999959416593733330e-01
9.999979780383705386e-01 9.999979828691343275e-01 9.999978854713142962e-01 9.999973951071461364e-01 9.999969230846773582e-01 9.999991342649363624e-01 9.999991767632947504e-01 9.999978310994860342e-01 9.999994640724000350e-01 9.999998630538013966e-01
9.999989397295455662e-01 9.999993949871084364e-01 9.999995965783317065e-01 9.999979712745021843e-01 9.999997461582995628e-01 9.999978244115586001e-01 9.999993575101677745e-01 9.999980275077130498e-01 9.999990735701863587e-01 9.999998076437871530e-01
9.999958833660874680e-01 9.999989729237220848e-01 9.999984687713268094e-01 9.999995917296443659e-01 9.999995318968976088e-01 9.999973673600955903e-01 9.999992171811913355e-01 9.999984091224382032e-01 9.999982343684319375e-01 9.999980963548646962e-01
9.999979885331381491e-01 9.999984066933345073e-01 9.999985424725230665e-01 9.999984827676442478e-01 9.999998111538292989e-01 9.999991302348471001e-01 9.999966284189829580e-01 9.999986592934542173e-01 9.999987774509335736e-01 9.999975525374025231e-01
9.999992759901410455e-01 9.999991995398561651e-01 9.999986914720628839e-01 9.999980989360943706e-01 9.999982338213642130e-01 9.999948635041630007e-01 9.999956867074315525e-01 9.999968316672762647e-01 9.999996051754732607e-01 9.999975496084331228e-01
9.999993156753227419e-01 9.999983688177690455e-01 9.999985285231762777e-01 9.999988663627581431e-01 9.999972188248695826e-01 9.999996039871102971e-01 9.999967631395835221e-01 9.999984633729971373e-01 9.999992107837648581e-01 9.999993745466301265e-01
9.999984426328822895e-01 9.999979093789512774e-01 9.999985721583389831e-01 9.999984378481364677e-01 9.999990390272378571e-01 9.999967422725821731e-01 9.999987846659801338e-01 9.999983401995233834e-01 9.999986161942775453e-01 9.999966712882676356e-01
9.999995751994310567e-01 9.999982705755844359e-01 9.999972066917737212e-01 9.999996552505541203e-01 9.999992846422618431e-01 9.999977730831800526e-01 9.999975240702871915e-01 9.999988369950103539e-01 9.999986070381418068e-01 9.999994797443031436e-01
9.999990551181978660e-01 9.999980849985270481e-01 9.999993030736595845e-01 9.999995803242495152e-01 9.999977131503650085e-01 9.999955890686866855e-01 9.999992560848200984e-01 9.999978376155668203e-01 9.999993369111510599e-01 9.999992329277166414e-01
9.999993469039536453e-01 9.999977839282699899e-01 9.999982422805567817e-01 9.999984120096563345e-01 9.999976116251266811e-01 9.999985590002038460e-01 9.999972150436436946e-01 9.999974601646484107e-01 9.999990880745438515e-01 9.999994877030587981e-01
9.999959233950719284e-01 9.999969580749737963e-01 9.999990241501726107e-01 9.999981525229177937e-01 9.999997016349950751e-01 9.999984568402449092e-01 9.999995293630380422e-01 9.999996272060153180e-01 9.999994766547607439e-01 9.999991070342328925e-01
9.999983010852745435e-01 9.999987642437760949e-01 9.999980977082073563e-01 9.999983690136060588e-01 9.999982655944497090e-01 9.999980714864825648e-01 9.999986573671625356e-01 9.999985913959055228e-01 9.999981669674913309e-01 9.999975489836685494e-01
9.999993490812821850e-01 9.999988875400293020e-01 9.999982371857454311e-01 9.999977984700505473e-01 9.999996237061109516e-01 9.999982539531034886e-01 9.999976322848038723e-01 9.999976032020989614e-01 9.999974580425492476e-01 9.999984391599388012e-01
9.999991074656822132e-01 9.999977048105177513e-01 9.999990378502244814e-01 9.999995344488277205e-01 9.999989725482708591e-01 9.999982868616471565e-01 9.999992146621238254e-01 9.999987989802809896e-01 9.999987828914429500e-01 9.999988757415565477e-01
9.999988338712288982e-01 9.999992652553559846e-01 9.999986727559938560e-01 9.999987975356070535e-01 9.999984105356013453e-01 9.999988241843603687e-01 9.999979096882177787e-01 9.999975344250414677e-01 9.999995308326576904e-01 9.999980341322403099e-01
9.999993933959964165e-01 9.999990674761527476e-01 9.999980986770595770e-01 9.999991631490369182e-01 9.999975838894138436e-01 9.999989237996602665e-01 9.999992093639376023e-01 9.999990441614713399e-01 9.999981973642398936e-01 9.999990333176340673e-01
9.999974128750734881e-01 9.999996665656558648e-01 9.999984981181008203e-01 9.999979481974416995e-01 9.999997099781640086e-01 9.999988566780286803e-01 9.999977806814920323e-01 9.999958413636992338e-01 9.999988640152166486e-01 9.999980705663639169e-01
9.999977992603585886e-01 9.999987487797662444e-01 9.999993368202464428e-01 9.999985715792251151e-01 9.999988174559030218e-01 9.999973698718566117e-01 9.999986925830656181e-01 9.999990262979506772e-01 9.999982036841845723e-01 9.999990655542927431e-01
9.999991468343848444e-01 9.999979621783073869e-01 9.999986293726110809e-01 9.999991221881431303e-01 9.999970132117803612e-01 9.999975385606328926e-01 9.999994146377932935e-01 9.999986474295852190e-01 9.999995150252414255e-01 9.999976360484050808e-01
9.999991401725617512e-01 9.999961423022668550e-01 9.999976217139289192e-01 9.999984241057069401e-01 9.999995505501869664e-01 9.999987168759602030e-01 9.999991143801474358e-01 9.999983954607435388e-01 9.999991367358116445e-01 9.999993719093520639e-01
9.999991825824029457e-01 9.999990207557661881e-01 9.999972440913397209e-01 9.999986794329284168e-01 9.999967642595868345e-01 9.999963751823556235e-01 9.999983945065877844e-01 9.999976437903393967e-01 9.999997426927041966e-01 9.999988193821974791e-01
9.999979710418811507e-01 9.999982081464027228e-01 9.999997776812977746e-01 9.999997937241253965e-01 9.999976146305885605e-01 9.999996798821818578e-01 9.999970136442482005e-01 9.999991247430429775e-01 9.999994347117033833e-01 9.999992973984821454e-01
9.999984448685488303e-01 9.999989925741455954e-01 9.999989430636608834e-01 9.999988587140181684e-01 9.999999068896576748e-01 9.999986981385959872e-01 9.999990009135757418e-01 9.999987615769596605e-01 9.999984283046023936e-01 9.999988062552737089e-01
9.999980599884862320e-01 9.999998330312526162e-01 9.999986667855371714e-01 9.999988626710157869e-01 9.999993355679992479e-01 9.999972962439115376e-01 9.999989913210575176e-01 9.999991196453882347e-01 9.999995665136093281e-01 9.999995517338753359e-01
9.999988102209291796e-01 9.999979397850637941e-01 9.999981003500177934e-01 9.999975274449137697e-01 9.999981923665444139e-01 9.999984302011665216e-01 9.999980821681950793e-01 9.999984894104236854e-01 9.999998878918789913e-01 9.999990204132577221e-01
9.999998580487622357e-01 9.999975372904744697e-01 9.999989666385559195e-01 9.999982429534257644e-01 9.999990862884133858e-01 9.999985211571050803e-01 9.999985690315703613e-01 9.999988422214038941e-01 9.999999461327436778e-01 9.999981181770640770e-01
9.999987675585155777e-01 9.999981980499723644e-01 9.999994959629578961e-01 9.999988843473722744e-01 9.999988411049993697e-01 9.999983805689228733e-01 9.999990633189419498e-01 9.999989703082003967e-01 9.999958386483454031e-01 9.999983668358658484e-01
