9.999978517744108064e-01 9.999991250360402706e-01 9.999990600033994426e-01 9.999975699575235355e-01 9.999991083375732170e-01 9.999992501146766077e-01 9.999995544198864161e-01 9.999988029337530948e-01 9.999994221455603682e-01 9.999979666223037800e-01
9.999990807108342095e-01 9.999988179214061024e-01 9.999997095699415528e-01 9.999990644508446325e-01 9.999985272454303686e-01 9.999990217696358430e-01 9.999985450641525331e-01 9.999959198992700582e-01 9.999982551829372790e-01 9.999991040069087234e-01
9.999991446795885031e-01 9.999974619198701564e-01 9.999993179460040515e-01 9.999994776592153745e-01 9.999988992240905761e-01 9.999992364185968929e-01 9.999993359330036080e-01 9.999988523050904465e-01 9.999979711665757387e-01 9.999985875344958863e-01
9.999997743173897335e-01 9.999996772472524720e-01 9.999987153754759106e-01 9.999995149327931543e-01 9.999997500239291570e-01 9.999997960678843612e-01 9.999999194339991293e-01 9.999989811257705696e-01 9.999992346803209253e-01 9.999968598317854340e-01
9.999985373680860823e-01 9.999987428375208820e-01 9.999984557986767442e-01 9.999994600848505222e-01 9.999987577408621098e-01 9.999991478696049763e-01 9.999935617094791729e-01 9.999986559806273156e-01 9.999980451846220975e-01 9.999994461326985329e-01
9.999997739596108159e-01 9.999991264881056274e-01 9.999994034656006781e-01 9.999991908558572007e-01 9.999989707082106438e-01 9.999987245406237735e-01 9.999984590070923884e-01 9.999997396248797576e-01 9.999992469777662096e-01 9.999982506116847913e-01
9.999979112820729377e-01 9.999982780544077743e-01 9.999978593506858582e-01 9.999980517955121551e-01 9.999976877446575818e-01 9.999990183037614777e-01 9.999980645046000483e-01 9.999977806423671067e-01 9.999983980386667470e-01 9.999988298633698536e-01
9.999966918773387503e-01 9.999994567273645663e-01 9.999995768386350514e-01 9.999987889750354686e-01 9.999981067010625946e-01 9.999984046435700380e-01 9.999990358569382787e-01 9.999978087530938531e-01 9.999948361677487574e-01 9.999985053913551525e-01
9.999987703334375366e-01 9.999984455728126997e-01 9.999993396172108806e-01 9.999962845873860973e-01 9.999987431772491275e-01 9.999994993647070007e-01 9.999980952693543479e-01 9.999995246662930493e-01 9.999994967550867031e-01 9.999993397652087168e-01
9.999979296498577863e-01 9.999985465017694475e-01 9.999993703197037620e-01 9.999987740076473619e-01 9.999977084076158151e-01 9.999994967052152628e-01 9.999995943109522001e-01 9.999994804641836321e-01 9.999994948753175850e-01 9.999985356173560769e-01
9.999988818347461672e-01 9.999987468448121586e-01 9.999986451755046302e-01 9.999983149966217288e-01 9.999988858119740476e-01 9.999995726065612489e-01 9.999967582362514484e-01 9.999969033600514257e-01 9.999990360834525305e-01 9.999987235050228351e-01
9.999986115441928947e-01 9.999982171342109982e-01 9.999993937615196948e-01 9.999993341643576006e-01 9.999965066149891779e-01 9.999996169048923633e-01 9.999987853434426643e-01 9.999993978608070488e-01 9.999969733389784121e-01 9.999985777316494628e-01
9.999991410776153389e-01 9.999994744340146013e-01 9.999993169058519760e-01 9.999988764728393598e-01 9.999993882370313836e-01 9.999991337358535848e-01 9.999994919974656282e-01 9.999982209586814053e-01 9.999993812625151968e-01 9.999983895880002471e-01
9.999964574224384783e-01 9.999980335246330121e-01 9.999981967423927642e-01 9.999982652934613636e-01 9.999993239511807408e-01 9.999968881509408991e-01 9.999993266585355256e-01 9.999987605534382817e-01 9.999974229629298161e-01 9.999969133470392180e-01
9.999985408418337052e-01 9.999994712877370295e-01 9.999989609225979903e-01 9.999978516299398157e-01 9.999983095911961772e-01 9.999989240169809834e-01 9.999985815829515179e-01 9.999990311188946546e-01 9.999989072709937199e-01 9.999982853847995123e-01
9.999987058535376727e-01 9.999998212292071642e-01 9.999982517382870473e-01 9.999985580805113017e-01 9.999992036472671320e-01 9.999970406266928125e-01 9.999998071992626247e-01 9.999986413544154074e-01 9.999992591796449393e-01 9.999953238570568059e-01
9.999986233588250562e-01 9.999995045680708516e-01 9.999977846588371522e-01 9.999988543229585414e-01 9.999972217432177013e-01 9.999960713667438439e-01 9.999995196964847066e-01 9.999989603457553056e-01 9.999970941843154826e-01 9.999984434953045342e-01
9.999997734979246822e-01 9.999990739358323166e-01 9.999990457930991727e-01 9.999983899211993821e-01 9.999990449305915519e-01 9.999980256513074650e-01 9.999984924355862503e-01 9.999992606004780571e-01 9.999979026970614582e-01 9.999988831495404407e-01
9.999993518152101579e-01 9.999983882879491803e-01 9.999971995090444210e-01 9.999976714474887451e-01 9.999980324050277147e-01 9.999996517475037150e-01 9.999981905684682815e-01 9.999994059728366524e-01 9.999989986328288172e-01 9.999992370897744509e-01
9.999987736160603768e-01 9.999986506630711425e-01 9.999996047351897843e-01 9.999981012007829184e-01 9.999977860375195426e-01 9.999987406946805324e-01 9.999955506739832689e-01 9.999991209093799238e-01 9.999991671564367746e-01 9.999992254117490154e-01
9.999990623086880692e-01 9.999988997831461557e-01 9.999982872998319783e-01 9.999974317147627412e-01 9.999979513021136635e-01 9.999996533255043341e-01 9.999982149758649408e-01 9.999974023216923191e-01 9.999987487833635891e-01 9.999991544871265070e-01
9.999994251507704490e-01 9.999988546506568543e-01 9.999996387659102481e-01 9.999992003933280138e-01 9.999991925702276241e-01 9.999987109019992104e-01 9.999985958779313844e-01 9.999988254096808804e-01 9.999943070397793177e-01 9.999993317976355600e-01
9.999993255423431648e-01 9.999991760826144604e-01 9.999950253106376641e-01 9.999979149923278188e-01 9.999995497137040834e-01 9.999982385335638435e-01 9.999976316318662795e-01 9.999988435729602054e-01 9.999975935648255376e-01 9.999990367851444573e-01
9.999983730523567260e-01 9.999985987949636668e-01 9.999986684532014003e-01 9.999971312548796565e-01 9.999975179174839246e-01 9.999991585639993463e-01 9.999996616021895601e-01 9.999991228358843243e-01 9.999984430761563736e-01 9.999970525085398743e-01
9.999988522320053530e-01 9.999981014920151789e-01 9.999995520238047497e-01 9.999995926519851253e-01 9.999989018535466734e-01 9.999995516311476207e-01 9.999991035448920762e-01 9.999958665067372188e-01 9.999988680554671161e-01 9.999992019033843160e-01
9.999989481902368249e-01 9.999994359377359920e-01 9.999996079630979473e-01 9.999994293692472391e-01 9.999990292032012729e-01 9.999973367079901809e-01 9.999986506076776749e-01 9.999994693365745757e-01 9.999982322537998014e-01 9.999984643710861931e-01
9.999989323449874901e-01 9.999991920012856195e-01 9.999979113116992391e-01 9.999993836845965101e-01 9.999993838192379192e-01 9.999993219333808137e-01 9.999996297813998902e-01 9.999979755747349097e-01 9.999980594179520565e-01 9.999960834627895645e-01
9.999974862097499306e-01 9.999998853338902816e-01 9.999976894598202604e-01 9.999971183056394208e-01 9.999984849304713874e-01 9.999991687603868584e-01 9.999995325114936495e-01 9.999995282211281422e-01 9.999989935561973686e-01 9.999980824050920258e-01
9.999991980560616334e-01 9.999991198430309147e-01 9.999993408674634487e-01 9.999997908455647844e-01 9.999982418651587324e-01 9.999983670362954102e-01 9.999970737089191042e-01 9.999992178325070036e-01 9.999996024173742892e-01 9.999996914125235392e-01
9.999980849687692963e-01 9.999993812229324153e-01 9.999985504546943238e-01 9.999991270000558874e-01 9.999991561968849529e-01 9.999961082406872981e-01 9.999970323885080115e-01 9.999996464526296203e-01 9.999995219943752511e-01 9.999993806693530107e-01
9.999957632888575310e-01 9.999982100315029099e-01 9.999993525898953628e-01 9.999972605797222691e-01 9.999949046684630805e-01 9.999986457096941006e-01 9.999981256502287197e-01 9.999983995533663350e-01 9.999987690117573269e-01 9.999995661224616583e-01
9.999981591542733694e-01 9.999969916321457264e-01 9.999981584312193084e-01 9.999988435616872229e-01 9.999973868862472859e-01 9.999997019455275638e-01 9.999991473058459368e-01 9.999968617250115654e-01 9.999986759223200572e-01 9.999990361866188948e-01
9.999977185357405984e-01 9.999993890541256647e-01 9.999983391187321491e-01 9.999986516859251662e-01 9.999993618261530104e-01 9.999990636663660393e-01 9.999973565071842430e-01 9.999983623344060879e-01 9.999970495280042782e-01 9.999993068662753615e-01
9.999983745183247397e-01 9.999979377380262546e-01 9.999992242309495571e-01 9.999984825171132075e-01 9.999990710296297047e-01 9.999991708387543365e-01 9.999991346526917457e-01 9.999986623652660223e-01 9.999979966918942642e-01 9.999992789821116057e-01
9.999993843218766276e-01 9.999997126199891007e-01 9.999995947848492328e-01 9.999991279740951811e-01 9.999991161285143315e-01 9.999995391096225816e-01 9.999992435664049051e-01 9.999993225436923927e-01 9.999992716783085989e-01 9.999989010271050915e-01
9.999997371647602051e-01 9.999970469065785350e-01 9.999999488036031003e-01 9.999987009896191825e-01 9.999981115125063935e-01 9.999980270582825570e-01 9.999996574125671334e-01 9.999986998716405839e-01 9.999976617355448294e-01 9.999988187036210618e-01
9.999992250637486091e-01 9.999963720048504756e-01 9.999987235292809862e-01 9.999990181472685480e-01 9.999984468455420661e-01 9.999990086102318321e-01 9.999988629761437098e-01 9.999983119492491523e-01 9.999991245428716535e-01 9.999994267647336343e-01
9.999977486230766655e-01 9.999994292795374440e-01 9.999975011606602182e-01 9.999973399606668645e-01 9.999986750507202649e-01 9.999995100991001529e-01 9.999989807734180891e-01 9.999995302354148796e-01 9.999987334298989783e-01 9.999973314173851158e-01
9.999990782812239187e-01 9.999968796301151874e-01 9.999986993502535393e-01 9.999983184539132930e-01 9.999990114642680616e-01 9.999997202747645808e-01 9.999977343813694075e-01 9.999999355814365165e-01 9.999981999159793800e-01 9.999996150583219112e-01
9.999979063726562867e-01 9.999992227927589905e-01 9.999974564418157019e-01 9.999989252790871808e-01 9.999985701444400465e-01 9.999988030517354964e-01 9.999990689405098276e-01 9.999988152289812637e-01 9.999992724908532971e-01 9.999985851263770709e-01
9.999946293556735144e-01 9.999973766664328467e-01 9.999988886079625994e-01 9.999950779133868206e-01 9.999990502415062599e-01 9.999975655174742073e-01 9.999968895605981789e-01 9.999934009501969534e-01 9.999971048813045549e-01 9.999978376807917568e-01
9.999973156162205168e-01 9.999993444150199196e-01 9.999979632016482434e-01 9.999988694087014185e-01 9.999989532696783590e-01 9.999975916640041484e-01 9.999992577332227350e-01 9.999996763988625581e-01 9.999980867668730733e-01 9.999992754775675063e-01
9.999988852608656664e-01 9.999985548894415599e-01 9.999991791741348335e-01 9.999986269243613668e-01 9.999989309812949978e-01 9.999994430430628745e-01 9.999962146235352733e-01 9.999997736098639178e-01 9.999998126728112391e-01 9.999972244313540815e-01
9.999989266339364136e-01 9.999983200526668670e-01 9.999932497897072725e-01 9.999972995577962598e-01 9.999971305427716173e-01 9.999988916105295722e-01 9.999992473212777622e-01 9.999988852995131960e-01 9.999994071033551091e-01 9.999991952432816245e-01
9.999989716070739609e-01 9.999982249073234852e-01 9.999993658934415164e-01 9.999971283629124352e-01 9.999995553443140617e-01 9.999992778072588351e-01 9.999995323978765338e-01 9.999993423277608873e-01 9.999981353612151791e-01 9.999980289846395198e-01
9.999989929381787324e-01 9.999975764159606539e-01 9.999978918123553218e-01 9.999993097567348999e-01 9.999968185188679026e-01 9.999987385152590003e-01 9.999969629284040096e-01 9.999993277967867966e-01 9.999994462609012036e-01 9.999983676576942315e-01
9.999980060845563568e-01 9.999990416950736982e-01 9.999981101668378169e-01 9.999983363848206075e-01 9.999997151647604943e-01 9.999995497300958602e-01 9.999984033309233800e-01 9.999993173777456112e-01 9.999964242536766301e-01 9.999965203589294971e-01
9.999994980370913167e-01 9.999988842230903563e-01 9.999986530741086233e-01 9.999991032680332070e-01 9.999986293630496181e-01 9.999991855956056330e-01 9.999983504243771248e-01 9.999992218826992962e-01 9.999988385427582838e-01 9.999989770069533934e-01
9.999992507621107141e-01 9.999998151151309189e-01 9.999986598615631106e-01 9.999984716401686402e-01 9.999985978397795128e-01 9.999993379766737300e-01 9.999993914862461697e-01 9.999986598685892680e-01 9.999979758412018693e-01 9.999985776482771538e-01
9.999994815048661723e-01 9.999978411201509987e-01 9.999989374668794007e-01 9.999988789170077830e-01 9.999997740848604044e-01 9.999988161408983611e-01 9.999990847338160460e-01 9.999994705444498200e-01 9.999957540193611383e-01 9.999983971466276378e-01
9.999991141830449903e-01 9.999988542884548082e-01 9.999993811106595576e-01 9.999971441799421212e-01 9.999937600289346973e-01 9.999991386074117417e-01 9.999970385660285066e-01 9.999984384636663171e-01 9.999985654581833305e-01 9.999983291156168130e-01
9.999994418484652314e-01 9.999988618678196106e-01 9.999986588593758885e-01 9.999970556658875909e-01 9.999978907505255865e-01 9.999966432685633011e-01 9.999977541471041231e-01 9.999974276732230827e-01 9.999983437834577549e-01 9.999992908027518501e-01
9.999993523078251068e-01 9.999989055552330752e-01 9.999977228496325088e-01 9.999983997718480122e-01 9.999976278078210878e-01 9.999990413272881185e-01 9.999986855203170100e-01 9.999992142264930717e-01 9.999988100195450480e-01 9.999984667620864798e-01
9.999991755254952208e-01 9.999986976712883502e-01 9.999985682723369074e-01 9.999967722659348635e-01 9.999989369697926955e-01 9.999985135484618093e-01 9.999997732930991923e-01 9.999988860726494178e-01 9.999993039738265255e-01 9.999991969201227349e-01
9.999992320991903938e-01 9.999990131987880337e-01 9.999980712485848633e-01 9.999994544905470573e-01 9.999995693496581683e-01 9.999993244752254373e-01 9.999992586794336225e-01 9.999992182571331156e-01 9.999995908373685571e-01 9.999991033573760735e-01
9.999994358049980603e-01 9.999993043174464358e-01 9.999967481111686762e-01 9.999977285437466890e-01 9.999983582467618648e-01 9.999988697289233786e-01 9.999984901165519524e-01 9.999981702856667320e-01 9.999987815521312884e-01 9.999981661745523942e-01
9.999989371502882030e-01 9.999987901254476785e-01 9.999977628232654681e-01 9.999990199420699666e-01 9.999990996035612589e-01 9.999982636961487481e-01 9.999972108040646734e-01 9.999994393369757706e-01 9.999967673997843809e-01 9.999978762496646301e-01
9.999985534781039576e-01 9.999991634458622602e-01 9.999988138757982536e-01 9.999981768031017682e-01 9.999995098567383556e-01 9.999984062351354730e-01 9.999998062251268527e-01 9.999972062207840295e-01 9.999988724032519150e-01 9.999977409376430426e-01
9.999986399616610511e-01 9.999986912808890294e-01 9.999988936759502955e-01 9.999981526407325516e-01 9.999992715060160853e-01 9.999992507465980118e-01 9.999967672653481410e-01 9.999997503801130172e-01 9.999995091958528981e-01 9.999988817584231082e-01
9.999985198191525537e-01 9.999977402384320202e-01 9.999995944125510405e-01 9.999993506896697193e-01 9.999988515122200106e-01 9.999984281606263403e-01 9.999988200459534182e-01 9.999977338587002773e-01 9.999981429733167948e-01 9.999986592279432873e-01
9.999979601462523071e-01 9.999985925462763214e-01 9.999981019376593672e-01 9.999982472447823678e-01 9.999995551853606557e-01 9.999974525790523705e-01 9.999983292898070308e-01 9.999991198661721814e-01 9.999975926108757296e-01 9.999991032817366898e-01
9.999995282977111044e-01 9.999993804369291528e-01 9.999978724591548351e-01 9.999948286552406973e-01 9.999992253262998121e-01 9.999974094091905741e-01 9.999969123347836053e-01 9.999980131050576482e-01 9.999988129980684759e-01 9.999992670431596675e-01
9.999971852552841378e-01 9.999989000670328476e-01 9.999986017109251391e-01 9.999945146500598403e-01 9.999979752724931226e-01 9.999966635842640894e-01 9.999996444102822180e-01 9.999973415540752697e-01 9.999988988285388736e-01 9.999973564873452236e-01
9.999986798147201261e-01 9.999992973762155124e-01 9.999992926066983978e-01 9.999978828971450850e-01 9.999911713642034572e-01 9.999946491193618670e-01 9.999989267722440012e-01 9.999974016494118656e-01 9.999964365130096233e-01 9.999978705804503099e-01
9.999995293440276933e-01 9.999993884391031873e-01 9.999982254188494180e-01 9.999991064449234024e-01 9.999982282307592341e-01 9.999992948740152876e-01 9.999989079093780653e-01 9.999980941987137717e-01 9.999999154416630009e-01 9.999983231213771528e-01
9.999992520530216478e-01 9.999994780251251214e-01 9.999984041326080986e-01 9.999989105206831264e-01 9.999991556295947381e-01 9.999995093546518721e-01 9.999989633018357971e-01 9.999982372517836060e-01 9.999952111400464139e-01 9.999990129155014174e-01
9.999973748961525910e-01 9.999992631987841829e-01 9.999977633486597517e-01 9.999972561306641472e-01 9.999986264213137632e-01 9.999990675861341050e-01 9.999985777551557709e-01 9.999978311335790959e-01 9.999950501894799837e-01 9.999997351429679160e-01
9.999992227090657160e-01 9.999993014178339967e-01 9.999982904551828478e-01 9.999996995759968810e-01 9.999990036560207907e-01 9.999982430833765923e-01 9.999982272162876162e-01 9.999973937250563605e-01 9.999992483258570708e-01 9.999981039188743370e-01
9.999995077250223297e-01 9.999985253987389022e-01 9.999975059679616640e-01 9.999995987240023476e-01 9.999988630500585840e-01 9.999997086797788315e-01 9.999988376988691030e-01 9.999984514403630342e-01 9.999988884042314563e-01 9.999991228039571967e-01
9.999990758863489537e-01 9.999997168415651894e-01 9.999981501521693072e-01 9.999995813470546890e-01 9.999993215902984733e-01 9.999995254847818815e-01 9.999991534841812246e-01 9.999993697647853175e-01 9.999995374955217287e-01 9.999994350660760256e-01
9.999980646773407589e-01 9.999987900743785296e-01 9.999989181823388806e-01 9.999988987946711871e-01 9.999996029803784880e-01 9.999994069506386030e-01 9.999985272490690136e-01 9.999995115620706754e-01 9.999995831726652407e-01 9.999994639094073046e-01
9.999983494237937309e-01 9.999969343712121761e-01 9.999993454461436615e-01 9.999995543396377196e-01 9.999987906410675587e-01 9.999980475655310119e-01 9.999991821325435737e-01 9.999991439292317263e-01 9.999978485573580711e-01 9.999995929603403555e-01
9.999984991150573377e-01 9.999978839679516396e-01 9.999979687888506108e-01 9.999948935949346529e-01 9.999980992034844807e-01 9.999979694898355476e-01 9.999977082867472777e-01 9.999971619362187925e-01 9.999986185109299708e-01 9.999993552493227078e-01
9.999971872390663874e-01 9.999980351482776753e-01 9.999984917065839474e-01 9.999993171864853814e-01 9.999997042430331939e-01 9.999987097549324355e-01 9.999969444408938202e-01 9.999979829892938765e-01 9.999992725029585028e-01 9.999995873579367034e-01
9.999990274379828570e-01 9.999992551146658082e-01 9.999985451605475362e-01 9.999984588855752587e-01 9.999991736217215266e-01 9.999989054862126192e-01 9.999996809395760300e-01 9.999995703064505914e-01 9.999988276709114166e-01 9.999989275077254547e-01
9.999977127736925375e-01 9.999979770124965972e-01 9.999993668169061545e-01 9.999988537000713551e-01 9.999998680661700279e-01 9.999990652591680407e-01 9.999973824169180459e-01 9.999989219271526730e-01 9.999967836328477189e-01 9.999996714202402659e-01
9.999997451665092463e-01 9.999993835125153829e-01 9.999975580938992303e-01 9.999996938165595095e-01 9.999992797679844170e-01 9.999985687951253865e-01 9.999979987190522612e-01 9.999993207098364367e-01 9.999972287227703038e-01 9.999986615970741788e-01
9.999993326199182464e-01 9.999989023074410399e-01 9.999995956780685091e-01 9.999990364589711467e-01 9.999992487005836539e-01 9.999981201513715723e-01 9.999970994441279570e-01 9.999985080800277704e-01 9.999967477854520004e-01 9.999994472945874513e-01
9.999990304840374877e-01 9.999980390886656911e-01 9.999993817160001131e-01 9.999993810830468677e-01 9.999973017856957913e-01 9.999969823300887128e-01 9.999957761843842885e-01 9.999994806185049656e-01 9.999989862031226640e-01 9.999989686740903272e-01
9.999981096064068931e-01 9.999995395998039216e-01 9.999991975985971226e-01 9.999994857401262038e-01 9.999987597863064792e-01 9.999958370739419067e-01 9.999996997566381607e-01 9.999989088947324190e-01 9.999980221547665193e-01 9.999989354591301005e-01
9.999996232306240795e-01 9.999991770446993167e-01 9.999990656022716973e-01 9.999985146249859014e-01 9.999981577768539687e-01 9.999987584894775017e-01 9.999992079603891026e-01 9.999976701947640434e-01 9.999992275657161311e-01 9.999985628420490213e-01
9.999983338626331486e-01 9.999976195695956527e-01 9.999980512545990630e-01 9.999998782761471139e-01 9.999982603370464185e-01 9.999986508151735842e-01 9.999958334956183803e-01 9.999994219203325319e-01 9.999975100249024473e-01 9.999956832193649392e-01
9.999994692426827925e-01 9.999962980607761676e-01 9.999993414329487740e-01 9.999993531830075888e-01 9.999991486595587453e-01 9.999990579944226798e-01 9.999993470687611463e-01 9.999991889509319831e-01 9.999981429044570991e-01 9.999990332010894045e-01
9.999979186970453515e-01 9.999992255842040656e-01 9.999992308516429951e-01 9.999978469944659221e-01 9.999997648503703429e-01 9.999972019522127553e-01 9.999995073362398790e-01 9.999993107533386993e-01 9.999991877786504890e-01 9.999998478174969563e-01
9.999991385001482103e-01 9.999978629810395425e-01 9.999993622739224985e-01 9.999990301143986127e-01 9.999983131405895120e-01 9.999975936889337058e-01 9.999992592242756828e-01 9.999998720938881869e-01 9.999998300525007044e-01 9.999992391944553249e-01
9.999984376732418134e-01 9.999990748101151850e-01 9.999977821749170825e-01 9.999988498084112498e-01 9.999994983264260950e-01 9.999991352805364109e-01 9.999997635972719401e-01 9.999996656784633231e-01 9.999981592102471506e-01 9.999975390004838260e-01
9.999969183270113193e-01 9.999988601961772305e-01 9.999984500628038564e-01 9.999991629885802702e-01 9.999983457317109803e-01 9.999979302822559202e-01 9.999991157101516537e-01 9.999994768440576554e-01 9.999985531501880409e-01 9.999995042302115555e-01
9.999970569893776862e-01 9.999990596320750269e-01 9.999991076951481039e-01 9.999975245445861249e-01 9.999977570922646830e-01 9.999992608038468234e-01 9.999983426843900292e-01 9.999966817305792066e-01 9.999991886795134288e-01 9.999994255040330904e-01
9.999988175813043778e-01 9.999982647784382284e-01 9.999995138638546610e-01 9.999990084217773578e-01 9.999983229602721346e-01 9.999989625001706184e-01 9.999995850694838317e-01 9.999935058138539334e-01 9.999987661067704092e-01 9.999981134875970401e-01
9.999996567036520956e-01 9.999969744232725111e-01 9.999989738581464005e-01 9.999996777399620118e-01 9.999994096407666122e-01 9.999993643764581996e-01 9.999989636173384211e-01 9.999999048029024618e-01 9.999988160456574349e-01 9.999976762445169642e-01
9.999992553446107602e-01 9.999967349515893611e-01 9.999947525253565228e-01 9.999976752271577674e-01 9.999977277962095457e-01 9.999996391376825278e-01 9.999983741578819529e-01 9.999992275635838368e-01 9.999981381236067168e-01 9.999994715717978044e-01
9.999940529802693323e-01 9.999978567647249683e-01 9.999969572347573443e-01 9.999963676143296398e-01 9.999983261582353622e-01 9.999972426712371298e-01 9.999982006813832314e-01 9.999991223798254669e-01 9.999967250998230694e-01 9.999959329348085957e-01
9.999968844356434960e-01 9.999995853334765483e-01 9.999990201361153019e-01 9.999992880674380968e-01 9.999990313706902390e-01 9.999992004086808439e-01 9.999992300203922602e-01 9.999988269958273168e-01 9.999986925777862856e-01 9.999985185930362341e-01
9.999990223099228803e-01 9.999984503627149524e-01 9.999986155145723643e-01 9.999990514874479430e-01 9.999990851830909966e-01 9.999987988209370071e-01 9.999996256111072235e-01 9.999986102922441278e-01 9.999987341188290024e-01 9.999986262645038648e-01
9.999955016217720871e-01 9.999989356527950735e-01 9.999969108745423441e-01 9.999989229035319838e-01 9.999982035278699444e-01 9.999994476875141425e-01 9.999993269604960933e-01 9.999980198750794136e-01 9.999952148014010778e-01 9.999987887617685089e-01
9.999994224665255116e-01 9.999985031511254840e-01 9.999986875988777779e-01 9.999983099064531089e-01 9.999991097027659537e-01 9.999937487849476225e-01 9.999996415548216833e-01 9.999984878662727672e-01 9.999992265262204194e-01 9.999994443759697704e-01
9.999987316440007712e-01 9.999969661184432423e-01 9.999992482031768715e-01 9.999984556681043024e-01 9.999983124601811157e-01 9.999990116224743986e-01 9.999993936656559335e-01 9.999981255313172834e-01 9.999977353085517384e-01 9.999991970469792602e-01
9.999985644695579268e-01 9.999991385658096865e-01 9.999989304190344264e-01 9.999990025760896462e-01 9.999996020955056464e-01 9.999987458623942338e-01 9.999989611976012327e-01 9.999992872655163456e-01 9.999983862616841357e-01 9.999972324610196805e-01
9.999982637295465882e-01 9.999994317460533244e-01 9.999998834865789776e-01 9.999994030823713409e-01 9.999994737093651498e-01 9.999990735935769814e-01 9.999973546384397505e-01 9.999992405451704203e-01 9.999992781731300573e-01 9.999988232055954107e-01
9.999996320403264916e-01 9.999981884493842621e-01 9.999994813062420551e-01 9.999986968689626998e-01 9.999987837283025316e-01 9.999998020825406897e-01 9.999982168934693494e-01 9.999988134423660746e-01 9.999996839990753505e-01 9.999994941331367126e-01
