9.966615012100542570e-01 9.993779378165796867e-01 9.987501851330973235e-01 9.995083889585908432e-01 9.990096430938035788e-01 9.995588456706939740e-01 9.995425016815476793e-01 9.993382198692460916e-01 9.990388996317252079e-01 9.982996260271328470e-01
9.994618956712123525e-01 9.995086679777107630e-01 9.997269310943451837e-01 9.989920700307919343e-01 9.967704527360462530e-01 9.992861312629345294e-01 9.984651036898571919e-01 9.989014076173814427e-01 9.993100917471680056e-01 9.998228654419037964e-01
9.994487024479513648e-01 9.996045662745460803e-01 9.996048841199572932e-01 9.994979562750799795e-01 9.995824632363260465e-01 9.993124411519296313e-01 9.994972345366187616e-01 9.996418540371314609e-01 9.996725391534059257e-01 9.994455875829562075e-01
9.994942224902414463e-01 9.987115182877172037e-01 9.980423676722340876e-01 9.984002581641966412e-01 9.984748916388995754e-01 9.994806640287463573e-01 9.995430866643575385e-01 9.996261951257979783e-01 9.993665666111243295e-01 9.991612730390091457e-01
9.997622470163052277e-01 9.996232079901855583e-01 9.984593997467009485e-01 9.995010831782721317e-01 9.945542097978130602e-01 9.996139412405029567e-01 9.995914453775578412e-01 9.995689171521202621e-01 9.997189198973575053e-01 9.995485580653213908e-01
9.996555790560434085e-01 9.991124555044419431e-01 9.989740563936394535e-01 9.988376671242730209e-01 9.985617819564073239e-01 9.996366191397879630e-01 9.993924329965059306e-01 9.997489200071049131e-01 9.993094022763721052e-01 9.997112160351185883e-01
9.996468621644084562e-01 9.995486615067267211e-01 9.994880495839210122e-01 9.984797287143964972e-01 9.994516453981953097e-01 9.960056164908035470e-01 9.993358630449098445e-01 9.994055446775366169e-01 9.996405187108839963e-01 9.995459643383718396e-01
9.992492959152037280e-01 9.990466545035993073e-01 9.982176437242517020e-01 9.973469663836264099e-01 9.983912394402155721e-01 9.996097610196253980e-01 9.980904525707273711e-01 9.998056374214472353e-01 9.998110353784592785e-01 9.994458116983161444e-01
9.989996243563125100e-01 9.994569740744241315e-01 9.997013624175937752e-01 9.998227843438676210e-01 9.995694744149550282e-01 9.989280155491507829e-01 9.991476476457228362e-01 9.992211622807065652e-01 9.996604346997726154e-01 9.996960748827431464e-01
9.997631915489677557e-01 9.995902973673959080e-01 9.997624702560827803e-01 9.997686118484458984e-01 9.992490136588501048e-01 9.992665753601379652e-01 9.997079980860421600e-01 9.994461086883238421e-01 9.981300489155078282e-01 9.996553171011408612e-01
9.997826529115475536e-01 9.991354853198488595e-01 9.995869097263242464e-01 9.996234010730364883e-01 9.984549229086917554e-01 9.997736760725124405e-01 9.997385380060201943e-01 9.986455849884349201e-01 9.992575195368021967e-01 9.997203297157070123e-01
9.994219925646995462e-01 9.993536322865970156e-01 9.987463775817168044e-01 9.987824962847038357e-01 9.992004862142243038e-01 9.992797533067192539e-01 9.996743501860161363e-01 9.995914405084844745e-01 9.986461459600003421e-01 9.995066581523089910e-01
9.954697488896379065e-01 9.995487441941665052e-01 9.973594553292666198e-01 9.984733384478410301e-01 9.988392469239977256e-01 9.965066326787422879e-01 9.997886096362602615e-01 9.994660880273548154e-01 9.993001904563305615e-01 9.996363367897790342e-01
9.986480474069848734e-01 9.993819752973096548e-01 9.997302159961505286e-01 9.996761656974204602e-01 9.994402015564223252e-01 9.997963453300697800e-01 9.996784123045172610e-01 9.967136237704121715e-01 9.997366420572858514e-01 9.988540093269092646e-01
9.993709803641739331e-01 9.986518122825450705e-01 9.996368605508960670e-01 9.996715761214545193e-01 9.992548251428615691e-01 9.994844674662212158e-01 9.992905088537996638e-01 9.997147425049857095e-01 9.987792253561104117e-01 9.995451162937730727e-01
9.990306999698027601e-01 9.990250816738331929e-01 9.995493773584189778e-01 9.994069173084514368e-01 9.981769442958686733e-01 9.993357502717985508e-01 9.995388744160839112e-01 9.993219403418598379e-01 9.982759568174670584e-01 9.996378352933080746e-01
9.995313862925926385e-01 9.996731709959351120e-01 9.994083154055046769e-01 9.997063125500420533e-01 9.991759206784388558e-01 9.995929762100751459e-01 9.995413035818577763e-01 9.989833477650076343e-01 9.985584611738602678e-01 9.996751897440860901e-01
9.995917915422320998e-01 9.974491685948970732e-01 9.985671494452713626e-01 9.994649994364982470e-01 9.980615818388397509e-01 9.997716808460653803e-01 9.998421321225350322e-01 9.998118693438702298e-01 9.995285141835953402e-01 9.993196222136349061e-01
9.994829810295883243e-01 9.932812806449926590e-01 9.975415214570118039e-01 9.994608128743804887e-01 9.994903372596423141e-01 9.994166597283338227e-01 9.993082327661345632e-01 9.987504333722024841e-01 9.997010536224727462e-01 9.992777539082048355e-01
9.988473188373565570e-01 9.996080280201963264e-01 9.997277371322005335e-01 9.996375453565887748e-01 9.993476227964444014e-01 9.993577066679166787e-01 9.984624598535631890e-01 9.996179727795810877e-01 9.990477583112202797e-01 9.997412128989100477e-01
9.995671192129820248e-01 9.995369685500420376e-01 9.995209812222274337e-01 9.994199588654594235e-01 9.993364342543005208e-01 9.996013187089938246e-01 9.996519763375996126e-01 9.995014095489122008e-01 9.986741558344393033e-01 9.994424551282595770e-01
9.996144631360840416e-01 9.997517968560173385e-01 9.997707572753267158e-01 9.997159098423346046e-01 9.997984582200510895e-01 9.992806976673794805e-01 9.995855025445550268e-01 9.996194934436264390e-01 9.990145583822400699e-01 9.993699597039035210e-01
9.947910266822392877e-01 9.990828148538482001e-01 9.989045441581612117e-01 9.996349223067086953e-01 9.994041878115601518e-01 9.988618176782332325e-01 9.995478640805984805e-01 9.991519857620088096e-01 9.991188481097910135e-01 9.995908733414852199e-01
9.994694011132987388e-01 9.986937564979002646e-01 9.994712337195714724e-01 9.991398348394049389e-01 9.988636259686198837e-01 9.992950796921222789e-01 9.996381175479578385e-01 9.995927283224335103e-01 9.996230759641234753e-01 9.994283523638981537e-01
9.995580674098742957e-01 9.990474917403117106e-01 9.995985805631645293e-01 9.992522219672912431e-01 9.995156563947426021e-01 9.995087908833336643e-01 9.992005257683536090e-01 9.992783986370633587e-01 9.992541347553195452e-01 9.991599600624831989e-01
9.994297323196302818e-01 9.994887979706686965e-01 9.993124292550186194e-01 9.996396694906048985e-01 9.996127372705903014e-01 9.988355089629680217e-01 9.987583031443078019e-01 9.993967250518250856e-01 9.997623410725292592e-01 9.995347454108926000e-01
9.996588531009283907e-01 9.994944434357252439e-01 9.996849327229272442e-01 9.989568477973614913e-01 9.991448841510912615e-01 9.997872732663228845e-01 9.990913616822463261e-01 9.995105571679112622e-01 9.993741618946461180e-01 9.992877758429690171e-01
9.991392010092315923e-01 9.996429621576080615e-01 9.995839341975294445e-01 9.994965918457218157e-01 9.995622745714828339e-01 9.990777887189695727e-01 9.989366300726714165e-01 9.997793746871163068e-01 9.996939251383542002e-01 9.992793583108102728e-01
9.991106177094482010e-01 9.995668719701772398e-01 9.978119707886691225e-01 9.990295126024272276e-01 9.994958244257325930e-01 9.996827580446037143e-01 9.996141144423749125e-01 9.997949771854528489e-01 9.978427429713440100e-01 9.997173750303244288e-01
9.993810204377046036e-01 9.990606852868566534e-01 9.993913076234532955e-01 9.978562352496418431e-01 9.992761048176201921e-01 9.990706568834913925e-01 9.994660856117312253e-01 9.996352621501832791e-01 9.994495520044321957e-01 9.990264022329836680e-01
9.992569153258576975e-01 9.994110185854124806e-01 9.995542990513501813e-01 9.988875916445543179e-01 9.993674312690297157e-01 9.994686440494934265e-01 9.945526103044014521e-01 9.993130397370383333e-01 9.980615605343847729e-01 9.977465395104130330e-01
9.907072483623801107e-01 9.993468102047378121e-01 9.981739368765950582e-01 9.994579920455497479e-01 9.992126521014733642e-01 9.995841897433680456e-01 9.975493907996100251e-01 9.987895718202992601e-01 9.992501872353608539e-01 9.996001521601338702e-01
9.996475967739075763e-01 9.982875033884744953e-01 9.993382304802481686e-01 9.997778196016813279e-01 9.994120408791214993e-01 9.997935312481368575e-01 9.993401983376634101e-01 9.993294796182127238e-01 9.995589165440805779e-01 9.991122401331051783e-01
9.995251193363966502e-01 9.997156585272162221e-01 9.994393358192684707e-01 9.982018530702896353e-01 9.998025792861015004e-01 9.987013845517237476e-01 9.996821889138172157e-01 9.996741541524108987e-01 9.995031638560568643e-01 9.995900845017038350e-01
9.996561787291440293e-01 9.994030167415384192e-01 9.998772622340312832e-01 9.985538313001895983e-01 9.993489766659483520e-01 9.995427350707775105e-01 9.992922018092587066e-01 9.995755051754214859e-01 9.996322471709176982e-01 9.995996367305237662e-01
9.935841932819939881e-01 9.997256653355823808e-01 9.989295969294677002e-01 9.994939800073112668e-01 9.964363258225875652e-01 9.990551062493656653e-01 9.978988330755554914e-01 9.997461041182998942e-01 9.991584305120153608e-01 9.997219318329453319e-01
9.995774041414549060e-01 9.989858776326056011e-01 9.994849520327526715e-01 9.993603927075903615e-01 9.991151241310718412e-01 9.997066465305648464e-01 9.992268899653627967e-01 9.993354430944696443e-01 9.997966822414391386e-01 9.993690484306300137e-01
9.990951279538883290e-01 9.996347044841208396e-01 9.993041823699981840e-01 9.994925039702483582e-01 9.991796370532654015e-01 9.994943996926000107e-01 9.986739669587415547e-01 9.993346046656617077e-01 9.976078401104068183e-01 9.991669789680486247e-01
9.995234334065765669e-01 9.995949590639728877e-01 9.991124152606188913e-01 9.992629801853397664e-01 9.995974454774129159e-01 9.977076087645481151e-01 9.966039398575164965e-01 9.996434632000276155e-01 9.993009118188834750e-01 9.992662709690747214e-01
9.998225150682694684e-01 9.995567002870494600e-01 9.997704458603982047e-01 9.997363592335702931e-01 9.992267032300221619e-01 9.994938078861436148e-01 9.996773974113772887e-01 9.996421191498842118e-01 9.985531285433631998e-01 9.990132894410737041e-01
9.996233288361960900e-01 9.984328012877435876e-01 9.974551023923978743e-01 9.994628811542132230e-01 9.996991808585673489e-01 9.993007268006383059e-01 9.994676508585447205e-01 9.994419441432255136e-01 9.997068802152890843e-01 9.995152426588852501e-01
9.996509700483048322e-01 9.997035893849616217e-01 9.994233883649756844e-01 9.995489178466144820e-01 9.987251502030842776e-01 9.994906152143204769e-01 9.994979054727101131e-01 9.994866632771011172e-01 9.994410935780013716e-01 9.991769787236770561e-01
9.997217933577061677e-01 9.984936247987266089e-01 9.997853823421333219e-01 9.989188264941025741e-01 9.998256765783117839e-01 9.993960366451408728e-01 9.996134934605644951e-01 9.997946868073316340e-01 9.996453373653880758e-01 9.997913861066306529e-01
9.996054310769201257e-01 9.994105887715148961e-01 9.985100570686497035e-01 9.985357244324833959e-01 9.989944313670303666e-01 9.994020466206273712e-01 9.991291355792580875e-01 9.992614840110088936e-01 9.973993395855117461e-01 9.993802034336619622e-01
9.995518380520210799e-01 9.996428867817088726e-01 9.967757873560119108e-01 9.995688073650906835e-01 9.995094062661237233e-01 9.987335675993994633e-01 9.993220688460578982e-01 9.994848240750908719e-01 9.983097940567183803e-01 9.989014408795526823e-01
9.985443744307465064e-01 9.995838875678688673e-01 9.994591585075988105e-01 9.985813966421379639e-01 9.995763575487546237e-01 9.977664857989316793e-01 9.997214325134267110e-01 9.993937994133623715e-01 9.992536020518240081e-01 9.996242951903742124e-01
9.986578967497432568e-01 9.996621112445804869e-01 9.996318686364742412e-01 9.996771592346063162e-01 9.994685896087663890e-01 9.986023002535242554e-01 9.994449252784827209e-01 9.998241625191364168e-01 9.974099304640566821e-01 9.992770962463591866e-01
9.986712519039329106e-01 9.987244753946156184e-01 9.990074249824913988e-01 9.997292885415436370e-01 9.992197744421181804e-01 9.989484997119975063e-01 9.991159650535692549e-01 9.979958005968510015e-01 9.996448540959570472e-01 9.995459465289092682e-01
9.957550425703237673e-01 9.995243533659093904e-01 9.995952173262919738e-01 9.981198326102831420e-01 9.995811915465909747e-01 9.995156502257751541e-01 9.997232812545607805e-01 9.995517817845970265e-01 9.995106189382995110e-01 9.996062279162064579e-01
9.991353888628907720e-01 9.995739422614686731e-01 9.979066073198206155e-01 9.981613098604763534e-01 9.884527738224900828e-01 9.993169929790824968e-01 9.996101977453965004e-01 9.995438908646666620e-01 9.995842224656693586e-01 9.984312377992429210e-01
9.989070074343139316e-01 9.974644556036024179e-01 9.996646732357389320e-01 9.998149891197199990e-01 9.997819902824297555e-01 9.992921277696741322e-01 9.979723547697572084e-01 9.987868955062466636e-01 9.993146103468634189e-01 9.996924173477708120e-01
9.973817501250398232e-01 9.993438170486009797e-01 9.983375076636457068e-01 9.995676965053835739e-01 9.995871022974096576e-01 9.997798505231965116e-01 9.992650461664037698e-01 9.990264187294870535e-01 9.994475334694505886e-01 9.995741844601743198e-01
9.993105741216113946e-01 9.995824075100787631e-01 9.989328264106953625e-01 9.994172691205317482e-01 9.992458410185580675e-01 9.993727245704449036e-01 9.992633958986718579e-01 9.987996456050566296e-01 9.997023641380032855e-01 9.996650543396671251e-01
9.998345540165797241e-01 9.991510348824905741e-01 9.995856720410278839e-01 9.992626559077298909e-01 9.992970638223014346e-01 9.946559270934606234e-01 9.992997461768071688e-01 9.996090446227431370e-01 9.997100441177065866e-01 9.997548259643563862e-01
9.968150441641946413e-01 9.996250926448019269e-01 9.995336581751136373e-01 9.989826769952225849e-01 9.988556989232889594e-01 9.987225610203124271e-01 9.985199233804220587e-01 9.974100859853572976e-01 9.977925638775628769e-01 9.937480788839866408e-01
9.988253509631702665e-01 9.998367368076622741e-01 9.998299122629622504e-01 9.995034664472053354e-01 9.994344587013954673e-01 9.997400330868591034e-01 9.987947993550686521e-01 9.985184201566883466e-01 9.961968833961599712e-01 9.993949454396058307e-01
9.978277449288889267e-01 9.988965179359986513e-01 9.997649481036782193e-01 9.997561070854041887e-01 9.985342863866468743e-01 9.997902697858687127e-01 9.997774132593908458e-01 9.994406463342992986e-01 9.997361319081213837e-01 9.997238770994419932e-01
9.980252763608560285e-01 9.991240383511633683e-01 9.993373437696014827e-01 9.996010537342369107e-01 9.989773097023378901e-01 9.990902677059977366e-01 9.986206200611535966e-01 9.990630021617603607e-01 9.995647163829026738e-01 9.997757280059267337e-01
9.995899939866994544e-01 9.992894558191789400e-01 9.993661975448056012e-01 9.992591659906134849e-01 9.988473605312599979e-01 9.997907226031526040e-01 9.989435455399512387e-01 9.994451930031910125e-01 9.994170014784411471e-01 9.986810933340286578e-01
9.988109020014761530e-01 9.991961425042746869e-01 9.995815299182375657e-01 9.994520465630837291e-01 9.986667298914055912e-01 9.989799155702039357e-01 9.996270975243662926e-01 9.977908906377969123e-01 9.991716957301829405e-01 9.994641473605682114e-01
9.996567799592558368e-01 9.998070766067810311e-01 9.995055610771664822e-01 9.996644845469707663e-01 9.995554102608842362e-01 9.996566801654070966e-01 9.990369828867985413e-01 9.996655764524318144e-01 9.997966723859391669e-01 9.989844538953922548e-01
9.984665105919572348e-01 9.994866595381965979e-01 9.992064374061295773e-01 9.991342422609297280e-01 9.983495640388104775e-01 9.996967145857141857e-01 9.998251286092273427e-01 9.978847505764545378e-01 9.990028723667021548e-01 9.996744828278876227e-01
9.995023747136365655e-01 9.997060366615477811e-01 9.996828519055167561e-01 9.993780131264142774e-01 9.991976260561389322e-01 9.997006000857343588e-01 9.995055575706477402e-01 9.996375769385144050e-01 9.996014159007565736e-01 9.997271931741088524e-01
9.997290335271468154e-01 9.982476258913484113e-01 9.989405916036597777e-01 9.977305620690255505e-01 9.995548086970571511e-01 9.991481234603893924e-01 9.996194649796553700e-01 9.986001494060804395e-01 9.972992357123428020e-01 9.985982576986752735e-01
9.996122145933173941e-01 9.994687604826815175e-01 9.997041184916889422e-01 9.995312379461009922e-01 9.980961655325590876e-01 9.986839041720479981e-01 9.997513624174098057e-01 9.993486360399723711e-01 9.997799879424922320e-01 9.996334455698249188e-01
9.990192100146132459e-01 9.979683953493335702e-01 9.984354481544394089e-01 9.994211525933880402e-01 9.992611633766962376e-01 9.992439076233036177e-01 9.994736675362660971e-01 9.994768579255587371e-01 9.994774584455715649e-01 9.997537696535011564e-01
9.987134633828123054e-01 9.992412724116491729e-01 9.980782602239557377e-01 9.996662801371518636e-01 9.997234042162493894e-01 9.982996712881631041e-01 9.997266169717882178e-01 9.979500412267643394e-01 9.944891301893656888e-01 9.991010392995065548e-01
9.997505433542851483e-01 9.989792226661189378e-01 9.996121068955464706e-01 9.997105347423345112e-01 9.991723829089460551e-01 9.997903273645079025e-01 9.980874152415073475e-01 9.996907346439392050e-01 9.992953813087339654e-01 9.987562871670158104e-01
9.997727017126022409e-01 9.991821481467317856e-01 9.971972379188995816e-01 9.995287129299965656e-01 9.997725502157859268e-01 9.995746537849625746e-01 9.997933947515883490e-01 9.993308741274961049e-01 9.992548658694071495e-01 9.993847848000917411e-01
9.991787810703084416e-01 9.993688941708929185e-01 9.992742128642827515e-01 9.988034074397860174e-01 9.997844603432756161e-01 9.992213391655271337e-01 9.989444544835580642e-01 9.992672143015007835e-01 9.981525058910444281e-01 9.990551496679885846e-01
9.997821857001042423e-01 9.991587537189791091e-01 9.996740308334227665e-01 9.997627725707342039e-01 9.994094517783727039e-01 9.995625286157976408e-01 9.995494535758189247e-01 9.992809335169702267e-01 9.982249696352457624e-01 9.996474169804734355e-01
9.987140602647861520e-01 9.996024927587741082e-01 9.972221881565364043e-01 9.996366151629291208e-01 9.996720439520533352e-01 9.995101959990363438e-01 9.997398399063776031e-01 9.992004975760785390e-01 9.996246289559437281e-01 9.981102314688153898e-01
9.992934614617683398e-01 9.997404081583078916e-01 9.997971143869712751e-01 9.972956605202374369e-01 9.996301044702928795e-01 9.997896722660856161e-01 9.997623452931406751e-01 9.992595856932965370e-01 9.996756360251598528e-01 9.997890983867623316e-01
9.970882957179989514e-01 9.995440799775290319e-01 9.987592242023614064e-01 9.990859573823215323e-01 9.996600754120296140e-01 9.994834563426464591e-01 9.991144891075401935e-01 9.991973920758085992e-01 9.989234502374532143e-01 9.990128109558570335e-01
9.996823064355608857e-01 9.993666707154399420e-01 9.995141586888630636e-01 9.995117010682157410e-01 9.995762508823414771e-01 9.993163193148330015e-01 9.996001520494657289e-01 9.993933633345295497e-01 9.994245004477746441e-01 9.988641506665446590e-01
9.994997076266697311e-01 9.996198810334584461e-01 9.992385998620473275e-01 9.995599023807860695e-01 9.996264254565417895e-01 9.990470159381794613e-01 9.994295544490917615e-01 9.994976950671732308e-01 9.990968720913412371e-01 9.996033864868141272e-01
9.987212332752675170e-01 9.993403940107701278e-01 9.993105828567147020e-01 9.988722117861513761e-01 9.986042552237796022e-01 9.997554822418935894e-01 9.993648103526796556e-01 9.970434781869577101e-01 9.975037374933186651e-01 9.986965375305444370e-01
9.996597782638664276e-01 9.983767804468758333e-01 9.997409772391515626e-01 9.996764549987799953e-01 9.987466931521910007e-01 9.977420422323778348e-01 9.989028187039825646e-01 9.988818215670953737e-01 9.979952513950212101e-01 9.986018938886527252e-01
9.994223007784762691e-01 9.990695901342994123e-01 9.990519595749828285e-01 9.996192492679017993e-01 9.992999960342339172e-01 9.991151839594885065e-01 9.993673841475065878e-01 9.996107860957688107e-01 9.993829580457127548e-01 9.974475781176707079e-01
9.984656045125493984e-01 9.991220043112029048e-01 9.997264298592798415e-01 9.772831905513026385e-01 9.994621411378633580e-01 9.995127756022809118e-01 9.994878099827866347e-01 9.992287594028096409e-01 9.991232258650254439e-01 9.997167656002771130e-01
9.995859753569450445e-01 9.993409667760677628e-01 9.992188134831684332e-01 9.994654950572540164e-01 9.996920220038675309e-01 9.996195842072655990e-01 9.996916581310656413e-01 9.995720178067993844e-01 9.993074459315055558e-01 9.984917109158495396e-01
9.988916680616228838e-01 9.993497627391905169e-01 9.995382904409185754e-01 9.992507509801823451e-01 9.988273510900262941e-01 9.994941064391460461e-01 9.993770655592043584e-01 9.993026616788565075e-01 9.995503845032388535e-01 9.991425774367493906e-01
9.971801215571159949e-01 9.996346926343825379e-01 9.996061300716060360e-01 9.998339009182234394e-01 9.997284484591419940e-01 9.996328706778850881e-01 9.988218637045994663e-01 9.998289136071304428e-01 9.991856868522772661e-01 9.992017620574497050e-01
9.989469067589220597e-01 9.993652692249935798e-01 9.996100889241664733e-01 9.994853559222747208e-01 9.994387052116435743e-01 9.997170811039283178e-01 9.994425933594621725e-01 9.997057452988079573e-01 9.967982883674050276e-01 9.989234785123053406e-01
9.994127000644574821e-01 9.989881698861955428e-01 9.994606360272982881e-01 9.993468137820897823e-01 9.995373338921798023e-01 9.997288945833875395e-01 9.996722924312209102e-01 9.996693536948174641e-01 9.995780863520800086e-01 9.983204174849097390e-01
9.989217320997780813e-01 9.997588476717155226e-01 9.990490016169110143e-01 9.990454080337632936e-01 9.995446558390709280e-01 9.995877337400971285e-01 9.986136849100730739e-01 9.988293660304380372e-01 9.972787597695359496e-01 9.995560102532404789e-01
9.991751061643582288e-01 9.986052533560497713e-01 9.994232486531885451e-01 9.984859579638107885e-01 9.993228004662046970e-01 9.994155169961984608e-01 9.994222701598226566e-01 9.996764411674078366e-01 9.996649956322737340e-01 9.994343937979531800e-01
9.979985310566649170e-01 9.986784239052863832e-01 9.952575452530710853e-01 9.955876204095366333e-01 9.994648626542816938e-01 9.978585830603547979e-01 9.983959342314410179e-01 9.997776829261468823e-01 9.988955181328951216e-01 9.981603667802293467e-01
9.991445664622287115e-01 9.996137981241446369e-01 9.994347447500177006e-01 9.996213585070172769e-01 9.997131476361201807e-01 9.997183266785034661e-01 9.983508351528140867e-01 9.996407715968982366e-01 9.996459273776818755e-01 9.985410157118087549e-01
9.996037164315457746e-01 9.997360820115990254e-01 9.983215722843068463e-01 9.994155263844578529e-01 9.987076496005582449e-01 9.996779111134246332e-01 9.996430714768232972e-01 9.996117979607161974e-01 9.975915070662613182e-01 9.994362285910503019e-01
9.992246723815945142e-01 9.990055219599395242e-01 9.978430590853006876e-01 9.997120783622813756e-01 9.972832093099750495e-01 9.979587235445974702e-01 9.994261883525126233e-01 9.988693434786164449e-01 9.991043346439163475e-01 9.995550000139988844e-01
9.994605185126864688e-01 9.998731608243591751e-01 9.992082424933006468e-01 9.990295770093651218e-01 9.993471246535929886e-01 9.984226537832280313e-01 9.998383841993964127e-01 9.994102490473011358e-01 9.994255477451217118e-01 9.989035216480620649e-01
9.990987216823045136e-01 9.996235821493872908e-01 9.988521945580909334e-01 9.996817032716794893e-01 9.993513508955178537e-01 9.994752492755285544e-01 9.995069014524825546e-01 9.991152883736988954e-01 9.994410757753094954e-01 9.997002629443164645e-01
9.995054379324395111e-01 9.942393432738273473e-01 9.995334351400123607e-01 9.997022848499237391e-01 9.995100945410361204e-01 9.993433859940262787e-01 9.991890128231679657e-01 9.996470523100304817e-01 9.994935231957614574e-01 9.985580760144217027e-01
9.988269599956868250e-01 9.998130954066143383e-01 9.995748311632651761e-01 9.991610644312254319e-01 9.996841419586436350e-01 9.997383191567866811e-01 9.985134560432470385e-01 9.991605353274082280e-01 9.995603341681382759e-01 9.991885748770628073e-01
9.996730748679756307e-01 9.992574284235153925e-01 9.996294959728391216e-01 9.984921533340849198e-01 9.995734159054980861e-01 9.996016098751072665e-01 9.996855254931831247e-01 9.995597568618781459e-01 9.995376969630759278e-01 9.977528072272233706e-01
9.984746584575059369e-01 9.995446715573602647e-01 9.991231225455431408e-01 9.995524592787615736e-01 9.993968728967973503e-01 9.996731105552887353e-01 9.994769654573525397e-01 9.996147678467289799e-01 9.995227245183609943e-01 9.994131811469738613e-01
9.995234466004579987e-01 9.994135107554005248e-01 9.986599963136129077e-01 9.995782262251587946e-01 9.986821467928230778e-01 9.995872461064617687e-01 9.996914669922477570e-01 9.994423948258230883e-01 9.996976394124814647e-01 9.994982488863348724e-01
9.957435482082338529e-01 9.996797657460392283e-01 9.975399768883018714e-01 9.969407903880744826e-01 9.988691433681146092e-01 9.910433479610974983e-01 9.996975998612095404e-01 9.995331193536555192e-01 9.997583862606244098e-01 9.993184645394505017e-01
9.995830608748608181e-01 9.995441523817844010e-01 9.993986874592092340e-01 9.991918517048449244e-01 9.997489620471089466e-01 9.990660684701220262e-01 9.996040345199487254e-01 9.995795195428753832e-01 9.998021321971050090e-01 9.996174678936012858e-01
