9.999953984421656727e-01 9.999959320943069274e-01 9.999963137628555820e-01 9.999952062715589118e-01 9.999964371545932984e-01 9.999970780095857048e-01 9.999958661979391206e-01 9.999963078472912104e-01 9.999956318390126331e-01 9.999961455125020438e-01
9.999957020728658108e-01 9.999954307565698253e-01 9.999951146796954848e-01 9.999966103447851529e-01 9.999944596132021024e-01 9.999950114017605030e-01 9.999954271208717493e-01 9.999961507454693255e-01 9.999957928021718789e-01 9.999958786065338279e-01
9.999953840615439793e-01 9.999964615291705439e-01 9.999958840020172213e-01 9.999956570135311029e-01 9.999943232113396308e-01 9.999958990978546902e-01 9.999949618563678255e-01 9.999957830372375733e-01 9.999949758337819405e-01 9.999951736552120662e-01
9.999961623427018331e-01 9.999959157291434808e-01 9.999940869582601977e-01 9.999974336814436704e-01 9.999949158937405658e-01 9.999966239296558257e-01 9.999965134534344324e-01 9.999960101886606889e-01 9.999958302287155210e-01 9.999959669713935906e-01
9.999966376415125868e-01 9.999946901213870865e-01 9.999960629087553121e-01 9.999965219392805693e-01 9.999945463041345350e-01 9.999954003774524924e-01 9.999965853562629015e-01 9.999939007069911234e-01 9.999960759835478941e-01 9.999940845802492984e-01
9.999947718995573220e-01 9.999968476731430078e-01 9.999950396315129275e-01 9.999958788722063119e-01 9.999962575580780832e-01 9.999950768958750791e-01 9.999945476806170186e-01 9.999958275894034188e-01 9.999971190980977420e-01 9.999950795417056337e-01
9.999959126113493468e-01 9.999948618522581656e-01 9.999953988384844283e-01 9.999949108114959406e-01 9.999960118541775245e-01 9.999955542409479925e-01 9.999973006065900893e-01 9.999943822313980268e-01 9.999938226566400523e-01 9.999968750794639982e-01
9.999967994141111260e-01 9.999957804651062876e-01 9.999957773681845685e-01 9.999959945460809019e-01 9.999955042133947813e-01 9.999959659394735967e-01 9.999958275961295939e-01 9.999942773840876376e-01 9.999964428637538871e-01 9.999959211447103646e-01
9.999967650406228481e-01 9.999952173633078756e-01 9.999946974912413689e-01 9.999943139935951741e-01 9.999952058235896946e-01 9.999945205337547049e-01 9.999959181722508639e-01 9.999956590405302270e-01 9.999943190235780488e-01 9.999951568519568346e-01
9.999941930076658991e-01 9.999959349232462325e-01 9.999950943788735724e-01 9.999961611399925676e-01 9.999964764145716778e-01 9.999940743280725242e-01 9.999959498848504102e-01 9.999933210570804976e-01 9.999960376855500099e-01 9.999955835249216829e-01
9.999939455799800037e-01 9.999953353237297504e-01 9.999956696311580462e-01 9.999959582357346166e-01 9.999948817609215501e-01 9.999964778148179301e-01 9.999952134036753648e-01 9.999933919825759743e-01 9.999933124234771098e-01 9.999944449731471563e-01
9.999947486466459479e-01 9.999949373130279096e-01 9.999965266377577322e-01 9.999954956357131053e-01 9.999952523191119047e-01 9.999951988789128610e-01 9.999970672604372446e-01 9.999954133391237843e-01 9.999948380170335938e-01 9.999974588337640080e-01
9.999963749395449630e-01 9.999957431557979781e-01 9.999963380178175099e-01 9.999960191202105220e-01 9.999956097582916037e-01 9.999953901952174373e-01 9.999968103905737538e-01 9.999960818275264174e-01 9.999954086006526133e-01 9.999951399461139978e-01
9.999954119203489089e-01 9.999960656866934139e-01 9.999963954859799609e-01 9.999957053650090355e-01 9.999964472196664067e-01 9.999967686363689934e-01 9.999954112698029585e-01 9.999954254609955129e-01 9.999944469663301083e-01 9.999955295333706751e-01
9.999973261030987715e-01 9.999953062505058110e-01 9.999942880790788635e-01 9.999957922744422412e-01 9.999958092808820531e-01 9.999954857998339941e-01 9.999961662968507303e-01 9.999961781306333508e-01 9.999944670184720552e-01 9.999971462482102336e-01
9.999943031840033969e-01 9.999947540002728230e-01 9.999958243307057737e-01 9.999961786605571223e-01 9.999950116543895318e-01 9.999944908656279718e-01 9.999951901299261037e-01 9.999956522099004985e-01 9.999939624013167716e-01 9.999942141760665981e-01
9.999959657541950264e-01 9.999960698881235066e-01 9.999943422928125880e-01 9.999943021956591016e-01 9.999940024276093853e-01 9.999953199021576200e-01 9.999951749714970362e-01 9.999957770069209939e-01 9.999954199493279461e-01 9.999953389132874015e-01
9.999968871967498396e-01 9.999944896762525959e-01 9.999948107282830012e-01 9.999965013207561260e-01 9.999964899369530036e-01 9.999955381993197445e-01 9.999956083546852614e-01 9.999963211925576578e-01 9.999959270892726515e-01 9.999948147254389408e-01
9.999960264288869638e-01 9.999948352761667270e-01 9.999970633356791705e-01 9.999959803035421979e-01 9.999961432789821192e-01 9.999956474007208884e-01 9.999969323870505633e-01 9.999962655247336407e-01 9.999956413259842858e-01 9.999953748657057773e-01
9.999948296999693342e-01 9.999957586234620166e-01 9.999953166740462862e-01 9.999944239094783471e-01 9.999965399479971984e-01 9.999959697657387903e-01 9.999956064409875056e-01 9.999961882870519458e-01 9.999952221157671906e-01 9.999946385386301317e-01
9.999964752174975713e-01 9.999948075231047673e-01 9.999952280235120394e-01 9.999959004831027176e-01 9.999962349540539863e-01 9.999974328758960418e-01 9.999943892608922358e-01 9.999962819289379690e-01 9.999948742137415580e-01 9.999942821582585850e-01
9.999960059846167981e-01 9.999956176843661781e-01 9.999958353469917682e-01 9.999959278050950529e-01 9.999955645113999259e-01 9.999953724253339837e-01 9.999956828121886465e-01 9.999955619538141161e-01 9.999964861775155756e-01 9.999957153176386448e-01
9.999961321360282263e-01 9.999973759417813968e-01 9.999962139217983825e-01 9.999949201031667068e-01 9.999958373478184948e-01 9.999938691191989637e-01 9.999948166157801577e-01 9.999960866190517050e-01 9.999956479322364977e-01 9.999950066678288119e-01
9.999966754306172101e-01 9.999962325081415138e-01 9.999957590621051384e-01 9.999961009258662159e-01 9.999945054617982443e-01 9.999963186006550764e-01 9.999956629785762274e-01 9.999959909811484415e-01 9.999950641228083636e-01 9.999952335836033157e-01
9.999950111130863073e-01 9.999956822185301908e-01 9.999972145640242394e-01 9.999959581815129894e-01 9.999962208652291018e-01 9.999960597199170076e-01 9.999953389817223259e-01 9.999955074724211634e-01 9.999959359446033424e-01 9.999953579493109368e-01
9.999957478801402289e-01 9.999958282463831116e-01 9.999954711125942364e-01 9.999957140298055824e-01 9.999959633545925097e-01 9.999954367352439366e-01 9.999951764821216615e-01 9.999945185056775543e-01 9.999958934719105352e-01 9.999929868448247383e-01
9.999964191654665546e-01 9.999946814969780107e-01 9.999960593079104676e-01 9.999946484142329117e-01 9.999956267281194799e-01 9.999957604268001621e-01 9.999958050001281906e-01 9.999947424382986672e-01 9.999964356897725892e-01 9.999955303281524710e-01
9.999966336152755764e-01 9.999953278754885044e-01 9.999973627516051122e-01 9.999953771389132884e-01 9.999945085916790433e-01 9.999961803683748984e-01 9.999956158166920517e-01 9.999944622131304861e-01 9.999949129841867457e-01 9.999947422712645029e-01
9.999964827261023093e-01 9.999967983359334678e-01 9.999943721908874927e-01 9.999965712096812176e-01 9.999946416502065727e-01 9.999957916846319295e-01 9.999960944865752266e-01 9.999957115407799302e-01 9.999972317825696067e-01 9.999955135300385711e-01
9.999948539109521084e-01 9.999955977119658890e-01 9.999960256435456163e-01 9.999962175754371074e-01 9.999956744596167901e-01 9.999953909208529890e-01 9.999962069061449910e-01 9.999964815977039345e-01 9.999961214523505060e-01 9.999958904672306970e-01
9.999964445986774253e-01 9.999951063965836218e-01 9.999933126201377975e-01 9.999954502650471033e-01 9.999954053852430080e-01 9.999951172794564469e-01 9.999934695206670332e-01 9.999958239073091226e-01 9.999952150635369463e-01 9.999962324519847678e-01
9.999956045787925518e-01 9.999955356210410429e-01 9.999948701887193536e-01 9.999945909067780025e-01 9.999950464130137329e-01 9.999967348510295784e-01 9.999955475266276705e-01 9.999969666729678908e-01 9.999971563641395500e-01 9.999964492573614194e-01
9.999953386568972702e-01 9.999963891415750705e-01 9.999961318016494793e-01 9.999961593742673349e-01 9.999962522920499142e-01 9.999941785767126889e-01 9.999960622561849810e-01 9.999957752911926567e-01 9.999950228865882584e-01 9.999960263344447320e-01
9.999966297608605670e-01 9.999959256475811076e-01 9.999962136485224251e-01 9.999952222538044389e-01 9.999957438878570581e-01 9.999973168957664305e-01 9.999956266660274817e-01 9.999949643075221051e-01 9.999951950261770639e-01 9.999952754729023452e-01
9.999959107280943504e-01 9.999963484305581796e-01 9.999945231148181790e-01 9.999933882646099281e-01 9.999947979801879772e-01 9.999955821008539303e-01 9.999947523440071429e-01 9.999954531865212770e-01 9.999951886476726726e-01 9.999958987657504572e-01
9.999966213533791892e-01 9.999970429930513660e-01 9.999949858221742760e-01 9.999967825913711472e-01 9.999942776758955487e-01 9.999958422456897145e-01 9.999948041875789118e-01 9.999966852072688095e-01 9.999961647514723495e-01 9.999962810634781540e-01
9.999941877900564435e-01 9.999962343352205574e-01 9.999950033217503975e-01 9.999968240445561429e-01 9.999955760208959488e-01 9.999949994635614070e-01 9.999967350800158528e-01 9.999946706138648223e-01 9.999955074771036401e-01 9.999954372557575688e-01
9.999962826436991081e-01 9.999957267201338151e-01 9.999952857250370419e-01 9.999953482995805887e-01 9.999959134382158110e-01 9.999972567509085586e-01 9.999957820637859207e-01 9.999953919754617226e-01 9.999955223506168389e-01 9.999951291854087820e-01
9.999949261950983326e-01 9.999953678989366157e-01 9.999948176564781299e-01 9.999960893506917303e-01 9.999962361023660984e-01 9.999957362583554721e-01 9.999949845934784642e-01 9.999934568157932135e-01 9.999953140491301129e-01 9.999964922170633264e-01
9.999961680884681403e-01 9.999938816878224390e-01 9.999962053475378587e-01 9.999956925832444998e-01 9.999957766752025634e-01 9.999966159858365566e-01 9.999964691728210342e-01 9.999959835453053891e-01 9.999948811985237551e-01 9.999954665979329249e-01
9.999953794730385148e-01 9.999951358632822584e-01 9.999954704953982754e-01 9.999944343017486137e-01 9.999950045593183345e-01 9.999964700626665648e-01 9.999952669783296333e-01 9.999959248460249528e-01 9.999963118541657092e-01 9.999958686707943745e-01
9.999952105841939387e-01 9.999970177941744920e-01 9.999951201095204079e-01 9.999939545319753709e-01 9.999953099461742489e-01 9.999957450774222822e-01 9.999959340565055532e-01 9.999957736477322889e-01 9.999956493077143405e-01 9.999948700087613052e-01
9.999955964618399973e-01 9.999943378645266279e-01 9.999957193384592102e-01 9.999946794034513253e-01 9.999953274826292038e-01 9.999950008069985463e-01 9.999954517116410591e-01 9.999964877732470114e-01 9.999972583244638447e-01 9.999955970578601194e-01
9.999967111757883664e-01 9.999949273899344515e-01 9.999930080803614008e-01 9.999962727582719646e-01 9.999962700448157271e-01 9.999962256398932103e-01 9.999945851257504570e-01 9.999964872942831429e-01 9.999961206271540393e-01 9.999949418463509598e-01
9.999958670565223251e-01 9.999949134100631909e-01 9.999952505817657489e-01 9.999948329136483238e-01 9.999957177554069654e-01 9.999954646875370834e-01 9.999960937536862549e-01 9.999956744444924439e-01 9.999954947402114325e-01 9.999968407641316448e-01
9.999943002954030380e-01 9.999940779714315831e-01 9.999941482682086491e-01 9.999937958232130164e-01 9.999958671827694490e-01 9.999949049881470264e-01 9.999939140339589860e-01 9.999956940543713868e-01 9.999972184252293728e-01 9.999951607055616032e-01
9.999962929940928724e-01 9.999960446020164095e-01 9.999965201605724996e-01 9.999967155547386799e-01 9.999952403919680766e-01 9.999945616660617098e-01 9.999959539694142086e-01 9.999965882855105237e-01 9.999945779892848163e-01 9.999948175210010559e-01
9.999950229171838956e-01 9.999951624408994766e-01 9.999953565910788544e-01 9.999962036768784701e-01 9.999953286468170610e-01 9.999955824459855203e-01 9.999960477946979731e-01 9.999947278354394120e-01 9.999964831018965938e-01 9.999959530332083180e-01
9.999943217605988810e-01 9.999949955468109275e-01 9.999958770318444490e-01 9.999965813983981988e-01 9.999960036077739645e-01 9.999942497114790996e-01 9.999953093108603364e-01 9.999964184216149077e-01 9.999948891945333873e-01 9.999966870134835428e-01
9.999939065781416891e-01 9.999962643043757149e-01 9.999963392305545318e-01 9.999936003013530916e-01 9.999939374018737004e-01 9.999969613511623390e-01 9.999944385611420072e-01 9.999959382112783013e-01 9.999949264627084888e-01 9.999942668198072981e-01
9.999943541972878824e-01 9.999971110401373320e-01 9.999955203548539506e-01 9.999955170609127197e-01 9.999966525287907748e-01 9.999959410382729397e-01 9.999941143186493742e-01 9.999947668956260527e-01 9.999961176189563483e-01 9.999959249186771704e-01
9.999933570131142035e-01 9.999935346487996979e-01 9.999960168054792264e-01 9.999956099395568287e-01 9.999959511803619971e-01 9.999951651346055126e-01 9.999955549859617099e-01 9.999959447493101949e-01 9.999968047623217782e-01 9.999957998134362258e-01
9.999957174045874808e-01 9.999954015270043906e-01 9.999966508628428397e-01 9.999969081423127903e-01 9.999962518645796328e-01 9.999955028041602745e-01 9.999959232614060722e-01 9.999953223925677204e-01 9.999959402225229166e-01 9.999954342663047724e-01
9.999954640805190920e-01 9.999945487118784282e-01 9.999950971670583666e-01 9.999961436564711592e-01 9.999938579291073326e-01 9.999944514619357738e-01 9.999944464572230185e-01 9.999949801522148851e-01 9.999964777200923693e-01 9.999943259222853209e-01
9.999954324206584699e-01 9.999960697063041692e-01 9.999958332139811112e-01 9.999962184734575432e-01 9.999950057592816854e-01 9.999944558264468597e-01 9.999947263081711002e-01 9.999953301410720030e-01 9.999956616377729812e-01 9.999953464613198229e-01
9.999962308985593795e-01 9.999960482700894771e-01 9.999947685161219013e-01 9.999957656628599700e-01 9.999967097803600380e-01 9.999959053945245424e-01 9.999961250156716996e-01 9.999957762176484577e-01 9.999961960767939084e-01 9.999934575766590283e-01
9.999947697548506875e-01 9.999950252434235409e-01 9.999943524857661803e-01 9.999939320851188862e-01 9.999963385119031711e-01 9.999954646060319474e-01 9.999947717785084844e-01 9.999956006593897495e-01 9.999954691702657161e-01 9.999949042090473528e-01
9.999959151113007039e-01 9.999950154239782840e-01 9.999952698178179444e-01 9.999964213372281030e-01 9.999953833845139917e-01 9.999954310642941158e-01 9.999959082561901136e-01 9.999953675211507020e-01 9.999960925917494858e-01 9.999954255090733879e-01
9.999970052594612246e-01 9.999965994943001979e-01 9.999937169935416703e-01 9.999959707485315263e-01 9.999956979994254480e-01 9.999954016936084544e-01 9.999954939257207354e-01 9.999949821711701103e-01 9.999956964320869668e-01 9.999951744880827276e-01
9.999963289458601023e-01 9.999957143809168336e-01 9.999969540511615129e-01 9.999960497928849223e-01 9.999932756790542721e-01 9.999964749221407212e-01 9.999957268400068156e-01 9.999936999031900919e-01 9.999963232402996338e-01 9.999943500378842831e-01
9.999943223494419664e-01 9.999954583323823476e-01 9.999954809833110358e-01 9.999953714600388066e-01 9.999955678092974365e-01 9.999963088241328180e-01 9.999948784041344796e-01 9.999947908516725326e-01 9.999963089384809045e-01 9.999956656641802999e-01
9.999955631942257783e-01 9.999956904137003999e-01 9.999948900061909063e-01 9.999957499867763167e-01 9.999963122195296705e-01 9.999944285402587729e-01 9.999963573634208513e-01 9.999943883492113939e-01 9.999937475246462038e-01 9.999963575194918963e-01
9.999944630092107989e-01 9.999974869884650230e-01 9.999952630562080058e-01 9.999948432781848862e-01 9.999960682203381523e-01 9.999958700374740328e-01 9.999952811851900991e-01 9.999952917411801812e-01 9.999938502837976140e-01 9.999959874513374425e-01
9.999955506713649189e-01 9.999948736283995609e-01 9.999945355031972793e-01 9.999950974101049495e-01 9.999946454816254215e-01 9.999961666657121162e-01 9.999949704013901819e-01 9.999955366645431054e-01 9.999955976543234426e-01 9.999969076815385938e-01
9.999963182600151157e-01 9.999949744750799008e-01 9.999939501968115874e-01 9.999949124765122876e-01 9.999957966349684035e-01 9.999935649147277950e-01 9.999973063887148683e-01 9.999962540681254231e-01 9.999955459229953325e-01 9.999952391260501505e-01
9.999950502037255884e-01 9.999945162307657398e-01 9.999946729883448793e-01 9.999947638670747541e-01 9.999966822951737999e-01 9.999954648824826986e-01 9.999960161264741521e-01 9.999968584636846902e-01 9.999939717236009384e-01 9.999955980335779593e-01
9.999947408477585231e-01 9.999959221875371895e-01 9.999960143893358300e-01 9.999946293709500722e-01 9.999961471153601122e-01 9.999956964089223854e-01 9.999964396219903628e-01 9.999950463670008727e-01 9.999968430497285787e-01 9.999966498360298717e-01
9.999958135986902752e-01 9.999969212684263198e-01 9.999958123557584067e-01 9.999965741293035393e-01 9.999963008404807452e-01 9.999951461148116616e-01 9.999955482040331356e-01 9.999938429557237995e-01 9.999948984167865706e-01 9.999946383047628728e-01
9.999946317532922846e-01 9.999956930743982841e-01 9.999962093199324942e-01 9.999940975263369447e-01 9.999960983017026628e-01 9.999956194950291311e-01 9.999968304978318345e-01 9.999961924792714063e-01 9.999963725278688820e-01 9.999963582126217831e-01
9.999944900428208161e-01 9.999953592987097517e-01 9.999954203038250444e-01 9.999951551517005655e-01 9.999953009346284061e-01 9.999958070214624017e-01 9.999960424534031223e-01 9.999969940770920829e-01 9.999951522730552433e-01 9.999935353197881849e-01
9.999961977025734194e-01 9.999964293960702522e-01 9.999948326282689370e-01 9.999940691655061498e-01 9.999951670598308251e-01 9.999954569810548533e-01 9.999957261691797550e-01 9.999955915162733744e-01 9.999951431020713821e-01 9.999956860403912406e-01
9.999960338448439234e-01 9.999960176482631802e-01 9.999956004184912262e-01 9.999965428854825644e-01 9.999937578275975847e-01 9.999955410144294454e-01 9.999952873677269150e-01 9.999948103302042091e-01 9.999961198087740089e-01 9.999957519090739710e-01
9.999962184082460404e-01 9.999946347789974155e-01 9.999955925065535656e-01 9.999901695972213123e-01 9.999961584543269888e-01 9.999956225158874723e-01 9.999950028542555769e-01 9.999946576713629742e-01 9.999941093996698172e-01 9.999962368402489643e-01
9.999960913729384338e-01 9.999963951427748299e-01 9.999953882676524408e-01 9.999957032999564621e-01 9.999944947622215752e-01 9.999951358493859299e-01 9.999958501803527522e-01 9.999943144539719109e-01 9.999950401452927240e-01 9.999950705140765450e-01
9.999970527804934450e-01 9.999937758050283509e-01 9.999962815881328071e-01 9.999961773797032549e-01 9.999933913571010802e-01 9.999959987927625749e-01 9.999957609017754434e-01 9.999955393367579992e-01 9.999965841781039977e-01 9.999963745302193896e-01
9.999956058006320703e-01 9.999943100553866371e-01 9.999969793383463035e-01 9.999937882215020890e-01 9.999935288712515913e-01 9.999957914790503777e-01 9.999959937785630748e-01 9.999943011611490684e-01 9.999945912364038847e-01 9.999951744613954085e-01
9.999964918102683953e-01 9.999937006183258204e-01 9.999953858804765394e-01 9.999939996348913285e-01 9.999954337009998584e-01 9.999944824029816104e-01 9.999960432511447728e-01 9.999958586057829946e-01 9.999950263486866442e-01 9.999949405031020033e-01
9.999966120273419135e-01 9.999952795910617143e-01 9.999955516015440748e-01 9.999960714874523982e-01 9.999964875308354761e-01 9.999958560737269853e-01 9.999964229067587196e-01 9.999960784549642989e-01 9.999949605927431762e-01 9.999959561051992019e-01
9.999958832463181624e-01 9.999955127098301144e-01 9.999962652286095155e-01 9.999961171354165845e-01 9.999945398106319105e-01 9.999962447445606140e-01 9.999965212499065670e-01 9.999958282004779431e-01 9.999949830401655415e-01 9.999949930637516138e-01
9.999951045394619431e-01 9.999955475290126516e-01 9.999955538362300667e-01 9.999945993171256431e-01 9.999965800465479004e-01 9.999955995082280280e-01 9.999953894713992097e-01 9.999937546020247758e-01 9.999959079711315812e-01 9.999961253042636278e-01
9.999950046193047948e-01 9.999944321831636396e-01 9.999954563728820078e-01 9.999961872271273533e-01 9.999952361807524781e-01 9.999943664341985894e-01 9.999948560373914663e-01 9.999947725575853985e-01 9.999949041993182464e-01 9.999970640262494381e-01
9.999963219398390057e-01 9.999953402624031096e-01 9.999953882380356873e-01 9.999955320025498695e-01 9.999962747044441880e-01 9.999964028824984696e-01 9.999965529942234088e-01 9.999953431428828532e-01 9.999947728622879950e-01 9.999955880364137517e-01
9.999958866784640632e-01 9.999958358163686389e-01 9.999925576674881800e-01 9.999960288160072430e-01 9.999951329996068505e-01 9.999950343482542081e-01 9.999979612105434068e-01 9.999960417371035470e-01 9.999946671272323950e-01 9.999971450555309449e-01
9.999962934547514948e-01 9.999944894980463683e-01 9.999955386372351152e-01 9.999962670763813399e-01 9.999950023885276762e-01 9.999940359664911682e-01 9.999959919342995551e-01 9.999951948180718642e-01 9.999960080631815629e-01 9.999961557989082150e-01
9.999957350166671644e-01 9.999959472071018318e-01 9.999957390673196445e-01 9.999957290183614234e-01 9.999961694763263020e-01 9.999932094674097716e-01 9.999962438772803663e-01 9.999971467505397449e-01 9.999957237999841375e-01 9.999958889949815966e-01
9.999960746373673937e-01 9.999947868315650634e-01 9.999960596617285535e-01 9.999951732944026839e-01 9.999952144373516205e-01 9.999934083120403105e-01 9.999944144637775700e-01 9.999956745056920449e-01 9.999932416594849993e-01 9.999958948395037961e-01
9.999956453674722079e-01 9.999947924673909805e-01 9.999939957617516306e-01 9.999954387349915264e-01 9.999975124766777856e-01 9.999966623833362878e-01 9.999951641036903816e-01 9.999961684502656212e-01 9.999951428635800443e-01 9.999964143175339437e-01
9.999931237508605797e-01 9.999954869126855828e-01 9.999955501487178822e-01 9.999955252825876162e-01 9.999960989463814176e-01 9.999958383588016808e-01 9.999963578092551097e-01 9.999964647032508758e-01 9.999954492413798413e-01 9.999941172116119104e-01
9.999945575334235892e-01 9.999960492520628685e-01 9.999955890881063736e-01 9.999962419438199746e-01 9.999950338740620781e-01 9.999957357514415168e-01 9.999952485568565086e-01 9.999963473653846746e-01 9.999952281823867306e-01 9.999962508121649218e-01
9.999958782205229380e-01 9.999955403651200614e-01 9.999948540510552597e-01 9.999946801949740616e-01 9.999942484261589160e-01 9.999950265178745301e-01 9.999965492035227665e-01 9.999961101630723270e-01 9.999970777701806535e-01 9.999957869875051308e-01
9.999968716250797751e-01 9.999956194205660287e-01 9.999962256918657477e-01 9.999953142941255813e-01 9.999961787359038512e-01 9.999962882176627321e-01 9.999954561356489968e-01 9.999969511009585421e-01 9.999956718490426999e-01 9.999957575290071565e-01
9.999953586286590701e-01 9.999964710708793003e-01 9.999949913449328598e-01 9.999964361519282363e-01 9.999956699277174899e-01 9.999941732590348353e-01 9.999970250001879446e-01 9.999955704350206309e-01 9.999958314654054936e-01 9.999942496798782665e-01
9.999941701889080159e-01 9.999955231572780212e-01 9.999957720686607487e-01 9.999946410941363828e-01 9.999949090236845972e-01 9.999944685938059186e-01 9.999957329846975718e-01 9.999969573914895271e-01 9.999950357728502048e-01 9.999952764766075752e-01
9.999965497001764847e-01 9.999934886423982316e-01 9.999941281233315493e-01 9.999927972563128487e-01 9.999956060208965436e-01 9.999955814248608910e-01 9.999961076400725180e-01 9.999954574190681456e-01 9.999951269417096666e-01 9.999939062978312476e-01
9.999963227469156335e-01 9.999969502199168581e-01 9.999945718875962175e-01 9.999950605156405770e-01 9.999942636081777803e-01 9.999946024760315577e-01 9.999964901836346787e-01 9.999954624202864739e-01 9.999924594767163333e-01 9.999959855971735090e-01
9.999950431191351186e-01 9.999964407731347649e-01 9.999948835330234598e-01 9.999958803365557314e-01 9.999953981635998357e-01 9.999956957292602810e-01 9.999952441263164626e-01 9.999955331113907775e-01 9.999937552038825617e-01 9.999955098551600585e-01
9.999959874911857893e-01 9.999937724213040502e-01 9.999972355443756955e-01 9.999936206868803579e-01 9.999935629758789357e-01 9.999943114218194928e-01 9.999934428102055239e-01 9.999961024419071753e-01 9.999963257615450685e-01 9.999964000594099289e-01
9.999951282807337805e-01 9.999961335426267306e-01 9.999962830670194869e-01 9.999959943690606146e-01 9.999960855882805699e-01 9.999947011063535784e-01 9.999950071889306402e-01 9.999970369456585573e-01 9.999961799020234965e-01 9.999950926528502482e-01
9.999957762026489005e-01 9.999972789489260938e-01 9.999958757301143919e-01 9.999951984833543861e-01 9.999949635297938899e-01 9.999950141328756148e-01 9.999940765980444013e-01 9.999959802317075486e-01 9.999946855218669883e-01 9.999950056497859396e-01
9.999959285582341595e-01 9.999958565380226982e-01 9.999965209570688129e-01 9.999954876458916342e-01 9.999955007475724855e-01 9.999950274348078372e-01 9.999942927840882456e-01 9.999948615173147592e-01 9.999946704852171742e-01 9.999965022316980034e-01
