9.998311920588133228e-01 9.997923817586596984e-01 9.998776660621835344e-01 9.998701085109328313e-01 9.998633000434730134e-01 9.998635439823574389e-01 9.998313643217796587e-01 9.998465361101047666e-01 9.999007030946394092e-01 9.998613630987061018e-01
9.998772900503944960e-01 9.998789093473164913e-01 9.998544523717435295e-01 9.998622874104259317e-01 9.998764264817702196e-01 9.998856699037589335e-01 9.998673991716027221e-01 9.998468218388354423e-01 9.998886005160626533e-01 9.998127084630724637e-01
9.998538168949269167e-01 9.998724875218775177e-01 9.998593616868484135e-01 9.998508542047565006e-01 9.997820371817310869e-01 9.998943525028329837e-01 9.998541651838570576e-01 9.998626759749187354e-01 9.998450028706826753e-01 9.998842486051653378e-01
9.998468590812813472e-01 9.998798786202043321e-01 9.998864544891086226e-01 9.997884656827137340e-01 9.998660525126122911e-01 9.998774036307881419e-01 9.998349027962256663e-01 9.998760889290769782e-01 9.998803376347292771e-01 9.998503830354086297e-01
9.998872350850811497e-01 9.998753988843130935e-01 9.999014737821756427e-01 9.998793734782585041e-01 9.998464608571652201e-01 9.998761927054110599e-01 9.998577108498687416e-01 9.998444224008082859e-01 9.998446615405135462e-01 9.998587951472515112e-01
9.998098579072163261e-01 9.998259659070986016e-01 9.998328355600739625e-01 9.998329529513343417e-01 9.998562769992743737e-01 9.998609737732241376e-01 9.998472468765542409e-01 9.998385605838556733e-01 9.998986050621869737e-01 9.998538069132392181e-01
9.998789374941149388e-01 9.998903755341713717e-01 9.998271757404028071e-01 9.998467298049912300e-01 9.998880537246301881e-01 9.998909110812564949e-01 9.999032962568489280e-01 9.998768538337432510e-01 9.998622802162902001e-01 9.998450102312385068e-01
9.998655033470893461e-01 9.998801142953295251e-01 9.998651282960396847e-01 9.998240340155130079e-01 9.998555530766086719e-01 9.998978247685904597e-01 9.998646450263989349e-01 9.998092094497614823e-01 9.998359718930089901e-01 9.998897507065891421e-01
9.998222707775670237e-01 9.998623150642288460e-01 9.998432681362702246e-01 9.998573634143183009e-01 9.997966767227045581e-01 9.998215750387571266e-01 9.997899545541095723e-01 9.998844203599245306e-01 9.998519474579417032e-01 9.998899379117807129e-01
9.998940451682341024e-01 9.998697230006601266e-01 9.998757784363592194e-01 9.998561780782525554e-01 9.998696834315429216e-01 9.998572797375971932e-01 9.998648312796176718e-01 9.998577318408981007e-01 9.998395728956865902e-01 9.998527122270762790e-01
9.998796752892629147e-01 9.998343770770292682e-01 9.998432224779194577e-01 9.998468897258724342e-01 9.998684651676986723e-01 9.998961858459415319e-01 9.998961563496567839e-01 9.998572029342817080e-01 9.999005977678341317e-01 9.998456240469754119e-01
9.998340411872147504e-01 9.998747010715256511e-01 9.998524849769472311e-01 9.998727456772954492e-01 9.998570077869972650e-01 9.998583452116047710e-01 9.998172395899617149e-01 9.998206623722289965e-01 9.998227531673370416e-01 9.998821111747504542e-01
9.998537048941018579e-01 9.998520466488221015e-01 9.997897097916400577e-01 9.998571373016451602e-01 9.998185924700312421e-01 9.998123384704308281e-01 9.998972648394739426e-01 9.998222795139246610e-01 9.997653429268640313e-01 9.998715279699521563e-01
9.998814209225156402e-01 9.998114353270928234e-01 9.998299781945139131e-01 9.998840403932420795e-01 9.998326363845727593e-01 9.998469857332240585e-01 9.998377489397639595e-01 9.998177753269209544e-01 9.998209480814168604e-01 9.998623695390566057e-01
9.998890957290110792e-01 9.998135940093336727e-01 9.998403829421718125e-01 9.998409847902345327e-01 9.998929704620476144e-01 9.999076722952091600e-01 9.998639894083720669e-01 9.998357710838193801e-01 9.998559316184217893e-01 9.998364220618657372e-01
9.998547966346055249e-01 9.998723238839918315e-01 9.998325152470084465e-01 9.998474104055160572e-01 9.999136556026595457e-01 9.998553506423669690e-01 9.999006505485967811e-01 9.998453204629175195e-01 9.998575556245152818e-01 9.998865575413645734e-01
9.998774938855881089e-01 9.998392228188440756e-01 9.998665348094804006e-01 9.998558262349649395e-01 9.998376883833148820e-01 9.998012673825983354e-01 9.998800059074930413e-01 9.998806693236816923e-01 9.998621014890123337e-01 9.998772384553016312e-01
9.998142310055205817e-01 9.998379490202113917e-01 9.997892391544385138e-01 9.998838361298325594e-01 9.998700988355679886e-01 9.998856538785390047e-01 9.998400144932882982e-01 9.998974695410585145e-01 9.998573569741991962e-01 9.998564219919777729e-01
9.998146412261628146e-01 9.998611514134213563e-01 9.998337718751475478e-01 9.998927424358289295e-01 9.998733034453254342e-01 9.998353788313646406e-01 9.998429111819244763e-01 9.999005543794011741e-01 9.997746916928027527e-01 9.997759468711189257e-01
9.998518195831525013e-01 9.998463385015879945e-01 9.998149262859169495e-01 9.998355978173945058e-01 9.998516960411142351e-01 9.998663800208872354e-01 9.998110299679656698e-01 9.998273493310957383e-01 9.998870420972386652e-01 9.999044253497441082e-01
9.998165809875176890e-01 9.998429825817810590e-01 9.998377786373915388e-01 9.998591930443058162e-01 9.998457345081854797e-01 9.998216476115853180e-01 9.998767301971946964e-01 9.998607649241255668e-01 9.998461301322442152e-01 9.998653768040041134e-01
9.998742999960158473e-01 9.998650533050432720e-01 9.998706861293081838e-01 9.998515254255130325e-01 9.998448004156194058e-01 9.998544054934832559e-01 9.998528920340941095e-01 9.999073649059952995e-01 9.998111321056105671e-01 9.998501581072466449e-01
9.998649731651034767e-01 9.998752942246006414e-01 9.998784851253637029e-01 9.998639526555501700e-01 9.998454516489333477e-01 9.998223402120622882e-01 9.999063606691972472e-01 9.998695694597363737e-01 9.998257402282371142e-01 9.998652973184084525e-01
9.998008918265088862e-01 9.998954983898575843e-01 9.998469915825967114e-01 9.998917992717815117e-01 9.998832760679754461e-01 9.998967110017163984e-01 9.998701877210814937e-01 9.999177522653190930e-01 9.998845372274092203e-01 9.999011634395155168e-01
9.998175973051405263e-01 9.998597915454706664e-01 9.998641165136625819e-01 9.998317199279884715e-01 9.998824421753328417e-01 9.998608314411016051e-01 9.998527852185072895e-01 9.998731359347586833e-01 9.998728907240899133e-01 9.998615001883351949e-01
9.998824093685236836e-01 9.998742971355912834e-01 9.998538103459915227e-01 9.998414769926573520e-01 9.998360039184277515e-01 9.998806741379639984e-01 9.998864220620728993e-01 9.998849207073757794e-01 9.998501484993883581e-01 9.998576171975983584e-01
9.997852508914402136e-01 9.998797712092142298e-01 9.998841498924401217e-01 9.998675142629840362e-01 9.997909636460136085e-01 9.998673987458874812e-01 9.998845100324923463e-01 9.998556844851432812e-01 9.998983334297479875e-01 9.998870118020513065e-01
9.999101298547193872e-01 9.998496482643645100e-01 9.998953990502392752e-01 9.998651575590791207e-01 9.998865907976951517e-01 9.998574449093260430e-01 9.998449129118149870e-01 9.998891671773735279e-01 9.998279434529334653e-01 9.998889411875264699e-01
9.998795077747756332e-01 9.998497717546044328e-01 9.998659795999529365e-01 9.998291952307801767e-01 9.998844445924235380e-01 9.998096214797057568e-01 9.998963722782945318e-01 9.998633192113914880e-01 9.998499751120242252e-01 9.998549953705503368e-01
9.998741386347359539e-01 9.998404286905901994e-01 9.998737672844777435e-01 9.998624629109589268e-01 9.998504649935242572e-01 9.997620820202172132e-01 9.998626713747216233e-01 9.998855632669313431e-01 9.999198901918805449e-01 9.998795101562811816e-01
9.998846555384947044e-01 9.998604897126284197e-01 9.997863668451227870e-01 9.998298037327243426e-01 9.998699410392718478e-01 9.998464825722696014e-01 9.998595417338780322e-01 9.997799780835668892e-01 9.997848601205293617e-01 9.998347723066695059e-01
9.998428335799610656e-01 9.998978370557752848e-01 9.998638082695737728e-01 9.999055346086727081e-01 9.998640896390397215e-01 9.998835100184053637e-01 9.998192121290067069e-01 9.998278864054053194e-01 9.998370385905569480e-01 9.998610514544910011e-01
9.998845771383494396e-01 9.998668411862721150e-01 9.998842287922802274e-01 9.998999915535410343e-01 9.998953483835504308e-01 9.998924210939875712e-01 9.998669856540522982e-01 9.998473606001715419e-01 9.998863377819402487e-01 9.998606451295974917e-01
9.998688286601509212e-01 9.998496800373880555e-01 9.998497948777625988e-01 9.998978830047563493e-01 9.998747415872631938e-01 9.998964259427669532e-01 9.998555456099025296e-01 9.998682620928663889e-01 9.998600541223806593e-01 9.999037762681382002e-01
9.998193791703601230e-01 9.998554087453775940e-01 9.998550328719939539e-01 9.998483971326711517e-01 9.998839189116499604e-01 9.998666206652124799e-01 9.998531677105847448e-01 9.998747600454007678e-01 9.998174274840004871e-01 9.998726492947598299e-01
9.998199632612161381e-01 9.998135002151691264e-01 9.999075523749619832e-01 9.998324859855598490e-01 9.998169285907027026e-01 9.998569063212747743e-01 9.998757510251252700e-01 9.998395723721241746e-01 9.998824095202973883e-01 9.998752409912087247e-01
9.998564114840587935e-01 9.998773889312095875e-01 9.998168570799808030e-01 9.998664805402270872e-01 9.998136676239618437e-01 9.998452141673797033e-01 9.998718399441473004e-01 9.998151481781885064e-01 9.998195664339787347e-01 9.998843934546240986e-01
9.998636094040103117e-01 9.998357830369940524e-01 9.998867978310104210e-01 9.998792973396067874e-01 9.998467902460588252e-01 9.998764849943251320e-01 9.998452339547012624e-01 9.998510063437094919e-01 9.998657934067008979e-01 9.998514713192677705e-01
9.998869571171846715e-01 9.998639249900271864e-01 9.998613625961315643e-01 9.998598588548445187e-01 9.998682214188651107e-01 9.998690772307931018e-01 9.998344844019799726e-01 9.998521900805175111e-01 9.998569567340125364e-01 9.998525268414353295e-01
9.998650326311443459e-01 9.998816897956468441e-01 9.998650838595054546e-01 9.998449806722460309e-01 9.998749982981544049e-01 9.998004787873741028e-01 9.998288061245220737e-01 9.999092263862338070e-01 9.998892370890469783e-01 9.998600736242463372e-01
9.998771290318656524e-01 9.998595276052765213e-01 9.998807459168627121e-01 9.998328245123682123e-01 9.998524606572138929e-01 9.998590595549313731e-01 9.998656757278894247e-01 9.998296487057978243e-01 9.998879041335463347e-01 9.998562860564758070e-01
9.998530800886672454e-01 9.998277495101153267e-01 9.998542670983502356e-01 9.998716502520936800e-01 9.998878460332665252e-01 9.998425642748151043e-01 9.998436994425593527e-01 9.998520966976048863e-01 9.998374280185816643e-01 9.998689342732460794e-01
9.999140317232193542e-01 9.998704903515295284e-01 9.998689313273073642e-01 9.998417157363385099e-01 9.998619162766897439e-01 9.997637688804233980e-01 9.998600058902165078e-01 9.998703397526210734e-01 9.998703197568702405e-01 9.998708314870853320e-01
9.998514961946621815e-01 9.998849654469971204e-01 9.998768303464576901e-01 9.998556076330721298e-01 9.998748591802371077e-01 9.998788066815675890e-01 9.998666737378257841e-01 9.998733024273025460e-01 9.998699029394521043e-01 9.998726892043274805e-01
9.998564145266567449e-01 9.998724648148856753e-01 9.998802746114744400e-01 9.998807764843529178e-01 9.998476771042380529e-01 9.998741678271204636e-01 9.998751384732595948e-01 9.998407207624241400e-01 9.998508371875681755e-01 9.998572645928741620e-01
9.998530972841286335e-01 9.998598823011101144e-01 9.998577994837116734e-01 9.998728930382733138e-01 9.998448912416343370e-01 9.998097350376603520e-01 9.998776542084727437e-01 9.998044880213463603e-01 9.998609846603774276e-01 9.998810338994685853e-01
9.998665789525399417e-01 9.998574091459000446e-01 9.998851042229961461e-01 9.998997800090636545e-01 9.998260586162897035e-01 9.998653228812528493e-01 9.998750525474412454e-01 9.998458966261142278e-01 9.998479687676031791e-01 9.998234553209848219e-01
9.998933700370113975e-01 9.998513869370926344e-01 9.998969067594137838e-01 9.998650103252910704e-01 9.998594344110780519e-01 9.998449214048079625e-01 9.998305967443634756e-01 9.998464381014563473e-01 9.998568640389503548e-01 9.998694002663672808e-01
9.998428446982433604e-01 9.998586194954709461e-01 9.998794190590447606e-01 9.998775888660645927e-01 9.998400713604589374e-01 9.998547336069513181e-01 9.998540732404590514e-01 9.998594672582912235e-01 9.998611221504070112e-01 9.998894441639454289e-01
9.998574193975600100e-01 9.998440802361883151e-01 9.998961331902374017e-01 9.998953777327830306e-01 9.998337185450925091e-01 9.998372904033878683e-01 9.998635433678126905e-01 9.999091980561364279e-01 9.998465920601365964e-01 9.998894154196557027e-01
9.998500909579335350e-01 9.998224620140083729e-01 9.998565754977177811e-01 9.998530379263771417e-01 9.998699836928004459e-01 9.998594559493539924e-01 9.998713615135429444e-01 9.998527299370789656e-01 9.998630308626188512e-01 9.998291794983443781e-01
9.998969827065327109e-01 9.998804874182001257e-01 9.998615904221048734e-01 9.998452263037768128e-01 9.998824300285263922e-01 9.998617213266454140e-01 9.998835970607473644e-01 9.998449278209435853e-01 9.998969346027963834e-01 9.998318823039208381e-01
9.998672699752052528e-01 9.998170474167376032e-01 9.998558547848219735e-01 9.998581094213579989e-01 9.998684762498533107e-01 9.998472299270593222e-01 9.999038147499061946e-01 9.998287514517015806e-01 9.998655380834873263e-01 9.998797478013817797e-01
9.998690187970380450e-01 9.998493345524415155e-01 9.997832198259977154e-01 9.998635695382335209e-01 9.998523158480563389e-01 9.998674614694285090e-01 9.998266928873041914e-01 9.998352774049532599e-01 9.998308174191785636e-01 9.998389815806871805e-01
9.998589575221777936e-01 9.998819975165958995e-01 9.998877206984729815e-01 9.998046235021353922e-01 9.998289289030768412e-01 9.998505718104742090e-01 9.998333470304461290e-01 9.998183630334439576e-01 9.998529547427306152e-01 9.998748881232051300e-01
9.998084415702964689e-01 9.998128055590231877e-01 9.998399694460317066e-01 9.998759851454044334e-01 9.998534755140880970e-01 9.998912928614118734e-01 9.997975437038393309e-01 9.997947717894547504e-01 9.998805899050505763e-01 9.998365494800935949e-01
9.998757016652278784e-01 9.998771364570750997e-01 9.998224506772630527e-01 9.998623586853985223e-01 9.997982702408702016e-01 9.998214910263973909e-01 9.998864303257296582e-01 9.998316385502883374e-01 9.998131509806865713e-01 9.998670731755611163e-01
9.998931880093880897e-01 9.998985196508854978e-01 9.998578031698942548e-01 9.998792426331671868e-01 9.998694357478311590e-01 9.998577438582090249e-01 9.998965120044210897e-01 9.998447726049969342e-01 9.998516738944424054e-01 9.998379518896345353e-01
9.998134842107077036e-01 9.999112099726745750e-01 9.998095614261981456e-01 9.998634347582336934e-01 9.998236636524575616e-01 9.998915553417241364e-01 9.998291694948018282e-01 9.998473812403629868e-01 9.998375600509097350e-01 9.998576132735629285e-01
9.998235919737840094e-01 9.998141493956894665e-01 9.998424543446359225e-01 9.998517626017235926e-01 9.998415494368442236e-01 9.998090213323644893e-01 9.998116150181584061e-01 9.998531990881081022e-01 9.998332512239653802e-01 9.998746986807308668e-01
9.998696315934203493e-01 9.998361749462199022e-01 9.998547386423585204e-01 9.998383112840069087e-01 9.998842771565156218e-01 9.998155301605808898e-01 9.998425289347696587e-01 9.997989468531998103e-01 9.998201700726621066e-01 9.998454941752327185e-01
9.998810855063668956e-01 9.998854369047296409e-01 9.998254190099076233e-01 9.998430025351161543e-01 9.998698114583163266e-01 9.997927941958982823e-01 9.998513121486402033e-01 9.998298085558834369e-01 9.998689149298825019e-01 9.999084772176988212e-01
9.998623047281195442e-01 9.998423555409453600e-01 9.998262536281665724e-01 9.998503669278823169e-01 9.998659645270547847e-01 9.998053318717434745e-01 9.998765353467988781e-01 9.998478365268729240e-01 9.998168488068918114e-01 9.998301802742048938e-01
9.998331446978294679e-01 9.998477561467385977e-01 9.998336013429545144e-01 9.998982010234490625e-01 9.998256800213081164e-01 9.998680319122045246e-01 9.998544635367192512e-01 9.998401137572381359e-01 9.998604377430240220e-01 9.998612757386075023e-01
9.998425562642656583e-01 9.998413389764823078e-01 9.998980642988304357e-01 9.998483080251922006e-01 9.998493617148233037e-01 9.998571915061100768e-01 9.998892112923321029e-01 9.998911931055971536e-01 9.998583133673074608e-01 9.999012145247783145e-01
9.998490619953807057e-01 9.998437819879878452e-01 9.998406399745034534e-01 9.998333801365941742e-01 9.998176099130519079e-01 9.998661577111543908e-01 9.998207807002467140e-01 9.997957089776930983e-01 9.998780171540966322e-01 9.997988221051888891e-01
9.999021622407728849e-01 9.998622322572676691e-01 9.998949207809542106e-01 9.998645468756517385e-01 9.998540532390616242e-01 9.998728791673223704e-01 9.998858326513777595e-01 9.998698455414247732e-01 9.998503843784339873e-01 9.998495617292110227e-01
9.999190418145953441e-01 9.998506450503245047e-01 9.998327931545558656e-01 9.998207866023675061e-01 9.998539490790223638e-01 9.998923800035433018e-01 9.998942361778294652e-01 9.998666634147569399e-01 9.998451154348704240e-01 9.998543190006208281e-01
9.998403180291188797e-01 9.998512663676588641e-01 9.998430788435245242e-01 9.998545392162420109e-01 9.998799615721809531e-01 9.998002952327050830e-01 9.998442292571582124e-01 9.998530221709490684e-01 9.999075856289842967e-01 9.998859932015126128e-01
9.997137690479223071e-01 9.998795650471993257e-01 9.998602673553650400e-01 9.998427881698859210e-01 9.998073637153291893e-01 9.998645149603569982e-01 9.998015169617262554e-01 9.998419164788423519e-01 9.998671438792791077e-01 9.998291635763092433e-01
9.999046486084905982e-01 9.998599512120933674e-01 9.998417238184912348e-01 9.998515827739348216e-01 9.998671794276068336e-01 9.998582796987043331e-01 9.998729250532051305e-01 9.999047402657252892e-01 9.998247392771255626e-01 9.997961318424807287e-01
9.998372272593190058e-01 9.998441300881570903e-01 9.998437293991426777e-01 9.998487980393624408e-01 9.998679334946957153e-01 9.998763956234351102e-01 9.997983582625716847e-01 9.998067647931861979e-01 9.997990251718040788e-01 9.998373879524266039e-01
9.998862447409762044e-01 9.998460586714019716e-01 9.998798867155873626e-01 9.998372660283415536e-01 9.998571003087501907e-01 9.998600627320841649e-01 9.998349352864857043e-01 9.998831399548595567e-01 9.998369384349627964e-01 9.998570530222005148e-01
9.998981619456656089e-01 9.998308414171011016e-01 9.998889951325616865e-01 9.998383369953453004e-01 9.998642791320238032e-01 9.998119946335671804e-01 9.998604209024387623e-01 9.998764264439863325e-01 9.997947208546708042e-01 9.998453960829125631e-01
9.998316227347274765e-01 9.998487067385340987e-01 9.998721193941341179e-01 9.999024229419455345e-01 9.998733012816988230e-01 9.998461535660524424e-01 9.998505940716956308e-01 9.997799206951406559e-01 9.998384681833311083e-01 9.998521008629135398e-01
9.998880856995168154e-01 9.998449191460128116e-01 9.998874086793737570e-01 9.999080242691753551e-01 9.998428517418466166e-01 9.998561792490928690e-01 9.998536887643690863e-01 9.998680406585257474e-01 9.999125418630950834e-01 9.998770146813746873e-01
9.998422787689240643e-01 9.998423819772640497e-01 9.998612687196780646e-01 9.998849578884626554e-01 9.998488794546496194e-01 9.998351398951021984e-01 9.998829047148156679e-01 9.998055402761125698e-01 9.999029324030244137e-01 9.998647816407071343e-01
9.998061566618081653e-01 9.998825568967726340e-01 9.998172747317376485e-01 9.998579568773493520e-01 9.998888418837371672e-01 9.998714315838492794e-01 9.998806981613124201e-01 9.998238234504130961e-01 9.998828306650497932e-01 9.998541850853802648e-01
9.999019105219000281e-01 9.998505469074390195e-01 9.998969101614333388e-01 9.998882225152715408e-01 9.998815617671581446e-01 9.998430528546570217e-01 9.998759047239481612e-01 9.998636918123279260e-01 9.998452981360715919e-01 9.998469472933756430e-01
9.998134306267900673e-01 9.998542392978704285e-01 9.998168696010708567e-01 9.999004351691028747e-01 9.998129829144296599e-01 9.998255189341983540e-01 9.998657490193600950e-01 9.998870502196944843e-01 9.998450962528012687e-01 9.999021724237943110e-01
9.998344090933704020e-01 9.998335318328297472e-01 9.998029667420951228e-01 9.998803769013474563e-01 9.998506745884860880e-01 9.998645880704076783e-01 9.998715985428047182e-01 9.998471941304171162e-01 9.998605183361486404e-01 9.998040573574946688e-01
9.998280409893609555e-01 9.998489894154766189e-01 9.998749863120290904e-01 9.998208606541194587e-01 9.998150998461089456e-01 9.998306198178081861e-01 9.998331015458756799e-01 9.998557908319023468e-01 9.998918031964508790e-01 9.998771952028254750e-01
9.998815955272938316e-01 9.998718403163010526e-01 9.998659997536688548e-01 9.998892366720558700e-01 9.998901686289304314e-01 9.998854515319398617e-01 9.998454074484950382e-01 9.998812733365162186e-01 9.998618558216832986e-01 9.998292466386543564e-01
9.998291007751066717e-01 9.998650507147343047e-01 9.998243593925629780e-01 9.998737984349347352e-01 9.997738365945803007e-01 9.998756912679473974e-01 9.998624285799802003e-01 9.998249935033077795e-01 9.998902865266175999e-01 9.998817654695105750e-01
9.998556593347667221e-01 9.998491810033431904e-01 9.998905444728765080e-01 9.998489447410530140e-01 9.998588481137882233e-01 9.998686727206147484e-01 9.998145233678324972e-01 9.998690447475935272e-01 9.998954743610458662e-01 9.998577015862070150e-01
9.998442222221023412e-01 9.998719592101944498e-01 9.998488330845547445e-01 9.998169365494968819e-01 9.998789968617662893e-01 9.998414805461773858e-01 9.998884814842070590e-01 9.998430825506262609e-01 9.998405768883728006e-01 9.997751000958366996e-01
9.998285751942025401e-01 9.997992419458447966e-01 9.998177237382235294e-01 9.998774854890484232e-01 9.998591938297355375e-01 9.998372057776845345e-01 9.998724221926558187e-01 9.998308102677349041e-01 9.999098950149696297e-01 9.998312053999031113e-01
9.998774176902476274e-01 9.998532334364368390e-01 9.998824211387745686e-01 9.997793529186921324e-01 9.998967664014485335e-01 9.998972545320249372e-01 9.998689211175354474e-01 9.998519497107860587e-01 9.998942686691629778e-01 9.998481856907950327e-01
9.998920126426860122e-01 9.998819163053271897e-01 9.998422596088452075e-01 9.998178988664632172e-01 9.998934917528595756e-01 9.998542354226739315e-01 9.998106148799545956e-01 9.998811669060687635e-01 9.998793659768385744e-01 9.998524000237941634e-01
9.997664039568839867e-01 9.998860350199159086e-01 9.998412148065800586e-01 9.999108485440721950e-01 9.998614662590182833e-01 9.998479778953812680e-01 9.998286580404531776e-01 9.998862134045491956e-01 9.998137288615274176e-01 9.998804031922892133e-01
9.998686854016297643e-01 9.998225954150286032e-01 9.998850239928619432e-01 9.998894345172861797e-01 9.998397753226000439e-01 9.998758234598443817e-01 9.998579834748356765e-01 9.997855514594152782e-01 9.998646914168780597e-01 9.998898787773229380e-01
9.998494996652040889e-01 9.998657005416901056e-01 9.998676362663729833e-01 9.998945173007990350e-01 9.998692984244906823e-01 9.998669275306388826e-01 9.998353970578174321e-01 9.999207547041121247e-01 9.998675934951887223e-01 9.998333241634957957e-01
9.998473602163692187e-01 9.999123752243818108e-01 9.998510398721948134e-01 9.998686850902490653e-01 9.998431322266071453e-01 9.999189523587714845e-01 9.997984757834954550e-01 9.998010296558519361e-01 9.998883514203337208e-01 9.998383502367529374e-01
9.998342334570398116e-01 9.998711689926709223e-01 9.998861477773414164e-01 9.998424142318279584e-01 9.998714615989537924e-01 9.998726940172200095e-01 9.998355872793233123e-01 9.998872129912915740e-01 9.998194048504950304e-01 9.998328508216863808e-01
9.998755377197111605e-01 9.998748912889213747e-01 9.998826433420523463e-01 9.998982994712128924e-01 9.998795266514509672e-01 9.998511445493690752e-01 9.998397838611905453e-01 9.999089012545583355e-01 9.998360333374772813e-01 9.998661130805502895e-01
9.998046705287915170e-01 9.999003128530702389e-01 9.998593597149374457e-01 9.998666455252543939e-01 9.998737548884002457e-01 9.998596827774168805e-01 9.998767737095666241e-01 9.998445009713869958e-01 9.998704640402897859e-01 9.997923024387441737e-01
9.998535542577582369e-01 9.998450027052688815e-01 9.998438006278509427e-01 9.998321833407263215e-01 9.998151247320286039e-01 9.998915987410124107e-01 9.998708170589363231e-01 9.998211539352964694e-01 9.998545565604164409e-01 9.998662509839327805e-01
9.998813409954619980e-01 9.998992579224635913e-01 9.998445641464774880e-01 9.998408907267090084e-01 9.998339451348073892e-01 9.998079873583826105e-01 9.998628053612228506e-01 9.997400036879142693e-01 9.998512895906885856e-01 9.998702365098812717e-01
9.998400527558490847e-01 9.998313173845763124e-01 9.998413371191968713e-01 9.998697223699306580e-01 9.998560346964424639e-01 9.998382653202081416e-01 9.998038013825545356e-01 9.998503541921089921e-01 9.998704378926354108e-01 9.998875659900928747e-01
9.998859981055233659e-01 9.998384717420760737e-01 9.998683343950809377e-01 9.998574421578793059e-01 9.998392621603938712e-01 9.998530290359595174e-01 9.998483967530359395e-01 9.998966109370830413e-01 9.998398594107852366e-01 9.998353435584381721e-01
