9.999284059363269250e-01 9.999035969295478887e-01 9.999162195588445767e-01 9.999300562122717118e-01 9.999184550502820956e-01 9.999409842443107710e-01 9.998949606682430158e-01 9.999129839821646604e-01 9.999391267548950468e-01 9.999417460102831834e-01
9.999361524348103769e-01 9.998924212734610073e-01 9.998917349644278474e-01 9.999416564516816486e-01 9.999573538374061377e-01 9.999689443657089338e-01 9.999363539447286842e-01 9.999516811087527657e-01 9.999607214566772484e-01 9.998996969153133296e-01
9.999379382196308397e-01 9.998822415816006615e-01 9.999123981943617290e-01 9.999191699711738046e-01 9.999474099901241031e-01 9.999388753148187314e-01 9.999001545574639493e-01 9.999267942906020501e-01 9.999370143458944371e-01 9.999281852287564831e-01
9.999182083535744781e-01 9.999476149478093712e-01 9.999527380917258013e-01 9.999123906108865478e-01 9.999458044074142071e-01 9.999336252897997879e-01 9.999417429733881146e-01 9.998595051870635686e-01 9.998922754202075325e-01 9.999586136990131768e-01
9.999250785401866404e-01 9.999395552135812437e-01 9.999086987572002316e-01 9.999323081964635040e-01 9.999084460849522182e-01 9.999292822864676022e-01 9.999410606862532136e-01 9.999319415267100553e-01 9.999402948013039749e-01 9.999299143538381562e-01
9.998967881032077010e-01 9.999190461139869646e-01 9.999472892704036608e-01 9.999109826719437821e-01 9.999631851348667055e-01 9.999223989759566944e-01 9.999146331765890183e-01 9.999577759131169641e-01 9.999286462229151073e-01 9.999136516751488957e-01
9.999412349318679283e-01 9.999271180990760843e-01 9.999294188154398411e-01 9.999396560357651786e-01 9.999279826051996611e-01 9.999250505013985713e-01 9.999438719347252258e-01 9.998978116864405408e-01 9.999332366262602134e-01 9.999555033565995510e-01
9.999143966225225721e-01 9.999227812808582083e-01 9.999629603391688715e-01 9.999237510121334882e-01 9.999503643984611889e-01 9.999253683251887459e-01 9.999497445133189721e-01 9.999401574352607680e-01 9.998912525129260986e-01 9.999236272823308624e-01
9.999394008659068245e-01 9.999240515644283178e-01 9.998962287536351523e-01 9.999317662106532723e-01 9.999487230488933731e-01 9.999004193394229745e-01 9.999353548726156449e-01 9.999511059217343067e-01 9.998752702546445104e-01 9.999314766164760782e-01
9.999201206299244138e-01 9.999376291988877341e-01 9.999215032664156011e-01 9.999409546147882688e-01 9.999375715095284445e-01 9.999334242979395215e-01 9.999393524260229427e-01 9.999413386011617444e-01 9.999450073462019528e-01 9.999008296323669276e-01
9.999154769603287862e-01 9.999651326744362079e-01 9.999474926572806677e-01 9.999284522191206337e-01 9.999597474194645841e-01 9.999320273280428717e-01 9.998979591434938863e-01 9.999144167997813248e-01 9.999386821378019041e-01 9.999345149213533235e-01
9.999263875796104983e-01 9.999386394120292065e-01 9.999656289952026933e-01 9.999019785103656632e-01 9.999129262921562233e-01 9.999118974154131978e-01 9.999073487970284724e-01 9.999478105469553624e-01 9.999178523472574964e-01 9.999068920673566119e-01
9.999507824453012228e-01 9.999429339668122196e-01 9.999280377861715641e-01 9.999157218421504956e-01 9.999276830369747682e-01 9.999333122116609296e-01 9.999244689598607572e-01 9.999357418986803969e-01 9.999471069818972602e-01 9.998797107278761809e-01
9.999312787897307597e-01 9.999268745733408403e-01 9.999435404173200315e-01 9.999351895518607813e-01 9.999392696337515707e-01 9.999277207877279583e-01 9.999454307074462367e-01 9.999589803716040226e-01 9.999362685955960339e-01 9.999368032456291688e-01
9.999256411249826115e-01 9.999291862156590716e-01 9.999207105145587748e-01 9.999435500558079282e-01 9.999380943351302564e-01 9.999389002081749966e-01 9.999539437341198322e-01 9.999070884917091728e-01 9.999151950649789455e-01 9.998980592554513880e-01
9.999434454431772590e-01 9.999090939327961447e-01 9.999405749959570100e-01 9.999077860789595817e-01 9.999005266395453173e-01 9.999375837944851630e-01 9.999162001589414484e-01 9.999364285711940248e-01 9.999446218998238045e-01 9.999451461653496853e-01
9.999238463135645683e-01 9.999215066844510114e-01 9.999163967496244032e-01 9.999279329729640065e-01 9.999433710626661753e-01 9.999480476629958314e-01 9.999541574094031882e-01 9.999457877948139117e-01 9.999315897141856091e-01 9.998733625891788046e-01
9.999482337301198731e-01 9.998635688070939276e-01 9.999296228219871630e-01 9.999427231472258759e-01 9.999193912902397674e-01 9.999207628115166502e-01 9.999329017700907540e-01 9.999174312235871165e-01 9.999377798327836464e-01 9.999187685897922284e-01
9.999510987075507229e-01 9.999162563908037260e-01 9.999580136249829332e-01 9.999140213065942362e-01 9.998594743997242240e-01 9.998964438266466637e-01 9.999271864170803381e-01 9.999362970034322284e-01 9.998806481587194650e-01 9.999180853269455937e-01
9.999293007871821182e-01 9.999278316174814440e-01 9.999244429583378224e-01 9.998859644244102451e-01 9.999505192283241195e-01 9.999231935005050698e-01 9.999329948377193578e-01 9.999020233116268086e-01 9.999479486552285135e-01 9.999236726229661087e-01
9.999234509542179739e-01 9.999311231166400082e-01 9.999337468380021798e-01 9.999613103069587838e-01 9.999462771667073646e-01 9.999493231897296219e-01 9.999382253733676285e-01 9.999446652486235765e-01 9.999488002011999166e-01 9.999325310194163707e-01
9.999578173781247248e-01 9.999386867631514519e-01 9.999371443372846446e-01 9.999059351860004607e-01 9.999232933224665443e-01 9.999108907381144551e-01 9.999324583999136262e-01 9.998468988375992517e-01 9.999064831627109129e-01 9.999207789922406331e-01
9.999481339206386377e-01 9.999415642962174999e-01 9.999165582072475633e-01 9.999485378737011931e-01 9.999457111728281555e-01 9.999423473212017965e-01 9.999445782802527383e-01 9.999346780582324401e-01 9.999035547131768231e-01 9.999168044429143087e-01
9.999333567651931265e-01 9.999624797552190136e-01 9.999344539223415929e-01 9.999237485390655156e-01 9.999219197965529826e-01 9.999297249464978998e-01 9.998940974036657492e-01 9.999340915017146392e-01 9.999321695969487500e-01 9.999272557320101340e-01
9.999343898855590496e-01 9.999001515571336318e-01 9.999121646326586399e-01 9.999432181574069434e-01 9.999508533921159792e-01 9.999095677067456611e-01 9.999304246637701343e-01 9.999299413048421403e-01 9.999534677899907242e-01 9.999101649550379278e-01
9.998961639545360658e-01 9.999259793610655311e-01 9.999319001103438298e-01 9.998789166042857390e-01 9.999153184712498144e-01 9.999435796068760762e-01 9.999326721108453553e-01 9.999196491583124402e-01 9.999089540123111686e-01 9.999081438776975528e-01
9.999487570352748600e-01 9.999430941769139602e-01 9.999126477060957807e-01 9.999591477562422837e-01 9.999175824613846242e-01 9.999088501643513816e-01 9.999513263689764342e-01 9.999183453901293595e-01 9.999612789818170810e-01 9.999016176635009412e-01
9.999121728054198854e-01 9.999404997727241451e-01 9.999531391091012189e-01 9.999149500606326901e-01 9.999386800121068397e-01 9.999439502276180614e-01 9.999196179278744268e-01 9.999056193712746454e-01 9.999236853642251566e-01 9.999159729236051231e-01
9.999488734793207101e-01 9.999027604471025787e-01 9.999316428546446422e-01 9.999370887405883979e-01 9.999447210466529956e-01 9.999275133512298686e-01 9.999224214481755579e-01 9.998877291489083330e-01 9.999410452874478716e-01 9.999393882576931292e-01
9.999469909993468075e-01 9.999405048382098427e-01 9.998764744035313345e-01 9.999194561127705549e-01 9.999290846708085434e-01 9.999473269208520865e-01 9.998988586234330844e-01 9.999067263976549880e-01 9.999046452903656013e-01 9.999212460776931710e-01
9.998882531948964925e-01 9.999413904542947540e-01 9.999457976127917869e-01 9.999516940054919978e-01 9.999480231678321562e-01 9.999400096355491874e-01 9.999336919452487260e-01 9.999296631645169242e-01 9.999567665799946603e-01 9.999397556569978862e-01
9.999427568413181699e-01 9.999697505012006271e-01 9.999577597167434995e-01 9.999169382014146956e-01 9.999409040694497985e-01 9.999451107545070938e-01 9.999462649731009067e-01 9.999381425244674437e-01 9.999254569964458605e-01 9.999009172922652677e-01
9.999437702399626149e-01 9.999461457492250238e-01 9.999508187644550183e-01 9.999073680954856380e-01 9.999299814777684592e-01 9.999452610119630158e-01 9.999514723911556713e-01 9.999386204523971200e-01 9.999166306090007117e-01 9.999397523580182412e-01
9.999280415721374382e-01 9.999408795437948472e-01 9.999328599446163368e-01 9.999736358173406670e-01 9.999274016071508786e-01 9.999295680509799888e-01 9.999308669059188137e-01 9.999403568703245648e-01 9.999459582586501805e-01 9.999142949524029156e-01
9.999032656452031542e-01 9.998864706509373868e-01 9.999667237096044881e-01 9.999498381111325829e-01 9.999019688455679233e-01 9.998325353163280971e-01 9.999383872192516565e-01 9.999218916994409012e-01 9.999381486477035841e-01 9.999191618583025409e-01
9.999358118031740350e-01 9.999456411784304333e-01 9.999205069604862883e-01 9.999201572348488387e-01 9.999314631450039181e-01 9.998949899814583153e-01 9.999271299514220779e-01 9.998712643891227714e-01 9.999246599253636125e-01 9.999241893689100324e-01
9.999643630615612233e-01 9.999340517090867797e-01 9.999329439182114143e-01 9.999305315080877499e-01 9.998887724270720812e-01 9.999092735838673862e-01 9.999148764391170285e-01 9.999330828994543729e-01 9.998877472272457156e-01 9.999203356706973800e-01
9.999255364703000248e-01 9.998713706717042848e-01 9.999317147255402105e-01 9.999105596897068793e-01 9.999072998900540021e-01 9.998943170068067543e-01 9.999381124780432062e-01 9.999592392157787835e-01 9.999470378687934646e-01 9.999383714844569671e-01
9.999254242424460148e-01 9.999124844498851195e-01 9.998911731847616169e-01 9.999537683798696008e-01 9.999381744501653069e-01 9.999189780943054107e-01 9.999132713091146707e-01 9.999378425490598188e-01 9.999399001468429748e-01 9.999348379094186168e-01
9.999399037715991367e-01 9.999093310554626468e-01 9.999175833411969583e-01 9.999502795220035489e-01 9.999266577532680556e-01 9.999267201035111352e-01 9.999521616534494672e-01 9.999427137028074064e-01 9.999134116933864336e-01 9.999471862253445087e-01
9.999246861009046805e-01 9.999496692849252355e-01 9.999168349751315077e-01 9.999361768768015857e-01 9.999138404663909796e-01 9.999160226947187979e-01 9.999268006343817738e-01 9.999379126678427099e-01 9.999577838510058658e-01 9.999060788873530559e-01
9.999434549137045103e-01 9.999306365516150708e-01 9.999275249317050029e-01 9.999218026546292659e-01 9.999300309990191149e-01 9.999220698331411361e-01 9.999360518058835190e-01 9.999450226058442803e-01 9.999373944930720626e-01 9.999025712100217955e-01
9.999183724347264768e-01 9.999183023500278766e-01 9.999434291120691265e-01 9.999478342157234190e-01 9.999350807648585970e-01 9.999203218814036731e-01 9.999388176708098319e-01 9.999210185462881206e-01 9.999448823659742303e-01 9.999225626874105322e-01
9.998860411936297821e-01 9.999502485771717408e-01 9.999264828467266941e-01 9.999108083225405341e-01 9.999357713086400867e-01 9.998992906523090918e-01 9.999341772833908459e-01 9.999296361851147674e-01 9.999325267089710367e-01 9.999435956131346170e-01
9.999356519702864432e-01 9.999473442369090082e-01 9.999516605490365029e-01 9.999247263998051194e-01 9.999353401453084933e-01 9.999363240840144496e-01 9.999538240440163372e-01 9.998921122748876122e-01 9.999433691034975702e-01 9.999253646463815981e-01
9.998834147251296489e-01 9.999463750392335593e-01 9.999560711094475085e-01 9.999290207318863866e-01 9.999513814559122249e-01 9.999097098991216459e-01 9.999513317525779987e-01 9.999118126040679178e-01 9.999445076372615038e-01 9.999355956400999279e-01
9.999426620999456450e-01 9.999559994738532742e-01 9.999160579740485888e-01 9.999446375547402788e-01 9.999566934447609023e-01 9.999260700246234146e-01 9.999092067747389345e-01 9.999213302060445674e-01 9.999502879069457340e-01 9.999230873808145903e-01
9.999183332142637104e-01 9.999269270619057792e-01 9.999200230210820717e-01 9.999431323544956118e-01 9.999486635048202565e-01 9.999355236760496535e-01 9.999134705334338236e-01 9.998725161998278654e-01 9.999331850730595050e-01 9.999059868874988766e-01
9.999304439659607580e-01 9.999151281912036504e-01 9.999040374560524969e-01 9.999380008674269016e-01 9.999195218177518996e-01 9.999267412792842702e-01 9.999223736066460422e-01 9.999215919658024365e-01 9.999300509791816394e-01 9.999272179101484914e-01
9.999198788324656917e-01 9.999434817065050440e-01 9.999005992216484229e-01 9.999140084973903164e-01 9.999381555696796875e-01 9.999091730205292849e-01 9.999352062384118112e-01 9.999080186074066345e-01 9.998662583280596428e-01 9.999588171258252389e-01
9.999296081115146562e-01 9.999342624539344637e-01 9.999424895141689751e-01 9.999512296136541245e-01 9.999503958391596781e-01 9.999505998995923406e-01 9.999439059493339110e-01 9.999288562275784331e-01 9.999291122270482779e-01 9.999451202484987977e-01
9.999280599290224503e-01 9.999330968127498886e-01 9.999366728245439040e-01 9.999295947131986440e-01 9.999194957120147720e-01 9.999048836788508865e-01 9.998782478143206642e-01 9.999221157142874628e-01 9.998482187870552096e-01 9.999475826150409086e-01
9.999498337788610414e-01 9.999294459752520181e-01 9.999232062576229874e-01 9.999225337632740018e-01 9.999319826750295848e-01 9.999549880181839434e-01 9.999455519399766956e-01 9.999492456660409312e-01 9.999323839827556348e-01 9.998796318176776943e-01
9.999173635828494389e-01 9.999282472716142234e-01 9.999269226076918926e-01 9.999400201754206075e-01 9.999050845582243552e-01 9.999324063374538385e-01 9.999122252153492818e-01 9.999431596436596514e-01 9.999320862465822524e-01 9.999593166039092429e-01
9.999340010609671925e-01 9.999316793366981315e-01 9.999289212072515198e-01 9.999193454855477281e-01 9.999160835986032891e-01 9.999473167368231330e-01 9.998945039380500166e-01 9.999413127440933691e-01 9.999309258356668950e-01 9.999525841337230103e-01
9.999156067090496647e-01 9.999185106814374446e-01 9.999105669857814016e-01 9.999283683951141199e-01 9.999143088893244213e-01 9.999443186092481506e-01 9.999334780564523850e-01 9.999594757835388315e-01 9.999386498837773418e-01 9.999602402984459903e-01
9.999107082310664252e-01 9.999404220632253093e-01 9.999394705811539552e-01 9.999305677842157403e-01 9.999353326565991740e-01 9.999278661392637657e-01 9.999214050554774413e-01 9.999518462232594995e-01 9.999061042260707355e-01 9.999415388752086464e-01
9.998964395258242988e-01 9.999296734878824200e-01 9.999404414431697363e-01 9.999369936594655339e-01 9.999545568155147057e-01 9.999591368151270476e-01 9.999485818728580666e-01 9.999319631538980957e-01 9.999451820128726354e-01 9.999582677340805859e-01
9.999295566341955821e-01 9.999581504676654520e-01 9.999379104380967664e-01 9.999414418317434938e-01 9.999493836345354492e-01 9.999466439511994764e-01 9.999416338406488247e-01 9.999253093078288579e-01 9.999374258953062089e-01 9.999420426642433579e-01
9.999325886458831913e-01 9.999349642937039873e-01 9.999178829713275540e-01 9.999148760374634293e-01 9.999164486182696709e-01 9.999416613743898896e-01 9.999460690467432133e-01 9.999303909791776857e-01 9.999195110837600931e-01 9.999122139260527842e-01
9.999455616268658753e-01 9.999484123346696895e-01 9.999479830372548506e-01 9.999211823597404791e-01 9.999538339550564370e-01 9.999397491903045943e-01 9.999379045988178172e-01 9.998993719473959763e-01 9.999306322514919243e-01 9.999472150208146282e-01
9.999249664266849358e-01 9.999465241723685116e-01 9.999037483003375693e-01 9.999246558916059513e-01 9.999227197685504054e-01 9.999336666840062948e-01 9.999323628436997957e-01 9.999257594554822326e-01 9.999336957542759308e-01 9.999516939595782805e-01
9.999320637907981313e-01 9.999073210762364772e-01 9.999261978161432252e-01 9.999323647021447492e-01 9.999244850606335833e-01 9.999634044477389017e-01 9.999215488329600277e-01 9.999030878947312573e-01 9.999115215890607145e-01 9.999135562925975940e-01
9.999251692130911584e-01 9.999293558169974894e-01 9.999301126828660236e-01 9.999339300934065866e-01 9.999294248999969215e-01 9.999394581734004639e-01 9.999430156653740243e-01 9.999389455907602420e-01 9.999480292549791649e-01 9.999304254933061298e-01
9.999234194003843168e-01 9.998790058778453949e-01 9.999341477699570380e-01 9.998825660908564616e-01 9.999375852756158256e-01 9.999368655247098392e-01 9.999425538765861488e-01 9.998911669790818690e-01 9.999381567065173115e-01 9.999346609804666830e-01
9.999429037158004130e-01 9.999393532033010734e-01 9.999333806252765910e-01 9.999079232592364974e-01 9.999308222928139367e-01 9.999326757330586624e-01 9.999068060629623389e-01 9.999479387889188553e-01 9.999571460828008407e-01 9.999304304226155349e-01
9.999500433929774390e-01 9.999396035354484180e-01 9.999062095107097425e-01 9.999442273752201515e-01 9.999268742956557432e-01 9.999487906441421048e-01 9.999317167379558891e-01 9.998743535058872700e-01 9.999242582537419821e-01 9.999348245184301875e-01
9.999445764353291910e-01 9.999215956266924721e-01 9.999471358648428509e-01 9.999272646420644950e-01 9.999433129970832779e-01 9.999385281829652472e-01 9.999194603769518963e-01 9.998886470759548173e-01 9.999243841192398952e-01 9.998618424698401119e-01
9.999714735553977274e-01 9.999366621003868971e-01 9.999448248908963111e-01 9.999511508892415801e-01 9.999568884465509511e-01 9.999491542632331642e-01 9.999447361160574976e-01 9.999363395342883987e-01 9.999459473147732647e-01 9.999568163857774916e-01
9.999074014987894277e-01 9.999250517726566700e-01 9.999485135758962029e-01 9.999559350147806391e-01 9.999302325337602326e-01 9.998980125411570663e-01 9.999255705419641815e-01 9.999477474669346000e-01 9.998783133454891559e-01 9.999426576654885102e-01
9.999142183704922138e-01 9.999217469706349615e-01 9.999331400529527514e-01 9.999306175988335044e-01 9.999033206944274443e-01 9.998912798492086695e-01 9.999182372792525531e-01 9.999376288410977143e-01 9.999489043598214222e-01 9.999233517382606351e-01
9.999635688520706056e-01 9.999248984958194475e-01 9.999372082604730538e-01 9.999504609291721691e-01 9.999434894421572739e-01 9.999241842170130123e-01 9.999290952269163091e-01 9.999109411156057448e-01 9.999374467742235817e-01 9.999380146581429152e-01
9.999180608246084345e-01 9.999206235679752863e-01 9.999462286802588418e-01 9.999485772324376853e-01 9.999278507148650075e-01 9.999299365521990834e-01 9.999535622903680254e-01 9.999656173156774575e-01 9.999007718589806304e-01 9.998375628574115437e-01
9.999178501518298789e-01 9.999480994527349953e-01 9.999061344701668519e-01 9.999377891124066053e-01 9.999270125838106704e-01 9.999565171076927328e-01 9.999580983244352739e-01 9.999141182338312506e-01 9.999288637179334360e-01 9.998989983224154665e-01
9.999542677442376792e-01 9.998901404441653540e-01 9.999452144243460294e-01 9.998926749499551514e-01 9.999239054982548280e-01 9.999308719921942146e-01 9.999061148397091481e-01 9.998967228542238184e-01 9.998977831985412790e-01 9.998891054947208756e-01
9.999277758773167379e-01 9.999000805814591830e-01 9.999289351272904192e-01 9.999374246566928859e-01 9.999357828771200385e-01 9.999347352318150861e-01 9.999416535258497385e-01 9.998818860854381541e-01 9.998966158064840348e-01 9.999499204243169626e-01
9.999387331791255162e-01 9.999349390575388297e-01 9.999298428582442666e-01 9.999374721251947928e-01 9.999615497638655315e-01 9.999449836508245149e-01 9.998980643867145801e-01 9.999435039946805714e-01 9.999172135354778002e-01 9.999452424114753102e-01
9.999441822721153450e-01 9.999253023508842819e-01 9.999240183672750693e-01 9.999453929504991123e-01 9.999346897407865864e-01 9.999280635771053971e-01 9.999381866626695370e-01 9.999279939186848098e-01 9.999055106382577218e-01 9.999134090733361457e-01
9.999181695835467343e-01 9.999288938995373188e-01 9.999293837158838016e-01 9.999180409214912801e-01 9.998943689367151277e-01 9.999337635335832086e-01 9.999210482241481790e-01 9.999231109354062008e-01 9.999170372418486608e-01 9.999390412405906314e-01
9.999318256601918975e-01 9.999240749496234315e-01 9.999323875842841547e-01 9.998884221038761844e-01 9.999480131747335854e-01 9.999001416187621727e-01 9.999171561620826543e-01 9.999284839499502642e-01 9.999346256897230223e-01 9.999360277352331572e-01
9.999032026552090446e-01 9.999437646267189672e-01 9.999379754944083265e-01 9.999499984564359512e-01 9.999173855557370594e-01 9.999257307663157457e-01 9.999504278436698312e-01 9.999149055575283773e-01 9.999417496165986519e-01 9.999495821753586755e-01
9.999167872331726770e-01 9.999298931066594731e-01 9.999428528578505615e-01 9.999312593541471728e-01 9.999185736507378852e-01 9.999393385550322533e-01 9.999253297893994086e-01 9.999242391001175179e-01 9.999358039069561332e-01 9.999028393560633887e-01
9.999486781864439511e-01 9.999303461386759295e-01 9.999322132336889712e-01 9.999165760629086241e-01 9.998841262595139501e-01 9.999238752868572222e-01 9.999128665819395634e-01 9.999354625462033574e-01 9.999161452817879603e-01 9.999379206696147326e-01
9.999545330604766580e-01 9.999061060923417621e-01 9.999276734451590931e-01 9.999109093537474902e-01 9.999291267405863159e-01 9.999351598087308224e-01 9.999132686547619331e-01 9.999584127631385710e-01 9.999187910201581264e-01 9.999434930780232156e-01
9.999485094162967602e-01 9.999180260582555269e-01 9.998919987570078494e-01 9.999298427889838914e-01 9.999335495813616026e-01 9.998995178233897052e-01 9.999297432306933908e-01 9.999220470022373020e-01 9.998971345466722838e-01 9.999443450827931734e-01
9.999339783232217282e-01 9.999050275182972403e-01 9.999102822486044539e-01 9.999211494048251270e-01 9.999471988180461679e-01 9.999471272166099434e-01 9.999367282995197392e-01 9.999349846751270920e-01 9.999031055910128085e-01 9.999208295418934300e-01
9.999020978835970741e-01 9.999479419009452696e-01 9.999292234675882796e-01 9.999595320972843870e-01 9.999396577344774606e-01 9.999270523066554617e-01 9.999229558551246955e-01 9.998986974111617743e-01 9.999044374840793115e-01 9.999384963860257214e-01
9.999315377058077825e-01 9.999420591493227706e-01 9.999545067357615835e-01 9.999376269554540730e-01 9.999294185630464016e-01 9.999265358656411751e-01 9.999103017610869726e-01 9.999204273505328811e-01 9.998911888762181954e-01 9.999194775460816809e-01
9.999429004239420715e-01 9.999457762471670730e-01 9.998936163302133417e-01 9.999206298259895043e-01 9.999236504467382547e-01 9.999706281967367660e-01 9.999528893020999121e-01 9.999299189037901270e-01 9.998820984587879490e-01 9.999581760985662982e-01
9.999536948517389057e-01 9.999041834847045562e-01 9.999462133740794068e-01 9.999285972144006385e-01 9.999472055331897202e-01 9.999566802442609870e-01 9.998970686874394387e-01 9.999318842802705776e-01 9.999362892015438709e-01 9.999291564465264681e-01
9.999524559414116887e-01 9.999488184573059879e-01 9.999575903280676359e-01 9.999586812357189602e-01 9.999268384994424164e-01 9.999325966884338168e-01 9.999517078918833679e-01 9.999492633757888216e-01 9.999160429608524581e-01 9.999387031485338362e-01
9.999379671254605695e-01 9.999269177166099087e-01 9.999156133593170015e-01 9.999177216645045441e-01 9.999399020133504790e-01 9.998739860151709680e-01 9.999272013405222648e-01 9.999438819141073242e-01 9.998973331340902382e-01 9.999387328032697253e-01
9.999449632037047397e-01 9.999556919269930733e-01 9.999413350899628572e-01 9.999429153526772085e-01 9.999520009087713435e-01 9.998708030113911960e-01 9.999293305291867551e-01 9.999544501317695344e-01 9.999242649807574823e-01 9.999027474831884144e-01
9.999399669599625673e-01 9.999084125467750939e-01 9.998733783278312970e-01 9.999533775700478744e-01 9.999213208436170675e-01 9.999133464375270508e-01 9.998324357325112377e-01 9.999515643029912582e-01 9.999464175469269245e-01 9.999330696080324099e-01
9.999506088320745389e-01 9.999358987165062329e-01 9.999243295163132705e-01 9.999356064487227025e-01 9.999354071811400457e-01 9.999431078414393603e-01 9.999527606951258418e-01 9.999486090981049013e-01 9.999328915612865076e-01 9.999271130618386794e-01
9.999063331803874632e-01 9.999548922181057398e-01 9.999026777120668674e-01 9.999462293562810800e-01 9.999154362304832899e-01 9.999309621615514176e-01 9.999318080780960072e-01 9.999344313649788374e-01 9.999501805095455387e-01 9.999283658307830391e-01
9.999134866750941653e-01 9.999476376570974878e-01 9.999409927649255403e-01 9.999476966450434601e-01 9.999393565565234399e-01 9.999458257923876658e-01 9.999326178395531173e-01 9.999080306008648611e-01 9.999554185055747890e-01 9.998827180059948194e-01
9.998931292911447111e-01 9.999277145738526551e-01 9.999488185004399288e-01 9.999233869661501295e-01 9.999286819874216858e-01 9.999522343244447997e-01 9.998995424134493604e-01 9.998885711868622517e-01 9.999688871134873036e-01 9.999531154044971615e-01
9.999217203971396684e-01 9.999195459824190557e-01 9.999168854251766492e-01 9.999335405029838864e-01 9.999232905065646992e-01 9.999429326482470737e-01 9.999309723222793433e-01 9.999204068030104198e-01 9.999211712167921373e-01 9.999166472177561937e-01
9.999399120907551675e-01 9.998941957407689873e-01 9.999123892999179919e-01 9.999484522541676190e-01 9.999358705274304926e-01 9.999013151693890711e-01 9.998879892078581522e-01 9.999251241040013616e-01 9.999209910860009654e-01 9.999382615762254511e-01
