9.999753441184604519e-01 9.999739959141552559e-01 9.999803886489773141e-01 9.999736467941451323e-01 9.999766803763672218e-01 9.999852777556864636e-01 9.999752976631827162e-01 9.999780288296148401e-01 9.999736855312919559e-01 9.999880589884825310e-01
9.999803295989609930e-01 9.999703990326628267e-01 9.999793109523821277e-01 9.999721897280809957e-01 9.999770344823318835e-01 9.999800423052345177e-01 9.999772088477206777e-01 9.999745101508097367e-01 9.999755689780461809e-01 9.999860142196415058e-01
9.999803305275599685e-01 9.999709143617078189e-01 9.999793099235468885e-01 9.999837911681828118e-01 9.999908344513341873e-01 9.999750124248805161e-01 9.999796743941724575e-01 9.999663584326409227e-01 9.999717899988457281e-01 9.999837729976540635e-01
9.999811393885014166e-01 9.999743889385728224e-01 9.999782910247420054e-01 9.999816300079422682e-01 9.999796061261547742e-01 9.999643677661711472e-01 9.999736051415022420e-01 9.999757070872721254e-01 9.999813103968904215e-01 9.999753762656736766e-01
9.999806523496577171e-01 9.999748560431658273e-01 9.999761758690098867e-01 9.999844095929074639e-01 9.999745566935378527e-01 9.999815387813806300e-01 9.999724978195364544e-01 9.999732202263127423e-01 9.999767449765489813e-01 9.999651898724962740e-01
9.999671425168460415e-01 9.999802261470371878e-01 9.999747099170731568e-01 9.999811409258211325e-01 9.999728116885723272e-01 9.999890734407775872e-01 9.999839945899234861e-01 9.999719690381532189e-01 9.999705400312554060e-01 9.999740423503858944e-01
9.999798596117780436e-01 9.999826882808326989e-01 9.999791288442019255e-01 9.999567563190953079e-01 9.999744504386428590e-01 9.999888420768628938e-01 9.999758951746519076e-01 9.999805220620691104e-01 9.999767785707970313e-01 9.999703665000011510e-01
9.999747265265517271e-01 9.999683683593005856e-01 9.999733821879069895e-01 9.999710410659844451e-01 9.999826131432524301e-01 9.999724019519959928e-01 9.999847606297369573e-01 9.999778598086728199e-01 9.999776141640369653e-01 9.999808474159206373e-01
9.999788915375192877e-01 9.999773968948126868e-01 9.999814537866736908e-01 9.999729965967394385e-01 9.999819676444853256e-01 9.999706655719189374e-01 9.999896365239058227e-01 9.999751817744294557e-01 9.999842343322061788e-01 9.999731489050850408e-01
9.999884394220321937e-01 9.999824018038047102e-01 9.999764807519383458e-01 9.999728416615730753e-01 9.999857746022919880e-01 9.999858054773604898e-01 9.999756928110012932e-01 9.999763410402848773e-01 9.999801401124605027e-01 9.999803212356136450e-01
9.999767241328437750e-01 9.999765690589145217e-01 9.999854165233669212e-01 9.999730742674763917e-01 9.999731532967564007e-01 9.999829613025907893e-01 9.999744170862995274e-01 9.999669028598486831e-01 9.999832953338959607e-01 9.999763183720031812e-01
9.999813923120510761e-01 9.999798541207064462e-01 9.999573950828487545e-01 9.999567576728404239e-01 9.999768045297725561e-01 9.999834727357187480e-01 9.999713401600796026e-01 9.999814308665320173e-01 9.999717282872000457e-01 9.999805471169427307e-01
9.999884111785592999e-01 9.999868166582300821e-01 9.999672277344141547e-01 9.999841345833282436e-01 9.999854451687424373e-01 9.999538926095221658e-01 9.999696315075311537e-01 9.999738400354259982e-01 9.999812022092647856e-01 9.999701340014928164e-01
9.999776282186655374e-01 9.999739583277988952e-01 9.999828263572894116e-01 9.999672783624489192e-01 9.999696219437426148e-01 9.999791516463605312e-01 9.999744240172944165e-01 9.999649461516737503e-01 9.999734224170613306e-01 9.999697158366329663e-01
9.999660702707300342e-01 9.999814787811901473e-01 9.999698338538448583e-01 9.999776522217271868e-01 9.999727488114883434e-01 9.999670909333151503e-01 9.999721148359643763e-01 9.999791782171163490e-01 9.999797919674048297e-01 9.999734389102020726e-01
9.999500847569509077e-01 9.999739775723670565e-01 9.999780211359938775e-01 9.999844983227486050e-01 9.999719375067638305e-01 9.999788348221625434e-01 9.999765510034505089e-01 9.999687769808693893e-01 9.999776990382355235e-01 9.999719908833419879e-01
9.999785039256032793e-01 9.999613993365890074e-01 9.999835455443975007e-01 9.999734833670609335e-01 9.999767698205137556e-01 9.999831614468956964e-01 9.999829630325139940e-01 9.999831310976755594e-01 9.999628828520653601e-01 9.999732715680091921e-01
9.999676191191052554e-01 9.999770234731584218e-01 9.999727645106836205e-01 9.999624756669911463e-01 9.999693217667181555e-01 9.999809378127224591e-01 9.999790127640947324e-01 9.999856410891607705e-01 9.999777516096138852e-01 9.999705197930023326e-01
9.999886556612319621e-01 9.999625498786797184e-01 9.999857395039620789e-01 9.999763403117686300e-01 9.999764699303828053e-01 9.999788525711830189e-01 9.999783552495883354e-01 9.999734471198152841e-01 9.999717736785221911e-01 9.999743828481088004e-01
9.999624006753753402e-01 9.999707288090347035e-01 9.999776991887391331e-01 9.999779589793597045e-01 9.999750017409876346e-01 9.999616952411144455e-01 9.999779620456646922e-01 9.999730118047428507e-01 9.999785671754038985e-01 9.999740167860386997e-01
9.999646895303094807e-01 9.999716907532849586e-01 9.999869281225083339e-01 9.999808663744813586e-01 9.999811831755497371e-01 9.999759134594045085e-01 9.999776434339500142e-01 9.999805874694388530e-01 9.999823925441099215e-01 9.999808397593882292e-01
9.999882329495219935e-01 9.999798611132257875e-01 9.999812959028300252e-01 9.999747102179928904e-01 9.999734027993604224e-01 9.999792442371250312e-01 9.999690785562339590e-01 9.999853332976386122e-01 9.999791290680287714e-01 9.999777804079766907e-01
9.999790040468304886e-01 9.999848822581418606e-01 9.999790560838114351e-01 9.999870711336112938e-01 9.999888371330657444e-01 9.999762903766991062e-01 9.999765986698128106e-01 9.999732334955235835e-01 9.999784313983083317e-01 9.999746572506098552e-01
9.999733172443978635e-01 9.999740747097166649e-01 9.999773622105698756e-01 9.999849741780754142e-01 9.999854220309789543e-01 9.999840780046804767e-01 9.999788368857328580e-01 9.999810194691940435e-01 9.999819393114388610e-01 9.999712661415144366e-01
9.999883196096870375e-01 9.999782417710780802e-01 9.999683760139654876e-01 9.999817059390322393e-01 9.999792613436110367e-01 9.999738450037571891e-01 9.999660560415435384e-01 9.999692307803224045e-01 9.999721552848528372e-01 9.999734120767493906e-01
9.999799849352042358e-01 9.999702379096929716e-01 9.999736250328543630e-01 9.999715249982207288e-01 9.999734356835291438e-01 9.999658321038593645e-01 9.999672134333743578e-01 9.999703051064042780e-01 9.999759052109458146e-01 9.999824241307400108e-01
9.999827889807193504e-01 9.999630519512339166e-01 9.999751530865746973e-01 9.999713142229167406e-01 9.999796510937155603e-01 9.999767402994651500e-01 9.999679538415758850e-01 9.999824787194275810e-01 9.999760792692948819e-01 9.999803558292309491e-01
9.999828894579202432e-01 9.999809818322188404e-01 9.999866263007424205e-01 9.999717577445187411e-01 9.999686749326143209e-01 9.999733628145698328e-01 9.999798997300058945e-01 9.999546838219397493e-01 9.999778562650835090e-01 9.999833257505208461e-01
9.999722827971273542e-01 9.999841480546751704e-01 9.999771368396731530e-01 9.999813173801763710e-01 9.999813462758436744e-01 9.999662392108459308e-01 9.999766520949600057e-01 9.999731551157384768e-01 9.999755624399905285e-01 9.999695436098728907e-01
9.999727512462894818e-01 9.999710923139654151e-01 9.999753571229483828e-01 9.999810239991134830e-01 9.999827713788670414e-01 9.999802372051027621e-01 9.999801189064798645e-01 9.999676918056834563e-01 9.999835910464901501e-01 9.999802476857685418e-01
9.999709640952690881e-01 9.999836771302226257e-01 9.999868092413589649e-01 9.999755000809211758e-01 9.999753114590538283e-01 9.999839136987352939e-01 9.999653580084303384e-01 9.999680175523918413e-01 9.999706582452980719e-01 9.999781667544216379e-01
9.999827417579599809e-01 9.999791851723951464e-01 9.999792102890247003e-01 9.999722631860833433e-01 9.999845740171032782e-01 9.999829361853235232e-01 9.999712860534878400e-01 9.999805606041850536e-01 9.999727674552324475e-01 9.999807045128653593e-01
9.999862436759356932e-01 9.999755057239261280e-01 9.999871916868944277e-01 9.999779334197991254e-01 9.999753617383391191e-01 9.999782374519267103e-01 9.999828358443052512e-01 9.999794704752065222e-01 9.999830471376245367e-01 9.999785565731168502e-01
9.999792565022073143e-01 9.999593796739545404e-01 9.999688933646561084e-01 9.999853355738884675e-01 9.999816581965234041e-01 9.999746767165226258e-01 9.999809062661999537e-01 9.999576094279375438e-01 9.999796324379085499e-01 9.999752586043040292e-01
9.999674029149845378e-01 9.999787322872298878e-01 9.999790034483346801e-01 9.999697910534601775e-01 9.999794025737028802e-01 9.999673643473455664e-01 9.999777517860365394e-01 9.999781549651868273e-01 9.999774473710549838e-01 9.999797542012666129e-01
9.999732432868928544e-01 9.999745980288025082e-01 9.999741017397303366e-01 9.999817776939352587e-01 9.999796916302824412e-01 9.999699289753196663e-01 9.999775796985500564e-01 9.999662137462581590e-01 9.999845121287699312e-01 9.999881280291434971e-01
9.999804884339514865e-01 9.999859932222664449e-01 9.999792018458730780e-01 9.999731143148912205e-01 9.999800717451212684e-01 9.999750912926901325e-01 9.999799934184170347e-01 9.999599746142111556e-01 9.999757601303241872e-01 9.999719906952725390e-01
9.999751127442423337e-01 9.999707720043313763e-01 9.999825711539219730e-01 9.999706570110790116e-01 9.999803437643147719e-01 9.999703845330131236e-01 9.999771631746882106e-01 9.999784321473745852e-01 9.999803272077877336e-01 9.999788446645136997e-01
9.999716069720008260e-01 9.999840893364233541e-01 9.999645500281093558e-01 9.999809286599655733e-01 9.999767519641334923e-01 9.999749413349187099e-01 9.999668260735268266e-01 9.999782507470353909e-01 9.999688925034936338e-01 9.999800490007803022e-01
9.999729351429460511e-01 9.999734324709400601e-01 9.999779079092291356e-01 9.999783990460000549e-01 9.999803221348714244e-01 9.999825405964224423e-01 9.999841655094224846e-01 9.999711683447787269e-01 9.999800437648803664e-01 9.999778766381102191e-01
9.999742729043665790e-01 9.999851741819338891e-01 9.999815580459866515e-01 9.999655713005310975e-01 9.999861165975317823e-01 9.999727074234743274e-01 9.999790317559685837e-01 9.999793426769959526e-01 9.999797274717601159e-01 9.999706251408585489e-01
9.999691397163724682e-01 9.999863987057339143e-01 9.999769342573950892e-01 9.999655612260744952e-01 9.999792190135767811e-01 9.999731811777118340e-01 9.999794126415718631e-01 9.999875866353602483e-01 9.999784971863128202e-01 9.999752410995622620e-01
9.999767482659513984e-01 9.999710431962927082e-01 9.999805854609555844e-01 9.999794884332594558e-01 9.999755222330052318e-01 9.999837499175815436e-01 9.999733943637039157e-01 9.999826935821843898e-01 9.999718206943318810e-01 9.999908498486721475e-01
9.999663488906666009e-01 9.999866315110919057e-01 9.999733853388752536e-01 9.999819332563550933e-01 9.999812051334725505e-01 9.999803229724141262e-01 9.999778785421689076e-01 9.999688687947019261e-01 9.999590284286997699e-01 9.999834718278785006e-01
9.999724267880109041e-01 9.999752181517297389e-01 9.999707795883370220e-01 9.999720106975439338e-01 9.999746705583153483e-01 9.999829648653555392e-01 9.999802836460388589e-01 9.999535594887666301e-01 9.999772625341062371e-01 9.999768020079801145e-01
9.999726493649223613e-01 9.999824704613393678e-01 9.999781884257519238e-01 9.999778964228329681e-01 9.999781333655844984e-01 9.999785919032975201e-01 9.999836259581852405e-01 9.999851423950921747e-01 9.999832420968168822e-01 9.999818680018855988e-01
9.999808946174331137e-01 9.999843196107899290e-01 9.999832243116418828e-01 9.999801320941430482e-01 9.999747805921812560e-01 9.999585210334958063e-01 9.999778875856557558e-01 9.999710085846593710e-01 9.999638593070979686e-01 9.999756220280020536e-01
9.999841628597327947e-01 9.999795517377383369e-01 9.999691497105211990e-01 9.999763082978566642e-01 9.999788195195030704e-01 9.999578860175113437e-01 9.999869003106618415e-01 9.999751169652364435e-01 9.999723770012632906e-01 9.999827852197806788e-01
9.999824524595470887e-01 9.999828108970865159e-01 9.999841304181789070e-01 9.999793540872796704e-01 9.999820502307589232e-01 9.999824347283365888e-01 9.999777129163088807e-01 9.999773137244694077e-01 9.999829528326174000e-01 9.999805589132390038e-01
9.999748789468890786e-01 9.999819720608407181e-01 9.999667911982675905e-01 9.999797602328278634e-01 9.999810946822396129e-01 9.999858147981901535e-01 9.999673979729503115e-01 9.999772917929008464e-01 9.999718239151791366e-01 9.999872730216634586e-01
9.999852929259666068e-01 9.999815236206140989e-01 9.999823066034516650e-01 9.999681356489296125e-01 9.999608236958589247e-01 9.999807466026645608e-01 9.999735929741450091e-01 9.999867801684114710e-01 9.999707621653145528e-01 9.999796835705079268e-01
9.999790600115300299e-01 9.999794940380858366e-01 9.999717500520106661e-01 9.999775361433048682e-01 9.999856198128577178e-01 9.999830114164900419e-01 9.999726544779152793e-01 9.999831757089853168e-01 9.999645981069943401e-01 9.999760737896562501e-01
9.999784352259432074e-01 9.999726416543839314e-01 9.999782780637331836e-01 9.999805329325816006e-01 9.999533309091805933e-01 9.999620818949483958e-01 9.999793118308405449e-01 9.999902649490545192e-01 9.999699664020846868e-01 9.999792071012914008e-01
9.999820190562356270e-01 9.999886695613530163e-01 9.999749788180738452e-01 9.999771695563915985e-01 9.999889914668478319e-01 9.999765665879334353e-01 9.999794711152901749e-01 9.999843321721597622e-01 9.999754856578333406e-01 9.999831790775869367e-01
9.999833613000699284e-01 9.999659293818810024e-01 9.999728215370534690e-01 9.999820990936670873e-01 9.999821644268734877e-01 9.999647358131498187e-01 9.999716164475338509e-01 9.999796348592707718e-01 9.999789132709757666e-01 9.999742636734199053e-01
9.999711553935484165e-01 9.999807582618740476e-01 9.999752495243934280e-01 9.999710747459792382e-01 9.999709045446104616e-01 9.999828787832300003e-01 9.999707832910337268e-01 9.999707851464572084e-01 9.999849359437739116e-01 9.999772651710111537e-01
9.999846120728674848e-01 9.999815488573617905e-01 9.999763408496511463e-01 9.999858211052826684e-01 9.999796100605053972e-01 9.999826406229158637e-01 9.999803253108171530e-01 9.999789520398093545e-01 9.999734280787383467e-01 9.999728792982716108e-01
9.999790847339551370e-01 9.999701786071240051e-01 9.999783559704086278e-01 9.999764256007437346e-01 9.999859893291577206e-01 9.999740994003490924e-01 9.999737650685636137e-01 9.999807618211868920e-01 9.999737664356113109e-01 9.999798312085824703e-01
9.999826293499979313e-01 9.999738901239125788e-01 9.999796310905071373e-01 9.999855500291158217e-01 9.999762348086771446e-01 9.999768674133006074e-01 9.999879874114347977e-01 9.999730483797798497e-01 9.999783387712382066e-01 9.999738345524379346e-01
9.999686428507548186e-01 9.999710196560057662e-01 9.999833034007881150e-01 9.999796465655049760e-01 9.999847043314248340e-01 9.999684580897078012e-01 9.999734621384587241e-01 9.999690992528038613e-01 9.999731985178509364e-01 9.999839226293947281e-01
9.999689557929174466e-01 9.999698009106517960e-01 9.999732134189381894e-01 9.999827655299046159e-01 9.999855623113338421e-01 9.999637203094685622e-01 9.999794247942793701e-01 9.999756369000007972e-01 9.999728791174455900e-01 9.999814375408579981e-01
9.999838602163619861e-01 9.999785354909052071e-01 9.999759801047944929e-01 9.999815123919074678e-01 9.999889434185014192e-01 9.999767618431879557e-01 9.999785740721482963e-01 9.999680778358812638e-01 9.999713269132525228e-01 9.999818098144835909e-01
9.999709628411873608e-01 9.999748490097637443e-01 9.999820632478589877e-01 9.999701333375735635e-01 9.999865398467551181e-01 9.999812828011560573e-01 9.999781282609878641e-01 9.999762340391414872e-01 9.999730948257963270e-01 9.999781786440408160e-01
9.999859827135750834e-01 9.999676339100325162e-01 9.999807554814489352e-01 9.999838016658777473e-01 9.999828654496571989e-01 9.999806550959685625e-01 9.999826361324297697e-01 9.999756969365222181e-01 9.999757239563097366e-01 9.999780363147634521e-01
9.999653188831416628e-01 9.999723752908286079e-01 9.999752792925220568e-01 9.999763702204147453e-01 9.999792893901661150e-01 9.999760440588421062e-01 9.999734660660137830e-01 9.999840807249485986e-01 9.999741012787264349e-01 9.999653129598480295e-01
9.999801710043694225e-01 9.999830414394857980e-01 9.999774475406210117e-01 9.999837668370100685e-01 9.999716831141702844e-01 9.999676861923824100e-01 9.999724649707144586e-01 9.999796613426735759e-01 9.999749383339091580e-01 9.999766462954386981e-01
9.999850057439122475e-01 9.999853839436659841e-01 9.999829262188163481e-01 9.999771256499829786e-01 9.999788447256374724e-01 9.999845583984423580e-01 9.999740068659811465e-01 9.999733062757980573e-01 9.999771492472895318e-01 9.999846307527593403e-01
9.999664941985324518e-01 9.999739880578105700e-01 9.999798494860882014e-01 9.999778132394283592e-01 9.999867008989342665e-01 9.999795573295785500e-01 9.999745555406271968e-01 9.999798803241105594e-01 9.999585633003945651e-01 9.999802796211013645e-01
9.999819032578211031e-01 9.999754917523790976e-01 9.999775651012939859e-01 9.999813453884230929e-01 9.999852276647107630e-01 9.999853227146491275e-01 9.999688511703397342e-01 9.999783750535587989e-01 9.999805858837421679e-01 9.999786662772965906e-01
9.999836815092633113e-01 9.999761420134307688e-01 9.999731270808505101e-01 9.999814077315158922e-01 9.999783447831379624e-01 9.999799057400674540e-01 9.999874973385289856e-01 9.999737000194826031e-01 9.999771736874343286e-01 9.999787154258744648e-01
9.999811705311915100e-01 9.999732006327672895e-01 9.999806006701207339e-01 9.999672735033815485e-01 9.999806992341329082e-01 9.999648505493105022e-01 9.999661701799317237e-01 9.999841089461491972e-01 9.999897473952804594e-01 9.999881840102683439e-01
9.999848103017142664e-01 9.999854201980342694e-01 9.999917754931602065e-01 9.999858404403485501e-01 9.999751772581221276e-01 9.999720090288107821e-01 9.999876269837384424e-01 9.999751846972626534e-01 9.999791973920316712e-01 9.999731976564768532e-01
9.999812136783334804e-01 9.999855458223653182e-01 9.999821734962314190e-01 9.999780877451677208e-01 9.999790490653311936e-01 9.999748284843785751e-01 9.999826457147763525e-01 9.999686303625840988e-01 9.999525765266232824e-01 9.999748771618376386e-01
9.999784731272401972e-01 9.999823226016832933e-01 9.999844729926947728e-01 9.999787545975246106e-01 9.999770867452412171e-01 9.999770949568649314e-01 9.999791494653713642e-01 9.999778181156459000e-01 9.999835560056490324e-01 9.999704346672123600e-01
9.999657087814018963e-01 9.999833224030385548e-01 9.999710001106084656e-01 9.999699180918784069e-01 9.999725034299600246e-01 9.999727729280922794e-01 9.999805412721030073e-01 9.999793612432227308e-01 9.999663252908034261e-01 9.999740217103555429e-01
9.999794206916311490e-01 9.999808405001172629e-01 9.999739660030984023e-01 9.999809500726556388e-01 9.999693047409365931e-01 9.999850368720085703e-01 9.999817796699406180e-01 9.999819372238767379e-01 9.999833113237592830e-01 9.999815604359925114e-01
9.999734936127169238e-01 9.999833269219717824e-01 9.999661761616398525e-01 9.999822271287229780e-01 9.999755145663694611e-01 9.999760105096532348e-01 9.999727363476017539e-01 9.999775451024083273e-01 9.999723905284287895e-01 9.999879353580101160e-01
9.999794375534111213e-01 9.999748958712727509e-01 9.999734757655983630e-01 9.999836209557462219e-01 9.999787351733903096e-01 9.999804754972756449e-01 9.999814977597321075e-01 9.999737476833191474e-01 9.999927236461817470e-01 9.999749865650440217e-01
9.999808224823919511e-01 9.999771022530459241e-01 9.999687757457007553e-01 9.999620915744648064e-01 9.999749132468710444e-01 9.999734330301679464e-01 9.999808127314576689e-01 9.999841682114729569e-01 9.999839123048643863e-01 9.999769637368175479e-01
9.999780993304643317e-01 9.999809484434224460e-01 9.999866051122957566e-01 9.999786942955052327e-01 9.999787026404490797e-01 9.999739272469861939e-01 9.999803722623581415e-01 9.999788900184777285e-01 9.999796594318444143e-01 9.999783818943389635e-01
9.999786200036973050e-01 9.999718954560727902e-01 9.999769877872443091e-01 9.999745795159049599e-01 9.999831199121792524e-01 9.999710567362332103e-01 9.999755235618043026e-01 9.999689176635964127e-01 9.999775090346437745e-01 9.999808006217125733e-01
9.999657901571994412e-01 9.999789817976061368e-01 9.999732852468845579e-01 9.999804241932057636e-01 9.999676939898315409e-01 9.999806540771812857e-01 9.999807367760565890e-01 9.999845680960197658e-01 9.999801502001827158e-01 9.999808752704828496e-01
9.999736706859336799e-01 9.999845631356384379e-01 9.999779855762768177e-01 9.999749920203134801e-01 9.999807859314309155e-01 9.999714787597728805e-01 9.999887067303641075e-01 9.999815320652785111e-01 9.999621469771181603e-01 9.999794032189320836e-01
9.999907360733536477e-01 9.999804470492255071e-01 9.999837042977062218e-01 9.999726889447826395e-01 9.999821575934288997e-01 9.999690188553166381e-01 9.999761649852111356e-01 9.999756422156930169e-01 9.999768100371504431e-01 9.999826190266939419e-01
9.999684538262322286e-01 9.999789150446486419e-01 9.999772440076755142e-01 9.999771744220832259e-01 9.999754747883581318e-01 9.999804054979920531e-01 9.999795893329755936e-01 9.999805909533669990e-01 9.999763827969361252e-01 9.999817277606728450e-01
9.999693100734300399e-01 9.999743725671524919e-01 9.999796642420195614e-01 9.999833018574506571e-01 9.999796812507376620e-01 9.999863249834540779e-01 9.999819619150123184e-01 9.999735807488149275e-01 9.999824881899851414e-01 9.999642486687120302e-01
9.999748478570839039e-01 9.999838133861845835e-01 9.999809152764945752e-01 9.999773970250042110e-01 9.999741845036197452e-01 9.999668949074038693e-01 9.999697534418192646e-01 9.999604435902531563e-01 9.999749807555753378e-01 9.999812026210033178e-01
9.999782369211730471e-01 9.999791508145305929e-01 9.999780509540669993e-01 9.999850655860771376e-01 9.999799658239343358e-01 9.999802776579870267e-01 9.999695291571550904e-01 9.999813253430462900e-01 9.999820914117041326e-01 9.999819300705647951e-01
9.999806036699593337e-01 9.999725771983373201e-01 9.999704250037084741e-01 9.999839083230597225e-01 9.999772560713884317e-01 9.999720619493950302e-01 9.999756701428251793e-01 9.999719280823906598e-01 9.999749810938238781e-01 9.999763697017436392e-01
9.999800723017600035e-01 9.999780308479558899e-01 9.999741523864958959e-01 9.999874480020259915e-01 9.999770639909165704e-01 9.999775911213670820e-01 9.999757655188868943e-01 9.999819081716686542e-01 9.999672883172646687e-01 9.999792596738800166e-01
9.999672850125433943e-01 9.999544483103496306e-01 9.999791685640100347e-01 9.999754194197970625e-01 9.999806210673898299e-01 9.999704896262817666e-01 9.999675247559132174e-01 9.999801061406272673e-01 9.999760578166747571e-01 9.999843932774789002e-01
9.999748407351749524e-01 9.999716986165430033e-01 9.999805763277652693e-01 9.999694581356585177e-01 9.999780520901997427e-01 9.999740515440985744e-01 9.999776925920624837e-01 9.999758382800673084e-01 9.999829624111390425e-01 9.999661468148375310e-01
9.999764166737172832e-01 9.999702652335668018e-01 9.999748651516180420e-01 9.999883851639239651e-01 9.999724826335348871e-01 9.999740516640748256e-01 9.999716405232743632e-01 9.999817389983384208e-01 9.999762065116514220e-01 9.999684844773930603e-01
9.999692916251540220e-01 9.999777655181969482e-01 9.999738131829870591e-01 9.999831167901279683e-01 9.999806974907804458e-01 9.999823960066587247e-01 9.999750923010096715e-01 9.999722533862057672e-01 9.999817765038507833e-01 9.999811016922340867e-01
9.999738230243955250e-01 9.999883584005392345e-01 9.999826094295034551e-01 9.999741785163535068e-01 9.999785070209528115e-01 9.999808466947118779e-01 9.999759836592682083e-01 9.999747460479776473e-01 9.999700761250980285e-01 9.999846817371113028e-01
9.999821514084731300e-01 9.999679058214058225e-01 9.999752478251993093e-01 9.999774846349012147e-01 9.999734410788004846e-01 9.999806050263650992e-01 9.999694882973994003e-01 9.999717046571059420e-01 9.999779213635235919e-01 9.999723436074119398e-01
9.999816016536505758e-01 9.999749406772644456e-01 9.999741809834661321e-01 9.999730710859711103e-01 9.999762531564529988e-01 9.999657489824831380e-01 9.999822277753604993e-01 9.999811332416281839e-01 9.999686129314998562e-01 9.999676001715963602e-01
9.999819914284714395e-01 9.999660247199483321e-01 9.999725754711162873e-01 9.999631153942190043e-01 9.999812421765631454e-01 9.999766623003799593e-01 9.999671403681117399e-01 9.999820898308546813e-01 9.999799089447390932e-01 9.999740186550817311e-01
9.999733187784309862e-01 9.999755882732238588e-01 9.999804583519072976e-01 9.999780642397982922e-01 9.999815414635385702e-01 9.999809118269618047e-01 9.999736662033515966e-01 9.999785083593852875e-01 9.999700289446470380e-01 9.999816111192160184e-01
9.999804382511802148e-01 9.999760958890226981e-01 9.999902328170040544e-01 9.999830145667126802e-01 9.999631645566177118e-01 9.999564461977759056e-01 9.999790273807194207e-01 9.999825047030935776e-01 9.999725853428111932e-01 9.999793977917124099e-01
