9.999888369283747025e-01 9.997542002058168453e-01 9.999691300968698293e-01 9.999628668765276895e-01 9.999572033167092311e-01 9.999561605917798301e-01 9.999577386623978992e-01 9.999643510490034970e-01 9.999378718489626561e-01 9.999699578883349815e-01
9.999478710011122651e-01 9.999400361632072576e-01 9.999457892223901911e-01 9.999620998991423093e-01 9.999858614711102378e-01 9.998755452333339955e-01 9.999649090874305202e-01 9.999624346275254316e-01 9.999695950859588400e-01 9.999394097445132301e-01
9.999165674265211301e-01 9.999595299367131096e-01 9.999793738067478399e-01 9.999031181856807837e-01 9.998755238336487494e-01 9.999728699373195973e-01 9.999388219441729397e-01 9.999463742996659299e-01 9.999340272129848550e-01 9.999328634147383044e-01
9.999610905875849776e-01 9.999223270968844446e-01 9.999839087263947546e-01 9.999785006394736886e-01 9.999402056249977466e-01 9.999106811128324335e-01 9.999753742525616662e-01 9.999378950741345529e-01 9.999229437875812865e-01 9.999777918264384224e-01
9.998421699400986684e-01 9.999821891875182445e-01 9.999431972535812729e-01 9.997349676515170369e-01 9.999717066423302603e-01 9.999591406254796366e-01 9.999201802965884678e-01 9.999491141874572442e-01 9.999246290187047137e-01 9.999537124412424260e-01
9.998933474447048164e-01 9.999417634710883185e-01 9.999577057208322017e-01 9.999626682635965880e-01 9.999704554900601394e-01 9.995051552723336341e-01 9.999599987743589269e-01 9.999649060396882394e-01 9.999132652306143010e-01 9.999309906350769550e-01
9.999629889943207894e-01 9.999094860845447741e-01 9.999776895900973628e-01 9.999397432752087367e-01 9.999358207872862669e-01 9.999711562116360142e-01 9.999445075779643810e-01 9.999703391501360006e-01 9.997502985396170549e-01 9.999680872753021754e-01
9.998783014569450067e-01 9.999408631163899663e-01 9.999728589640050069e-01 9.998708115920938999e-01 9.999096658029904550e-01 9.999568426016233191e-01 9.999348208906286839e-01 9.999220482380826169e-01 9.999009612224796228e-01 9.999603396748500961e-01
9.999193314327269322e-01 9.999399855197823594e-01 9.999870015588344652e-01 9.999734811769783738e-01 9.999808714694452538e-01 9.999447775570200481e-01 9.999698540195653962e-01 9.999422003766620382e-01 9.999233838683386777e-01 9.999570067705587650e-01
9.999541526050707008e-01 9.999812933853975405e-01 9.999401758485758629e-01 9.999658879005500767e-01 9.998800204768362176e-01 9.999433746379914334e-01 9.999301252938560536e-01 9.999444886116399811e-01 9.997873540253515712e-01 9.999770540745870351e-01
9.999186371052891653e-01 9.999503758275456455e-01 9.998992447892712798e-01 9.999218594075772737e-01 9.999580493853528207e-01 9.999873780008966540e-01 9.999425550221300307e-01 9.999798652211713268e-01 9.999466511353175546e-01 9.999799573176855194e-01
9.998173770309303210e-01 9.999420642648995106e-01 9.999224333435164924e-01 9.999511905505555909e-01 9.999605297897257161e-01 9.999642850348617884e-01 9.999603850163597540e-01 9.999659181237768868e-01 9.999804765607970269e-01 9.999001637505184892e-01
9.998324524476825959e-01 9.997303854882721996e-01 9.999641889209115453e-01 9.999774982120892552e-01 9.999306784977149976e-01 9.999276594907001714e-01 9.999600950925638942e-01 9.997828200291316580e-01 9.999337263549044064e-01 9.999433935480649405e-01
9.999287386285152790e-01 9.999468990132751589e-01 9.999499673561260682e-01 9.999399543663588519e-01 9.999429953929773740e-01 9.999186449033624635e-01 9.998663882195103492e-01 9.999661840674078928e-01 9.999473294849501315e-01 9.999070862436140184e-01
9.998958330542443429e-01 9.999279522049666635e-01 9.998512690333456465e-01 9.999542030383626878e-01 9.999626222778422724e-01 9.999679385935473785e-01 9.999640072168004545e-01 9.999107000875373519e-01 9.999469578015143245e-01 9.999401762181377995e-01
9.999492870458481786e-01 9.994271998531167878e-01 9.999624222281678909e-01 9.999753330133900331e-01 9.999725484658568142e-01 9.999625137394131391e-01 9.999750709147611216e-01 9.999686630929953690e-01 9.998580581603465633e-01 9.999716860100941185e-01
9.999648300058512351e-01 9.999627658871130809e-01 9.999611003194039949e-01 9.999825204184437100e-01 9.995021044854419667e-01 9.997407495474450734e-01 9.999657634092952163e-01 9.999585184240471492e-01 9.999635587124721114e-01 9.999580148307397609e-01
9.999613548662070750e-01 9.999333397842067317e-01 9.999612202486365398e-01 9.999661950294183033e-01 9.999416267917239365e-01 9.999714452159903511e-01 9.999815227437560683e-01 9.999626532369505494e-01 9.999213314120455331e-01 9.998859125252836932e-01
9.999819536793894681e-01 9.999193322641278803e-01 9.999220931539428703e-01 9.998919451746316467e-01 9.999354648254318301e-01 9.999352027202881299e-01 9.999035207477253717e-01 9.999214191520625628e-01 9.998944055057930047e-01 9.999470778243271241e-01
9.999199086374676027e-01 9.999499504428535079e-01 9.999447381381656452e-01 9.999629174982735957e-01 9.999051622060086686e-01 9.999467733413887061e-01 9.999361211978703423e-01 9.999729702039438228e-01 9.999411987911790423e-01 9.998143638161025581e-01
9.999565671573078518e-01 9.999066587696350261e-01 9.999379430695246596e-01 9.999574962710660042e-01 9.999556489955411243e-01 9.999330420661793895e-01 9.999245601519923810e-01 9.999317387323591877e-01 9.999775907926314877e-01 9.999632236092763637e-01
9.999615370396973679e-01 9.999637910074741232e-01 9.999139947902788705e-01 9.995448382385045960e-01 9.999368332639645418e-01 9.999500767116445976e-01 9.999235999506196348e-01 9.999483346826030239e-01 9.998986636394894267e-01 9.999550522093654248e-01
9.999036793297538805e-01 9.999648115902721734e-01 9.999300193459071950e-01 9.999339779560375563e-01 9.997922289127828543e-01 9.999151027313728513e-01 9.999836392686762832e-01 9.999832841996622035e-01 9.999800634424733659e-01 9.999820382094186666e-01
9.999518058278227262e-01 9.999558917613360354e-01 9.999015846365780780e-01 9.998096248065561076e-01 9.999604030292283952e-01 9.999296330884901440e-01 9.999279772011709921e-01 9.998677733823332359e-01 9.999636456286511432e-01 9.997743208229019629e-01
9.999654982519713409e-01 9.999765082159481899e-01 9.999482203342223707e-01 9.999441727245053091e-01 9.999605446377080042e-01 9.999657526120577788e-01 9.999541031226839571e-01 9.999686235030370574e-01 9.997594209954782096e-01 9.999204047752676683e-01
9.999484497100326053e-01 9.999466697734884502e-01 9.999751720637513053e-01 9.999344607992470824e-01 9.999291025065945027e-01 9.999359133885842299e-01 9.999156167490084179e-01 9.999756184568708850e-01 9.997659656390319727e-01 9.999616401091669937e-01
9.999057591260330780e-01 9.999642837749057600e-01 9.999027402082492078e-01 9.999461441210427681e-01 9.998869133534526998e-01 9.998958471176155882e-01 9.999769832298930350e-01 9.999412921867918413e-01 9.999742852352004885e-01 9.999781874940655291e-01
9.999539225003081233e-01 9.999573438026359007e-01 9.999436605354660168e-01 9.998724825838430919e-01 9.999554433477381155e-01 9.999394543617776687e-01 9.999779641812042152e-01 9.999465093629208434e-01 9.999575289532824929e-01 9.998712945118566342e-01
9.999634078127028758e-01 9.999013937271700181e-01 9.999549478488830578e-01 9.999335184274984467e-01 9.999326578228739937e-01 9.999460924836236497e-01 9.999766681649170375e-01 9.999527108970890366e-01 9.999735606912658614e-01 9.999454913448636573e-01
9.999026765467604605e-01 9.999721208445582210e-01 9.999585955964240824e-01 9.999480367441612172e-01 9.999606865480397122e-01 9.999659859444227639e-01 9.999004207800099575e-01 9.999473574424876388e-01 9.999730983493492209e-01 9.999785482688400284e-01
9.999768847284820072e-01 9.998999076581834844e-01 9.999688765074686847e-01 9.999337504945919886e-01 9.999573995499162482e-01 9.999732793653229868e-01 9.999500809991440642e-01 9.995887761476042188e-01 9.999835680347617384e-01 9.999816351866354092e-01
9.999710670608165097e-01 9.999652441192733443e-01 9.999425566570312451e-01 9.999908061954013716e-01 9.999226698256242774e-01 9.999841752335433265e-01 9.999718899232590275e-01 9.999739528093137819e-01 9.999716138073462268e-01 9.999706006025211869e-01
9.999781361966435522e-01 9.999413503000549319e-01 9.999185473180759454e-01 9.998648531255315275e-01 9.999714216854400650e-01 9.998891168632667581e-01 9.999401144542053865e-01 9.998182812901795780e-01 9.999776927111352354e-01 9.999298740867516022e-01
9.999668018724864327e-01 9.999092316434153860e-01 9.999493697515259294e-01 9.999399863542688394e-01 9.999148153365678970e-01 9.999520045489187492e-01 9.999102097817283985e-01 9.999665265598404185e-01 9.999860364264026025e-01 9.999627278923574059e-01
9.999634761638528380e-01 9.999573988115292300e-01 9.996570228954354542e-01 9.998681220099834288e-01 9.999126270609207667e-01 9.999477357439336966e-01 9.997934529569856288e-01 9.999698721232258558e-01 9.999620254512053830e-01 9.999122609262158790e-01
9.999666761253322989e-01 9.999623409195089740e-01 9.998470526510860878e-01 9.999754897594799186e-01 9.998434881918634165e-01 9.999519757909127726e-01 9.998940293322213790e-01 9.999548746279454114e-01 9.999718429386162954e-01 9.999731155860681620e-01
9.999854035509725403e-01 9.999876162558409831e-01 9.999899687490746425e-01 9.996231253676816086e-01 9.999584609287629489e-01 9.999529606942296756e-01 9.999678552917119490e-01 9.999283821237986425e-01 9.999058745763556022e-01 9.999828458736678138e-01
9.999237243571017508e-01 9.999695011367594200e-01 9.999439841134049045e-01 9.998954974191635037e-01 9.999805547105379278e-01 9.999646622507775140e-01 9.999692128855756090e-01 9.999152470580133789e-01 9.999587057726588846e-01 9.999687531771972449e-01
9.999179902964155930e-01 9.999482294006439842e-01 9.999640904442349543e-01 9.999715417035839327e-01 9.999714269875541461e-01 9.999394704045407867e-01 9.999498612121692220e-01 9.999089676043998454e-01 9.999509140841528199e-01 9.999767544508376682e-01
9.999765802365636613e-01 9.999611453112285941e-01 9.999222663405771261e-01 9.999423061038102967e-01 9.999022533033824489e-01 9.999809378188654341e-01 9.995895133653067699e-01 9.999040519583353159e-01 9.999811921883799970e-01 9.999725443341761499e-01
9.999324782273920631e-01 9.999305497534287657e-01 9.998603292922976227e-01 9.999562168925657524e-01 9.999252003681725620e-01 9.996153457898222516e-01 9.999542008014332684e-01 9.999440554980076890e-01 9.999832625976952105e-01 9.999458754044171505e-01
9.999692293429243151e-01 9.999659773484895764e-01 9.999734912774685958e-01 9.998807838226404510e-01 9.999724947020199872e-01 9.999255425432965749e-01 9.999630503722488628e-01 9.999270987458409587e-01 9.999231386361429053e-01 9.999436225486285634e-01
9.999466596309132260e-01 9.999391229087362110e-01 9.999412878581925845e-01 9.999151553744555221e-01 9.999649546638234021e-01 9.999404136712666258e-01 9.997350278376591071e-01 9.998445872685245428e-01 9.999428008743977969e-01 9.999520596292427177e-01
9.993770667723673728e-01 9.999539059946426223e-01 9.999703832782262936e-01 9.999241204279142314e-01 9.999641888237292831e-01 9.999701150377030556e-01 9.999419260828293909e-01 9.996216870513832120e-01 9.998910902806823486e-01 9.999531907149524779e-01
9.998431218919784369e-01 9.999418794964926027e-01 9.998777968109233694e-01 9.999650843259325628e-01 9.998629787147966796e-01 9.998882904329652321e-01 9.998627606395873446e-01 9.999461659832133975e-01 9.999710629006167695e-01 9.999788111798098011e-01
9.999053779386631868e-01 9.999776188175788505e-01 9.999613505130181546e-01 9.999542958181137919e-01 9.999671815741296710e-01 9.999393526747213379e-01 9.999366973365403366e-01 9.999462995945905819e-01 9.999168049207861619e-01 9.999394500334171099e-01
9.999131484997800801e-01 9.999815865439074525e-01 9.999409619519130654e-01 9.999575399202311754e-01 9.999620546782117536e-01 9.999727080692469849e-01 9.999469311778428349e-01 9.999692763923681005e-01 9.999273096445884246e-01 9.998227377696699003e-01
9.999641755155040945e-01 9.999485005641340907e-01 9.998569361454257010e-01 9.999653637852008448e-01 9.999255978441469184e-01 9.999714860664846716e-01 9.999543535031339969e-01 9.999511832974693482e-01 9.999721520558128018e-01 9.998866079662969142e-01
9.999326060220802281e-01 9.998963061985566281e-01 9.999738635343524695e-01 9.999713202633296882e-01 9.999706080183633494e-01 9.999051339731330756e-01 9.999387756310126329e-01 9.999656437359027983e-01 9.998840053066505584e-01 9.999111152976934980e-01
9.999084758328424805e-01 9.999818298036278197e-01 9.999610922442948580e-01 9.999771658495426596e-01 9.998303384785133252e-01 9.999554471433994562e-01 9.998241538011017893e-01 9.999417025871513154e-01 9.999215246964157089e-01 9.999353557106341883e-01
9.999795444799013389e-01 9.999754701005584279e-01 9.999709438893503721e-01 9.999700821927191008e-01 9.999058563337001049e-01 9.999195499536467358e-01 9.999477441163872049e-01 9.999544070206806134e-01 9.999651228215152843e-01 9.998964267513942294e-01
9.999282636829857074e-01 9.999611651129665102e-01 9.999619062515120449e-01 9.998627868548820574e-01 9.998927993283842630e-01 9.999504920248371009e-01 9.999208144279457811e-01 9.999576865143595672e-01 9.999655240074090123e-01 9.998772412458371006e-01
9.999614664764808758e-01 9.998007660163811261e-01 9.996817219055860182e-01 9.998648077469016737e-01 9.999606423917110076e-01 9.998924570007980961e-01 9.999681749684617982e-01 9.999384939604297751e-01 9.998124593313089115e-01 9.999564870667428940e-01
9.999754350003139391e-01 9.999140156195545082e-01 9.999734866651076581e-01 9.999512562339444299e-01 9.998736705751090081e-01 9.999564711801484096e-01 9.999138228765767078e-01 9.999816003199244463e-01 9.999722478938024572e-01 9.999662443791421662e-01
9.999324180005527696e-01 9.999606714127229345e-01 9.999065773707155325e-01 9.999449131730839824e-01 9.999734041179625388e-01 9.999788766869311951e-01 9.999638085563687939e-01 9.999690924957530536e-01 9.999391097661265437e-01 9.999787676344866760e-01
9.999544831787696708e-01 9.999485500685385553e-01 9.997965386739211535e-01 9.999483921259350039e-01 9.999001475931830196e-01 9.999601838299126966e-01 9.999503245295958687e-01 9.999499182447104673e-01 9.999706387840663346e-01 9.999716279566849275e-01
9.999129365438523820e-01 9.997235526361846203e-01 9.999709090811168544e-01 9.999106445464921444e-01 9.999658074149793130e-01 9.999210798428244118e-01 9.999670678233384402e-01 9.998149256330016721e-01 9.999511791773958436e-01 9.999223701386784624e-01
9.999730435293611164e-01 9.999841622761976856e-01 9.998547889749070938e-01 9.999077520968420174e-01 9.999762424941911476e-01 9.999317309729813807e-01 9.997976874136025316e-01 9.999607106231759301e-01 9.999724068880003758e-01 9.999825588928121789e-01
9.999598161452186718e-01 9.999732293448255760e-01 9.999222356322975402e-01 9.999731302114155396e-01 9.998915522413153179e-01 9.999401619479874048e-01 9.999795723925598567e-01 9.999274930265628081e-01 9.999139149906398627e-01 9.998742414911383491e-01
9.999569011738891344e-01 9.999390481110899120e-01 9.999694880493780191e-01 9.999631847770339421e-01 9.999781793897976057e-01 9.999545817356572108e-01 9.999719085120635231e-01 9.999434518257358517e-01 9.999581995539118529e-01 9.999649928918135089e-01
9.998931761796001627e-01 9.999781506746655557e-01 9.999512584031039486e-01 9.999502577470946729e-01 9.999713421619036424e-01 9.997477798290741458e-01 9.997896280428253402e-01 9.998788677698317029e-01 9.999689052109278498e-01 9.999642855124707408e-01
9.999729048443839474e-01 9.999608023048526251e-01 9.999100797727342727e-01 9.999844846049195102e-01 9.999793822043056002e-01 9.999651197164569627e-01 9.999849174591621814e-01 9.999398145281233052e-01 9.999574394630758034e-01 9.999552835385845384e-01
9.999555926441745513e-01 9.999543578485172723e-01 9.999687431384999270e-01 9.999705753388606899e-01 9.998819091036794671e-01 9.998619437980303948e-01 9.999772750521770392e-01 9.999652231455976592e-01 9.999669511402712319e-01 9.999351361359731793e-01
9.999379959958606401e-01 9.999812012148717733e-01 9.999592165207137340e-01 9.999032511893282127e-01 9.999553039175635982e-01 9.999521535714225307e-01 9.999759199209528049e-01 9.999167830563261417e-01 9.998855005036751953e-01 9.999506683762051651e-01
9.998907321420114069e-01 9.999897087798612638e-01 9.999680616257914378e-01 9.999437302146175766e-01 9.998900325225656971e-01 9.999284345885292025e-01 9.999651066021691959e-01 9.999379251503353050e-01 9.999727395507655991e-01 9.999497471753336919e-01
9.999152813299558851e-01 9.999321367062682375e-01 9.999765482709342956e-01 9.999702642320281720e-01 9.999339329520293695e-01 9.998835345204017955e-01 9.999269677486496422e-01 9.994612753969711605e-01 9.999624989350385240e-01 9.998111152136976987e-01
9.999471673634744429e-01 9.999557424739824452e-01 9.999574622664457735e-01 9.999125475670944674e-01 9.998571286660532520e-01 9.999534385892913102e-01 9.997233109696940234e-01 9.996931551698244878e-01 9.999590352482047306e-01 9.999499021065949567e-01
9.998270427777549152e-01 9.999430374723847770e-01 9.999590430080009806e-01 9.999172496465829063e-01 9.999353275027501597e-01 9.999614063820999599e-01 9.999335859338720489e-01 9.999411908734131549e-01 9.999392979004075865e-01 9.998438228346773204e-01
9.999692990063336895e-01 9.999164640253929148e-01 9.999694828780395506e-01 9.999695897987590509e-01 9.999573058331372444e-01 9.999855294857719068e-01 9.999800204903239731e-01 9.999666969308780295e-01 9.999336848098252517e-01 9.999836054546946684e-01
9.999066952342200443e-01 9.999842172207072943e-01 9.999340545998471885e-01 9.999618846763486113e-01 9.999448814281920450e-01 9.999402606806846450e-01 9.999686186029238533e-01 9.999360134710982839e-01 9.999864772615821851e-01 9.999533768561806868e-01
9.999647652880395698e-01 9.999761468047870805e-01 9.999577684556409940e-01 9.999547590460289292e-01 9.999741335450599289e-01 9.999708325917541218e-01 9.999301454342728324e-01 9.999290229987803924e-01 9.999141000840812143e-01 9.999859799085677459e-01
9.999661900590836039e-01 9.999779523146478111e-01 9.999702227592500714e-01 9.999580818530053872e-01 9.999657174230479617e-01 9.999258075296734161e-01 9.998710038597541372e-01 9.999554174457796485e-01 9.999831374605212542e-01 9.997989067741092084e-01
9.998703246660727295e-01 9.999308927119276991e-01 9.999715909770812150e-01 9.999462960639701192e-01 9.999685622644579608e-01 9.998245585642236977e-01 9.999319096977491439e-01 9.999550623668060911e-01 9.998952211077697383e-01 9.999447557468512660e-01
9.999495355825848142e-01 9.999519300852660608e-01 9.999416963191652963e-01 9.999751471511043599e-01 9.999622494059102751e-01 9.999325565241593550e-01 9.998933415765238752e-01 9.999199482686137452e-01 9.999629598044755818e-01 9.999345195091611238e-01
9.999614086820595160e-01 9.997620433619833769e-01 9.999679624976169912e-01 9.999780508813542745e-01 9.999723629062194918e-01 9.999675340976725835e-01 9.999408454340135144e-01 9.999754469310838667e-01 9.998192010032637134e-01 9.999150257114250984e-01
9.999492063056192315e-01 9.999296200480597419e-01 9.999159801553964000e-01 9.999417884043724225e-01 9.998369445760029173e-01 9.998234791756970274e-01 9.999769751966116615e-01 9.999604269609534413e-01 9.999074512850392171e-01 9.999186840532009457e-01
9.999207532031778589e-01 9.999504271421466584e-01 9.999323941965199136e-01 9.999584027757189020e-01 9.998583986739906226e-01 9.999715028705489228e-01 9.999653579550232818e-01 9.998864901361973478e-01 9.998338509880438929e-01 9.999605172925880581e-01
9.999637383324666562e-01 9.999027455002014175e-01 9.999599949345023830e-01 9.999659508638147898e-01 9.999414753956142876e-01 9.996859608187185220e-01 9.999428293284522429e-01 9.999517854368179526e-01 9.999555318120789682e-01 9.999469543915345815e-01
9.999525085162415117e-01 9.999752688641766474e-01 9.999561324139667473e-01 9.999696242539248825e-01 9.999470476855973899e-01 9.999145126498265590e-01 9.999602205290046841e-01 9.999532421426041706e-01 9.998918399287266556e-01 9.999796502491122840e-01
9.999850132185528206e-01 9.999277169092289919e-01 9.999508216050734255e-01 9.999444870954788955e-01 9.999435313394235969e-01 9.999666656525674213e-01 9.997938814737469260e-01 9.999716156232429931e-01 9.999493508805171738e-01 9.999517681711059813e-01
9.999515316456026870e-01 9.999389026365531619e-01 9.999681011572387757e-01 9.999749286476280474e-01 9.999695449591254892e-01 9.999438921056336138e-01 9.999619807447998054e-01 9.999641766400106935e-01 9.999859592714315237e-01 9.999629052118577111e-01
9.999018357168854010e-01 9.999560179348386812e-01 9.999565030528069220e-01 9.997396899984664076e-01 9.999755385256601237e-01 9.999815406988141753e-01 9.999695170636665464e-01 9.998750310828470322e-01 9.999672008669093781e-01 9.999813487773340226e-01
9.999795089512315549e-01 9.999611742225867905e-01 9.999541731216562424e-01 9.999634250793527634e-01 9.999648577023495521e-01 9.999346799598095581e-01 9.998066525862014942e-01 9.999364594331736633e-01 9.999715850445346499e-01 9.999719013958918712e-01
9.999647801699707017e-01 9.999634359267907113e-01 9.999651800579132388e-01 9.999675381833127430e-01 9.999652057211620981e-01 9.999836037730465144e-01 9.999503216677824158e-01 9.999605387938761414e-01 9.999361334423418901e-01 9.999445239712714262e-01
9.999036684168791655e-01 9.998911755810747648e-01 9.999462931783741348e-01 9.999469242484628762e-01 9.999727519139902654e-01 9.999433217214515057e-01 9.999310291108807203e-01 9.999528933136753173e-01 9.999563486922795619e-01 9.999474995404137312e-01
9.999187984320770939e-01 9.999357811094772286e-01 9.999870063966320721e-01 9.999396151128420174e-01 9.999646702964543055e-01 9.999176223508982053e-01 9.999542172936063400e-01 9.999437620290095863e-01 9.999325233466577201e-01 9.999055284889843964e-01
9.999613626798761201e-01 9.995351398894352091e-01 9.999171584703452353e-01 9.998563006047154200e-01 9.999618178533675739e-01 9.997698267639230085e-01 9.999687403613786163e-01 9.999533518774462726e-01 9.999663000645349076e-01 9.999809616895017905e-01
9.998247541231403135e-01 9.999748468128070167e-01 9.999418256477105027e-01 9.999467324978751348e-01 9.999815792986369578e-01 9.999742275204669406e-01 9.999388361677387094e-01 9.999367010939792522e-01 9.999743663724496301e-01 9.999772870338871078e-01
9.999375547199309544e-01 9.999417557270444679e-01 9.999475314197515674e-01 9.999303152679487328e-01 9.999423150700638141e-01 9.999679219202410874e-01 9.999694019718432525e-01 9.999316318416975324e-01 9.999729488571659219e-01 9.999690233244928894e-01
9.999591446416158380e-01 9.999670588945065441e-01 9.999647334539937260e-01 9.999351818388636515e-01 9.999284192074670008e-01 9.999233779707912273e-01 9.999708641677970133e-01 9.999760616531042645e-01 9.999644492926758055e-01 9.999517668874740028e-01
9.999346768053242185e-01 9.999495368715287658e-01 9.998947342423414320e-01 9.999349431146189460e-01 9.998741286029746433e-01 9.999622842831628056e-01 9.999823466707257191e-01 9.999781620500221013e-01 9.999776728634558465e-01 9.999766016342921393e-01
9.999462630358664228e-01 9.999243026377312438e-01 9.999617127435884711e-01 9.999650651038989313e-01 9.999458823879383562e-01 9.999725998310703412e-01 9.999745743087882222e-01 9.999406451002966767e-01 9.999548634382011691e-01 9.999573111624288080e-01
9.999684448753266564e-01 9.998839203210042603e-01 9.998532685707770540e-01 9.999736864622696952e-01 9.998617731091933303e-01 9.999808154275888761e-01 9.998837892905581004e-01 9.999766504715127402e-01 9.999560245293818150e-01 9.999802483314097490e-01
9.999325621940706732e-01 9.999747949282301596e-01 9.999541615314282428e-01 9.999802107888166036e-01 9.997179821321073856e-01 9.999557256560683838e-01 9.999647390241424016e-01 9.996634844369400863e-01 9.999455083532073907e-01 9.999588035011786058e-01
9.999030817815655059e-01 9.999833541916702817e-01 9.998497851481021881e-01 9.998778129446269647e-01 9.999705533572061933e-01 9.999765085027886302e-01 9.999548768583128577e-01 9.999575946378785885e-01 9.999894101716124695e-01 9.999877933366263516e-01
9.999419244278426877e-01 9.999262343001104059e-01 9.999243532146839808e-01 9.999618007974706568e-01 9.999467110121721403e-01 9.999795735474581448e-01 9.999402215746920897e-01 9.999423241325268163e-01 9.999533756182678035e-01 9.999462873185414047e-01
9.999311515621114310e-01 9.999575960133041397e-01 9.998741240142048348e-01 9.999358986195098220e-01 9.999188524169801973e-01 9.999779833187624201e-01 9.997954477473968149e-01 9.999737334085027074e-01 9.999255073249473380e-01 9.999644339120724590e-01
9.999514283457375807e-01 9.999564214003592300e-01 9.998881265075562075e-01 9.999836043979510869e-01 9.999113124843936884e-01 9.999709139728347740e-01 9.999651795844080038e-01 9.999814084871289088e-01 9.999782020229395219e-01 9.999001138406948819e-01
9.999145089144995113e-01 9.999406338152694307e-01 9.999746634437948201e-01 9.999500098647872148e-01 9.999321893727484145e-01 9.999619214292351232e-01 9.999766651712657106e-01 9.998796789876578384e-01 9.999426698470549324e-01 9.999023395137502934e-01
9.999530568185123203e-01 9.999606333785850953e-01 9.999748010816726929e-01 9.999688175247039013e-01 9.999715244648890167e-01 9.999525088186802524e-01 9.998840071765404680e-01 9.999804748842451296e-01 9.999824309287033142e-01 9.999833241426182573e-01
