9.999847172938672868e-01 9.999824152054438420e-01 9.999889369916605819e-01 9.999929664399308527e-01 9.999779994454005561e-01 9.999908614227722703e-01 9.999954742922820827e-01 9.999917206513979639e-01 9.999927065509119917e-01 9.999964829620038298e-01
9.999952265767632076e-01 9.999913716288306720e-01 9.999896756147080845e-01 9.999913962556153946e-01 9.999945485309749138e-01 9.999923401718775473e-01 9.999924298660836097e-01 9.999905149552724692e-01 9.999935787282439037e-01 9.999925257630286612e-01
9.999905222971882113e-01 9.999873360353587204e-01 9.999980237532445360e-01 9.999898371713114020e-01 9.999919151224359037e-01 9.999831410587801672e-01 9.999945097728278887e-01 9.999910925461109601e-01 9.999844641692720026e-01 9.999906205313402463e-01
9.999875291228224050e-01 9.999845559218154545e-01 9.999906210725605371e-01 9.999871401751396771e-01 9.999886167531557568e-01 9.999875195253133953e-01 9.999929864477243857e-01 9.999869742516245275e-01 9.999796684249865342e-01 9.999895611225559922e-01
9.999926869033162191e-01 9.999925432059258990e-01 9.999748516379585173e-01 9.999873057078908500e-01 9.999814930852504169e-01 9.999864838739089823e-01 9.999927720173197310e-01 9.999881212809316189e-01 9.999917498858879039e-01 9.999839482279506697e-01
9.999811916354730545e-01 9.999868818090225098e-01 9.999881942359863940e-01 9.999879876396865486e-01 9.999900149428769813e-01 9.999908329693356634e-01 9.999913857093214453e-01 9.999929747194321594e-01 9.999856436219818345e-01 9.999878198313320032e-01
9.999822128238750052e-01 9.999914991888181337e-01 9.999887370649348517e-01 9.999874336420683241e-01 9.999872303601927692e-01 9.999815815860667589e-01 9.999883597478069763e-01 9.999876081473833001e-01 9.999858079562747859e-01 9.999867768119705680e-01
9.999907860322820863e-01 9.999897049336086141e-01 9.999962108803173155e-01 9.999861423022767815e-01 9.999934308740464628e-01 9.999839913666603852e-01 9.999876590600219606e-01 9.999830375735914156e-01 9.999837958740136479e-01 9.999906213940866762e-01
9.999852402612536828e-01 9.999842975177226645e-01 9.999781975339295803e-01 9.999929744396887088e-01 9.999874497554930297e-01 9.999865244959752486e-01 9.999959415891056524e-01 9.999866410133587680e-01 9.999888750212200250e-01 9.999921981049900710e-01
9.999873898541951078e-01 9.999923519408829842e-01 9.999882247564690907e-01 9.999922502395756085e-01 9.999913906183911516e-01 9.999823080507043160e-01 9.999911048478886677e-01 9.999866193367068501e-01 9.999952869890040841e-01 9.999885239052003216e-01
9.999932719605041376e-01 9.999930810576009854e-01 9.999841614446051130e-01 9.999868714696259486e-01 9.999917952826469225e-01 9.999928234762971435e-01 9.999877168698775298e-01 9.999951027907585388e-01 9.999946957742980036e-01 9.999916422533626781e-01
9.999804504392159066e-01 9.999905137416862377e-01 9.999929150978136283e-01 9.999864587371856128e-01 9.999788818544980140e-01 9.999890835165183844e-01 9.999898098193182872e-01 9.999875564628346591e-01 9.999889322789426993e-01 9.999917099938300247e-01
9.999820627738966738e-01 9.999961351368513718e-01 9.999956538231881131e-01 9.999808339235894961e-01 9.999889158203271178e-01 9.999894994887181809e-01 9.999817744000963904e-01 9.999857266567108161e-01 9.999890559275583790e-01 9.999866121180972511e-01
9.999908121416278828e-01 9.999817055540001220e-01 9.999864107891766052e-01 9.999835614819142515e-01 9.999881034321395079e-01 9.999967125658004719e-01 9.999933967761375220e-01 9.999931382187803308e-01 9.999899510039708117e-01 9.999909003741310753e-01
9.999786218406782057e-01 9.999776060359838459e-01 9.999838395963824844e-01 9.999910664892175394e-01 9.999885316192137497e-01 9.999828307286258156e-01 9.999924932807778832e-01 9.999874538263147095e-01 9.999844487641560420e-01 9.999838131025138299e-01
9.999892371953665871e-01 9.999910988734003192e-01 9.999893459029493004e-01 9.999882761417729915e-01 9.999780657661893057e-01 9.999888684357314261e-01 9.999903658337671031e-01 9.999946780287892745e-01 9.999788089842407413e-01 9.999864517638569206e-01
9.999876270845882154e-01 9.999763776427234019e-01 9.999833500847534751e-01 9.999909242412376997e-01 9.999826901917553412e-01 9.999910967220352331e-01 9.999852208527212349e-01 9.999904323075976542e-01 9.999941931478124602e-01 9.999889957332551704e-01
9.999805420042422455e-01 9.999906625815714323e-01 9.999890688595330923e-01 9.999841582143192964e-01 9.999864356508260110e-01 9.999881215107276899e-01 9.999904787915612214e-01 9.999887316611538735e-01 9.999903007847320557e-01 9.999865255091204830e-01
9.999913536080297094e-01 9.999855504826086205e-01 9.999947377486962941e-01 9.999891420139258580e-01 9.999929611351289216e-01 9.999931607028079705e-01 9.999841546878805998e-01 9.999943678638635314e-01 9.999939012857017584e-01 9.999839371118457443e-01
9.999861683017221559e-01 9.999899984446117829e-01 9.999897846081045039e-01 9.999795233517165816e-01 9.999893933485547448e-01 9.999735042282796860e-01 9.999938080597811085e-01 9.999925617140572598e-01 9.999901240383182177e-01 9.999768654126972578e-01
9.999930745757299455e-01 9.999926456014895937e-01 9.999877570141231242e-01 9.999940032297329751e-01 9.999941419994352598e-01 9.999900270331251173e-01 9.999960492659748512e-01 9.999943098192719537e-01 9.999863448625128104e-01 9.999918402926543104e-01
9.999932341742172603e-01 9.999952059126586690e-01 9.999927253814440142e-01 9.999786629519705761e-01 9.999954869721460193e-01 9.999834138086903801e-01 9.999939374138856474e-01 9.999898415533353679e-01 9.999947633565955396e-01 9.999880463283952192e-01
9.999895807901998390e-01 9.999916071895245118e-01 9.999900285723615223e-01 9.999888164364959531e-01 9.999858414064879408e-01 9.999914052058418434e-01 9.999841097426477310e-01 9.999901548071717938e-01 9.999863622081113235e-01 9.999915318747781834e-01
9.999911896204516371e-01 9.999894456103090024e-01 9.999877834355969108e-01 9.999898324593472498e-01 9.999931603169378569e-01 9.999917316593807115e-01 9.999923434218211948e-01 9.999900152258434094e-01 9.999939304182277056e-01 9.999886292698353385e-01
9.999883875634729691e-01 9.999871699806459624e-01 9.999898974896911374e-01 9.999879702929505010e-01 9.999884550659858817e-01 9.999784949483406793e-01 9.999878947190237177e-01 9.999936784415049962e-01 9.999888483405177109e-01 9.999906249538746961e-01
9.999862216340731358e-01 9.999897331602142225e-01 9.999817050487735948e-01 9.999878303300182569e-01 9.999872066608791465e-01 9.999902978376599139e-01 9.999899897581626673e-01 9.999867144684339015e-01 9.999924246563161034e-01 9.999892307518438717e-01
9.999831431487518074e-01 9.999846240904112227e-01 9.999908938326910190e-01 9.999870052721171465e-01 9.999911267130764392e-01 9.999854933575034188e-01 9.999882723287107922e-01 9.999906743397123376e-01 9.999919771984675521e-01 9.999927109642844369e-01
9.999902739595443180e-01 9.999926856055848523e-01 9.999896792482241281e-01 9.999907719425970010e-01 9.999934208836326333e-01 9.999930217750855332e-01 9.999924048350526951e-01 9.999904844338662890e-01 9.999890714524019009e-01 9.999821498853711521e-01
9.999888060313942839e-01 9.999846196494764916e-01 9.999835074805092372e-01 9.999860635672001008e-01 9.999914415423453162e-01 9.999797025440556597e-01 9.999959881665523298e-01 9.999934082272887714e-01 9.999929232392872347e-01 9.999884697062842998e-01
9.999847944539204114e-01 9.999796790339386954e-01 9.999938699655807062e-01 9.999905774947679404e-01 9.999869577534568066e-01 9.999868615510771885e-01 9.999931363096316028e-01 9.999788332251440259e-01 9.999915333292039854e-01 9.999889785417584998e-01
9.999826044557911242e-01 9.999865640628256003e-01 9.999828847483613892e-01 9.999882208205020939e-01 9.999905432511824177e-01 9.999861691225299110e-01 9.999859409362537033e-01 9.999779017115270063e-01 9.999930515245065710e-01 9.999888587787850724e-01
9.999918386669449655e-01 9.999810802611781568e-01 9.999820520764794995e-01 9.999934627039877011e-01 9.999827297239706203e-01 9.999921453606428479e-01 9.999907236815737122e-01 9.999880699143928187e-01 9.999938876711492730e-01 9.999835306423937586e-01
9.999942006589119803e-01 9.999922715615603419e-01 9.999824584079886058e-01 9.999916370552174305e-01 9.999854962260478208e-01 9.999875634006600844e-01 9.999961723794095203e-01 9.999934166071580144e-01 9.999925400260767372e-01 9.999959869871712925e-01
9.999881723673583744e-01 9.999832594765077909e-01 9.999856208732005314e-01 9.999872675453047588e-01 9.999914105531814146e-01 9.999932072401871430e-01 9.999899963165393979e-01 9.999920309564552801e-01 9.999892308123711215e-01 9.999840598017095683e-01
9.999884179384703753e-01 9.999937815998729551e-01 9.999841355113801011e-01 9.999732005257498946e-01 9.999845321713274338e-01 9.999848281352983204e-01 9.999877148052099818e-01 9.999886245443513344e-01 9.999883481459982404e-01 9.999889401359550734e-01
9.999936369156042781e-01 9.999896928098206406e-01 9.999867452225622566e-01 9.999856052801447959e-01 9.999949012356091904e-01 9.999868262327071822e-01 9.999869826496056158e-01 9.999898284903634416e-01 9.999891997367589269e-01 9.999895765073598675e-01
9.999935972368196868e-01 9.999953368037117762e-01 9.999817722964549072e-01 9.999951487381808501e-01 9.999887168494628886e-01 9.999927497605776150e-01 9.999926539495718192e-01 9.999862860877299919e-01 9.999872755749871223e-01 9.999913275524199285e-01
9.999887448811752844e-01 9.999886864120104413e-01 9.999903334440007896e-01 9.999863734729035336e-01 9.999756939876178752e-01 9.999879626409432509e-01 9.999868070121166186e-01 9.999877655489203265e-01 9.999835761564289660e-01 9.999837986698578707e-01
9.999890924218617361e-01 9.999889365329727164e-01 9.999788608892636876e-01 9.999910756301593207e-01 9.999910016353761311e-01 9.999905783628403322e-01 9.999871852171104969e-01 9.999918855671190432e-01 9.999895296486398522e-01 9.999929033949256363e-01
9.999833416209907844e-01 9.999833258920860501e-01 9.999869553965691216e-01 9.999859330924928402e-01 9.999779991628667819e-01 9.999941036574582220e-01 9.999837762053029877e-01 9.999898386266560246e-01 9.999868040737156516e-01 9.999914438141185302e-01
9.999941861404112453e-01 9.999917598571490540e-01 9.999878188230829634e-01 9.999929810859560231e-01 9.999858840167684670e-01 9.999921805645790585e-01 9.999915632545205435e-01 9.999927816276155124e-01 9.999898984781485645e-01 9.999920067388431422e-01
9.999957629956365279e-01 9.999914633601681979e-01 9.999922733088107973e-01 9.999950912758605037e-01 9.999932450944942763e-01 9.999853969453817992e-01 9.999892347402843384e-01 9.999730050598699682e-01 9.999933967715778360e-01 9.999834828046034740e-01
9.999899191743308879e-01 9.999886486714513190e-01 9.999849019968746200e-01 9.999892753566109738e-01 9.999851323483667231e-01 9.999893852065890876e-01 9.999894451030281184e-01 9.999936038036378871e-01 9.999915190327614001e-01 9.999879823953435887e-01
9.999903323406111877e-01 9.999884851858793500e-01 9.999890088281773171e-01 9.999797534834744539e-01 9.999889305838797204e-01 9.999917654776292464e-01 9.999890394999002563e-01 9.999937408712762377e-01 9.999874425971096992e-01 9.999914426151631508e-01
9.999844413909475538e-01 9.999828160343481320e-01 9.999877475580853936e-01 9.999916099206477282e-01 9.999703762452079037e-01 9.999778340661307219e-01 9.999875954968890923e-01 9.999853882203049160e-01 9.999909325570965901e-01 9.999887181811050185e-01
9.999785460633552336e-01 9.999933183588458618e-01 9.999921554893960174e-01 9.999768504972963434e-01 9.999799579813002381e-01 9.999969146945605347e-01 9.999805061732628397e-01 9.999896928348034342e-01 9.999935149518188737e-01 9.999926143586269633e-01
9.999929037300847590e-01 9.999921679550489717e-01 9.999942451806881349e-01 9.999926292316100307e-01 9.999878466202153371e-01 9.999863848150698509e-01 9.999915629741708001e-01 9.999874219101096973e-01 9.999929512549626809e-01 9.999871826642897643e-01
9.999884812602541917e-01 9.999918109705306923e-01 9.999808455753368408e-01 9.999942054941998171e-01 9.999950147284144553e-01 9.999927155022549918e-01 9.999786442466563896e-01 9.999954346215331746e-01 9.999901099929712212e-01 9.999941689407705336e-01
9.999938610278609197e-01 9.999878606365740774e-01 9.999901576539212966e-01 9.999871678201549541e-01 9.999846766311323298e-01 9.999871905304843489e-01 9.999904606074635494e-01 9.999964715583763430e-01 9.999901561884494416e-01 9.999922081790396655e-01
9.999786168205030412e-01 9.999903887210409570e-01 9.999888419050950716e-01 9.999949372649875601e-01 9.999942997179445126e-01 9.999874649834066265e-01 9.999892780923168578e-01 9.999911581950969852e-01 9.999857364032480600e-01 9.999798002831934429e-01
9.999919007636098867e-01 9.999899701645774686e-01 9.999866183325911706e-01 9.999916039497556142e-01 9.999935302404723281e-01 9.999921225520247425e-01 9.999758375022942403e-01 9.999879041571262395e-01 9.999872148351197643e-01 9.999758774858229504e-01
9.999885836696668084e-01 9.999858473768773459e-01 9.999914723337470779e-01 9.999896935346436200e-01 9.999937910836819155e-01 9.999868665272780843e-01 9.999886641368664897e-01 9.999919033197584017e-01 9.999900057979955736e-01 9.999781201244506423e-01
9.999915503327116983e-01 9.999926076971540345e-01 9.999878318310050362e-01 9.999919979004044945e-01 9.999891540653544908e-01 9.999879185560920369e-01 9.999916005620861359e-01 9.999928054355196050e-01 9.999873692101312050e-01 9.999895112495756910e-01
9.999953378873798204e-01 9.999830440556124467e-01 9.999932737961731988e-01 9.999902021617953496e-01 9.999966066836120104e-01 9.999883256444096480e-01 9.999919618385482156e-01 9.999880035915108545e-01 9.999913528259272155e-01 9.999893223809755982e-01
9.999884626512920427e-01 9.999919726574680867e-01 9.999854849139115931e-01 9.999962480762185635e-01 9.999903004688448505e-01 9.999848454516474527e-01 9.999862234417371543e-01 9.999854279526344536e-01 9.999899017559100711e-01 9.999845596270312553e-01
9.999891819860662334e-01 9.999900419312831579e-01 9.999820783826972592e-01 9.999674008248363721e-01 9.999882424000398062e-01 9.999873170613480244e-01 9.999898931415199810e-01 9.999902010701630095e-01 9.999882827422766907e-01 9.999853553910241777e-01
9.999905274060089111e-01 9.999897095915832868e-01 9.999887247065200047e-01 9.999892203671234547e-01 9.999907630220963295e-01 9.999881705024238343e-01 9.999911113028036036e-01 9.999795118567640362e-01 9.999900618216578385e-01 9.999819514058703174e-01
9.999843527426123257e-01 9.999828598940557756e-01 9.999778703620114673e-01 9.999790798935266345e-01 9.999832704597603206e-01 9.999896786231216028e-01 9.999909924861837274e-01 9.999897930293805137e-01 9.999930131986171089e-01 9.999881013729208235e-01
9.999805215428720917e-01 9.999861213839793539e-01 9.999891323560492484e-01 9.999864505940608828e-01 9.999819591670868757e-01 9.999842884084342298e-01 9.999894163838314309e-01 9.999933429487721792e-01 9.999887994967088245e-01 9.999899896063849658e-01
9.999924797782659969e-01 9.999909762771369559e-01 9.999863605685501700e-01 9.999943754598207279e-01 9.999816907118703746e-01 9.999883699298238726e-01 9.999868836304395270e-01 9.999909506528581460e-01 9.999911257477617221e-01 9.999882102067796374e-01
9.999893719977286377e-01 9.999842139008255915e-01 9.999849407432781501e-01 9.999939644848776510e-01 9.999914676614782838e-01 9.999933705780418292e-01 9.999908835894477654e-01 9.999950551912472063e-01 9.999937828605277579e-01 9.999887197314002441e-01
9.999868032848263644e-01 9.999771042996270509e-01 9.999901523940988302e-01 9.999890449911214008e-01 9.999885316955984260e-01 9.999797720831214987e-01 9.999816291843819371e-01 9.999830139086726133e-01 9.999878115109284149e-01 9.999905963466301229e-01
9.999927433082457240e-01 9.999814743924874128e-01 9.999968650970822992e-01 9.999943018639295689e-01 9.999910234041929913e-01 9.999920865637359491e-01 9.999845971649954368e-01 9.999836710613274615e-01 9.999922807099148603e-01 9.999898234206390235e-01
9.999956651240391459e-01 9.999929881674922694e-01 9.999893705107484321e-01 9.999872170162459328e-01 9.999794023811622301e-01 9.999930853615977000e-01 9.999953766212117401e-01 9.999860540155577349e-01 9.999845562094307194e-01 9.999870660838420244e-01
9.999868433306218218e-01 9.999935730586035909e-01 9.999886176489298784e-01 9.999864285046731194e-01 9.999854115375507169e-01 9.999910306621593303e-01 9.999755661111074945e-01 9.999898034988246032e-01 9.999887556083691953e-01 9.999910776445158911e-01
9.999888678943075204e-01 9.999849192253327246e-01 9.999791928651063921e-01 9.999942864894459937e-01 9.999886695915258805e-01 9.999899297577439228e-01 9.999894234927640957e-01 9.999864973884597941e-01 9.999864790469339404e-01 9.999929111991030517e-01
9.999788376316987026e-01 9.999931224899957227e-01 9.999795128724351390e-01 9.999867732764726735e-01 9.999829600059758627e-01 9.999918979166518840e-01 9.999837327751730509e-01 9.999880931248958937e-01 9.999879740099829606e-01 9.999879806107019320e-01
9.999946558510749428e-01 9.999956342555457178e-01 9.999895279737157638e-01 9.999889190177682075e-01 9.999872732888250848e-01 9.999861597119111822e-01 9.999930465928800194e-01 9.999863128093547937e-01 9.999855387535688811e-01 9.999912267220202322e-01
9.999882804829876015e-01 9.999927089187925500e-01 9.999907063432190713e-01 9.999868559757520980e-01 9.999965144312963350e-01 9.999847898324409901e-01 9.999942576927719484e-01 9.999920242429676254e-01 9.999851759844144983e-01 9.999870331309353988e-01
9.999885568574039540e-01 9.999933018334357104e-01 9.999893781584757724e-01 9.999836202993611645e-01 9.999925232028390454e-01 9.999958329751300612e-01 9.999876426780101024e-01 9.999898898199318653e-01 9.999927543408467789e-01 9.999873184532921400e-01
9.999892342732880079e-01 9.999902836640953696e-01 9.999906807808417453e-01 9.999882923652098077e-01 9.999874449745580485e-01 9.999924526951643466e-01 9.999914572123248524e-01 9.999874770880600172e-01 9.999930333349915657e-01 9.999926718280599536e-01
9.999975911130455364e-01 9.999884045402028798e-01 9.999870955432935693e-01 9.999926356991504228e-01 9.999676999259267118e-01 9.999808410847633722e-01 9.999926727828801765e-01 9.999860010220841255e-01 9.999833843418997059e-01 9.999922638078060366e-01
9.999862907126428890e-01 9.999908817656979476e-01 9.999852193636085129e-01 9.999942687003425812e-01 9.999914405173326859e-01 9.999937154567211106e-01 9.999920941339210945e-01 9.999873725953200010e-01 9.999903500874696149e-01 9.999875885769539119e-01
9.999802565525418574e-01 9.999875943231524289e-01 9.999872268774464557e-01 9.999921861558908054e-01 9.999788343122981704e-01 9.999889049466376134e-01 9.999866229934607498e-01 9.999852803395891110e-01 9.999895831822471770e-01 9.999901550216456769e-01
9.999910680109436178e-01 9.999939188134694401e-01 9.999936124366803902e-01 9.999903923378503645e-01 9.999916620734285999e-01 9.999849147619795930e-01 9.999901145726287632e-01 9.999911615247500940e-01 9.999893737000665750e-01 9.999890481815101317e-01
9.999959365068713524e-01 9.999891404316266774e-01 9.999898612814208665e-01 9.999799696643255631e-01 9.999863934685340183e-01 9.999867033267060279e-01 9.999937163224625891e-01 9.999834191215131174e-01 9.999974539739410195e-01 9.999884882667999797e-01
9.999735554699935580e-01 9.999812397063126967e-01 9.999854552283732323e-01 9.999834353015703003e-01 9.999856597857511575e-01 9.999910647756579118e-01 9.999883946675632851e-01 9.999837258590894562e-01 9.999887920807321029e-01 9.999881016616687379e-01
9.999901533613541060e-01 9.999937682084555357e-01 9.999949013043369916e-01 9.999912863659365936e-01 9.999896003002537448e-01 9.999846063756249182e-01 9.999908982182560413e-01 9.999875672022505713e-01 9.999853843785567742e-01 9.999842172750615932e-01
9.999899747880252043e-01 9.999924125676508124e-01 9.999884964506140506e-01 9.999910233817170813e-01 9.999832463213927936e-01 9.999909598124915311e-01 9.999916581680660110e-01 9.999849442958191892e-01 9.999941900574657039e-01 9.999917754749026999e-01
9.999942586114061172e-01 9.999899984237872186e-01 9.999927936135534212e-01 9.999896855142841323e-01 9.999883384906431694e-01 9.999834132024041367e-01 9.999863675564500953e-01 9.999895594546485134e-01 9.999897215869018030e-01 9.999919047882351864e-01
9.999904218137275480e-01 9.999874764893804668e-01 9.999881745382531717e-01 9.999728356836337095e-01 9.999901921479971145e-01 9.999941361694956177e-01 9.999954554473344803e-01 9.999901344987284224e-01 9.999841729356412356e-01 9.999922838278235693e-01
9.999876177690757428e-01 9.999911488040310603e-01 9.999876649834659181e-01 9.999918025502004815e-01 9.999869871244003727e-01 9.999931060788271875e-01 9.999885915149785420e-01 9.999858257406352147e-01 9.999915214958184917e-01 9.999824321816678241e-01
9.999842027510252862e-01 9.999851299065319887e-01 9.999887600636309104e-01 9.999886100951465018e-01 9.999883426140662168e-01 9.999805297950395966e-01 9.999884270844742185e-01 9.999844073975102665e-01 9.999952746243986335e-01 9.999926429687876483e-01
9.999918065377702003e-01 9.999939988008593739e-01 9.999860286155440869e-01 9.999837365437087566e-01 9.999849799646624016e-01 9.999865842681381345e-01 9.999921889117453500e-01 9.999876409316789116e-01 9.999876060588389626e-01 9.999926964573860877e-01
9.999873662689932052e-01 9.999906809406198249e-01 9.999885277374799264e-01 9.999792447345851043e-01 9.999867589344010321e-01 9.999950770507944897e-01 9.999913404794938954e-01 9.999902558318681800e-01 9.999782631503648656e-01 9.999874568580727763e-01
9.999893838498387089e-01 9.999919647939191636e-01 9.999826883459171922e-01 9.999910819593420541e-01 9.999916018095703629e-01 9.999889449939775021e-01 9.999878091030935945e-01 9.999954895738091265e-01 9.999897297076171254e-01 9.999906710191180936e-01
9.999915300970368959e-01 9.999852614792016370e-01 9.999863721598188926e-01 9.999882644723749880e-01 9.999886840353909845e-01 9.999896286274599921e-01 9.999801819136378001e-01 9.999939095223009389e-01 9.999911620653664235e-01 9.999846811812248548e-01
9.999858005251481829e-01 9.999876407815829760e-01 9.999947188102261686e-01 9.999902772629462033e-01 9.999864405251949195e-01 9.999931603885736653e-01 9.999940931443014325e-01 9.999870307153715387e-01 9.999913102643300800e-01 9.999928129404371813e-01
9.999831550489169940e-01 9.999791917586359213e-01 9.999928204448782498e-01 9.999889987926721124e-01 9.999900741632347101e-01 9.999883084565727165e-01 9.999925492996695198e-01 9.999904180768977024e-01 9.999868707676498047e-01 9.999845050164287708e-01
9.999946017353447125e-01 9.999892003443776600e-01 9.999872755344101360e-01 9.999821339234941098e-01 9.999825598190045239e-01 9.999869455191189305e-01 9.999806293331191531e-01 9.999788965687712583e-01 9.999938830298412684e-01 9.999910450160213182e-01
9.999950487781346098e-01 9.999894498358254946e-01 9.999904217755668512e-01 9.999927951363157819e-01 9.999923955257412622e-01 9.999880137838123018e-01 9.999885696841646077e-01 9.999864610365001294e-01 9.999928228773519168e-01 9.999870033171041062e-01
9.999942218657330573e-01 9.999846432516569239e-01 9.999937571715470375e-01 9.999955373881113108e-01 9.999922484159039504e-01 9.999923804053103549e-01 9.999870796305233567e-01 9.999851594317414882e-01 9.999866002056841952e-01 9.999872289451908758e-01
9.999921683338001133e-01 9.999829911213904410e-01 9.999853948498624856e-01 9.999869895994479840e-01 9.999905859432963728e-01 9.999898133486686547e-01 9.999885193751918422e-01 9.999951323464721931e-01 9.999881797631785529e-01 9.999865295865686399e-01
9.999933870244469558e-01 9.999883884461444605e-01 9.999908759340265796e-01 9.999823085381156496e-01 9.999941927726945234e-01 9.999928579624755010e-01 9.999865172535885582e-01 9.999914929802673491e-01 9.999885758052690088e-01 9.999875327936844638e-01
9.999863766987309166e-01 9.999915841506659131e-01 9.999905549102782176e-01 9.999834050736042812e-01 9.999912384762389417e-01 9.999912247176299118e-01 9.999937131134278845e-01 9.999913922735822469e-01 9.999912891984662489e-01 9.999878464851120752e-01
9.999891402159674092e-01 9.999959972856988788e-01 9.999930535275693977e-01 9.999948885583996860e-01 9.999902657871342360e-01 9.999851605513881969e-01 9.999872342575669704e-01 9.999845912071029241e-01 9.999788887345469890e-01 9.999898662318627007e-01
9.999915949266651172e-01 9.999824405420048024e-01 9.999756521975753376e-01 9.999942937317525260e-01 9.999952713563137197e-01 9.999827032981509767e-01 9.999894514675787827e-01 9.999964862846321134e-01 9.999743159438339024e-01 9.999916594560835925e-01
9.999946721243679892e-01 9.999902570091058207e-01 9.999953388610153260e-01 9.999901831700638288e-01 9.999894562564063394e-01 9.999886681682341738e-01 9.999905249553178166e-01 9.999893872874593415e-01 9.999641506655507772e-01 9.999894408390810341e-01
9.999847138393226365e-01 9.999874714929984920e-01 9.999906640097967481e-01 9.999912030322037904e-01 9.999887187773192077e-01 9.999872007312874400e-01 9.999891495461065150e-01 9.999922660095009741e-01 9.999901992679565144e-01 9.999902569071479341e-01
9.999926775003400437e-01 9.999828384685496285e-01 9.999961079078828474e-01 9.999900813650335341e-01 9.999834267620568706e-01 9.999906189137957035e-01 9.999884431242321847e-01 9.999882042427362672e-01 9.999893128634029793e-01 9.999917455080916673e-01
