9.999403172074133872e-01 9.999598104944913413e-01 9.999607735502112904e-01 9.999555262554457036e-01 9.999543005989206534e-01 9.999500206433077354e-01 9.999587455423665228e-01 9.999447673362900080e-01 9.999569494562149385e-01 9.999449023861263219e-01
9.999650862849843724e-01 9.999546680206997662e-01 9.999512474156343478e-01 9.999576409581598657e-01 9.999561333705956345e-01 9.999423775400611003e-01 9.999548753116628275e-01 9.999474890800357230e-01 9.999607028955075361e-01 9.999695751104917818e-01
9.999511436007042509e-01 9.999527625652072649e-01 9.999572120633857253e-01 9.999704854875579585e-01 9.999579059234516842e-01 9.999425878750136665e-01 9.999483387117300559e-01 9.999296718192586253e-01 9.999439261785277866e-01 9.999595978754736159e-01
9.999550448136044212e-01 9.999697541016920876e-01 9.999480352666259009e-01 9.999584126050116151e-01 9.999549955421102032e-01 9.999461050797663342e-01 9.999550352298764988e-01 9.999600329908470142e-01 9.999379366626666155e-01 9.999664074714071926e-01
9.999394967856355398e-01 9.999524852607866165e-01 9.999678267005928101e-01 9.999564908974718502e-01 9.999662513254129470e-01 9.999632805270060043e-01 9.999607622202818513e-01 9.999635464880147762e-01 9.999543216795685474e-01 9.999498202675699554e-01
9.999512108497180529e-01 9.999290844056142324e-01 9.999652889554383473e-01 9.999555284069316929e-01 9.999579441646265776e-01 9.999555033695471939e-01 9.999574241203025293e-01 9.999488749196481230e-01 9.999468762151532131e-01 9.999649182874625897e-01
9.999539358929778743e-01 9.999580948622647236e-01 9.999591681480037852e-01 9.999463679739570843e-01 9.999643550905187306e-01 9.999474581774717707e-01 9.999378164590779772e-01 9.999476747226336837e-01 9.999643698573091877e-01 9.999637185363623448e-01
9.999547395481970247e-01 9.999664937882866145e-01 9.999579092690994431e-01 9.999673702871128000e-01 9.999541638789174458e-01 9.999628798826605269e-01 9.999666793081787297e-01 9.999602368709950007e-01 9.999629002359726737e-01 9.999543961986867568e-01
9.999617755038648914e-01 9.999628148022378094e-01 9.999550121371469924e-01 9.999524432744146818e-01 9.999571203014296916e-01 9.999549873702414660e-01 9.999415029294778101e-01 9.999663353629154594e-01 9.999386031505211880e-01 9.999315256662030249e-01
9.999702326045182277e-01 9.999622230983463700e-01 9.999573132755846805e-01 9.999594463571377378e-01 9.999670619222698065e-01 9.999396928094469450e-01 9.999469815681605311e-01 9.999525601680292475e-01 9.999695487997478649e-01 9.999603391295376342e-01
9.999497298285839886e-01 9.999470555816093453e-01 9.999520172743374680e-01 9.999502689992902926e-01 9.999376945654517845e-01 9.999556297513026992e-01 9.999541270676554072e-01 9.999490859125104159e-01 9.999135454874369389e-01 9.999632542499962140e-01
9.999591703808153875e-01 9.999526258296539405e-01 9.999518029207069558e-01 9.999627891216512632e-01 9.999558902799430271e-01 9.999534722893905769e-01 9.999578260328163548e-01 9.999518087116544551e-01 9.999655282234184428e-01 9.999532062469110860e-01
9.999598188197204029e-01 9.999605027229547805e-01 9.999539491034545868e-01 9.999431358555993521e-01 9.999528251736107265e-01 9.999481164196877270e-01 9.999682481591505301e-01 9.999354669691662423e-01 9.999434814565890672e-01 9.999613149881630969e-01
9.999648160918434003e-01 9.999559839967648855e-01 9.999604062477263078e-01 9.999545890146730454e-01 9.999577411396174398e-01 9.999417246015386285e-01 9.999444495719016501e-01 9.999516085609880811e-01 9.999508128144223296e-01 9.999611987337054808e-01
9.999575273353914495e-01 9.999543157651548109e-01 9.999546609049263513e-01 9.999408580420060533e-01 9.999631647277718027e-01 9.999487369512755075e-01 9.999446045257756044e-01 9.999474657272610090e-01 9.999632115447405489e-01 9.999453709747059271e-01
9.999594649540327618e-01 9.999528015659092661e-01 9.999635195576531688e-01 9.999550426280892079e-01 9.999497892251236753e-01 9.999519126824393256e-01 9.999610902774400678e-01 9.999492422856972595e-01 9.999495160308067288e-01 9.999464162331705985e-01
9.999525534462271326e-01 9.999418886566738829e-01 9.999549938005476424e-01 9.999637943703623133e-01 9.999670196407521860e-01 9.999522769216996343e-01 9.999343205914547061e-01 9.999356556599670043e-01 9.999659066027588583e-01 9.999510164749497720e-01
9.999559621044299407e-01 9.999501700463332421e-01 9.999508474559741789e-01 9.999557445860295379e-01 9.999587537852776542e-01 9.999675756767236745e-01 9.999549490403017993e-01 9.999501670321283564e-01 9.999468009676852898e-01 9.999469672806946541e-01
9.999642604534317858e-01 9.999515203732330937e-01 9.999568710848455444e-01 9.999651450009694464e-01 9.999638893697737618e-01 9.999618589060278451e-01 9.999555600837333191e-01 9.999457437159037232e-01 9.999387529241792194e-01 9.999527341381665435e-01
9.999495047551307803e-01 9.999517139483400374e-01 9.999443864635378931e-01 9.999672562861885439e-01 9.999666362399520780e-01 9.999755325156061136e-01 9.999594956565767134e-01 9.999441225493136409e-01 9.999697848233614073e-01 9.999594171944622412e-01
9.999527805198860086e-01 9.999520266240765620e-01 9.999567765136279096e-01 9.999460649926951161e-01 9.999499818299512066e-01 9.999483015118938445e-01 9.999611647689948812e-01 9.999637057667448703e-01 9.999494161759077127e-01 9.999525883575245411e-01
9.999469791481716552e-01 9.999472588354489933e-01 9.999525112810497829e-01 9.999360551594159707e-01 9.999562879292451800e-01 9.999700638275681452e-01 9.999549444360832373e-01 9.999638595342974501e-01 9.999515358083939098e-01 9.999351362031336787e-01
9.999536790235576955e-01 9.999626956207049444e-01 9.999622422565891400e-01 9.999490110757548456e-01 9.999679454278446178e-01 9.999668026199383108e-01 9.999463354300953677e-01 9.999572600919603982e-01 9.999602737697222965e-01 9.999592908999244134e-01
9.999548651580287828e-01 9.999536793790287925e-01 9.999679713797324787e-01 9.999610240769868374e-01 9.999454025065077634e-01 9.999578946052402051e-01 9.999580905701953570e-01 9.999520184441338388e-01 9.999640253483744745e-01 9.999468732075728061e-01
9.999638806207190589e-01 9.999542327057020508e-01 9.999671926452519122e-01 9.999509088353465414e-01 9.999330208394735520e-01 9.999638154124153022e-01 9.999515119268229668e-01 9.999393373475214952e-01 9.999554787214973706e-01 9.999596239994783531e-01
9.999437207610563094e-01 9.999368862637969535e-01 9.999478248143396364e-01 9.999588693878301848e-01 9.999525860722896509e-01 9.999571752787297374e-01 9.999354879544870567e-01 9.999707222995561917e-01 9.999606517619943347e-01 9.999580092467797998e-01
9.999551519246095976e-01 9.999638855308634611e-01 9.999657787413662735e-01 9.999552303961091182e-01 9.999521287163651850e-01 9.999509028230383345e-01 9.999472039709752513e-01 9.999677776344459978e-01 9.999639929089542134e-01 9.999526196757047014e-01
9.999574414273274536e-01 9.999484173381527619e-01 9.999386203959300667e-01 9.999502260323892555e-01 9.999367111154616738e-01 9.999640757412229242e-01 9.999537491702817915e-01 9.999625245197679702e-01 9.999799751115476809e-01 9.999505091809450796e-01
9.999655604426005429e-01 9.999366501388586848e-01 9.999481991872943842e-01 9.999467701962838628e-01 9.999546609519990303e-01 9.999478378497236308e-01 9.999626617296314413e-01 9.999669430092663625e-01 9.999535905931339341e-01 9.999564836752676822e-01
9.999582330458283153e-01 9.999536005986149334e-01 9.999586495532296615e-01 9.999452634072485413e-01 9.999687016490286240e-01 9.999352520079429762e-01 9.999565750821890475e-01 9.999445704063215645e-01 9.999504560292222788e-01 9.999596873473481917e-01
9.999544932018300525e-01 9.999589729155753393e-01 9.999571631452945919e-01 9.999573851150442838e-01 9.999667382051368181e-01 9.999532253619091149e-01 9.999648757587911163e-01 9.999516389951849105e-01 9.999579795565036733e-01 9.999550428258268120e-01
9.999624135439270090e-01 9.999580550954038083e-01 9.999476848738060308e-01 9.999410247495922333e-01 9.999321931768820892e-01 9.999632135376879116e-01 9.999493007010331613e-01 9.999517499864107872e-01 9.999510959345451200e-01 9.999632578756804113e-01
9.999654742341150815e-01 9.999614160349804548e-01 9.999482547252954712e-01 9.999440099916632185e-01 9.999624997059125553e-01 9.999504449739599066e-01 9.999540892826098704e-01 9.999467178412315693e-01 9.999415963529973972e-01 9.999355840814999619e-01
9.999524636023894297e-01 9.999523461006655234e-01 9.999406349193052934e-01 9.999640504753516401e-01 9.999501086307094333e-01 9.999547255644671839e-01 9.999619828165384749e-01 9.999561877048216418e-01 9.999615901318540390e-01 9.999625757667753856e-01
9.999570928814972559e-01 9.999537118789207923e-01 9.999772825191456382e-01 9.999579454002981427e-01 9.999546195864260634e-01 9.999551002009978706e-01 9.999660542169980237e-01 9.999621027563639908e-01 9.999546953995733789e-01 9.999636184432296737e-01
9.999227428452867050e-01 9.999525110036837638e-01 9.999541419700369582e-01 9.999666426268918329e-01 9.999513717389885148e-01 9.999485151553088036e-01 9.999624258554903333e-01 9.999405683703985748e-01 9.999580730466822720e-01 9.999522761816908023e-01
9.999498433603936087e-01 9.999683817993909596e-01 9.999689711051181762e-01 9.999623884652328876e-01 9.999692006735386718e-01 9.999537394854782768e-01 9.999653048736402150e-01 9.999623977707443601e-01 9.999535029371628969e-01 9.999445568129577966e-01
9.999613703376689644e-01 9.999573147663242123e-01 9.999632096980874962e-01 9.999650801730848304e-01 9.999474104457694024e-01 9.999454725329119942e-01 9.999520079909152148e-01 9.999537706521929303e-01 9.999507733523139708e-01 9.999454423343893117e-01
9.999445842705939613e-01 9.999531794882741131e-01 9.999525426379710646e-01 9.999616955129853046e-01 9.999509549189188329e-01 9.999507946388775936e-01 9.999623960765541275e-01 9.999569830178774987e-01 9.999691061817936877e-01 9.999650031102907954e-01
9.999617220685226293e-01 9.999481032558857896e-01 9.999505873688313562e-01 9.999607142130345627e-01 9.999432137608982307e-01 9.999649842673272726e-01 9.999485430893744198e-01 9.999483812816585271e-01 9.999608885727138130e-01 9.999592980387285168e-01
9.999558563173081005e-01 9.999368796750208732e-01 9.999652474232334498e-01 9.999368753419497491e-01 9.999553962938168006e-01 9.999454730471075692e-01 9.999587521302409909e-01 9.999532820739015504e-01 9.999476701217209218e-01 9.999490895882220398e-01
9.999570759682310239e-01 9.999614050050422698e-01 9.999584934555298954e-01 9.999579493785374362e-01 9.999509953486431790e-01 9.999554337795230063e-01 9.999515470918033389e-01 9.999454543306091070e-01 9.999524082497784905e-01 9.999696432240684496e-01
9.999695001713687637e-01 9.999515926770994323e-01 9.999743090236459242e-01 9.999686683822286426e-01 9.999663140437938802e-01 9.999643269007643109e-01 9.999429243533443090e-01 9.999645321969139466e-01 9.999522341699136341e-01 9.999552814606726958e-01
9.999643518211218662e-01 9.999667331336054010e-01 9.999607147002292917e-01 9.999583877767961315e-01 9.999700216846379996e-01 9.999570999514816316e-01 9.999635577074519333e-01 9.999528471265036744e-01 9.999695536490609271e-01 9.999659564154527169e-01
9.999643813931275993e-01 9.999602050577437451e-01 9.999573335473822544e-01 9.999631470013150558e-01 9.999575944499922153e-01 9.999642984651972988e-01 9.999566984114374169e-01 9.999565445094590332e-01 9.999553037620365625e-01 9.999594725959626285e-01
9.999518298780596393e-01 9.999504549191604585e-01 9.999594205402287939e-01 9.999588860256578560e-01 9.999512451463526963e-01 9.999481347713453649e-01 9.999567241189692979e-01 9.999564135232250628e-01 9.999679762370417002e-01 9.999473653460417832e-01
9.999630658874510969e-01 9.999543659495423453e-01 9.999426855728369423e-01 9.999438451480605616e-01 9.999529251341875424e-01 9.999581910404669038e-01 9.999533158443716374e-01 9.999657126903441773e-01 9.999599594034421779e-01 9.999638579103569125e-01
9.999604982793737218e-01 9.999701958408986346e-01 9.999496110794522385e-01 9.999466794717563056e-01 9.999437439748053436e-01 9.999578713151441312e-01 9.999507193803696126e-01 9.999628601293747421e-01 9.999673347069681917e-01 9.999571487189737873e-01
9.999545102131279783e-01 9.999476110204840174e-01 9.999643555175801168e-01 9.999611261220625602e-01 9.999562345829002830e-01 9.999586020018388366e-01 9.999653360409223035e-01 9.999536198063133652e-01 9.999536212776152233e-01 9.999565357541438937e-01
9.999524548515333899e-01 9.999485790645304961e-01 9.999698484018800793e-01 9.999537169467705988e-01 9.999534749262037892e-01 9.999382691224186770e-01 9.999542909933588630e-01 9.999489070909569621e-01 9.999517216634769001e-01 9.999662159419894225e-01
9.999448503533018284e-01 9.999622346390697469e-01 9.999724394306993558e-01 9.999671050726212096e-01 9.999545965352218957e-01 9.999529871600992825e-01 9.999558817690575863e-01 9.999710726131590954e-01 9.999529580125858796e-01 9.999363996095811391e-01
9.999507405512730873e-01 9.999587866162145122e-01 9.999545844335651079e-01 9.999508902246722064e-01 9.999520492437089514e-01 9.999575148444367345e-01 9.999658517790724899e-01 9.999527289839615918e-01 9.999604525420968670e-01 9.999460032779936558e-01
9.999619035412958823e-01 9.999450968308060128e-01 9.999629570589442240e-01 9.999548836659465367e-01 9.999375792730191836e-01 9.999509716109805657e-01 9.999520773811219065e-01 9.999529264031912223e-01 9.999654552520862438e-01 9.999458004743725370e-01
9.999559180049679696e-01 9.999681395317957522e-01 9.999429066671536859e-01 9.999474314965719479e-01 9.999426884793362058e-01 9.999381532184732357e-01 9.999574245362731206e-01 9.999587421819104982e-01 9.999585787531536374e-01 9.999692357889050642e-01
9.999531492094230201e-01 9.999585440088403221e-01 9.999695519946988354e-01 9.999598977414344558e-01 9.999605751097265793e-01 9.999646170707441328e-01 9.999602364782078645e-01 9.999567735488803510e-01 9.999787630645732284e-01 9.999595973471403498e-01
9.999467306823422996e-01 9.999573815401621157e-01 9.999643965376808774e-01 9.999605374574325189e-01 9.999467240588058026e-01 9.999602042994574225e-01 9.999425090075851896e-01 9.999525508254313300e-01 9.999600327225411922e-01 9.999518120746698768e-01
9.999500156404442786e-01 9.999428864764827729e-01 9.999591855463730861e-01 9.999471040530973909e-01 9.999490193363886892e-01 9.999417435648774166e-01 9.999525297697412496e-01 9.999542879532300477e-01 9.999474861022251693e-01 9.999339860911965472e-01
9.999510589462069499e-01 9.999285236889519091e-01 9.999560017798816425e-01 9.999486045457961492e-01 9.999598130706464083e-01 9.999557281931253927e-01 9.999432410726589726e-01 9.999660512221569819e-01 9.999548522564886133e-01 9.999577222045122893e-01
9.999499120690068521e-01 9.999465418043791409e-01 9.999584377854726647e-01 9.999435463959449599e-01 9.999655590219660439e-01 9.999576978308603037e-01 9.999571721890472276e-01 9.999622896014158657e-01 9.999601531311579361e-01 9.999534929449597209e-01
9.999587020191325060e-01 9.999573908797986244e-01 9.999495889313306796e-01 9.999505822962023727e-01 9.999600233716573472e-01 9.999669107382463951e-01 9.999593295698061546e-01 9.999509760713796158e-01 9.999540666570625458e-01 9.999493364398150952e-01
9.999618744300888817e-01 9.999560346569812408e-01 9.999589764682463855e-01 9.999460965720954331e-01 9.999582031488121192e-01 9.999334163067686854e-01 9.999521980028717172e-01 9.999539459976616307e-01 9.999553452800340470e-01 9.999685011683110414e-01
9.999514716130580849e-01 9.999500721941442238e-01 9.999746311152126754e-01 9.999623087815352473e-01 9.999629338315804139e-01 9.999532388007256190e-01 9.999665306403424658e-01 9.999604897515058655e-01 9.999556811880446761e-01 9.999640228500777939e-01
9.999683233406240213e-01 9.999480597618012334e-01 9.999775245706525872e-01 9.999476986519475474e-01 9.999666158168744046e-01 9.999402638343817262e-01 9.999501766195890706e-01 9.999517058627062083e-01 9.999536939018645043e-01 9.999509212835918648e-01
9.999446575048588359e-01 9.999449807276251656e-01 9.999614947567421197e-01 9.999571683624395302e-01 9.999491468227591495e-01 9.999485193161548047e-01 9.999627684981390319e-01 9.999370991339914250e-01 9.999503816183910043e-01 9.999489981943271433e-01
9.999689632218494717e-01 9.999446335394349683e-01 9.999630837803745731e-01 9.999450503110823840e-01 9.999619745532647430e-01 9.999677560119352160e-01 9.999569770361502741e-01 9.999546154632201755e-01 9.999591237694843704e-01 9.999585395262179377e-01
9.999662845373927800e-01 9.999581324610860023e-01 9.999527617117348610e-01 9.999644290155458304e-01 9.999354266226834209e-01 9.999439482400891421e-01 9.999537361239908551e-01 9.999554234922536367e-01 9.999643470293263503e-01 9.999616876191350645e-01
9.999510173612468078e-01 9.999580340558505975e-01 9.999491330857461779e-01 9.999440894222465515e-01 9.999573734887533538e-01 9.999599858642892469e-01 9.999702503628146166e-01 9.999492318212159780e-01 9.999444671850885591e-01 9.999456304483869129e-01
9.999460556623450680e-01 9.999533767463464340e-01 9.999513119567952080e-01 9.999425491001850963e-01 9.999618480158751765e-01 9.999485159829065717e-01 9.999644796968645277e-01 9.999602325842102957e-01 9.999631628257978910e-01 9.999601436511817987e-01
9.999514507190504498e-01 9.999394983293069528e-01 9.999472452231668029e-01 9.999601835681337647e-01 9.999621134187622884e-01 9.999435886931251627e-01 9.999615269757967662e-01 9.999651181533402156e-01 9.999491542027053592e-01 9.999413171451578819e-01
9.999616866932219406e-01 9.999430241721816159e-01 9.999603152614776613e-01 9.999600644166439789e-01 9.999578882414019709e-01 9.999674547385768442e-01 9.999403011610269454e-01 9.999369626002398981e-01 9.999657892256155201e-01 9.999518728323387728e-01
9.999667953531670150e-01 9.999448725073577515e-01 9.999559586243843556e-01 9.999437063956352345e-01 9.999561785009446480e-01 9.999685853614785902e-01 9.999379035800253224e-01 9.999436875143020709e-01 9.999695526975098669e-01 9.999592542941799778e-01
9.999714085546030917e-01 9.999455555102425564e-01 9.999622143980866351e-01 9.999515811209818139e-01 9.999433102547078400e-01 9.999480971812654273e-01 9.999577106580395114e-01 9.999599754375858573e-01 9.999545884955871600e-01 9.999634660551615095e-01
9.999671271707131215e-01 9.999525379995035657e-01 9.999645825775971275e-01 9.999716493566104258e-01 9.999325314372264906e-01 9.999535280459141973e-01 9.999558647100411646e-01 9.999418409875746594e-01 9.999489859335783937e-01 9.999407085003688689e-01
9.999668601179965144e-01 9.999579658429911255e-01 9.999600110011879206e-01 9.999661136715825016e-01 9.999487954032063586e-01 9.999472724057282269e-01 9.999382478877163472e-01 9.999634470824660948e-01 9.999582208857820120e-01 9.999507123319240076e-01
9.999450224926055286e-01 9.999326217976546305e-01 9.999570419457817216e-01 9.999430800279927034e-01 9.999565499497219401e-01 9.999535613767369657e-01 9.999632703055800764e-01 9.999557189594013851e-01 9.999543011128957382e-01 9.999367753897923095e-01
9.999619168420437187e-01 9.999549073894862250e-01 9.999495482662107415e-01 9.999542484992233193e-01 9.999498193827157655e-01 9.999643954791098688e-01 9.999698795266418472e-01 9.999583878262109371e-01 9.999571484293472423e-01 9.999622632607190198e-01
9.999494180442553004e-01 9.999431774885173541e-01 9.999711435112292879e-01 9.999393380801325781e-01 9.999582310652691541e-01 9.999532249951181839e-01 9.999489652390347594e-01 9.999630895672766417e-01 9.999463885180603917e-01 9.999576701612705731e-01
9.999562502573714484e-01 9.999400973664659409e-01 9.999639493516722100e-01 9.999460411626930334e-01 9.999470525295023338e-01 9.999586740308963329e-01 9.999649483976894571e-01 9.999663677493452196e-01 9.999573309612819205e-01 9.999602520002465189e-01
9.999672287444323349e-01 9.999581378451726232e-01 9.999472938169509106e-01 9.999405349789950437e-01 9.999458575265635085e-01 9.999507558157827436e-01 9.999559969315408026e-01 9.999517102496525700e-01 9.999546355629034267e-01 9.999518470378546686e-01
9.999596893929677544e-01 9.999589775885419085e-01 9.999622952565043743e-01 9.999486342620963475e-01 9.999535395481645716e-01 9.999592872476310568e-01 9.999612603502590069e-01 9.999405437005038921e-01 9.999467512308195527e-01 9.999593985474375391e-01
9.999496607867415232e-01 9.999463129280584672e-01 9.999585935314897478e-01 9.999420269242832449e-01 9.999679856047541948e-01 9.999470360395443791e-01 9.999445930450111542e-01 9.999592037020692548e-01 9.999547627511821135e-01 9.999569739637864663e-01
9.999568632201527585e-01 9.999551479591048952e-01 9.999624760525659406e-01 9.999474678263005067e-01 9.999651166974995453e-01 9.999485559521236189e-01 9.999432279636005783e-01 9.999540467419706369e-01 9.999512592202296490e-01 9.999592449048391174e-01
9.999618124626959981e-01 9.999687388148716938e-01 9.999599483880015072e-01 9.999626240946287714e-01 9.999463459867736770e-01 9.999562215782562546e-01 9.999436785820454698e-01 9.999595136457585243e-01 9.999655145207214657e-01 9.999619426725673277e-01
9.999458573481548873e-01 9.999657602370439768e-01 9.999435065100167330e-01 9.999430669431400576e-01 9.999412502180962115e-01 9.999609745893146551e-01 9.999429036140140559e-01 9.999668056933650462e-01 9.999436368947771658e-01 9.999451575769716660e-01
9.999664095001138397e-01 9.999476403200326935e-01 9.999595706146093832e-01 9.999589126950448881e-01 9.999378551832507345e-01 9.999560916612387773e-01 9.999566662194886435e-01 9.999640249495694855e-01 9.999515592006581466e-01 9.999636551524497818e-01
9.999394212392509473e-01 9.999683426467521619e-01 9.999696186316316959e-01 9.999569517656059503e-01 9.999692344385575637e-01 9.999402942428999852e-01 9.999607688794476257e-01 9.999479731115104020e-01 9.999657903383648572e-01 9.999395873729440831e-01
9.999422553481885911e-01 9.999591501560000095e-01 9.999528349369213309e-01 9.999495534734541557e-01 9.999579674421704700e-01 9.999577096629704842e-01 9.999696407172038448e-01 9.999538286586776570e-01 9.999495653779326698e-01 9.999352346463382668e-01
9.999397525614487359e-01 9.999569682604585452e-01 9.999329434326805766e-01 9.999642845233294164e-01 9.999587298807188773e-01 9.999482054536170672e-01 9.999259572989454004e-01 9.999468376949268711e-01 9.999348761527717677e-01 9.999699493176876786e-01
9.999561820893642095e-01 9.999485987652569907e-01 9.999713989595283570e-01 9.999537178674476889e-01 9.999551120304113194e-01 9.999557548973649901e-01 9.999579573507706431e-01 9.999600342395693620e-01 9.999466460892627584e-01 9.999378014002857640e-01
9.999486483607000764e-01 9.999669139070652690e-01 9.999556826466148296e-01 9.999588453638782459e-01 9.999651872649085727e-01 9.999487856230638849e-01 9.999338050959273305e-01 9.999620041029054773e-01 9.999560980517712139e-01 9.999573454319864441e-01
9.999594814347371186e-01 9.999235710650973274e-01 9.999495575576040629e-01 9.999592696495155364e-01 9.999477434468716508e-01 9.999526776094763703e-01 9.999541948535016767e-01 9.999477869401990349e-01 9.999570435044119465e-01 9.999606294653795580e-01
9.999520394198030404e-01 9.999646781982487465e-01 9.999633804995337050e-01 9.999654355158162922e-01 9.999636437278350831e-01 9.999555349011528538e-01 9.999664437065675093e-01 9.999573781662521865e-01 9.999545566127375773e-01 9.999597463112902540e-01
9.999485242070955682e-01 9.999632022691632427e-01 9.999567870577650286e-01 9.999586836044480620e-01 9.999519653962806176e-01 9.999611745919779748e-01 9.999614207816410749e-01 9.999483093568657388e-01 9.999502401607439639e-01 9.999404346959287482e-01
9.999546415972127011e-01 9.999643707146487204e-01 9.999544545070002677e-01 9.999777854121969511e-01 9.999491818237407070e-01 9.999620195092348007e-01 9.999545295145240154e-01 9.999633292848137955e-01 9.999630622238061539e-01 9.999500245954210387e-01
9.999605248824298132e-01 9.999621761219815719e-01 9.999556613020127438e-01 9.999546299003961858e-01 9.999542020950039634e-01 9.999539891559113824e-01 9.999553258610571760e-01 9.999659715285689199e-01 9.999479494704858196e-01 9.999546621255605006e-01
9.999719346068545178e-01 9.999362555139026387e-01 9.999538928533677762e-01 9.999603496895542731e-01 9.999629726704301058e-01 9.999560423509026297e-01 9.999504301824350128e-01 9.999661732327287389e-01 9.999424352629894264e-01 9.999530031220162929e-01
9.999606452048059868e-01 9.999488816295530880e-01 9.999553758329484676e-01 9.999562633665356470e-01 9.999517927651120353e-01 9.999516371926397973e-01 9.999589949440391701e-01 9.999704949268626297e-01 9.999474122997982217e-01 9.999373347191684580e-01
9.999561801290672847e-01 9.999523087220798523e-01 9.999602113345550380e-01 9.999586368012314264e-01 9.999494633531483823e-01 9.999497984145210294e-01 9.999585315308137101e-01 9.999505409646753940e-01 9.999480946949232951e-01 9.999433847277368059e-01
9.999633061451821403e-01 9.999590245208777040e-01 9.999624354918984492e-01 9.999681770695340033e-01 9.999541385876762334e-01 9.999532085372411228e-01 9.999604171863547553e-01 9.999613437194048160e-01 9.999560368312129244e-01 9.999516616783690193e-01
9.999546786707863566e-01 9.999669922020177903e-01 9.999633657125842623e-01 9.999567276484766509e-01 9.999573712303305717e-01 9.999550923926984192e-01 9.999354633356551947e-01 9.999621236835132265e-01 9.999529502418801341e-01 9.999538051646426062e-01
