9.999839257623089894e-01 9.999745380960713970e-01 9.999812990738382590e-01 9.999666888111435892e-01 9.999870457081004860e-01 9.999840621368206728e-01 9.999858143109504605e-01 9.999739313756724757e-01 9.998747508024998787e-01 9.999824680185546155e-01
9.999667241301235521e-01 9.999960139206945930e-01 9.999841230088293287e-01 9.999901348704041126e-01 9.999701481951505100e-01 9.999950740693810403e-01 9.999468835843623449e-01 9.999941083726752167e-01 9.999887710067765223e-01 9.999916382035205498e-01
9.999800117240446040e-01 9.999906805900057316e-01 9.999907687503055698e-01 9.999303388522484681e-01 9.999941514462240555e-01 9.999864717266220282e-01 9.999906856407735356e-01 9.999825238543206263e-01 9.999880634876040508e-01 9.999919459248590714e-01
9.999831595868916567e-01 9.999793520385185097e-01 9.999813388971988681e-01 9.999864127784715562e-01 9.999915334885620677e-01 9.999784475135125028e-01 9.999905951112099123e-01 9.999909988880504308e-01 9.999932983288131183e-01 9.999921566614170532e-01
9.999944200768265956e-01 9.999909012497433247e-01 9.999887438674435192e-01 9.999912405655657643e-01 9.999789120762919703e-01 9.999887650920454840e-01 9.999880985334821393e-01 9.999904213427123212e-01 9.999835380245351013e-01 9.999899048656362144e-01
9.999546814544258977e-01 9.999612760687857094e-01 9.999522247210813619e-01 9.999766326065218092e-01 9.999963245480941731e-01 9.999605786904414151e-01 9.999857756805484721e-01 9.999919487795719819e-01 9.999554254675042664e-01 9.999814093689510797e-01
9.999762705620561798e-01 9.999799443403122323e-01 9.999925507947824421e-01 9.999804775193296136e-01 9.999895083045158284e-01 9.999836934333321548e-01 9.999738014398149577e-01 9.999277954827924253e-01 9.999766966987511108e-01 9.999937703523223975e-01
9.999893673243451797e-01 9.999724243585028649e-01 9.999886007116883802e-01 9.999551561884605366e-01 9.999920563655380068e-01 9.999927032062324583e-01 9.999633274525630000e-01 9.999790047516735614e-01 9.999796985837267060e-01 9.999850500273729237e-01
9.999691809690062216e-01 9.999930047286635926e-01 9.999909868669870638e-01 9.999833930615507072e-01 9.999878198280222064e-01 9.999844649326388168e-01 9.999505758612610151e-01 9.999904100451856293e-01 9.999847454018970794e-01 9.999779249372909851e-01
9.999761458792009172e-01 9.999681320349815827e-01 9.999891998829845141e-01 9.999822632825728919e-01 9.999895502108193668e-01 9.999846143239867757e-01 9.999874221112907691e-01 9.999919107920058892e-01 9.999803032626271015e-01 9.999909561198498942e-01
9.999919791273063074e-01 9.999781087602801488e-01 9.999845622421997815e-01 9.999904218253705679e-01 9.999945137751498070e-01 9.999884244861079186e-01 9.999744585380435646e-01 9.999866832779944481e-01 9.999924954322626514e-01 9.999789963175473861e-01
9.999945064112634174e-01 9.999873238212211302e-01 9.999802949901586135e-01 9.999861105259871819e-01 9.999712464278905921e-01 9.999943280898273557e-01 9.999934468098199414e-01 9.999803612898257033e-01 9.999782287427395611e-01 9.999706198557460901e-01
9.999946276853947102e-01 9.999924967247885155e-01 9.999934133357352151e-01 9.999931026158758174e-01 9.999855236572795514e-01 9.999916448464454266e-01 9.999859289288024478e-01 9.999928939515027038e-01 9.999919957489110667e-01 9.999873993977532738e-01
9.999907284377764771e-01 9.999927627823319565e-01 9.999874307569166509e-01 9.999865294824398232e-01 9.999955787083887326e-01 9.999935798018976252e-01 9.999039458221458121e-01 9.999881828596242084e-01 9.999883521024698352e-01 9.999338150732005603e-01
9.999841558761992655e-01 9.999771948052966763e-01 9.999888462629989982e-01 9.999841253733589008e-01 9.999897340001311363e-01 9.999870564608455137e-01 9.999850592902831403e-01 9.999824510784453002e-01 9.999688975712038852e-01 9.999870035043316729e-01
9.999831412606640102e-01 9.999910138375405211e-01 9.999037100905384667e-01 9.999851357936361262e-01 9.999897660217949014e-01 9.999906737517982869e-01 9.999883325424103742e-01 9.999726965955658686e-01 9.999894596871954366e-01 9.999880975964203778e-01
9.999912525409475617e-01 9.999281186218587081e-01 9.999919910528434208e-01 9.999900020540016810e-01 9.999756223678667455e-01 9.999880749865827090e-01 9.999605664975421693e-01 9.999913253980574623e-01 9.999834735898984750e-01 9.999889479606093312e-01
9.999880073796143520e-01 9.999723317274415990e-01 9.999915072207840039e-01 9.999937290605374063e-01 9.999880269926655352e-01 9.999904761819577992e-01 9.999852959879690362e-01 9.999912412067847312e-01 9.999829361818927120e-01 9.999939256923765507e-01
9.999825708125484880e-01 9.999862875827851827e-01 9.999675001835527377e-01 9.999870237805528195e-01 9.999749373184730894e-01 9.999700719811928096e-01 9.999858828184492454e-01 9.999901399233031007e-01 9.999916207650071387e-01 9.999805060164085324e-01
9.999885655493031544e-01 9.999843436704957123e-01 9.999787120206903301e-01 9.999848676010067994e-01 9.999873020394098866e-01 9.999691516730017105e-01 9.999560033025585160e-01 9.999578067433871897e-01 9.999903937156288114e-01 9.999859717482212362e-01
9.999860459193453677e-01 9.999788718982874913e-01 9.999842126253879471e-01 9.999837066370080851e-01 9.999824478783778670e-01 9.999916296074393696e-01 9.999835340959224439e-01 9.999789039104477473e-01 9.999880850868102522e-01 9.999818233961230707e-01
9.999714259053736898e-01 9.999941555879493515e-01 9.999913055363686132e-01 9.999680454890168546e-01 9.999922398758330777e-01 9.999837849389459077e-01 9.999921325087662849e-01 9.999900601249079868e-01 9.999782871348520397e-01 9.999551451031837290e-01
9.999543476964817268e-01 9.999732855522808217e-01 9.999932226853986972e-01 9.999928568611508028e-01 9.999830417120612047e-01 9.999766812468787736e-01 9.999918763856745496e-01 9.999650043058154747e-01 9.999764483414539384e-01 9.999394390640465868e-01
9.999867866983417342e-01 9.999763254705286153e-01 9.999809756943481842e-01 9.999814458893984126e-01 9.999208965641309677e-01 9.999867886554659746e-01 9.999441073337304031e-01 9.999941743406222106e-01 9.999801463770002785e-01 9.999851209039807287e-01
9.999943439229035391e-01 9.999900541184234548e-01 9.999922274953423340e-01 9.999928366398921353e-01 9.999903675542840542e-01 9.999888957650822086e-01 9.999853057867198469e-01 9.999927148707683511e-01 9.999975600997464964e-01 9.999930786862196719e-01
9.999879326346758912e-01 9.999639813388069287e-01 9.999427267665714769e-01 9.999812012581373866e-01 9.999704748357050033e-01 9.999892832208486793e-01 9.999752885408142999e-01 9.999841200248332784e-01 9.999926727491137424e-01 9.999871404598079661e-01
9.999909396642234771e-01 9.999177472496325603e-01 9.999753529910774263e-01 9.999637421060800779e-01 9.999926763753564929e-01 9.999904700314790063e-01 9.999078287760488903e-01 9.999813148068706914e-01 9.999894507625506357e-01 9.999920828119082117e-01
9.999569797247492842e-01 9.999916851677188578e-01 9.999858558887352311e-01 9.999933167175425464e-01 9.999876407953127710e-01 9.999837159808008247e-01 9.999804393259221769e-01 9.999341637344110190e-01 9.999805755692564579e-01 9.999760006631307485e-01
9.999824488056268113e-01 9.999940591674711943e-01 9.999184228309263567e-01 9.999834370408898776e-01 9.999901570752248725e-01 9.999819210466178721e-01 9.999686465011659031e-01 9.999742704415539585e-01 9.999227258193714718e-01 9.999883220916856441e-01
9.999852690144866996e-01 9.999903571484971554e-01 9.999851236197734305e-01 9.999916086225058010e-01 9.999940510163276564e-01 9.999929557209586983e-01 9.999833734404715013e-01 9.999925482403659860e-01 9.999934067523692516e-01 9.999757818440158097e-01
9.997783627020627728e-01 9.999936886647733392e-01 9.999927517621999273e-01 9.999727802091794571e-01 9.999365111100358972e-01 9.999752657930863764e-01 9.999793891756232345e-01 9.999860074281456956e-01 9.999173274183847937e-01 9.999863206745028821e-01
9.999849464535693899e-01 9.999846454025550502e-01 9.999877681965791965e-01 9.999762681764318151e-01 9.999233917560149676e-01 9.999664307676562336e-01 9.999779579270537955e-01 9.999864297670671975e-01 9.998716965603132723e-01 9.999767019390524148e-01
9.999844394108786672e-01 9.999701391068175349e-01 9.999793613974543582e-01 9.999849390880808375e-01 9.999668342761695028e-01 9.999692995218067981e-01 9.999778812043923493e-01 9.999454723324403549e-01 9.999893667151255050e-01 9.999796698951606277e-01
9.999701966153131671e-01 9.999872430020595448e-01 9.999743697147467358e-01 9.999836514686506472e-01 9.999686135751306715e-01 9.999903765620717921e-01 9.999807019745813319e-01 9.999880618134039389e-01 9.999787900192197432e-01 9.999879859413433048e-01
9.999850738320729127e-01 9.999947473153877331e-01 9.999935777314316043e-01 9.999883295529538030e-01 9.999226101832846547e-01 9.999805461391433337e-01 9.999908862358245498e-01 9.999773260936860586e-01 9.999812039113327167e-01 9.999869042125767438e-01
9.999923136705310966e-01 9.999900750345248612e-01 9.999881285944781650e-01 9.999895580026653130e-01 9.999836419415338851e-01 9.999854193752932829e-01 9.999846766804652010e-01 9.999856286591934929e-01 9.999861833188136151e-01 9.999941893544009863e-01
9.999766809786790889e-01 9.999930220314120488e-01 9.999919496299378707e-01 9.999915269820811581e-01 9.999949795352095494e-01 9.999705934202594015e-01 9.999830693210084442e-01 9.999413324456578600e-01 9.999884146334832025e-01 9.999955347285840457e-01
9.999872508269257443e-01 9.999881766339780986e-01 9.999742973875161978e-01 9.999923886674565443e-01 9.999832685428924339e-01 9.999699986157540854e-01 9.999822352317465635e-01 9.999921209409642353e-01 9.999913361557313252e-01 9.999785652808017566e-01
9.999896652812916287e-01 9.999685966241617097e-01 9.999905062239959896e-01 9.999850073602161160e-01 9.999875354082220502e-01 9.999846317623068970e-01 9.999931778393987836e-01 9.999895338624931185e-01 9.999843454111823071e-01 9.999791960840782590e-01
9.999886467124281531e-01 9.999853243363646671e-01 9.999437350602814467e-01 9.999205146635290475e-01 9.999817383849376462e-01 9.999807978971774203e-01 9.999836320298354231e-01 9.999793257044463646e-01 9.999849019932777194e-01 9.999832235720348406e-01
9.999832888016355614e-01 9.999904897638214329e-01 9.999846853133091962e-01 9.999771975253560763e-01 9.999916050395568634e-01 9.999801040163736054e-01 9.999925221362011563e-01 9.999924324971202205e-01 9.999932486027900413e-01 9.999882032525093667e-01
9.999887602676303944e-01 9.999850503707277127e-01 9.999861391803890331e-01 9.999822193995075992e-01 9.999925681275103617e-01 9.999917671588393064e-01 9.999794613646267871e-01 9.999821979352268020e-01 9.999929243229713771e-01 9.999869055133009388e-01
9.999760913831619025e-01 9.999914854349890581e-01 9.999871122936044854e-01 9.999918489553861756e-01 9.999941594636138076e-01 9.999901659057018888e-01 9.999890346740625269e-01 9.999543894114992781e-01 9.999896011660666106e-01 9.999901843376777233e-01
9.999954758016510459e-01 9.999930593124458644e-01 9.999845637171369539e-01 9.999907200495499193e-01 9.999909037856747895e-01 9.999900392436275043e-01 9.999907544549523353e-01 9.999674716653136342e-01 9.999948770662995257e-01 9.999691026504006208e-01
9.999870831470660804e-01 9.999786808521717862e-01 9.999715565906295289e-01 9.999785023657260519e-01 9.999536799195528625e-01 9.999835774161012214e-01 9.998917367976758452e-01 9.999799234434534334e-01 9.999448967128744536e-01 9.999637380728055858e-01
9.999414523804738275e-01 9.999774266291289182e-01 9.999891825187683381e-01 9.999840389360029613e-01 9.999802853206534170e-01 9.999914993266069141e-01 9.999941021054820078e-01 9.999944027788240097e-01 9.999878286482790646e-01 9.999791502598982529e-01
9.999890603708591064e-01 9.999959642249067748e-01 9.999914669770415543e-01 9.999944016004445047e-01 9.999966104233971587e-01 9.999861683663187062e-01 9.999824228612840260e-01 9.999733191427948586e-01 9.999937568168176805e-01 9.999936798117810000e-01
9.999940091112907714e-01 9.999913934738914323e-01 9.999913359790039147e-01 9.999836298891341402e-01 9.999935811899726135e-01 9.999391014800260713e-01 9.999880934312069813e-01 9.999941172988326965e-01 9.999877469997824342e-01 9.999943104727780918e-01
9.999881700779048588e-01 9.999932611616973999e-01 9.999900722106950246e-01 9.999491673804419278e-01 9.999866202006335580e-01 9.999783135011979240e-01 9.999919622980032452e-01 9.999570574832671310e-01 9.998697273186951673e-01 9.999890794395918103e-01
9.999662403773977859e-01 9.999767651425859327e-01 9.999889380789400706e-01 9.999063708012135843e-01 9.999118728991928107e-01 9.999818668740945160e-01 9.999870774304194798e-01 9.999845899653335701e-01 9.999889201061826771e-01 9.999915757077819656e-01
9.999882701861260159e-01 9.999695808923954043e-01 9.999808379533020597e-01 9.999866555708402105e-01 9.999913759252703205e-01 9.999588359762922041e-01 9.999810624086786781e-01 9.999891670690326251e-01 9.999862301266858600e-01 9.999901533838968515e-01
9.999841911860397614e-01 9.999877638302492322e-01 9.999839803684015260e-01 9.999856981900883124e-01 9.999832085487466715e-01 9.999714870013006740e-01 9.999868313705692069e-01 9.999805166475221885e-01 9.999851189410831065e-01 9.999898061545382522e-01
9.999933226621565696e-01 9.999734254853264170e-01 9.999189547733399186e-01 9.999899431721339660e-01 9.999604548169437335e-01 9.999827222317267950e-01 9.999808088569024367e-01 9.999847289586141219e-01 9.999790717536377604e-01 9.999778406795221120e-01
9.999920664037805773e-01 9.999938673945338863e-01 9.999914785685727336e-01 9.999876988321569904e-01 9.999881983564185006e-01 9.999811789506384274e-01 9.999726781549902466e-01 9.999830124047397462e-01 9.999792475162888605e-01 9.999713230966783550e-01
9.999869121857770660e-01 9.999879948047858402e-01 9.999914301807170114e-01 9.999903979750726091e-01 9.999677956307885252e-01 9.999854339209565124e-01 9.999878663210639562e-01 9.999889317572251413e-01 9.999834848004764964e-01 9.998740755950241699e-01
9.999771276591801206e-01 9.999797615679010265e-01 9.999851413379519105e-01 9.999939233406409667e-01 9.999760307977949569e-01 9.999863876429778697e-01 9.999890634202130979e-01 9.999815707195488512e-01 9.999904710913630757e-01 9.999918453845038080e-01
9.999867975129201891e-01 9.998853710367007208e-01 9.999931126999652697e-01 9.999549140924611779e-01 9.999924516093230409e-01 9.999852001651458044e-01 9.999715220054538056e-01 9.999652605447246767e-01 9.999302177704736394e-01 9.999915223847323231e-01
9.999842571267398839e-01 9.999907169813568864e-01 9.999926412279992460e-01 9.999829417854242397e-01 9.999871602097504253e-01 9.999619148573448690e-01 9.999885159362674747e-01 9.999896064513316141e-01 9.998849206450344251e-01 9.999877391336066124e-01
9.999508841879658494e-01 9.999909029230972246e-01 9.999712675704359732e-01 9.999928510096887102e-01 9.999729581345789819e-01 9.999835269369968804e-01 9.999771334989318028e-01 9.999580389432486394e-01 9.999720692157516577e-01 9.999832362438874078e-01
9.999840275707692072e-01 9.999907670924060854e-01 9.999889997330728697e-01 9.999912584108386904e-01 9.999587326729143522e-01 9.999811937834537368e-01 9.999821877323198382e-01 9.999941268645141657e-01 9.999564793340675051e-01 9.999934938189707356e-01
9.999825600366927247e-01 9.999915001775796508e-01 9.999877435558208738e-01 9.999877413517492819e-01 9.999911469281332899e-01 9.999877705749552481e-01 9.999892400004434245e-01 9.999890016027539463e-01 9.999740879695083740e-01 9.999906793939267180e-01
9.999939460577066397e-01 9.999915495653625142e-01 9.999890334638150691e-01 9.999919460400485960e-01 9.999891381478809294e-01 9.999922166181057781e-01 9.999849363586789108e-01 9.999900374137585812e-01 9.999310943257182505e-01 9.999708118974217630e-01
9.999698814396659197e-01 9.999695836018188677e-01 9.999266657633213429e-01 9.999750359715272596e-01 9.999948938303943047e-01 9.999347757223555622e-01 9.999896439612671051e-01 9.999855171929974418e-01 9.999860309755853605e-01 9.999847011558364862e-01
9.999928410143590352e-01 9.999755998404832313e-01 9.999938169292471590e-01 9.999847807288662072e-01 9.999692090607694706e-01 9.999918169571055948e-01 9.999865285756448507e-01 9.999959842981172020e-01 9.999817055592521431e-01 9.999902725658752489e-01
9.999818425869146932e-01 9.999846158928723527e-01 9.999843092692385360e-01 9.999942669799372075e-01 9.999894224693950395e-01 9.999550282955818048e-01 9.999653165089700257e-01 9.999717713161452304e-01 9.999776571127806379e-01 9.999792520595205403e-01
9.999863604362014824e-01 9.999815992410926446e-01 9.999254149521528134e-01 9.999893330780129652e-01 9.999921078601752278e-01 9.999893039485168167e-01 9.999766145648244509e-01 9.999689417735100339e-01 9.999687185657475386e-01 9.999847002632389348e-01
9.999878834288202789e-01 9.999830068180306508e-01 9.999877129716104873e-01 9.999900246758127720e-01 9.999874995313828840e-01 9.999887749457064823e-01 9.999808317007533587e-01 9.999917147568093689e-01 9.999724916715789780e-01 9.999928164759086524e-01
9.999783933019287252e-01 9.999630834551256342e-01 9.999812206040354923e-01 9.999880891227368451e-01 9.999495085884446688e-01 9.999691965252812675e-01 9.999775800755142940e-01 9.999925890825031027e-01 9.999876097309949863e-01 9.999824481383755570e-01
9.999864721404524426e-01 9.999954358413524202e-01 9.999834648302605711e-01 9.999917056000231508e-01 9.999595225554931410e-01 9.999853038897366098e-01 9.999581963105872440e-01 9.999846864545838265e-01 9.999926754957517705e-01 9.999868708975402365e-01
9.999836645416085856e-01 9.999846892933583753e-01 9.999765985120244727e-01 9.999878038063020336e-01 9.999916467651278618e-01 9.999856123765187288e-01 9.999929951348223156e-01 9.999759226465828599e-01 9.999876470366589887e-01 9.999472858350113569e-01
9.999816417566480542e-01 9.999833452904338671e-01 9.999816720960394978e-01 9.999925956997481880e-01 9.999794361752154526e-01 9.999914051338189003e-01 9.999901885316011541e-01 9.999896433546542340e-01 9.999766402643426311e-01 9.999901997160289824e-01
9.999869763907422993e-01 9.999618690863210091e-01 9.999915760051826252e-01 9.999928060693398235e-01 9.999935132137924843e-01 9.999630163012657169e-01 9.999909350986387890e-01 9.999003238880587174e-01 9.999851793084086893e-01 9.999801077773485813e-01
9.997349425814928692e-01 9.999396500476113170e-01 9.999895216037466561e-01 9.999820937764350992e-01 9.999901873329003488e-01 9.999712345434437211e-01 9.997519549389424220e-01 9.999899087440569101e-01 9.999918842148356468e-01 9.999573626937721116e-01
9.999769812762306920e-01 9.999898056849928496e-01 9.999289093602827805e-01 9.999843324289583446e-01 9.999662821227686127e-01 9.999602751872508355e-01 9.999691874569188732e-01 9.999895002537444455e-01 9.999931400618865540e-01 9.999903334319159010e-01
9.999874960486394571e-01 9.999944064945319733e-01 9.999759573544797497e-01 9.999814046150216074e-01 9.999788966328266859e-01 9.999911322175106809e-01 9.999894298298743767e-01 9.999903354201793437e-01 9.999837907292148387e-01 9.999902241455973506e-01
9.999919811283866089e-01 9.999879425348487949e-01 9.999865830360943342e-01 9.999633123421322045e-01 9.999905258915351425e-01 9.999908361449169059e-01 9.999950382498817847e-01 9.999147068306589725e-01 9.999193788443115904e-01 9.999886620862538100e-01
9.999749496339217503e-01 9.999658314396644432e-01 9.999872586468034896e-01 9.999675729922850032e-01 9.999741280171497992e-01 9.999809704322828452e-01 9.999900699137290738e-01 9.999879779747015141e-01 9.999834169814965090e-01 9.999892073162368611e-01
9.999946416672965688e-01 9.999877737389013532e-01 9.999883552619166505e-01 9.999867504701829279e-01 9.999888871450689498e-01 9.999849482177575188e-01 9.999899597414001473e-01 9.999898863004214045e-01 9.999672468299570793e-01 9.999824065152139729e-01
9.997796812570889369e-01 9.999929020968253424e-01 9.999940513043509283e-01 9.999742840214893569e-01 9.999806048299435535e-01 9.999903513793055865e-01 9.999853173388901784e-01 9.999827292069333184e-01 9.999907240610271808e-01 9.999857207580540308e-01
9.999796946819767829e-01 9.999817802001530476e-01 9.999471220357126766e-01 9.999922717588453080e-01 9.999866522813737335e-01 9.999919230300584605e-01 9.999851989583118383e-01 9.999813690413884570e-01 9.999851489593090115e-01 9.999766848685351928e-01
9.999870452486232519e-01 9.999734947146678987e-01 9.999605112794569539e-01 9.999842358628819872e-01 9.999786601453778401e-01 9.999658922344542011e-01 9.999807347998151963e-01 9.999774723790669784e-01 9.999905955454316819e-01 9.999666527518867865e-01
9.998066110300455334e-01 9.999939193126803350e-01 9.999935664040794370e-01 9.999897858872780487e-01 9.999905819690289022e-01 9.999840377678385073e-01 9.999898167985644681e-01 9.999891159728471202e-01 9.999903525436479867e-01 9.999730152528540916e-01
9.999803664926023572e-01 9.999929374809044536e-01 9.999920108352762238e-01 9.999794884388470972e-01 9.999924480531784399e-01 9.999926725931380656e-01 9.999817766034222455e-01 9.999908530503976989e-01 9.999873333370702388e-01 9.999242172843322285e-01
9.999880584748023216e-01 9.999914743167808151e-01 9.999721799869087935e-01 9.999626279048847710e-01 9.999956627964864397e-01 9.999508807067887250e-01 9.999818859163175366e-01 9.999916563247694956e-01 9.999901063789409239e-01 9.999846098485878354e-01
9.999376200976834994e-01 9.999883722807429987e-01 9.999872554824600357e-01 9.999756940239801217e-01 9.999859259149578294e-01 9.999707868475097294e-01 9.999826845929102870e-01 9.999899610063004429e-01 9.999931199337737109e-01 9.999844295556223894e-01
9.999847758530857611e-01 9.999801912748399468e-01 9.999937149503964617e-01 9.999915881934381412e-01 9.999327226427672244e-01 9.999903522578355020e-01 9.999886618283782003e-01 9.998988739745152676e-01 9.999885744885618211e-01 9.999938964944115050e-01
9.999801130449811337e-01 9.999822365010017089e-01 9.999950487471563898e-01 9.999884164132654130e-01 9.999917737679659968e-01 9.999898465230319111e-01 9.999936402277802561e-01 9.999876200199124821e-01 9.999778619746526598e-01 9.999937652003543231e-01
9.999876406100368653e-01 9.999907957895952659e-01 9.999693465614208909e-01 9.999811563664273706e-01 9.999863047391394089e-01 9.999889354790275631e-01 9.999910908249463048e-01 9.999865376408116902e-01 9.999706549084358409e-01 9.999782440595694766e-01
9.999957651639087564e-01 9.999094205433917137e-01 9.999909849623479507e-01 9.999913216490183832e-01 9.999903819198928678e-01 9.999899074305752533e-01 9.999907614906222708e-01 9.999919054491714920e-01 9.999511064394832616e-01 9.999900646740653709e-01
9.999886049149514511e-01 9.998907249337577463e-01 9.999824219404411796e-01 9.999744018732910078e-01 9.999888781249042236e-01 9.999868396271223148e-01 9.999877882737183699e-01 9.999934961385053001e-01 9.999892864794794889e-01 9.999802689268580957e-01
9.999803321304970849e-01 9.999858652929207725e-01 9.999364124326534098e-01 9.999770792670320541e-01 9.999712200966894837e-01 9.999887473686992490e-01 9.999805716187187832e-01 9.999917409084468911e-01 9.999910547233242797e-01 9.999422087432010553e-01
9.999793538307288898e-01 9.999909564436790799e-01 9.999740385048742075e-01 9.999913713161093787e-01 9.999746455453815130e-01 9.999686536684018190e-01 9.999404347015267147e-01 9.999798918130275993e-01 9.999544584957915649e-01 9.999909200930150455e-01
9.999624347004666403e-01 9.999890660259711517e-01 9.999820972844749578e-01 9.999902088844381254e-01 9.999829286207455592e-01 9.999900248104386380e-01 9.999768068352475892e-01 9.999925290903808328e-01 9.999898857393478835e-01 9.999916358983639286e-01
9.999908970821471677e-01 9.999364681757971773e-01 9.999856088014003053e-01 9.999729570178518268e-01 9.999852080239880481e-01 9.999754334149946189e-01 9.999758935977821617e-01 9.999946128146844915e-01 9.999485376478470799e-01 9.999750819660669920e-01
9.999902799627066186e-01 9.999308336676385744e-01 9.999730533276751654e-01 9.999801768904241772e-01 9.999882832687340128e-01 9.999674704580010509e-01 9.999800536634846360e-01 9.999901783239715236e-01 9.999891362822030949e-01 9.999852061687474203e-01
9.999879495703700716e-01 9.999945864047954380e-01 9.999868953974776487e-01 9.999923672319124268e-01 9.999859870344105506e-01 9.999811290823551468e-01 9.999842386177709708e-01 9.999886694108329754e-01 9.999769285533155472e-01 9.999890099153740941e-01
9.999864436605918616e-01 9.999838335961633851e-01 9.999851623355591190e-01 9.999625397763570733e-01 9.999873525391942408e-01 9.999090800304268889e-01 9.999863620728648428e-01 9.998688744486641244e-01 9.999562151636723906e-01 9.999782654395450443e-01
9.999819059440824276e-01 9.999969627171526598e-01 9.999849985225001125e-01 9.999890396042204754e-01 9.999735464282942798e-01 9.999892221620195754e-01 9.999910420015114543e-01 9.999876658718738209e-01 9.999773792691720731e-01 9.999901546329060809e-01
9.999752933656695930e-01 9.999896208976277734e-01 9.999929809475551767e-01 9.999877862077484192e-01 9.999906612251965310e-01 9.999716995228411509e-01 9.999857626251652531e-01 9.999903525760449607e-01 9.999744683988839311e-01 9.999391034658066113e-01
9.999957555680069055e-01 9.999910244559157002e-01 9.999857937819920384e-01 9.999700467793054548e-01 9.999938176887870345e-01 9.999597186802242632e-01 9.999881643402641629e-01 9.999801569552239089e-01 9.999942440587710202e-01 9.999948901786898103e-01
