9.999976752064154706e-01 9.999960988961583697e-01 9.999972029330673751e-01 9.999938559258273463e-01 9.999973147029946885e-01 9.999978789048974415e-01 9.999963896686209219e-01 9.999962392236918518e-01 9.999962961915606074e-01 9.999978915655647338e-01
9.999969841631414225e-01 9.999966432387487059e-01 9.999965389745164579e-01 9.999965457508639410e-01 9.999975421786478913e-01 9.999961755708034472e-01 9.999956865035561915e-01 9.999982466570401796e-01 9.999964024002481189e-01 9.999948470803342593e-01
9.999965036436134769e-01 9.999938947162975156e-01 9.999944554068254110e-01 9.999975037800429289e-01 9.999978486260383548e-01 9.999953699433857812e-01 9.999922823390280380e-01 9.999969367020355993e-01 9.999968099718409276e-01 9.999964273829972106e-01
9.999963328098778748e-01 9.999980108775962107e-01 9.999941084465974184e-01 9.999966922582131934e-01 9.999947499763945924e-01 9.999963220332291902e-01 9.999977154552097680e-01 9.999978434359210189e-01 9.999969736339835436e-01 9.999976872073753631e-01
9.999966140539591208e-01 9.999963082895896305e-01 9.999974198706080841e-01 9.999963319020241936e-01 9.999941631462645475e-01 9.999977604039073098e-01 9.999985018853623231e-01 9.999970127512600726e-01 9.999971612813327582e-01 9.999980652252186131e-01
9.999980229647595920e-01 9.999975830380365416e-01 9.999984258390146596e-01 9.999955651465588513e-01 9.999985106999657036e-01 9.999961877620087147e-01 9.999985848899967111e-01 9.999969383185038918e-01 9.999956391497567543e-01 9.999955520653256436e-01
9.999964781585120033e-01 9.999965554711368609e-01 9.999977863654327948e-01 9.999913225542512718e-01 9.999968850504395990e-01 9.999980855309084093e-01 9.999987353788214461e-01 9.999964056093529896e-01 9.999941053586968165e-01 9.999975850472803129e-01
9.999987706732716974e-01 9.999978554456609992e-01 9.999988171217905064e-01 9.999984075439467546e-01 9.999975359827217858e-01 9.999955160160404199e-01 9.999971496982718033e-01 9.999958847589639488e-01 9.999980746427253875e-01 9.999968109975212460e-01
9.999949336341663608e-01 9.999950225006219995e-01 9.999983571788176873e-01 9.999971027670813140e-01 9.999965617120307737e-01 9.999974011206206326e-01 9.999979292322587199e-01 9.999972332898622307e-01 9.999977319669920428e-01 9.999975546051202979e-01
9.999954600076860212e-01 9.999955860555789222e-01 9.999963860174473362e-01 9.999970947633161078e-01 9.999972240125208911e-01 9.999952720739638812e-01 9.999960240993084337e-01 9.999979413673102391e-01 9.999979654521718997e-01 9.999978880579027951e-01
9.999975748605702819e-01 9.999970910110794753e-01 9.999971237116128675e-01 9.999983007578205907e-01 9.999965107769109851e-01 9.999941419205319315e-01 9.999943723270394713e-01 9.999974039737746789e-01 9.999977733938683055e-01 9.999981006708821285e-01
9.999965401420333189e-01 9.999958326750406634e-01 9.999977983982945018e-01 9.999959064561783073e-01 9.999956915311725147e-01 9.999973811104954091e-01 9.999948338262426573e-01 9.999987011957117700e-01 9.999985246914652182e-01 9.999966691936470475e-01
9.999953536487399264e-01 9.999977841382898802e-01 9.999977276384511837e-01 9.999961106837359504e-01 9.999962016923052976e-01 9.999965186334163203e-01 9.999971567351368940e-01 9.999984604676649402e-01 9.999952399636934386e-01 9.999978761176202546e-01
9.999943118228151739e-01 9.999972542289478072e-01 9.999953498198571600e-01 9.999955422167469132e-01 9.999964644639316447e-01 9.999984415024517626e-01 9.999968028389079056e-01 9.999939163197182346e-01 9.999968012120520333e-01 9.999971989750670032e-01
9.999963147702470856e-01 9.999970059767955277e-01 9.999981059579601261e-01 9.999976867058402163e-01 9.999981526710391977e-01 9.999974007072365279e-01 9.999985253254334294e-01 9.999952234531719331e-01 9.999937669815237573e-01 9.999945053923606775e-01
9.999943343626656045e-01 9.999965034825033516e-01 9.999973224988857323e-01 9.999960239534183559e-01 9.999962132245030499e-01 9.999976927987278552e-01 9.999948085570226075e-01 9.999982228144905783e-01 9.999971125023491281e-01 9.999953458865304956e-01
9.999955815341985410e-01 9.999953464913217127e-01 9.999973453287364089e-01 9.999963701631996438e-01 9.999973751099932029e-01 9.999970142803957796e-01 9.999974851780378815e-01 9.999968328750964419e-01 9.999957285393737960e-01 9.999927097267958809e-01
9.999975504054223752e-01 9.999974809536350540e-01 9.999948934101393627e-01 9.999971712448932903e-01 9.999968047018551465e-01 9.999948241426944717e-01 9.999955020105386616e-01 9.999945939411116758e-01 9.999958038289512574e-01 9.999952740924451522e-01
9.999989465169686342e-01 9.999929580567131771e-01 9.999969171928482226e-01 9.999951496956577257e-01 9.999976446724052614e-01 9.999974869570366076e-01 9.999952262158298133e-01 9.999949233152357619e-01 9.999951388307275479e-01 9.999974650497982509e-01
9.999981408889796475e-01 9.999946216860777781e-01 9.999970145895631379e-01 9.999968588739407416e-01 9.999967583733910814e-01 9.999962171045069237e-01 9.999951324880832493e-01 9.999957458692325662e-01 9.999980277590269084e-01 9.999976901780880389e-01
9.999986351774688975e-01 9.999954876776228074e-01 9.999970460666877115e-01 9.999966113951365143e-01 9.999943326300975155e-01 9.999956605622631889e-01 9.999971485334618881e-01 9.999964089622002117e-01 9.999959628378419785e-01 9.999963498500339387e-01
9.999960721496951033e-01 9.999953263815208881e-01 9.999968302936670383e-01 9.999985472564312250e-01 9.999976516290358663e-01 9.999963722618731010e-01 9.999976841628327451e-01 9.999982764457283624e-01 9.999966488818365917e-01 9.999978247357296235e-01
9.999950773006922589e-01 9.999914968224069556e-01 9.999983597705808247e-01 9.999960862464920552e-01 9.999976237341298146e-01 9.999946693253265462e-01 9.999961023513023184e-01 9.999971200989732356e-01 9.999961802208069406e-01 9.999976024487515769e-01
9.999961914636081861e-01 9.999952077041193155e-01 9.999970282755368256e-01 9.999978839544066966e-01 9.999970905419558465e-01 9.999990146834580873e-01 9.999920180102763734e-01 9.999977962125761177e-01 9.999966381424008066e-01 9.999960467267450248e-01
9.999965261407586237e-01 9.999978480036775252e-01 9.999964753667576201e-01 9.999935296686741637e-01 9.999965851581921195e-01 9.999983386542213859e-01 9.999957770472568397e-01 9.999941358575962225e-01 9.999975335347880412e-01 9.999971041390336435e-01
9.999976048918768345e-01 9.999945681780607609e-01 9.999965361631524274e-01 9.999959204149700964e-01 9.999970638784687615e-01 9.999977559830753870e-01 9.999950063536378053e-01 9.999977254011804817e-01 9.999932578601583577e-01 9.999954182072983144e-01
9.999946278336866445e-01 9.999947550083313486e-01 9.999988287099225159e-01 9.999956762122872433e-01 9.999965464623511435e-01 9.999933831699163722e-01 9.999970978388055265e-01 9.999966257149691673e-01 9.999984292974394284e-01 9.999979023385852095e-01
9.999967556209983233e-01 9.999979863932633162e-01 9.999955167953989976e-01 9.999963721476551326e-01 9.999947533936125454e-01 9.999954105017184736e-01 9.999978513660037205e-01 9.999988847486488419e-01 9.999948951405696063e-01 9.999978202074110145e-01
9.999952033057968315e-01 9.999973106939774592e-01 9.999965527033070067e-01 9.999979898769585374e-01 9.999934964495721390e-01 9.999955502879025460e-01 9.999963594377804244e-01 9.999960365931322981e-01 9.999965978936463662e-01 9.999972078151586619e-01
9.999979110290286854e-01 9.999950903221135334e-01 9.999987002514383327e-01 9.999955617350995141e-01 9.999960864291020934e-01 9.999947324147966388e-01 9.999963917445465755e-01 9.999969790680141024e-01 9.999958309735286210e-01 9.999953691227432273e-01
9.999967955934359054e-01 9.999963598362113792e-01 9.999959437039824817e-01 9.999971616297703703e-01 9.999990102781790569e-01 9.999972528399194704e-01 9.999970041626029538e-01 9.999940530738670175e-01 9.999967953759337780e-01 9.999969300263654715e-01
9.999949032563030249e-01 9.999963123295276812e-01 9.999970553439408993e-01 9.999978721800409920e-01 9.999961106955672641e-01 9.999980530330052630e-01 9.999962129005857125e-01 9.999978089559637962e-01 9.999970398740768429e-01 9.999959979750919770e-01
9.999965469033280652e-01 9.999946495964908699e-01 9.999983399555875119e-01 9.999971832410747830e-01 9.999963365310610142e-01 9.999955994199101195e-01 9.999964963306384735e-01 9.999967522155297495e-01 9.999953214701650106e-01 9.999970906453226061e-01
9.999979702071239984e-01 9.999978183356259542e-01 9.999958638226735808e-01 9.999959085608042253e-01 9.999977049913821858e-01 9.999963009228174382e-01 9.999972418786611250e-01 9.999965936406574052e-01 9.999962702444223916e-01 9.999958373425389402e-01
9.999965040276072026e-01 9.999964573467193807e-01 9.999964646991750250e-01 9.999976684641785907e-01 9.999973468075115113e-01 9.999974497428157916e-01 9.999962207888627441e-01 9.999978914306104638e-01 9.999954409089417684e-01 9.999953604437167298e-01
9.999969930276072505e-01 9.999982578340370631e-01 9.999954630132408262e-01 9.999963289971571800e-01 9.999960112838053305e-01 9.999964854486440569e-01 9.999960068071875874e-01 9.999977425626679350e-01 9.999963665327123996e-01 9.999960147579087799e-01
9.999967640721051376e-01 9.999947666291760795e-01 9.999982559851680053e-01 9.999977209143418033e-01 9.999980217332277155e-01 9.999955247164113992e-01 9.999977802793790227e-01 9.999969550782989991e-01 9.999951666467762346e-01 9.999967681913261019e-01
9.999956170605928119e-01 9.999975624439226829e-01 9.999971275014907235e-01 9.999979740388874605e-01 9.999953758217001720e-01 9.999960463333382732e-01 9.999967662101669763e-01 9.999970429090453417e-01 9.999968564647265801e-01 9.999964886221746063e-01
9.999939839323401802e-01 9.999965261585133103e-01 9.999969774848747051e-01 9.999954141206182090e-01 9.999968136885322156e-01 9.999939753479939464e-01 9.999980487555922837e-01 9.999944434613027289e-01 9.999974239572765322e-01 9.999939407137662384e-01
9.999983313160429876e-01 9.999981868630393178e-01 9.999969373386323745e-01 9.999984216032229423e-01 9.999981889141196234e-01 9.999967686414675816e-01 9.999979400633082216e-01 9.999980216967349067e-01 9.999985963533298827e-01 9.999952621043215473e-01
9.999946452990715606e-01 9.999978817341994564e-01 9.999954265193580216e-01 9.999986089450608739e-01 9.999977429999439282e-01 9.999987573856131684e-01 9.999946957170519068e-01 9.999925156572984086e-01 9.999975560585145917e-01 9.999988769900371999e-01
9.999928730809841682e-01 9.999973041917952221e-01 9.999977022462583909e-01 9.999968635086440294e-01 9.999967249381093159e-01 9.999958960171930755e-01 9.999967180102936615e-01 9.999986874406353587e-01 9.999959227404617845e-01 9.999957830174472928e-01
9.999940544310391699e-01 9.999967563199849696e-01 9.999974984244159870e-01 9.999966394244091950e-01 9.999967800123509276e-01 9.999977351658692060e-01 9.999957641430633482e-01 9.999952614620154501e-01 9.999977722493104126e-01 9.999957025773593688e-01
9.999944524124347867e-01 9.999980115349251797e-01 9.999970961182023110e-01 9.999949466783604191e-01 9.999972827898828687e-01 9.999961231698490938e-01 9.999933853728155686e-01 9.999984792022922342e-01 9.999923928410887619e-01 9.999957921932260962e-01
9.999968231140828889e-01 9.999980390135226882e-01 9.999962129721056137e-01 9.999986661096617047e-01 9.999973561461434901e-01 9.999952124236010098e-01 9.999959326369610713e-01 9.999974729155960418e-01 9.999944923933496987e-01 9.999967779964565873e-01
9.999960529291880285e-01 9.999919289982771575e-01 9.999980449499265012e-01 9.999978872327133228e-01 9.999956611513367566e-01 9.999971891786730849e-01 9.999950408268416524e-01 9.999966290863636642e-01 9.999920836126127144e-01 9.999959704825701623e-01
9.999963330206255163e-01 9.999980629412331679e-01 9.999962601277295748e-01 9.999963985699219515e-01 9.999959193707170790e-01 9.999980140281986563e-01 9.999956306239285997e-01 9.999960454505215646e-01 9.999950676356188506e-01 9.999973767907824884e-01
9.999967142876482473e-01 9.999954914968387509e-01 9.999965686258286413e-01 9.999957593499766428e-01 9.999959902134273326e-01 9.999960594253805013e-01 9.999963625665712064e-01 9.999977746070010109e-01 9.999966142744701747e-01 9.999965540740877179e-01
9.999956657887522082e-01 9.999960720771123857e-01 9.999954240024291341e-01 9.999964220818684524e-01 9.999956999670939206e-01 9.999963170390617773e-01 9.999971013578945467e-01 9.999927905606855738e-01 9.999969822751535453e-01 9.999911424905593149e-01
9.999972019972890314e-01 9.999970875193689990e-01 9.999962560813148160e-01 9.999985971393241524e-01 9.999978286116998349e-01 9.999982892067423856e-01 9.999973699673447847e-01 9.999975606854810684e-01 9.999956297407590622e-01 9.999975820595595755e-01
9.999970050812279077e-01 9.999969961339447710e-01 9.999955411492259527e-01 9.999957414193880734e-01 9.999964313617687450e-01 9.999965908316835739e-01 9.999972122241558292e-01 9.999975320917920962e-01 9.999964428227720026e-01 9.999941430309444712e-01
9.999988633294715212e-01 9.999972388123414824e-01 9.999955512535514401e-01 9.999956586711462592e-01 9.999971453375848807e-01 9.999951000412311553e-01 9.999944150378716756e-01 9.999964552378192151e-01 9.999943707898729661e-01 9.999965601027499540e-01
9.999973016911635204e-01 9.999969634978114197e-01 9.999966129405498672e-01 9.999948626025867426e-01 9.999961885550234797e-01 9.999973250774805145e-01 9.999960800588189036e-01 9.999937180292243211e-01 9.999948851503631664e-01 9.999958161263445833e-01
9.999974879323012544e-01 9.999950588211852232e-01 9.999989590261819661e-01 9.999981823226984368e-01 9.999977306785354791e-01 9.999973588027546434e-01 9.999940048868355413e-01 9.999965512904791520e-01 9.999977398159788367e-01 9.999974773981713527e-01
9.999965821506701102e-01 9.999948552018650405e-01 9.999986187705853791e-01 9.999920497327754454e-01 9.999954525872979394e-01 9.999964728572230399e-01 9.999967970315241095e-01 9.999961443701054220e-01 9.999966149019897665e-01 9.999950914394563073e-01
9.999961662331258161e-01 9.999975836444581212e-01 9.999986209173327145e-01 9.999963872481394400e-01 9.999934643977386184e-01 9.999955774366683370e-01 9.999942060394991783e-01 9.999940490402842164e-01 9.999950724147244063e-01 9.999969704168172324e-01
9.999965335656695320e-01 9.999952847584288040e-01 9.999956820661060064e-01 9.999972653087161323e-01 9.999962908584065779e-01 9.999965217382028593e-01 9.999984102258144825e-01 9.999952931894232622e-01 9.999953186738728128e-01 9.999929579135927726e-01
9.999973105834162324e-01 9.999982634229437339e-01 9.999981780878161031e-01 9.999978450463175017e-01 9.999984180620943297e-01 9.999929325655264600e-01 9.999964141913635363e-01 9.999973861316487911e-01 9.999947386765256629e-01 9.999939824725524451e-01
9.999971515382565235e-01 9.999978233490304236e-01 9.999972305165402142e-01 9.999975428404157540e-01 9.999967890127484660e-01 9.999969100489347618e-01 9.999956190898960928e-01 9.999971440096634412e-01 9.999986511373609721e-01 9.999963950394561429e-01
9.999968551823452678e-01 9.999961461205343349e-01 9.999934572129780541e-01 9.999979105638351351e-01 9.999967867443741998e-01 9.999940391824795327e-01 9.999980628942786165e-01 9.999961963231812634e-01 9.999951348279600971e-01 9.999970407905990344e-01
9.999934696192767092e-01 9.999954580666877701e-01 9.999981663033372659e-01 9.999957440488335125e-01 9.999957486110113702e-01 9.999967259546376219e-01 9.999972498572829993e-01 9.999961732174511564e-01 9.999987450236352826e-01 9.999949277502058198e-01
9.999949622314473485e-01 9.999978522441658191e-01 9.999988504061094741e-01 9.999969449033722091e-01 9.999971481026882492e-01 9.999940713463671971e-01 9.999979067182281911e-01 9.999980204090257452e-01 9.999979404412908668e-01 9.999984514630952948e-01
9.999971170837159695e-01 9.999966421799247884e-01 9.999982329243505275e-01 9.999956897480023477e-01 9.999961744904573013e-01 9.999976351366915983e-01 9.999955111639732275e-01 9.999980470228916341e-01 9.999963466116180699e-01 9.999967139656488202e-01
9.999974677096334919e-01 9.999980505590806423e-01 9.999943597467887413e-01 9.999961563812441723e-01 9.999982337062075510e-01 9.999962754463478376e-01 9.999963620227647620e-01 9.999962750894861863e-01 9.999963587723958991e-01 9.999975344951497203e-01
9.999954295585236075e-01 9.999967589225939868e-01 9.999970411025643768e-01 9.999951096242394311e-01 9.999934927334590551e-01 9.999955722898012933e-01 9.999932136444313890e-01 9.999979992832326303e-01 9.999985314247381574e-01 9.999970197154645080e-01
9.999961236835254175e-01 9.999943274743887667e-01 9.999973201617103902e-01 9.999955186395763640e-01 9.999980679623535762e-01 9.999986823198345753e-01 9.999962983835104513e-01 9.999955270004846630e-01 9.999978259175269502e-01 9.999953597344579670e-01
9.999967300360523836e-01 9.999975056092488268e-01 9.999978206979655004e-01 9.999976430338132216e-01 9.999974760482065461e-01 9.999948654641709345e-01 9.999956582738518396e-01 9.999980177398248848e-01 9.999965465300280076e-01 9.999967291144037373e-01
9.999980575031600649e-01 9.999975383896301251e-01 9.999960332162091126e-01 9.999962830561004434e-01 9.999959633189726693e-01 9.999989771729427268e-01 9.999969554157278617e-01 9.999967838737585657e-01 9.999957248323936287e-01 9.999973808290815169e-01
9.999975558939276921e-01 9.999963892571004376e-01 9.999954420626394613e-01 9.999960618182077710e-01 9.999973273456382872e-01 9.999973154858994295e-01 9.999972123501309484e-01 9.999972942237587148e-01 9.999980877199345919e-01 9.999955306826499024e-01
9.999968100093548085e-01 9.999981165087432622e-01 9.999976712250324695e-01 9.999957065228286535e-01 9.999949760777032681e-01 9.999948894070717076e-01 9.999984312004599474e-01 9.999980084031729888e-01 9.999981183515010974e-01 9.999970894050997927e-01
9.999978893625153242e-01 9.999939035427289902e-01 9.999980815023321590e-01 9.999980267457468930e-01 9.999972392592152426e-01 9.999940538408519375e-01 9.999978796584445551e-01 9.999976829606141981e-01 9.999972091520986650e-01 9.999904108422568161e-01
9.999966565014896114e-01 9.999956109922260028e-01 9.999975365940988459e-01 9.999982426457623141e-01 9.999984939952341056e-01 9.999955610232399428e-01 9.999963464780736722e-01 9.999979641742592351e-01 9.999962515233620231e-01 9.999957858046250037e-01
9.999942887445654183e-01 9.999962270780742291e-01 9.999966836806141179e-01 9.999980843652002127e-01 9.999986199914980833e-01 9.999968928802148715e-01 9.999962901471406429e-01 9.999957709982250087e-01 9.999981705410704302e-01 9.999965095930460901e-01
9.999977167982551096e-01 9.999964676276277276e-01 9.999968362671912692e-01 9.999971985718278944e-01 9.999977339569353640e-01 9.999968962636283099e-01 9.999959024715953104e-01 9.999973669257955500e-01 9.999969080948881706e-01 9.999980717361814930e-01
9.999952547580227558e-01 9.999943171825885768e-01 9.999978501176283174e-01 9.999963330333357936e-01 9.999958106063863150e-01 9.999972828834005067e-01 9.999978217881630993e-01 9.999980769354226418e-01 9.999978390266505146e-01 9.999967025709555202e-01
9.999959593513906286e-01 9.999963687570270210e-01 9.999979323647444351e-01 9.999960290255767159e-01 9.999963556326297853e-01 9.999982609081394802e-01 9.999952309949999840e-01 9.999967717371969211e-01 9.999968067518788528e-01 9.999964191383199363e-01
9.999966097707363444e-01 9.999969593477507912e-01 9.999928476924166976e-01 9.999941522796009785e-01 9.999962867535341360e-01 9.999975456209696523e-01 9.999977959565157226e-01 9.999984220649148492e-01 9.999973870423550792e-01 9.999970827158031206e-01
9.999966133740199048e-01 9.999962850775048206e-01 9.999982847809235631e-01 9.999971950657828845e-01 9.999974715645025825e-01 9.999959558156407136e-01 9.999947150889203495e-01 9.999959726953870920e-01 9.999947093605592308e-01 9.999983110493396721e-01
9.999962896300167436e-01 9.999965903653657007e-01 9.999949223396623621e-01 9.999974736466104019e-01 9.999955366329815742e-01 9.999978699407071625e-01 9.999985073392608781e-01 9.999972593979616908e-01 9.999980697767869575e-01 9.999973076372249414e-01
9.999972930294783735e-01 9.999959384932116668e-01 9.999980118931002249e-01 9.999970488781581013e-01 9.999965737953562250e-01 9.999982297116426500e-01 9.999963005201483179e-01 9.999938543971361726e-01 9.999944336799837519e-01 9.999966833240291342e-01
9.999983005325905339e-01 9.999972628701132571e-01 9.999961470943157238e-01 9.999979979216244708e-01 9.999944822624086127e-01 9.999976632664053788e-01 9.999965899522612611e-01 9.999979216745550348e-01 9.999974543745173694e-01 9.999964149309217287e-01
9.999972006336883545e-01 9.999972600149803492e-01 9.999948978812289724e-01 9.999968639792042868e-01 9.999975429076196631e-01 9.999957410887230225e-01 9.999922633262293692e-01 9.999972267490022659e-01 9.999976538351410538e-01 9.999981925831920027e-01
9.999967169148585855e-01 9.999971518495224254e-01 9.999945271668102542e-01 9.999957514206332387e-01 9.999987849380752580e-01 9.999979878759058805e-01 9.999974918083431863e-01 9.999969421278449566e-01 9.999956014377968661e-01 9.999976199791368314e-01
9.999975388149788813e-01 9.999983858611242171e-01 9.999982539064576903e-01 9.999975021124460905e-01 9.999981994851898648e-01 9.999968095981646155e-01 9.999940122135845266e-01 9.999959824378685802e-01 9.999973718452725979e-01 9.999964015866500411e-01
9.999982508815857818e-01 9.999970386275864875e-01 9.999972805997121572e-01 9.999973070485417281e-01 9.999964696278694776e-01 9.999963175845022478e-01 9.999970523080747853e-01 9.999972126090076463e-01 9.999965637623097203e-01 9.999984334865403834e-01
9.999971226898192178e-01 9.999951790304313359e-01 9.999958169348486248e-01 9.999977990294697250e-01 9.999964121851254717e-01 9.999952722875927735e-01 9.999974556724634533e-01 9.999981469103035314e-01 9.999972659348792536e-01 9.999964108138119645e-01
9.999980381900347437e-01 9.999967890204471965e-01 9.999956932441290691e-01 9.999975084177851192e-01 9.999968646884187518e-01 9.999977831412525386e-01 9.999982660077407770e-01 9.999971898128253711e-01 9.999981811876442750e-01 9.999928018733078572e-01
9.999979350653442900e-01 9.999958671967753565e-01 9.999976865415096672e-01 9.999974651725082042e-01 9.999968583099965169e-01 9.999984474384264743e-01 9.999956504678014779e-01 9.999975519934165558e-01 9.999980273935906716e-01 9.999960810084722596e-01
9.999972573444135815e-01 9.999978261662855195e-01 9.999978102697723026e-01 9.999952838953474199e-01 9.999974486725373701e-01 9.999947308160006543e-01 9.999935745042147772e-01 9.999956309036114321e-01 9.999971136765813950e-01 9.999965178735901183e-01
9.999979215671164212e-01 9.999965200484358663e-01 9.999966625713248014e-01 9.999958454938859820e-01 9.999964696339628256e-01 9.999974765067001226e-01 9.999986587995376430e-01 9.999968054666754647e-01 9.999967633925735955e-01 9.999982016246148353e-01
9.999952549301035498e-01 9.999953748782601792e-01 9.999949037995976564e-01 9.999958944371489800e-01 9.999974817137791128e-01 9.999978374779404655e-01 9.999971919986566649e-01 9.999981734976024494e-01 9.999943803564520506e-01 9.999960103424024860e-01
9.999978169227459190e-01 9.999975263715568108e-01 9.999946195770711421e-01 9.999963044073378882e-01 9.999975772523911344e-01 9.999970235903282711e-01 9.999966202082357647e-01 9.999972731486619359e-01 9.999980767591026831e-01 9.999975326396429720e-01
9.999949582892799782e-01 9.999976596522852645e-01 9.999963792922403893e-01 9.999972460577903899e-01 9.999967145484522923e-01 9.999956590355184582e-01 9.999983527473113032e-01 9.999965446228089583e-01 9.999969257943029932e-01 9.999968702649305596e-01
9.999974917687878273e-01 9.999935119998568656e-01 9.999972871578597378e-01 9.999976266962985472e-01 9.999981696606921044e-01 9.999968350019817764e-01 9.999985067750801759e-01 9.999972752888509619e-01 9.999962594253563042e-01 9.999984910271580985e-01
9.999980533561695362e-01 9.999983852882267099e-01 9.999973325996336371e-01 9.999962323615024795e-01 9.999943142580554056e-01 9.999961659814847748e-01 9.999964289484901681e-01 9.999947599961643840e-01 9.999972885040475656e-01 9.999979713640302359e-01
9.999959715926260984e-01 9.999972548647985127e-01 9.999954264728591058e-01 9.999969612191168533e-01 9.999975901969925252e-01 9.999959817366429471e-01 9.999950302161876303e-01 9.999948590399898585e-01 9.999953413293726223e-01 9.999967523274658765e-01
9.999977016942884767e-01 9.999953045038073585e-01 9.999953230881398758e-01 9.999971049762356179e-01 9.999961209602529211e-01 9.999971975046877404e-01 9.999977868672756953e-01 9.999976580786107405e-01 9.999969737263124658e-01 9.999985593178717380e-01
9.999916422202661526e-01 9.999950164574985534e-01 9.999959528509417828e-01 9.999971939781964192e-01 9.999969054057895601e-01 9.999964643834683420e-01 9.999984750534745004e-01 9.999959689802870866e-01 9.999941116052436518e-01 9.999965919934401537e-01
9.999975910851680583e-01 9.999980847320586452e-01 9.999961094693388119e-01 9.999984833827691988e-01 9.999971679412388292e-01 9.999972252660281891e-01 9.999964340015864428e-01 9.999936653405794296e-01 9.999961477810523913e-01 9.999978355290817245e-01
9.999968458724022291e-01 9.999967944013851140e-01 9.999968193514927606e-01 9.999964344198541966e-01 9.999963849922556269e-01 9.999973378994593265e-01 9.999968053048373662e-01 9.999962854072307339e-01 9.999973223963249946e-01 9.999973690439062368e-01
