9.999836752868308531e-01 9.999907095795126377e-01 9.999907171414903484e-01 9.999909911733712020e-01 9.999796779597500684e-01 9.999896251738922270e-01 9.999943385090506176e-01 9.999917432691554087e-01 9.999847437726230304e-01 9.999952531671364442e-01
9.999679265831024066e-01 9.999859978225050794e-01 9.999921244214196037e-01 9.999941056579829679e-01 9.999590134301081790e-01 9.999975381898779103e-01 9.999859681402319955e-01 9.999698486746055881e-01 9.999908267342579871e-01 9.999847765563285584e-01
9.999691565443886709e-01 9.999885910713846027e-01 9.999915472043158227e-01 9.999716843911200526e-01 9.999771891284039427e-01 9.999929429664327074e-01 9.999745011511412818e-01 9.999911172015164551e-01 9.999586800781601337e-01 9.999928395632016187e-01
9.999827013865459913e-01 9.999842308323503293e-01 9.999862696945697182e-01 9.999802532929504828e-01 9.999879248466200243e-01 9.999913141456340249e-01 9.999940873414818743e-01 9.999950680764470023e-01 9.999830041080027820e-01 9.999890355316134460e-01
9.999828255710038194e-01 9.999948220312371294e-01 9.999733657133461628e-01 9.999773331569330459e-01 9.999905233875100441e-01 9.999901647779593228e-01 9.999944266236256984e-01 9.999937800469059779e-01 9.999894187105885512e-01 9.999862792439647707e-01
9.999918292657988816e-01 9.999921348947119482e-01 9.999946133896217004e-01 9.999954999150463264e-01 9.999978378784118993e-01 9.999937762804108621e-01 9.999849456936262815e-01 9.999961016847502826e-01 9.999893850701430109e-01 9.999891756978683821e-01
9.999933498837505486e-01 9.999874164900274254e-01 9.999761020534877476e-01 9.999935374379782527e-01 9.999837110784667304e-01 9.999839183224441541e-01 9.999892270966123098e-01 9.999813785380268216e-01 9.999956342071705251e-01 9.999773942735897814e-01
9.999544220303322462e-01 9.999715659853579686e-01 9.999937797730752420e-01 9.999915128156321442e-01 9.999884173633601936e-01 9.999969361298814974e-01 9.999851649221617178e-01 9.999870206821076524e-01 9.999679824294146480e-01 9.999932278581962208e-01
9.999933129061012727e-01 9.999885875676473024e-01 9.999934334263489433e-01 9.999811055236765833e-01 9.999866833621208206e-01 9.999885025385056858e-01 9.999952735158480488e-01 9.999936299862843825e-01 9.999926461199407646e-01 9.999594781962373169e-01
9.999870153378834781e-01 9.999853669359806130e-01 9.999927334397935574e-01 9.999821032258870979e-01 9.999765427435510778e-01 9.999947422764179361e-01 9.999939336071529405e-01 9.999959559518848407e-01 9.999945334619911863e-01 9.999833029890149438e-01
9.999864365204143013e-01 9.999726877737560304e-01 9.999903140775250332e-01 9.999840473878558456e-01 9.999905698104345486e-01 9.999934099673394305e-01 9.999956245197443305e-01 9.999876599169209568e-01 9.999750728648451048e-01 9.999692893008950145e-01
9.999816272670722928e-01 9.999850880929733732e-01 9.999907538035175403e-01 9.999903172451829469e-01 9.999854200118829528e-01 9.999905136636473291e-01 9.999928591706662706e-01 9.999857483411815906e-01 9.999673675208854418e-01 9.999879612925446359e-01
9.999863945660528719e-01 9.999655270546267127e-01 9.999836630413292404e-01 9.999854896887008238e-01 9.999956204152161687e-01 9.999936248394928340e-01 9.999854262295611029e-01 9.999699822532218674e-01 9.999728913007454034e-01 9.999887712049857491e-01
9.999905971454859932e-01 9.999811829965905563e-01 9.999891680146469897e-01 9.999812117464267347e-01 9.999936899161500081e-01 9.999633027640287830e-01 9.999761217393839940e-01 9.999961537843846671e-01 9.999649078060158791e-01 9.999982852198864292e-01
9.999726287446805140e-01 9.999820180853125073e-01 9.999739542908845369e-01 9.999761824480534189e-01 9.999867991506928844e-01 9.999886336177468138e-01 9.999917867825198758e-01 9.999848977882607182e-01 9.999735923737069765e-01 9.999796182911445674e-01
9.999778721810526072e-01 9.999820663928610243e-01 9.999783469161432903e-01 9.999735866701455755e-01 9.999950481518573575e-01 9.999847826950950536e-01 9.999681391192016822e-01 9.999900004485983152e-01 9.999955078680327070e-01 9.999927998754358782e-01
9.999901683147783826e-01 9.999799914423996849e-01 9.999781867506778443e-01 9.999876990338427696e-01 9.999794949601412686e-01 9.999709111237565784e-01 9.999963832657782214e-01 9.999907312155011940e-01 9.999928064597394251e-01 9.999842259728485283e-01
9.999801016369972428e-01 9.999845458150544708e-01 9.999902010410726128e-01 9.999877528248991565e-01 9.999867126349056834e-01 9.999775901342077278e-01 9.999911765585351997e-01 9.999818880299286006e-01 9.999747091066913951e-01 9.999858226525258909e-01
9.999881333527869121e-01 9.999925636787443395e-01 9.999876908951249588e-01 9.999912292950484671e-01 9.999805319460330910e-01 9.999967058273175891e-01 9.999922334146568170e-01 9.999777277204584536e-01 9.999736874245501728e-01 9.999811335850118388e-01
9.999833115197218625e-01 9.999771597541674550e-01 9.999854945137395257e-01 9.999956416690060079e-01 9.999862526034176691e-01 9.999868409096859256e-01 9.999814787037205610e-01 9.999822417297089538e-01 9.999872520579853319e-01 9.999946036441818009e-01
9.999976950238902429e-01 9.999950191044952863e-01 9.999882472354512108e-01 9.999762098584488168e-01 9.999757325369226235e-01 9.999562341710662716e-01 9.999929289312585734e-01 9.999819594320875638e-01 9.999785238695624301e-01 9.999740263579084409e-01
9.999807043565318576e-01 9.999778119959330525e-01 9.999791280977132768e-01 9.999735570215609881e-01 9.999832509603144848e-01 9.999913133216769001e-01 9.999646603747043283e-01 9.999853735804742350e-01 9.999909442451190289e-01 9.999909593008422526e-01
9.999799781117364450e-01 9.999766751521862451e-01 9.999894718234445534e-01 9.999917843899056580e-01 9.999820089675673929e-01 9.999793070351483681e-01 9.999879577635291117e-01 9.999892459434817082e-01 9.999897433111204492e-01 9.999911380404256089e-01
9.999979793290574293e-01 9.999908389627312211e-01 9.999905542695927130e-01 9.999872015640866030e-01 9.999971811244617870e-01 9.999860376360059089e-01 9.999882618582109917e-01 9.999771462265197863e-01 9.999730235617665386e-01 9.999786183726110389e-01
9.999845546066823410e-01 9.999850151988601832e-01 9.999979039281344795e-01 9.999842135502434726e-01 9.999887444186212893e-01 9.999850385953322762e-01 9.999839627860735991e-01 9.999902572043769533e-01 9.999970343319576349e-01 9.999740191040844550e-01
9.999951864227516474e-01 9.999889975263314135e-01 9.999800522001106584e-01 9.999826065164765243e-01 9.999870403446435851e-01 9.999851789377735001e-01 9.999919523908293861e-01 9.999857363541717614e-01 9.999866372879152587e-01 9.999891754240679553e-01
9.999882645141274784e-01 9.999770528190591312e-01 9.999843304643604158e-01 9.999925094298134365e-01 9.999963213472377044e-01 9.999777590023017915e-01 9.999963944550492867e-01 9.999939613145369943e-01 9.999835983980996934e-01 9.999765474150750233e-01
9.999921115976769803e-01 9.999866239510526444e-01 9.999892804971072247e-01 9.999857906321160117e-01 9.999796574292549867e-01 9.999949514683509344e-01 9.999885782236322962e-01 9.999920099656770534e-01 9.999842288668614465e-01 9.999884179379756599e-01
9.999904494193923021e-01 9.999775763905988102e-01 9.999895192071143191e-01 9.999708410663781244e-01 9.999923696100548876e-01 9.999921254562783579e-01 9.999880429772513013e-01 9.999961688833162166e-01 9.999682600754001838e-01 9.999929513875440712e-01
9.999860344409347013e-01 9.999845415212861299e-01 9.999825796101613484e-01 9.999977609838649473e-01 9.999843908170136242e-01 9.999842764249032845e-01 9.999783310653052038e-01 9.999908493157575462e-01 9.999892674616601695e-01 9.999823420515843164e-01
9.999856745012670745e-01 9.999694997752179848e-01 9.999773029387682977e-01 9.999920080374262721e-01 9.999702326912885963e-01 9.999859399778598945e-01 9.999866327199213867e-01 9.999867473100642057e-01 9.999872769703940234e-01 9.999953295552649335e-01
9.999874512142841176e-01 9.999821652580649367e-01 9.999851123822384169e-01 9.999905892608168534e-01 9.999893825125102387e-01 9.999901633124810285e-01 9.999826698278888593e-01 9.999820217016064383e-01 9.999760674762249169e-01 9.999882334759158109e-01
9.999802155578598750e-01 9.999899158649019348e-01 9.999812213638377134e-01 9.999878016159570171e-01 9.999835777479866294e-01 9.999871920553798921e-01 9.999834877677441503e-01 9.999894513678136976e-01 9.999800013882971239e-01 9.999789418349448455e-01
9.999950803898139950e-01 9.999848142022351727e-01 9.999676629871128153e-01 9.999928529156552059e-01 9.999300525545579132e-01 9.999941108415297819e-01 9.999892184308827314e-01 9.999678110437713041e-01 9.999736116812899533e-01 9.999865052153347200e-01
9.999855449222304626e-01 9.999915206279555990e-01 9.999768866860252459e-01 9.999814624337820534e-01 9.999846632438842420e-01 9.999769659036941150e-01 9.999976631601769084e-01 9.999747882858959214e-01 9.999785541257993904e-01 9.999781873593673875e-01
9.999734186871213071e-01 9.999793473657668796e-01 9.999869090247206493e-01 9.999949533261168755e-01 9.999740674240542582e-01 9.999619839017763745e-01 9.999746801811579822e-01 9.999863036475191702e-01 9.999783183298854849e-01 9.999691778468957626e-01
9.999881743400254042e-01 9.999767055351415079e-01 9.999646073472157060e-01 9.999916792124733389e-01 9.999835346912644418e-01 9.999899292109664106e-01 9.999755632301456920e-01 9.999953391291931393e-01 9.999859192376133743e-01 9.999936587077111749e-01
9.999849356189979277e-01 9.999815114722496734e-01 9.999799321312632383e-01 9.999882376167213982e-01 9.999817028630402227e-01 9.999799034398232367e-01 9.999942090582361054e-01 9.999766442019897283e-01 9.999713252660463736e-01 9.999948282985970938e-01
9.999963927524689877e-01 9.999742290221184104e-01 9.999844925755664304e-01 9.999775783569986309e-01 9.999924433284061998e-01 9.999784549676685730e-01 9.999899496460032955e-01 9.999795267226677664e-01 9.999843834897198525e-01 9.999838615866774028e-01
9.999821137700448670e-01 9.999945518055262106e-01 9.999820029710967395e-01 9.999783569741512723e-01 9.999859906471135762e-01 9.999851180541828866e-01 9.999969748955604976e-01 9.999786269905250879e-01 9.999888567607164713e-01 9.999884623585758581e-01
9.999888240696640507e-01 9.999922845201970611e-01 9.999847867743902885e-01 9.999674232715429767e-01 9.999832590307499158e-01 9.999790464147654268e-01 9.999843423897746275e-01 9.999929534361474692e-01 9.999951924830248196e-01 9.999899950453248199e-01
9.999931915434426832e-01 9.999901047969601553e-01 9.999859955775306508e-01 9.999843474894065665e-01 9.999876923419676045e-01 9.999915402118042529e-01 9.999611177586529287e-01 9.999754468160904075e-01 9.999887456957569087e-01 9.999930075479771530e-01
9.999766780029052393e-01 9.999860103872978412e-01 9.999930792363064258e-01 9.999931028123066890e-01 9.999839509283837691e-01 9.999870519507833011e-01 9.999881265630264915e-01 9.999841817683048362e-01 9.999837796591799499e-01 9.999771679301689975e-01
9.999838454016071188e-01 9.999780301145623218e-01 9.999798154587806742e-01 9.999783756704042625e-01 9.999944280593028312e-01 9.999892124972540319e-01 9.999839914932299179e-01 9.999901967749496023e-01 9.999900589202844747e-01 9.999862788300097893e-01
9.999858878007468199e-01 9.999812086983023152e-01 9.999865013922727419e-01 9.999900484033521497e-01 9.999908544983495684e-01 9.999848742622082787e-01 9.999815222889036903e-01 9.999941235336863299e-01 9.999688923096095028e-01 9.999897189503395012e-01
9.999796592780401117e-01 9.999921306968589940e-01 9.999800264193535737e-01 9.999907187077130555e-01 9.999980633948012398e-01 9.999887325225239598e-01 9.999993337519454961e-01 9.999924731188833960e-01 9.999910582104710732e-01 9.999712178262682993e-01
9.999837656483441251e-01 9.999777033473564725e-01 9.999632458238405519e-01 9.999891802701577070e-01 9.999833329648059044e-01 9.999762973758635765e-01 9.999851046717933567e-01 9.999959592437926981e-01 9.999831669548122637e-01 9.999783163863266156e-01
9.999946246733817379e-01 9.999981315837443985e-01 9.999965303698672425e-01 9.999975796429140251e-01 9.999656242720386112e-01 9.999869203318784150e-01 9.999840988792556562e-01 9.999860796843211830e-01 9.999899477630431743e-01 9.999746269911347074e-01
9.999924066546742596e-01 9.999828547376171661e-01 9.999799338734051135e-01 9.999918108008781781e-01 9.999902992815512537e-01 9.999848202781745909e-01 9.999878223507895347e-01 9.999671541477468395e-01 9.999848176710092185e-01 9.999732734470485607e-01
9.999757874044431505e-01 9.999904130837875549e-01 9.999876634919728779e-01 9.999892974930794098e-01 9.999922427924695656e-01 9.999456867534163296e-01 9.999926682279192125e-01 9.999801648221948724e-01 9.999717235888729849e-01 9.999728890483541299e-01
9.999798669764993209e-01 9.999843328102723250e-01 9.999821082081221668e-01 9.999804656090902633e-01 9.999813760354429037e-01 9.999891331756931567e-01 9.999949006846233779e-01 9.999821853654138337e-01 9.999911554480178655e-01 9.999762110680409100e-01
9.999887714729491783e-01 9.999814632650073642e-01 9.999854260974524456e-01 9.999663811358989740e-01 9.999847618828685558e-01 9.999907926047861828e-01 9.999818624141936230e-01 9.999735102497546713e-01 9.999906450031547100e-01 9.999809765072381618e-01
9.999891680527097648e-01 9.999821773218782184e-01 9.999931850205897588e-01 9.999882075515250657e-01 9.999888956187256150e-01 9.999957105982327787e-01 9.999761706874646938e-01 9.999785195267598681e-01 9.999781606981262838e-01 9.999900630057325657e-01
9.999865880986802402e-01 9.999933219928754946e-01 9.999959798024593560e-01 9.999908040040769164e-01 9.999731459870992989e-01 9.999952877699569420e-01 9.999648437493133812e-01 9.999976513806753120e-01 9.999878339853048859e-01 9.999822691925116525e-01
9.999909439920429133e-01 9.999920588709420022e-01 9.999801400102046323e-01 9.999945003387321618e-01 9.999827641178861137e-01 9.999828042853140531e-01 9.999869086841417509e-01 9.999836235857553213e-01 9.999920159338542280e-01 9.999846242012533359e-01
9.999675532426813840e-01 9.999759385626135755e-01 9.999642879401783313e-01 9.999866760047848580e-01 9.999848137075719734e-01 9.999871685977479441e-01 9.999826536125737686e-01 9.999837027335382045e-01 9.999882859860860229e-01 9.999881931760407072e-01
9.999896092723625785e-01 9.999959274360499251e-01 9.999828129261304488e-01 9.999850070687691383e-01 9.999794081208313035e-01 9.999925144882922945e-01 9.999842451848522940e-01 9.999945176015461179e-01 9.999767554874059439e-01 9.999944766091628523e-01
9.999817133238955158e-01 9.999881012776951072e-01 9.999804479718480410e-01 9.999934472392888463e-01 9.999894024645687995e-01 9.999924656070414697e-01 9.999925141170535881e-01 9.999924876758005121e-01 9.999849281683624858e-01 9.999871083344231693e-01
9.999686452913235657e-01 9.999831601963886651e-01 9.999698397010412521e-01 9.999739554846313050e-01 9.999852384235374814e-01 9.999946419820335830e-01 9.999676748534236381e-01 9.999740822970045739e-01 9.999798333624100311e-01 9.999973068768392981e-01
9.999836080510281500e-01 9.999763032895839787e-01 9.999924441521397256e-01 9.999897930419119341e-01 9.999846799228233607e-01 9.999866647375457163e-01 9.999818444336791012e-01 9.999812813771298270e-01 9.999906620044942684e-01 9.999860295687438283e-01
9.999748301086608393e-01 9.999898761097650857e-01 9.999854756774879672e-01 9.999883660235020510e-01 9.999791857287594343e-01 9.999941548441436678e-01 9.999842280780193438e-01 9.999924616735538230e-01 9.999940886949840735e-01 9.999692463036640167e-01
9.999820134013401862e-01 9.999922980811508655e-01 9.999936286162830479e-01 9.999922558465476063e-01 9.999883102987221495e-01 9.999837786067439227e-01 9.999896637993740400e-01 9.999734122142127646e-01 9.999919909430479148e-01 9.999772823238118891e-01
9.999896495824364129e-01 9.999910636603773773e-01 9.999847555557618284e-01 9.999821064454499364e-01 9.999926842786599490e-01 9.999935199552909548e-01 9.999962919591861565e-01 9.999886750458116813e-01 9.999857475703278764e-01 9.999745321277651033e-01
9.999938759546971312e-01 9.999971982342472643e-01 9.999780523185987091e-01 9.999772288095100103e-01 9.999801484587500511e-01 9.999929740602386818e-01 9.999904801545400623e-01 9.999864642428901718e-01 9.999867148681963469e-01 9.999860305488577072e-01
9.999846538197835200e-01 9.999687105065998560e-01 9.999861236805427378e-01 9.999797255776351479e-01 9.999968868100863606e-01 9.999893255832202899e-01 9.999816424105496537e-01 9.999842009869341908e-01 9.999888040700490865e-01 9.999827045172170470e-01
9.999912536263543261e-01 9.999775043931927732e-01 9.999950306272178402e-01 9.999844520865378561e-01 9.999847672378997521e-01 9.999795245240852282e-01 9.999699052683441725e-01 9.999841427754868617e-01 9.999789266749484762e-01 9.999882761635512374e-01
9.999898601088766936e-01 9.999863528186304640e-01 9.999978913411359249e-01 9.999610476375748735e-01 9.999982743793670581e-01 9.999879080332689796e-01 9.999827744943229346e-01 9.999877202168345747e-01 9.999880499998871075e-01 9.999824041528527774e-01
9.999935938009537617e-01 9.999922007849266770e-01 9.999818327050541411e-01 9.999747525588660313e-01 9.999692940484175008e-01 9.999932093509805719e-01 9.999918337402904367e-01 9.999869206295295410e-01 9.999953453427693484e-01 9.999954198361351576e-01
9.999898120593749828e-01 9.999963623782942568e-01 9.999739584047505625e-01 9.999770514938979282e-01 9.999806869577748669e-01 9.999799820838736197e-01 9.999862875702199005e-01 9.999790951964256935e-01 9.999723435774986458e-01 9.999926937143057692e-01
9.999801260675630354e-01 9.999787013143741632e-01 9.999891586963327583e-01 9.999869455582154343e-01 9.999874392527914324e-01 9.999771017147224272e-01 9.999698925769016089e-01 9.999885529009638896e-01 9.999741767407556159e-01 9.999873556783592798e-01
9.999880747769107625e-01 9.999922343260846391e-01 9.999922107979869468e-01 9.999877740180390662e-01 9.999811550994233134e-01 9.999927595555108129e-01 9.999906079491642785e-01 9.999810761439099638e-01 9.999935919046193389e-01 9.999902346996619729e-01
9.999873645663819310e-01 9.999769615151257174e-01 9.999564946946704058e-01 9.999840313752000887e-01 9.999828760812168316e-01 9.999821695732542537e-01 9.999944201860027082e-01 9.999909954168597626e-01 9.999920934783008697e-01 9.999694357908324172e-01
9.999949030561859908e-01 9.999797610912380952e-01 9.999871221047903491e-01 9.999819554429134616e-01 9.999825429836950441e-01 9.999895916162090392e-01 9.999774107321306449e-01 9.999939246374922597e-01 9.999775507312500533e-01 9.999952382052129662e-01
9.999925854799854852e-01 9.999596186428617584e-01 9.999812088868779147e-01 9.999796876327006201e-01 9.999831810084732764e-01 9.999828529581409331e-01 9.999879060715409773e-01 9.999588461853573529e-01 9.999924347305897410e-01 9.999808916224144362e-01
9.999733924804301566e-01 9.999973852430948940e-01 9.999833226166590094e-01 9.999948873639423752e-01 9.999837197606231687e-01 9.999948839314510840e-01 9.999737826638857019e-01 9.999821433263612613e-01 9.999607894617761339e-01 9.999754924700012815e-01
9.999982963525639867e-01 9.999750011404435757e-01 9.999935797466769083e-01 9.999888850371305704e-01 9.999708152671701322e-01 9.999776109098047483e-01 9.999923576322050645e-01 9.999826974556932369e-01 9.999956267840433011e-01 9.999771532065230284e-01
9.999734334172758476e-01 9.999861258493677463e-01 9.999787207125334643e-01 9.999858987421094136e-01 9.999914361344058866e-01 9.999979440394302088e-01 9.999899062777013459e-01 9.999638569745437078e-01 9.999769769378987760e-01 9.999799445505959117e-01
9.999794684156592117e-01 9.999841601578280947e-01 9.999929227950041799e-01 9.999851036322524589e-01 9.999767441380836841e-01 9.999809083579809244e-01 9.999767941274952943e-01 9.999528883754077446e-01 9.999906643757638935e-01 9.999831650240365022e-01
9.999917919988615678e-01 9.999908282268220594e-01 9.999776341435473448e-01 9.999811029360395898e-01 9.999849605350155102e-01 9.999923646243884523e-01 9.999856600639619453e-01 9.999836982026182319e-01 9.999920744360510927e-01 9.999919329649841204e-01
9.999917925232855165e-01 9.999894630882913971e-01 9.999928009166110243e-01 9.999959862774667751e-01 9.999966792224617151e-01 9.999794630045842903e-01 9.999852576910022162e-01 9.999804505482081662e-01 9.999886383466467521e-01 9.999926204617324288e-01
9.999764542468030371e-01 9.999963928190800377e-01 9.999884951667449284e-01 9.999822111673426495e-01 9.999891496685141545e-01 9.999836396066109634e-01 9.999928354749578752e-01 9.999889833600867917e-01 9.999844979571845816e-01 9.999689203765809165e-01
9.999827155336117324e-01 9.999861199467826589e-01 9.999907930079118268e-01 9.999942986442957871e-01 9.999922434537251714e-01 9.999877211615926242e-01 9.999812170839608161e-01 9.999929099443130021e-01 9.999879626399682531e-01 9.999901105851427552e-01
9.999843502728882338e-01 9.999718255626267593e-01 9.999950201787184412e-01 9.999900977153881598e-01 9.999929478080298306e-01 9.999910359992869591e-01 9.999920678778072558e-01 9.999912225047943304e-01 9.999927610258988464e-01 9.999886801540266434e-01
9.999941679833569408e-01 9.999991658390120497e-01 9.999821802742480115e-01 9.999846431606336239e-01 9.999937423817784055e-01 9.999865639273664009e-01 9.999948139005485626e-01 9.999865621764170154e-01 9.999786436299072934e-01 9.999881161305238519e-01
9.999921969937854982e-01 9.999707686024781328e-01 9.999806353006708282e-01 9.999889634848851960e-01 9.999869264278986591e-01 9.999961616410790732e-01 9.999924513000454374e-01 9.999866359505201752e-01 9.999757519696226282e-01 9.999826953038312150e-01
9.999961738648998066e-01 9.999822339853691178e-01 9.999953704207228400e-01 9.999935797843675367e-01 9.999679720498633184e-01 9.999955847096533290e-01 9.999909614382010981e-01 9.999951618281877064e-01 9.999748491657032279e-01 9.999840444223492275e-01
9.999975297126882934e-01 9.999864062686700805e-01 9.999841612581752415e-01 9.999850414782910368e-01 9.999873611099232562e-01 9.999694908691386663e-01 9.999670884415070571e-01 9.999832738643664731e-01 9.999668569472587309e-01 9.999853608380178116e-01
9.999895330158391493e-01 9.999952647143581785e-01 9.999923682920834889e-01 9.999832851334666817e-01 9.999894546783152371e-01 9.999875395626030006e-01 9.999978070135052688e-01 9.999847320716381827e-01 9.999948741770352534e-01 9.999831811875924403e-01
9.999721324186011673e-01 9.999759524367164421e-01 9.999869149910687316e-01 9.999913414944205936e-01 9.999636208896426348e-01 9.999931623487638976e-01 9.999929982959550046e-01 9.999980918689451714e-01 9.999902210935356361e-01 9.999846106362682008e-01
9.999824308904984305e-01 9.999759203136135977e-01 9.999882343315472655e-01 9.999923706369203691e-01 9.999906650078432824e-01 9.999907575215626343e-01 9.999670919829498628e-01 9.999890195873688548e-01 9.999858444670374213e-01 9.999711019440826743e-01
9.999848701690309261e-01 9.999861438879980025e-01 9.999879421105740684e-01 9.999899882814747842e-01 9.999488811782678566e-01 9.999765756683595130e-01 9.999810048134225582e-01 9.999383467695018846e-01 9.999824591942148011e-01 9.999874899560805552e-01
9.999882336817272899e-01 9.999886754768979591e-01 9.999729419096081706e-01 9.999878177439456284e-01 9.999949715132907535e-01 9.999567619319573719e-01 9.999584932761469425e-01 9.999960988415974583e-01 9.999852176527102010e-01 9.999878920471190202e-01
9.999844741475162335e-01 9.999874419912216927e-01 9.999813211055371687e-01 9.999768067701333418e-01 9.999827859998989821e-01 9.999948795047951533e-01 9.999862161972161712e-01 9.999805974171903644e-01 9.999762104392351247e-01 9.999948461668202171e-01
9.999896652477883174e-01 9.999889601855501686e-01 9.999779588374407835e-01 9.999744739073279653e-01 9.999958563169810688e-01 9.999898012129365688e-01 9.999677318950593863e-01 9.999725495520960239e-01 9.999870990922120617e-01 9.999727354924017320e-01
9.999911883425398607e-01 9.999825377955140482e-01 9.999901946366044347e-01 9.999821364266299195e-01 9.999793543981060351e-01 9.999936006455928394e-01 9.999890041656064321e-01 9.999759831074558347e-01 9.999897440618142896e-01 9.999965208696403041e-01
9.999822869697163608e-01 9.999835167552791892e-01 9.999897497099305976e-01 9.999804151343982817e-01 9.999920314276693478e-01 9.999898002850872158e-01 9.999700479813976584e-01 9.999898510562276188e-01 9.999870669741099949e-01 9.999868563926000986e-01
9.999904446266756342e-01 9.999855117981353292e-01 9.999848594908778976e-01 9.999889209508218135e-01 9.999806390658698696e-01 9.999849556375168813e-01 9.999893990307244795e-01 9.999861049351836950e-01 9.999937563097518467e-01 9.999842590654753893e-01
9.999884611251602662e-01 9.999911866896682433e-01 9.999737197035131198e-01 9.999908847866065820e-01 9.999938350232526751e-01 9.999913060836683742e-01 9.999804474032559787e-01 9.999944373205095216e-01 9.999942440443289060e-01 9.999807954142281297e-01
9.999963710573697151e-01 9.999774275224352360e-01 9.999807456015590290e-01 9.999856820707190286e-01 9.999913863114660018e-01 9.999932386935461714e-01 9.999946235808088169e-01 9.999817991850918908e-01 9.999867047133396136e-01 9.999952072652414925e-01
9.999721347486854039e-01 9.999613063682329939e-01 9.999952618930576520e-01 9.999902170576573379e-01 9.999933390340799422e-01 9.999930914886193678e-01 9.999861880543807757e-01 9.999811154863241791e-01 9.999961924185822859e-01 9.999973116387463890e-01
