9.994612143355418032e-01 9.990664039709467037e-01 9.995956229832426709e-01 9.996307330035798522e-01 9.996776945457509500e-01 9.993513671911061769e-01 9.983072614640523534e-01 9.992726405735383732e-01 9.977213883859907817e-01 9.973607270816221559e-01
9.995386302046344040e-01 9.992225121071597327e-01 9.987239099489705341e-01 9.994457975049643172e-01 9.978209136143735281e-01 9.963156348717703281e-01 9.993174185733346704e-01 9.990392171770605678e-01 9.996791733662102608e-01 9.968071816006367492e-01
9.974230387938245457e-01 9.990374930309754431e-01 9.996230042798797122e-01 9.994979103167588308e-01 9.990126693533771807e-01 9.993648799431098517e-01 9.995450790568748412e-01 9.985254584414785528e-01 9.988148115794355242e-01 9.993745160701974495e-01
9.988426058466627344e-01 9.986212256037837465e-01 9.989151956055172255e-01 9.991808553152312644e-01 9.959983841828722317e-01 9.992448722635751679e-01 9.986175403977997078e-01 9.995699311556499600e-01 9.970320433789248149e-01 9.996582484327076745e-01
9.977352825723859731e-01 9.989979815160391352e-01 9.997246050195622846e-01 9.991152160997177623e-01 9.994500427390144992e-01 9.988441309813870239e-01 9.966692790021672854e-01 9.996698114467916785e-01 9.991172228834795943e-01 9.990832422206106234e-01
9.996348589625223546e-01 9.968326496422229566e-01 9.970250330117510495e-01 9.991484950215796523e-01 9.995618734364380975e-01 9.970564336207415890e-01 9.997707952446689417e-01 9.997967703709703668e-01 9.990992869016998013e-01 9.993453409993665604e-01
9.987198007886560758e-01 9.975717999075600639e-01 9.984630320856393570e-01 9.997165312889687572e-01 9.997220345754538329e-01 9.996001300067642870e-01 9.993696184049167819e-01 9.996254564291217060e-01 9.992389507189769482e-01 9.996022333685701255e-01
9.973610454185173335e-01 9.996923218219678775e-01 9.886375245544213319e-01 9.995427531916442065e-01 9.996189225650805588e-01 9.991820942962221785e-01 9.949780628851780939e-01 9.987265564543018614e-01 9.995800611853908890e-01 9.991633496676258774e-01
9.987849648422769677e-01 9.994254203122395763e-01 9.993746509123985211e-01 9.997918738235547220e-01 9.994267250377122380e-01 9.992359641514655388e-01 9.995762501754799079e-01 9.994576037266518220e-01 9.996219119123574970e-01 9.988022076972644658e-01
9.997507658928965757e-01 9.992918636909533525e-01 9.992833276858272828e-01 9.996670804932199506e-01 9.974572234604145438e-01 9.983497291440840415e-01 9.992463316573890753e-01 9.995225020716466124e-01 9.996206741648124838e-01 9.987362450075112363e-01
9.986787594837774895e-01 9.989251548342487075e-01 9.991571311388139920e-01 9.988071116467478472e-01 9.948702985883943750e-01 9.981742519848249007e-01 9.996726194620473294e-01 9.990661879277696888e-01 9.985764073286558240e-01 9.990552271534979267e-01
9.994680010297571915e-01 9.994389795850187053e-01 9.992182006347515300e-01 9.996337910110342229e-01 9.986333425570897981e-01 9.993776143376326138e-01 9.978134020839802831e-01 9.990596533811255675e-01 9.985042487162547609e-01 9.995876585105281098e-01
9.983582785735701792e-01 9.992396161628044338e-01 9.991062040184306436e-01 9.992897453161732058e-01 9.995554276179267061e-01 9.994810295205125428e-01 9.989364060086544095e-01 9.992454641011747629e-01 9.996446679531046930e-01 9.985110002390742423e-01
9.997862827602701508e-01 9.995970913436573735e-01 9.992234448351468012e-01 9.992789094322305221e-01 9.995718545794534116e-01 9.995163022154854859e-01 9.996364187815685032e-01 9.994098646028028998e-01 9.998009447646746262e-01 9.998409637030866159e-01
9.988167238384335622e-01 9.989916785614758599e-01 9.993710455920030711e-01 9.985247306472082585e-01 9.984177158068109348e-01 9.992042812006709518e-01 9.994509625269820674e-01 9.993360932548484010e-01 9.994000151845708890e-01 9.924344679426875260e-01
9.967832110627807829e-01 9.996232061760659260e-01 9.994940253844434297e-01 9.995317043071054730e-01 9.985099396942028749e-01 9.995935062338282551e-01 9.979390870621948073e-01 9.994520788720855364e-01 9.977417388322183944e-01 9.996771218064296471e-01
9.985425789367112781e-01 9.993823093598894758e-01 9.994264806885416741e-01 9.993885387966406908e-01 9.995489076078863944e-01 9.985294071376388247e-01 9.993691657060490563e-01 9.996468693543679729e-01 9.995370413417546951e-01 9.990183240779733076e-01
9.989326558597788619e-01 9.994515707901668877e-01 9.983579768491761541e-01 9.956018155662204050e-01 9.990921864665066598e-01 9.991793751520987588e-01 9.987332598818126073e-01 9.994325144801854410e-01 9.996657792874757975e-01 9.985151247979586753e-01
9.975230637500555053e-01 9.996481211768190045e-01 9.997437565819524696e-01 9.987755221311633846e-01 9.995350692679649818e-01 9.988512183338498218e-01 9.994324929616369424e-01 9.994865519777187401e-01 9.993801823146920560e-01 9.992982679168477267e-01
9.996180645505978735e-01 9.991674505312462262e-01 9.991498943292255186e-01 9.989496663270388543e-01 9.982881370658964748e-01 9.996232800090792958e-01 9.996112465164282979e-01 9.997259721693351198e-01 9.994840700668735645e-01 9.996728428655069498e-01
9.993354090903765474e-01 9.995375683605317585e-01 9.994867588885251175e-01 9.995291532910001164e-01 9.995790657963624648e-01 9.993897587307702945e-01 9.989788332241069657e-01 9.988784050101237044e-01 9.995103674966973051e-01 9.979929127306764736e-01
9.988183421720195909e-01 9.990473267260513435e-01 9.995688558657205292e-01 9.991944197881448275e-01 9.993764446189973283e-01 9.995025876459188163e-01 9.997109026150178268e-01 9.995667052084536985e-01 9.996685464744916594e-01 9.988751478274761064e-01
9.995640234095062304e-01 9.992049802128644131e-01 9.996790105574725471e-01 9.997641414628868350e-01 9.996584092830629320e-01 9.979982940101581601e-01 9.967508926743859909e-01 9.997365196543575028e-01 9.960474379606142348e-01 9.993814081321750198e-01
9.995749861701006544e-01 9.996959544543657650e-01 9.986447876977678773e-01 9.983412153316059134e-01 9.994626590037880565e-01 9.995924981597037462e-01 9.993707354928054176e-01 9.995612332813180734e-01 9.993329001357631469e-01 9.996506544123099358e-01
9.981409425483259712e-01 9.993394378810288581e-01 9.995440706399301156e-01 9.995966305012822239e-01 9.995566671991644725e-01 9.994982104108409704e-01 9.993722323977792810e-01 9.991967459947899144e-01 9.991854379520359597e-01 9.991707124073259116e-01
9.986921594840713068e-01 9.990576473767864840e-01 9.978810315926966990e-01 9.997667144629381886e-01 9.979664751233634501e-01 9.990253594638303092e-01 9.981570806201843782e-01 9.991801231981094489e-01 9.988768137154658833e-01 9.989136809728690336e-01
9.993981613109418349e-01 9.991127489806562734e-01 9.988331607958078617e-01 9.989876657446110642e-01 9.992935683465949959e-01 9.994952791484572607e-01 9.977274015914734395e-01 9.991247317570204345e-01 9.987307362695488910e-01 9.964850527733051244e-01
9.991877750895173937e-01 9.993502627075200317e-01 9.997972770616458948e-01 9.997269778031343535e-01 9.998398622637453270e-01 9.994176646039383272e-01 9.997524524711641769e-01 9.985567471503828951e-01 9.992780648788908149e-01 9.984437536632420063e-01
9.997966087115213174e-01 9.959883920718183292e-01 9.996405104838599343e-01 9.998304668212920632e-01 9.994066956004357127e-01 9.998310041138813720e-01 9.978702778856981537e-01 9.993035377623133986e-01 9.993284768028379839e-01 9.988652506209941828e-01
9.858465191778079673e-01 9.993748711221008829e-01 9.993668068129463178e-01 9.991241636488972233e-01 9.988271679505840162e-01 9.988212783420704621e-01 9.996199007506439971e-01 9.985385854022175156e-01 9.995959754705155964e-01 9.988401433656781681e-01
9.991884124398676681e-01 9.996497242900787006e-01 9.996058760013716293e-01 9.994682072694195396e-01 9.992335796034035322e-01 9.992191076706268271e-01 9.987099441850356696e-01 9.995006089175491049e-01 9.994868830421163031e-01 9.991098043622509417e-01
9.996191839712622595e-01 9.996305009089861970e-01 9.994278477619220613e-01 9.995513470937332778e-01 9.991760762485469849e-01 9.994346480388239806e-01 9.983349201472123680e-01 9.996147875407708216e-01 9.991737061760462835e-01 9.997466958574159346e-01
9.997475525843515509e-01 9.995022182242752073e-01 9.995577317298014464e-01 9.995196878875117763e-01 9.994480448156157770e-01 9.991011331423155228e-01 9.996461306330066687e-01 9.989212722259801502e-01 9.982345972428898762e-01 9.977304009367489179e-01
9.989399874253566125e-01 9.983327863161809423e-01 9.994113190059779051e-01 9.983668941815898590e-01 9.989408245733623071e-01 9.992096832552025409e-01 9.990317413560331206e-01 9.993600334220854586e-01 9.995973700077877000e-01 9.992781748283814380e-01
9.869435716246756085e-01 9.980280516911342881e-01 9.993572000383736942e-01 9.994504446630342320e-01 9.993213597653514135e-01 9.996518113194253763e-01 9.991116029305306956e-01 9.996244611509867983e-01 9.995087559650254194e-01 9.971756949652987867e-01
9.993953695086396083e-01 9.985901487597144133e-01 9.991106681258525857e-01 9.980235540751992707e-01 9.990608354550218895e-01 9.994051063405506863e-01 9.990986225415018351e-01 9.996580046868703828e-01 9.980876759154837519e-01 9.971095715198922127e-01
9.971501701123083317e-01 9.996283437235508051e-01 9.991438281804903010e-01 9.993910062021389429e-01 9.992694948823823697e-01 9.987117555528257640e-01 9.990309494919795696e-01 9.996217071080829575e-01 9.992171233433029265e-01 9.992295429511858229e-01
9.996776102360859229e-01 9.997102518938250082e-01 9.986063148769517284e-01 9.991212542755679715e-01 9.977034834264029151e-01 9.980787793011296483e-01 9.991795823789094699e-01 9.992641396403377785e-01 9.990985633521387577e-01 9.988773096348725344e-01
9.988848677162087686e-01 9.989166539456929561e-01 9.991148342216121803e-01 9.991655687910006023e-01 9.987916404568651929e-01 9.993585621405824959e-01 9.994513249958840717e-01 9.995053689372112027e-01 9.988700817373342700e-01 9.977266665478961016e-01
9.994832450415458425e-01 9.989160769029661324e-01 9.991434227852304950e-01 9.989778809941533000e-01 9.994041656782443050e-01 9.987335750623446140e-01 9.994831592501778328e-01 9.997379569751032591e-01 9.987186677673196566e-01 9.994033138879424571e-01
9.992084999725919792e-01 9.992329126526537930e-01 9.996853405812325954e-01 9.995597463051413278e-01 9.991531233549870716e-01 9.992630317802553286e-01 9.992036159203562251e-01 9.995815602131437050e-01 9.984846069232833354e-01 9.973710214890798564e-01
9.997308922512775364e-01 9.991495118285694810e-01 9.995546216585871058e-01 9.997851879117156670e-01 9.996383733501916780e-01 9.997277679712184284e-01 9.986064433361945269e-01 9.995266279949628352e-01 9.997642369596061451e-01 9.997392774321046671e-01
9.996547040945401585e-01 9.991798366634901951e-01 9.972759853337286318e-01 9.996356203122835904e-01 9.977129539166236238e-01 9.997110710089489594e-01 9.993818494332382674e-01 9.997041862700963843e-01 9.991753416036992519e-01 9.991878418643576065e-01
9.987978209266618057e-01 9.983160478396573279e-01 9.995220812585516867e-01 9.989534634564717352e-01 9.971477417212285532e-01 9.984560543882902151e-01 9.988280153152434560e-01 9.940811346171498641e-01 9.988336335996342852e-01 9.959069503860888961e-01
9.987518487887634411e-01 9.973501774169095668e-01 9.982339742252493986e-01 9.985560959623704935e-01 9.992520075164892379e-01 9.973833283868052124e-01 9.990014580567979641e-01 9.997608624692924106e-01 9.986585385060906539e-01 9.948937018258378062e-01
9.982612278000505546e-01 9.993663909754664232e-01 9.992494559687047362e-01 9.991149331141844225e-01 9.992299137416071897e-01 9.995196969770594464e-01 9.990344171792320260e-01 9.993193467586427570e-01 9.984174679624336912e-01 9.987376192818208098e-01
9.984310944857631709e-01 9.971195926921828656e-01 9.989906414755027608e-01 9.994026189357076984e-01 9.989887883443648864e-01 9.984082623258059286e-01 9.982032989218266872e-01 9.995472222382498773e-01 9.996652590033928698e-01 9.993914431369774753e-01
9.995819758440714908e-01 9.988003548054493752e-01 9.990694491589985349e-01 9.994465920340452891e-01 9.978278111532525863e-01 9.990451005185181366e-01 9.997698153632140761e-01 9.994625246631430038e-01 9.995777074994459666e-01 9.973666116948490812e-01
9.996291198955986612e-01 9.995104429639626309e-01 9.978715869713036257e-01 9.997461698245088124e-01 9.989589347220060311e-01 9.996131535193754081e-01 9.992816531654067358e-01 9.997234973979118866e-01 9.992323769854133397e-01 9.990963524567961773e-01
9.990415823148518504e-01 9.982582709223842832e-01 9.995414257330110797e-01 9.996387232076542340e-01 9.989906028182926612e-01 9.995658042044598401e-01 9.994223233455826749e-01 9.984986045623206463e-01 9.992181016632440960e-01 9.992800114386177768e-01
9.972201146519394932e-01 9.978604648027258328e-01 9.997591950447747289e-01 9.986282482484206691e-01 9.996546801234768020e-01 9.968711778960255288e-01 9.989595821161870726e-01 9.996653539212055906e-01 9.992628821545906925e-01 9.993309523101953085e-01
9.984426788683490317e-01 9.981705246987346847e-01 9.994116900960789973e-01 9.986059585908055869e-01 9.956778753632816725e-01 9.972410826531633576e-01 9.997309304472011826e-01 9.997694411413320381e-01 9.986717223424919077e-01 9.997129708208073451e-01
9.993219418661537512e-01 9.995127375584921259e-01 9.992231212334098389e-01 9.993076125831423795e-01 9.994663735598041665e-01 9.994745905005786302e-01 9.993221767241056153e-01 9.995562341283972252e-01 9.994405336893796843e-01 9.991316917304530199e-01
9.995117077781559001e-01 9.993974720748367568e-01 9.995724216778568705e-01 9.993195961023577656e-01 9.994450273522272887e-01 9.988633130624200440e-01 9.991009667168374575e-01 9.993862490388291109e-01 9.982322407131563047e-01 9.990800040670985149e-01
9.989208903369256598e-01 9.995470234511603103e-01 9.992825681032515561e-01 9.991573899466020814e-01 9.996641132578845124e-01 9.989833273748628395e-01 9.986087427861775057e-01 9.991893282457442460e-01 9.988714835694573191e-01 9.994339705668134899e-01
9.994520736993626198e-01 9.972593613166211846e-01 9.983258733917372840e-01 9.995393689708156337e-01 9.994631385417919178e-01 9.990112094759164840e-01 9.993519310102383368e-01 9.991484500176482930e-01 9.993874458947800132e-01 9.997790689638558215e-01
9.988671374614653820e-01 9.993827921084119659e-01 9.992060711349921576e-01 9.993933305801916411e-01 9.992726282071335842e-01 9.994427787761407389e-01 9.993442490279353940e-01 9.946552580744211225e-01 9.989635140691063286e-01 9.990168825314100776e-01
9.989988873977395656e-01 9.996530600463403582e-01 9.985306539279783511e-01 9.997105229206367794e-01 9.995012267869839429e-01 9.976501052393859093e-01 9.961184619169424215e-01 9.987553482785828107e-01 9.979246784873143650e-01 9.975896422404956221e-01
9.992357771166615610e-01 9.980461020011618389e-01 9.983510633749456131e-01 9.992982267572388944e-01 9.992334727423487495e-01 9.991615697324548462e-01 9.987038698085496380e-01 9.979349379666130337e-01 9.990139446916688204e-01 9.974832615057178664e-01
9.987824198362673656e-01 9.992022309649023493e-01 9.984646059659892936e-01 9.970919043586886632e-01 9.994257122975065410e-01 9.991473397539800683e-01 9.994792273010691952e-01 9.995948856827920892e-01 9.992074921852953651e-01 9.996607078458950024e-01
9.983561358560931742e-01 9.993463243533250440e-01 9.960676187109471780e-01 9.991391950153795110e-01 9.989739114526933195e-01 9.974305846222027983e-01 9.991191208022021097e-01 9.992277001695736294e-01 9.992532346710866209e-01 9.977931426474672127e-01
9.996670476541098527e-01 9.993316611082075918e-01 9.996989539012898218e-01 9.996351557585871905e-01 9.980385495843835386e-01 9.989182207567506300e-01 9.988964786007252794e-01 9.995238939295689740e-01 9.992102434549490209e-01 9.995711714880479715e-01
9.993502020818447740e-01 9.994702373888744162e-01 9.986726919693869053e-01 9.994879445624295089e-01 9.995799167197205737e-01 9.995316988361973021e-01 9.993886503799637167e-01 9.989667003354431030e-01 9.993845328696268071e-01 9.991918376539004054e-01
9.985641297013045925e-01 9.983399526134609792e-01 9.965375067003373610e-01 9.978692496568256631e-01 9.995787022594623261e-01 9.997160995058493871e-01 9.982618105236993333e-01 9.996110360159059516e-01 9.994351338034889176e-01 9.966316984968398573e-01
9.986341386558796884e-01 9.986017986457695894e-01 9.995389897329255424e-01 9.996785782537918053e-01 9.991645291464927858e-01 9.996006879817943558e-01 9.975671221850551662e-01 9.993105988043656795e-01 9.995528468761014640e-01 9.993261115361166125e-01
9.991680840776016037e-01 9.996369869604487812e-01 9.943476325870200805e-01 9.985188202890875608e-01 9.987476605465800406e-01 9.996343159797096423e-01 9.993803757732067083e-01 9.979334565251756217e-01 9.994185500631451724e-01 9.992846352614163097e-01
9.991716794156497716e-01 9.978511395325024846e-01 9.988649526080389807e-01 9.987963198872091830e-01 9.982610349804988958e-01 9.992975593358554010e-01 9.982803710027954303e-01 9.979710142996854882e-01 9.995330282500064500e-01 9.995327232640699444e-01
9.990893158911967609e-01 9.974462139723120346e-01 9.694569981860934327e-01 9.995109477956606314e-01 9.992263854351443042e-01 9.991631221485619552e-01 9.996279972677604153e-01 9.994819488885510195e-01 9.992643923697990260e-01 9.981121902397231960e-01
9.991851120676897846e-01 9.995784276246438838e-01 9.996030015434540505e-01 9.996514104621392338e-01 9.993063618251191160e-01 9.995551893667317112e-01 9.991048795094539248e-01 9.993670473978282232e-01 9.992365827042168913e-01 9.995529586564929625e-01
9.994451050133354997e-01 9.982453005574570826e-01 9.990419875884954948e-01 9.992735514566137844e-01 9.975886561880505932e-01 9.966034876434836098e-01 9.984380313174349153e-01 9.996384760240315526e-01 9.992275094096471078e-01 9.988984137500308558e-01
9.948212507550783235e-01 9.994200268084140193e-01 9.986352423466314798e-01 9.996545072366392892e-01 9.989394938278677305e-01 9.988745688545396240e-01 9.990170190318529153e-01 9.996337040301941368e-01 9.996983909815813085e-01 9.984105880814252432e-01
9.986615046382641969e-01 9.990761133315173570e-01 9.925237775163632259e-01 9.928531413989298837e-01 9.992028325299144864e-01 9.972813500702302214e-01 9.990587651759583743e-01 9.991278560357226279e-01 9.983366219632832106e-01 9.984644860592931659e-01
9.996202910599047975e-01 9.993946508157852682e-01 9.990075327327825327e-01 9.992827027568941256e-01 9.996961997209001805e-01 9.995804027440872153e-01 9.986078000763094487e-01 9.978786552957793488e-01 9.986202683665369451e-01 9.991871257982097854e-01
9.938129391018380998e-01 9.991685386061431862e-01 9.996281453246392834e-01 9.989742991290322394e-01 9.994186612567330652e-01 9.993756965325978348e-01 9.991508851169305094e-01 9.990645981650350116e-01 9.964764563530711383e-01 9.995174280091830843e-01
9.978367425659177004e-01 9.995803159009776229e-01 9.990066002444355497e-01 9.990401307762757366e-01 9.992629831604150636e-01 9.996343143783099627e-01 9.991864744810464716e-01 9.990349438160437412e-01 9.996186990056670219e-01 9.993121381154740357e-01
9.996727369343842984e-01 9.995892785721076645e-01 9.995638797525279173e-01 9.979075587111873036e-01 9.992149731041763960e-01 9.995847948347139633e-01 9.990235746448422605e-01 9.994322738699131792e-01 9.993605761831623191e-01 9.938891256780152395e-01
9.917388151441589583e-01 9.995247354090369685e-01 9.970525447448798095e-01 9.995895167781586599e-01 9.983059050690767933e-01 9.950594839105580958e-01 9.995810383644626596e-01 9.980365858822264347e-01 9.980190386295455518e-01 9.987573934463961356e-01
9.989374245627240523e-01 9.991712286584747416e-01 9.992866305549323869e-01 9.993558313174376595e-01 9.986408670115966002e-01 9.988539836751649803e-01 9.995038720441572488e-01 9.995006392738418066e-01 9.994391333709700120e-01 9.993253082578635871e-01
9.996652250476352197e-01 9.992068702622719512e-01 9.995003466026116667e-01 9.978469295251860549e-01 9.997130158101578123e-01 9.968198541108459487e-01 9.986351552109759000e-01 9.987728895791206929e-01 9.990478682588994630e-01 9.991202925371202026e-01
9.989525361015539895e-01 9.995463849493035902e-01 9.995195897792472639e-01 9.993885055676879903e-01 9.992966702725819550e-01 9.988317359044307508e-01 9.985712272939170076e-01 9.978147223413699196e-01 9.983504727604511908e-01 9.995714130577929568e-01
9.994107353502659219e-01 9.991290377461359284e-01 9.996392153687068127e-01 9.994968652789296693e-01 9.994595112915438673e-01 9.974758977664108794e-01 9.988027605526007546e-01 9.992020672154005023e-01 9.985668439989466849e-01 9.988347047776766630e-01
9.995734540543320668e-01 9.990862909020570282e-01 9.987914925206784478e-01 9.995532488832022944e-01 9.977825928746382189e-01 9.995492479186917079e-01 9.996395741380627031e-01 9.997250763191237732e-01 9.988244042317315774e-01 9.965173375183383753e-01
9.923745789029587705e-01 9.989339367114187240e-01 9.996379022465975428e-01 9.991742236033795965e-01 9.995228857305106240e-01 9.996916165412439437e-01 9.995213370286898380e-01 9.995317859242558445e-01 9.990342703800869639e-01 9.972278795028546305e-01
9.993103732444059695e-01 9.974385028515249108e-01 9.982475818423304226e-01 9.984735937413292683e-01 9.998093509935780387e-01 9.997716486938967861e-01 9.989864311191086754e-01 9.972541278974200729e-01 9.988784105389694190e-01 9.963668323898187129e-01
9.993563408454840813e-01 9.997887398054006169e-01 9.996455075294630177e-01 9.980569029901318334e-01 9.957341266973528393e-01 9.995909095275933298e-01 9.997408796124049868e-01 9.995399502799845459e-01 9.997366887734434604e-01 9.998109536034267553e-01
9.996506346491360606e-01 9.992827268111280636e-01 9.989816233665677059e-01 9.987310003403218062e-01 9.989685294145300709e-01 9.993274338679053459e-01 9.996076597669412145e-01 9.988789641624410409e-01 9.992073152664875391e-01 9.987919099996572792e-01
9.997623899074310483e-01 9.990082060696691135e-01 9.994576740314428109e-01 9.990734673172186886e-01 9.996381891076041581e-01 9.991417693838208214e-01 9.993352533453920827e-01 9.919537745845927734e-01 9.987791151981829652e-01 9.997400366674963346e-01
9.995826804366434448e-01 9.994064003969181931e-01 9.992419731460790988e-01 9.984271134014371940e-01 9.995407422785693718e-01 9.994857154840723901e-01 9.990952805806687653e-01 9.996191418582560662e-01 9.991256150200965580e-01 9.978178174151111079e-01
9.992657349854000559e-01 9.995580409474243977e-01 9.995609081155556463e-01 9.986355926027103980e-01 9.992306483016208940e-01 9.994549011666568061e-01 9.995385504649431097e-01 9.993668173275115363e-01 9.992698119750634822e-01 9.994191001473961000e-01
9.994106274561408432e-01 9.993670512339732914e-01 9.992885656226913049e-01 9.991085875393682647e-01 9.996140909416700859e-01 9.960918811967776065e-01 9.995737476311798986e-01 9.996400070572689645e-01 9.993503906699932049e-01 9.989459176448732824e-01
9.984973232693488132e-01 9.988889047201696680e-01 9.994676297629490058e-01 9.993027994529997127e-01 9.981798474787346720e-01 9.993439180286423085e-01 9.994885940353895881e-01 9.991931949949955927e-01 9.979696610377325472e-01 9.996901060192657784e-01
9.995844605788066772e-01 9.996002084245173558e-01 9.995941393727866275e-01 9.989687174492722921e-01 9.992355359213354049e-01 9.975841685528312741e-01 9.985719042764258369e-01 9.996229559684753907e-01 9.968485906348233394e-01 9.990994935647667941e-01
9.993453457371379578e-01 9.994114676729068947e-01 9.995604295503390802e-01 9.995561438630682360e-01 9.991101560609163545e-01 9.994737498723127445e-01 9.995619317566242223e-01 9.996351320532034235e-01 9.993647942300193376e-01 9.990878851082721779e-01
9.994425558228596795e-01 9.994100765739478698e-01 9.996649120761862406e-01 9.997233442290437422e-01 9.990787247305521479e-01 9.993288616816997649e-01 9.995131202867236775e-01 9.988696679786964738e-01 9.992955098122350277e-01 9.995903796649996398e-01
9.997329405128763113e-01 9.944136726726653386e-01 9.981996060016098404e-01 9.968788136330645200e-01 9.994198067029174126e-01 9.995423182104797855e-01 9.993908679471217305e-01 9.991020647358335172e-01 9.993994870186390100e-01 9.997025924793783158e-01
9.994272979642383481e-01 9.934782800797054003e-01 9.988027966930079771e-01 9.993586348095375715e-01 9.996816636715539772e-01 9.990560321134422939e-01 9.991423547470460464e-01 9.990175556719925742e-01 9.985259891506934604e-01 9.989377860946915266e-01
9.981916837488599148e-01 9.991896734313074901e-01 9.992341427256311581e-01 9.995686799395990807e-01 9.992392565625289880e-01 9.989576549856648002e-01 9.995305888780503523e-01 9.986823622797271760e-01 9.993610996070282360e-01 9.993260591301407203e-01
9.985185870295230082e-01 9.996226131258051373e-01 9.972736342721710834e-01 9.995869949079215777e-01 9.985697437997764769e-01 9.994859747738790157e-01 9.963148727171149410e-01 9.977087208364843196e-01 9.971558731200699244e-01 9.984590761288928418e-01
9.945413237336334644e-01 9.994605320714040619e-01 9.995786165171824944e-01 9.993703750737659153e-01 9.987241932085388907e-01 9.957245665392066014e-01 9.991818794171261064e-01 9.982834115814724907e-01 9.983591762080047394e-01 9.949495557257613809e-01
9.994599090991571622e-01 9.994036476849279538e-01 9.997284117078784060e-01 9.992720843409755860e-01 9.994948656259864395e-01 9.995317342332014077e-01 9.995898016475733838e-01 9.995648785971482653e-01 9.970150889984310538e-01 9.992390670574794465e-01
