9.999978711185936175e-01 9.999959660086414903e-01 9.999983906787153209e-01 9.999981249558137497e-01 9.999982357266318234e-01 9.999978797260530294e-01 9.999975925514436037e-01 9.999976158817397431e-01 9.999976087594799612e-01 9.999970382319650630e-01
9.999973591588866562e-01 9.999987943500076026e-01 9.999983093197174489e-01 9.999971634734607928e-01 9.999977614918886815e-01 9.999984149875095207e-01 9.999974282234602718e-01 9.999976043201850295e-01 9.999977496998987414e-01 9.999984077702689378e-01
9.999969258839565001e-01 9.999980317785331918e-01 9.999975526372820722e-01 9.999982385449840416e-01 9.999982135894829316e-01 9.999977960632653318e-01 9.999980174212824702e-01 9.999975658118237520e-01 9.999976808727392141e-01 9.999978478742301835e-01
9.999968132278036492e-01 9.999977987469123031e-01 9.999977253757904583e-01 9.999976286764051814e-01 9.999982082887909351e-01 9.999979108241310310e-01 9.999973382917569653e-01 9.999970541073743835e-01 9.999982566615377433e-01 9.999979811300021559e-01
9.999972557227259085e-01 9.999974727238017946e-01 9.999978094574634158e-01 9.999977578210309526e-01 9.999957207277504478e-01 9.999978881973641265e-01 9.999973954030552115e-01 9.999982736768316949e-01 9.999982171643925222e-01 9.999983362994416813e-01
9.999981326595199782e-01 9.999969034970349613e-01 9.999969266242283439e-01 9.999972472611883267e-01 9.999980009307473106e-01 9.999975601200526976e-01 9.999978862511086364e-01 9.999973199419158743e-01 9.999972452261123301e-01 9.999966061998739608e-01
9.999985553665121651e-01 9.999976391586323787e-01 9.999981313691937990e-01 9.999980258868321759e-01 9.999976633466226561e-01 9.999970810490490525e-01 9.999979867317029258e-01 9.999981634121229979e-01 9.999974183086005608e-01 9.999980244682940000e-01
9.999981603335522662e-01 9.999978096065229582e-01 9.999985265956790048e-01 9.999965954601999218e-01 9.999975901904577524e-01 9.999983100012351800e-01 9.999971451230466046e-01 9.999974173124173138e-01 9.999984812677857882e-01 9.999980979288108918e-01
9.999975499568879433e-01 9.999981265165227562e-01 9.999984265223941238e-01 9.999979015695401596e-01 9.999969835044353328e-01 9.999970774129300910e-01 9.999977605484525744e-01 9.999974981100928639e-01 9.999977208589888589e-01 9.999975417682772649e-01
9.999972225147778504e-01 9.999986728886680609e-01 9.999980266611473434e-01 9.999978221917273924e-01 9.999978899328105797e-01 9.999966465368900215e-01 9.999977478676768117e-01 9.999982445595071434e-01 9.999979550415113438e-01 9.999969384652156457e-01
9.999980164125776838e-01 9.999977240045984095e-01 9.999980155596466247e-01 9.999968133558414518e-01 9.999985392462052980e-01 9.999978893369789734e-01 9.999976791668488962e-01 9.999980827519417970e-01 9.999977199754004342e-01 9.999979947034242089e-01
9.999979449197888837e-01 9.999972286004293887e-01 9.999971028783787297e-01 9.999967273479165586e-01 9.999975551394297835e-01 9.999987011162979611e-01 9.999980205713404624e-01 9.999965229201712713e-01 9.999980116264411967e-01 9.999965836949399334e-01
9.999984219863579105e-01 9.999983879306879597e-01 9.999984044762177948e-01 9.999977913829445342e-01 9.999978438588167373e-01 9.999982608634169212e-01 9.999978963573034063e-01 9.999984847489198359e-01 9.999981562465539708e-01 9.999976839858204514e-01
9.999981997890827756e-01 9.999983751740358917e-01 9.999978263277596868e-01 9.999969658437530828e-01 9.999989139307390307e-01 9.999991079962955443e-01 9.999987549052403724e-01 9.999969989753723087e-01 9.999973897038182402e-01 9.999980650283996075e-01
9.999976860222427044e-01 9.999984420784776562e-01 9.999970031509308743e-01 9.999976458998484086e-01 9.999980527081396842e-01 9.999973680093864337e-01 9.999977063420588674e-01 9.999976958993649356e-01 9.999956068371069762e-01 9.999983790644997317e-01
9.999979346933350888e-01 9.999986358482719773e-01 9.999975639104875524e-01 9.999980988851792096e-01 9.999978450450236478e-01 9.999973214264989974e-01 9.999987093441314867e-01 9.999969448904089120e-01 9.999982962652671503e-01 9.999984565636148570e-01
9.999989508416556871e-01 9.999986126853697144e-01 9.999987195788142547e-01 9.999975065405761754e-01 9.999972075816195849e-01 9.999969673456645669e-01 9.999982170359249523e-01 9.999965361173146494e-01 9.999989296913156522e-01 9.999961637275625037e-01
9.999978596032623734e-01 9.999966887498894508e-01 9.999980499769344222e-01 9.999985371137928292e-01 9.999980509149850594e-01 9.999976354318307337e-01 9.999982807084992764e-01 9.999972534196645002e-01 9.999979993093367492e-01 9.999975648667754902e-01
9.999987176979648895e-01 9.999978009240111376e-01 9.999979263262207541e-01 9.999973638888410843e-01 9.999981949965501826e-01 9.999961056094038847e-01 9.999981198638656643e-01 9.999971347113235653e-01 9.999991030191102137e-01 9.999980870026735635e-01
9.999984693316983364e-01 9.999964323754585438e-01 9.999981276706892963e-01 9.999976456276493675e-01 9.999974584205542083e-01 9.999974439102994328e-01 9.999970356823565387e-01 9.999979203827348284e-01 9.999985103149072740e-01 9.999968798327598662e-01
9.999967368597514339e-01 9.999972491685584775e-01 9.999986224115168243e-01 9.999978327195108152e-01 9.999955646249386598e-01 9.999981299677805913e-01 9.999979606719268110e-01 9.999987512813287571e-01 9.999973352171067642e-01 9.999979505340281793e-01
9.999972367198042278e-01 9.999973331619568251e-01 9.999977791957221918e-01 9.999974973530061373e-01 9.999986641765676865e-01 9.999970336647752145e-01 9.999985221173810501e-01 9.999979057050735198e-01 9.999981813015612619e-01 9.999987618533969780e-01
9.999984199947432595e-01 9.999969072968546424e-01 9.999982186338121082e-01 9.999976507085295285e-01 9.999969784632722902e-01 9.999980337235896410e-01 9.999978033301375469e-01 9.999977490211493514e-01 9.999980393657859068e-01 9.999977029380271443e-01
9.999978137935843225e-01 9.999982082471273737e-01 9.999979559475380420e-01 9.999973797446684021e-01 9.999963056115905857e-01 9.999987093268390970e-01 9.999979710701849545e-01 9.999976952571519861e-01 9.999973541669158195e-01 9.999970844209253862e-01
9.999980209195049596e-01 9.999971048174832733e-01 9.999974093027129696e-01 9.999976394767838839e-01 9.999977092816807467e-01 9.999974249829862716e-01 9.999973406532390863e-01 9.999983373289519362e-01 9.999986684586432695e-01 9.999983390776046033e-01
9.999987344727785388e-01 9.999971445209064891e-01 9.999974112138344529e-01 9.999990047832507667e-01 9.999976600440119157e-01 9.999980665328620510e-01 9.999969407767745899e-01 9.999972920650284092e-01 9.999978594153544620e-01 9.999973604544100114e-01
9.999981716269616960e-01 9.999969117273912467e-01 9.999976651253550397e-01 9.999968484493371168e-01 9.999978551731839582e-01 9.999977381528455389e-01 9.999973873065500785e-01 9.999967686059122451e-01 9.999987342573835036e-01 9.999977029694008257e-01
9.999983761310837771e-01 9.999983062432513670e-01 9.999969868344704693e-01 9.999979403469726469e-01 9.999987511982244559e-01 9.999973292586279427e-01 9.999978894136877239e-01 9.999973732870502952e-01 9.999965076268891861e-01 9.999977961840081919e-01
9.999969681187904635e-01 9.999987305797443105e-01 9.999972777277814640e-01 9.999984718858712096e-01 9.999982269866362072e-01 9.999979958700893068e-01 9.999973923284930510e-01 9.999971116896929635e-01 9.999975523171594771e-01 9.999982519393345592e-01
9.999979262033356076e-01 9.999980031634384536e-01 9.999977701527753560e-01 9.999987783128133634e-01 9.999983898937714333e-01 9.999977240284554370e-01 9.999972766632191368e-01 9.999968203997054994e-01 9.999983303415457270e-01 9.999964230115075958e-01
9.999976550600948588e-01 9.999981316387253072e-01 9.999986785363248476e-01 9.999984333562256245e-01 9.999992611194262748e-01 9.999975494714143931e-01 9.999978825396542703e-01 9.999979035196028265e-01 9.999975868542644308e-01 9.999982477709978834e-01
9.999975465445233302e-01 9.999974749062123802e-01 9.999978534088282967e-01 9.999965492655544796e-01 9.999976877701611810e-01 9.999979924717240509e-01 9.999984272267659069e-01 9.999977292629224079e-01 9.999969257178447091e-01 9.999969433650200967e-01
9.999965477067949138e-01 9.999977791050685960e-01 9.999985397757581440e-01 9.999984195530181585e-01 9.999971194198452595e-01 9.999982140950489651e-01 9.999963820534355508e-01 9.999972539544548233e-01 9.999968940240370197e-01 9.999975124335367394e-01
9.999981342966290931e-01 9.999975208184033182e-01 9.999980382043376359e-01 9.999983802632406160e-01 9.999982014237007721e-01 9.999976914143852147e-01 9.999983147547254481e-01 9.999979375428303952e-01 9.999967151674765686e-01 9.999980276917705968e-01
9.999981406163410691e-01 9.999983554516731488e-01 9.999981770806819492e-01 9.999967371598005306e-01 9.999987983300797634e-01 9.999979133325401781e-01 9.999975101459817051e-01 9.999977514103998155e-01 9.999984930514431714e-01 9.999969283770974160e-01
9.999977525064207562e-01 9.999980841232923856e-01 9.999970482131104177e-01 9.999977601663015969e-01 9.999974733259189286e-01 9.999969242824342519e-01 9.999961731816190413e-01 9.999974347096070026e-01 9.999972484334421763e-01 9.999983514102650517e-01
9.999987033534984970e-01 9.999976476435036288e-01 9.999971933353857256e-01 9.999981877582660994e-01 9.999981213777381361e-01 9.999974121647405845e-01 9.999968889258924465e-01 9.999976011133535625e-01 9.999967729669276828e-01 9.999980384708273551e-01
9.999983610802378742e-01 9.999960684782496223e-01 9.999976346393363302e-01 9.999982772481418314e-01 9.999981989816959516e-01 9.999975592049458184e-01 9.999973084561420977e-01 9.999977990043437126e-01 9.999969632866329006e-01 9.999981454945117143e-01
9.999984336214359226e-01 9.999984876268090961e-01 9.999973523974486911e-01 9.999979385567528967e-01 9.999983634271639721e-01 9.999979381296965064e-01 9.999984375826463934e-01 9.999975936085847561e-01 9.999972853033501918e-01 9.999977073970152119e-01
9.999983606466995578e-01 9.999980938354995352e-01 9.999974359749435049e-01 9.999987478061499457e-01 9.999983910546358379e-01 9.999974827539611644e-01 9.999971096473523335e-01 9.999971107734700881e-01 9.999987489262374130e-01 9.999981475150132582e-01
9.999974052095633725e-01 9.999982528275896954e-01 9.999961991573171893e-01 9.999978945714562695e-01 9.999975244565937338e-01 9.999984105662406142e-01 9.999977125257611954e-01 9.999971875821126455e-01 9.999978451411779545e-01 9.999960583017948323e-01
9.999979991551249947e-01 9.999979965915752889e-01 9.999980688793149719e-01 9.999969244279800495e-01 9.999986603038242272e-01 9.999986539623906268e-01 9.999974523790732261e-01 9.999971599619704721e-01 9.999977996579174633e-01 9.999980138914855710e-01
9.999977596379856504e-01 9.999988707035367685e-01 9.999977777456856565e-01 9.999984104044175037e-01 9.999992232462168174e-01 9.999975535549300298e-01 9.999982275473460192e-01 9.999974015119672544e-01 9.999972238437718763e-01 9.999978198709528199e-01
9.999984030114105193e-01 9.999984294141922581e-01 9.999976480556700409e-01 9.999978318382549691e-01 9.999984988021858312e-01 9.999965525252395571e-01 9.999984219106838879e-01 9.999976012269405912e-01 9.999976444455012103e-01 9.999973950406342293e-01
9.999984506356880409e-01 9.999977959808971084e-01 9.999970453270343729e-01 9.999978718073246897e-01 9.999986152806474848e-01 9.999984253316001048e-01 9.999978407136734804e-01 9.999970524458383636e-01 9.999985393024323210e-01 9.999973408714999401e-01
9.999969991427211102e-01 9.999984841121307699e-01 9.999984532472235843e-01 9.999984024313094411e-01 9.999979972902677261e-01 9.999984597845401613e-01 9.999981150278306474e-01 9.999985281369545564e-01 9.999979263287467335e-01 9.999980863474824400e-01
9.999967492184738127e-01 9.999977015357313093e-01 9.999966586003447011e-01 9.999981954479592039e-01 9.999982404992601159e-01 9.999980587575683089e-01 9.999982576626278430e-01 9.999965724168421444e-01 9.999974889717593296e-01 9.999978552980539614e-01
9.999984753596697917e-01 9.999977535492878822e-01 9.999975011360392463e-01 9.999968111220638445e-01 9.999977562787794039e-01 9.999977917147403472e-01 9.999979951811707179e-01 9.999985316260716628e-01 9.999987088725390549e-01 9.999984668502691632e-01
9.999979764521916836e-01 9.999983946751452857e-01 9.999969367857762803e-01 9.999969360110574357e-01 9.999980779580496248e-01 9.999978216607400272e-01 9.999982285130707416e-01 9.999977491190540357e-01 9.999977403956413768e-01 9.999985815099882158e-01
9.999968311629587880e-01 9.999967924091939242e-01 9.999971273671108829e-01 9.999968006426592781e-01 9.999981277526738266e-01 9.999977573824617716e-01 9.999975422119747881e-01 9.999981561294111199e-01 9.999981644345824483e-01 9.999984738994578404e-01
9.999981442149578070e-01 9.999980578011729015e-01 9.999978303518795020e-01 9.999985185111714969e-01 9.999978407255966095e-01 9.999970992593735231e-01 9.999973537672812718e-01 9.999970535484280498e-01 9.999977536674696799e-01 9.999988130710895096e-01
9.999969709283328401e-01 9.999980611191944257e-01 9.999982508082880805e-01 9.999973693994329560e-01 9.999975261600214660e-01 9.999967011380134219e-01 9.999982239092050085e-01 9.999971757613165257e-01 9.999979045969479285e-01 9.999981610327993709e-01
9.999980188828203609e-01 9.999984084069333257e-01 9.999977812350783202e-01 9.999984786161484340e-01 9.999979719136686818e-01 9.999977665594727005e-01 9.999974446731667577e-01 9.999979151346551909e-01 9.999975530952653902e-01 9.999976681125036793e-01
9.999976772304491890e-01 9.999990149978558174e-01 9.999981399213010436e-01 9.999976418902438713e-01 9.999979008777866163e-01 9.999961883250381156e-01 9.999994616134159076e-01 9.999965705824632733e-01 9.999978209164308574e-01 9.999978455448628178e-01
9.999983326834616104e-01 9.999971138634732304e-01 9.999980710186328059e-01 9.999979786560890815e-01 9.999981670001689693e-01 9.999982458624113724e-01 9.999965788436042669e-01 9.999980645823914882e-01 9.999979297779323373e-01 9.999971567060681465e-01
9.999975107437165667e-01 9.999985311919359354e-01 9.999982797685751379e-01 9.999980720634664699e-01 9.999985911726249066e-01 9.999982133729987677e-01 9.999981032630241851e-01 9.999978955243141732e-01 9.999978719404876149e-01 9.999980967785356833e-01
9.999980553209959488e-01 9.999966619811915258e-01 9.999972929108806863e-01 9.999978365843870121e-01 9.999983017674376473e-01 9.999959472713358943e-01 9.999978141458024661e-01 9.999976070080566215e-01 9.999975578565627465e-01 9.999983484042538340e-01
9.999965731504796285e-01 9.999972065404079125e-01 9.999975298530860979e-01 9.999964717163507544e-01 9.999978502025616001e-01 9.999966160464746068e-01 9.999973737285977604e-01 9.999977381468327930e-01 9.999972222253697973e-01 9.999975022554368209e-01
9.999980469243103798e-01 9.999983427957761517e-01 9.999978369601896233e-01 9.999967462665858564e-01 9.999984572281366280e-01 9.999976037088376124e-01 9.999975840821112572e-01 9.999973948300816540e-01 9.999982684806570932e-01 9.999984906480676727e-01
9.999981882590308624e-01 9.999976148078114635e-01 9.999975943950655255e-01 9.999976232593235093e-01 9.999979248201326110e-01 9.999970744300002989e-01 9.999967637309647994e-01 9.999981531367402310e-01 9.999983758216062224e-01 9.999981074505429612e-01
9.999985741124131078e-01 9.999982615558035137e-01 9.999984327888894464e-01 9.999982052559660550e-01 9.999973174484031446e-01 9.999970939495960165e-01 9.999977534298779558e-01 9.999980324556415612e-01 9.999981915825209011e-01 9.999983564363726929e-01
9.999981850439219055e-01 9.999969768987047036e-01 9.999985328837287524e-01 9.999979720498307634e-01 9.999980940252066741e-01 9.999976734216425855e-01 9.999980533495350654e-01 9.999987500846556632e-01 9.999976002602763980e-01 9.999982353505652011e-01
9.999976044035830958e-01 9.999966940583590036e-01 9.999968713369093987e-01 9.999965456854887913e-01 9.999980653594633395e-01 9.999972121761194765e-01 9.999988538269311000e-01 9.999975653292032529e-01 9.999978785952607918e-01 9.999978593566368756e-01
9.999984961923664706e-01 9.999976505228298507e-01 9.999978631481520885e-01 9.999970378346350053e-01 9.999981261358544815e-01 9.999975456927054918e-01 9.999963963629621144e-01 9.999979963695750929e-01 9.999983871644110289e-01 9.999968971764964243e-01
9.999982505414239942e-01 9.999977015063821195e-01 9.999982584305828759e-01 9.999980069375430380e-01 9.999982214004016212e-01 9.999970450648185682e-01 9.999968419386353613e-01 9.999977563341744258e-01 9.999979030671767299e-01 9.999974651309605500e-01
9.999983739548194972e-01 9.999982386520602784e-01 9.999971878207019049e-01 9.999973074173724719e-01 9.999984893246752771e-01 9.999969661452072778e-01 9.999971837011696341e-01 9.999979009544933684e-01 9.999979706588081330e-01 9.999972614572507634e-01
9.999978060347324282e-01 9.999968066316927695e-01 9.999972741476064186e-01 9.999974673513876144e-01 9.999984100341757776e-01 9.999985064399147250e-01 9.999980947485247462e-01 9.999975502989205678e-01 9.999975324754706296e-01 9.999982710613789516e-01
9.999972125474911877e-01 9.999972074612741846e-01 9.999985567119188401e-01 9.999969605122575045e-01 9.999976905280780759e-01 9.999978094269419415e-01 9.999983070028723997e-01 9.999990471393950253e-01 9.999975346877056914e-01 9.999970364295697189e-01
9.999980554349455764e-01 9.999982218670249168e-01 9.999979786730546216e-01 9.999960660605210494e-01 9.999986482049018077e-01 9.999979074437790327e-01 9.999975756226250345e-01 9.999974666630233600e-01 9.999979334554595090e-01 9.999977679788507601e-01
9.999985926933077085e-01 9.999983451824940861e-01 9.999979044820674901e-01 9.999968103702546740e-01 9.999975893601167343e-01 9.999984970278167351e-01 9.999985397672409571e-01 9.999981381637004230e-01 9.999979273458254880e-01 9.999975508192099349e-01
9.999986409401172560e-01 9.999972544611546166e-01 9.999983444200091220e-01 9.999973035062940108e-01 9.999979593794415811e-01 9.999980056389869976e-01 9.999978533956677129e-01 9.999975550790352052e-01 9.999983463230635028e-01 9.999972854071583761e-01
9.999978294297057202e-01 9.999977933334912583e-01 9.999978675201293132e-01 9.999983395726539381e-01 9.999983589155880814e-01 9.999978371136943878e-01 9.999979838499418738e-01 9.999976616527975759e-01 9.999982104633330371e-01 9.999980574528911648e-01
9.999962698932866045e-01 9.999980396313961073e-01 9.999975512442508263e-01 9.999970659642903881e-01 9.999978811356560193e-01 9.999985907026940346e-01 9.999977644138451360e-01 9.999976803284952309e-01 9.999977851959509501e-01 9.999973136282964692e-01
9.999963097715686144e-01 9.999966556146413499e-01 9.999975819449542502e-01 9.999975468903602449e-01 9.999969021621373244e-01 9.999966723403851399e-01 9.999972106201853173e-01 9.999979187166760930e-01 9.999985950211852659e-01 9.999984557442631594e-01
9.999965310157308274e-01 9.999988481845120125e-01 9.999973075613697304e-01 9.999969341968929504e-01 9.999974267184731369e-01 9.999977649427723714e-01 9.999979688214430951e-01 9.999971398981497561e-01 9.999977742593787466e-01 9.999983409915274013e-01
9.999982484042998498e-01 9.999972944821876597e-01 9.999968326138343189e-01 9.999959118945591641e-01 9.999987178565408197e-01 9.999968751841161740e-01 9.999982083166009117e-01 9.999979791654707295e-01 9.999982656881124532e-01 9.999982815148551474e-01
9.999977832972480885e-01 9.999968797532096110e-01 9.999971408078651702e-01 9.999986668723535033e-01 9.999977113460195577e-01 9.999964083347676613e-01 9.999980400688015525e-01 9.999972410653448218e-01 9.999983817039276301e-01 9.999977389957528384e-01
9.999985850317418823e-01 9.999972462002226781e-01 9.999978599532489687e-01 9.999981411976233137e-01 9.999965661961639496e-01 9.999971827877043307e-01 9.999986166902347096e-01 9.999977549060845572e-01 9.999988372446477758e-01 9.999965220454845038e-01
9.999988821171066355e-01 9.999976075963077360e-01 9.999981482712462233e-01 9.999981770104969803e-01 9.999980948711969519e-01 9.999972760282711537e-01 9.999984618999738784e-01 9.999974023563281689e-01 9.999981383535607726e-01 9.999973391286697266e-01
9.999974481253159908e-01 9.999965916734275817e-01 9.999976585018699460e-01 9.999978801633119252e-01 9.999976045922477352e-01 9.999980409429738426e-01 9.999968495037211413e-01 9.999982423914450802e-01 9.999982204283081044e-01 9.999980793445949478e-01
9.999979488339847400e-01 9.999969388812230964e-01 9.999970255956855958e-01 9.999974592968847720e-01 9.999976197537823186e-01 9.999964063876938258e-01 9.999989538778952802e-01 9.999984067949192479e-01 9.999991195923386700e-01 9.999982372805155117e-01
9.999975763506990800e-01 9.999976312924947486e-01 9.999976907308145702e-01 9.999978231570600951e-01 9.999970675762703820e-01 9.999985713475096905e-01 9.999973013152645418e-01 9.999969166385858088e-01 9.999974387539223297e-01 9.999984741763036089e-01
9.999978436864289666e-01 9.999967202351975892e-01 9.999976656247401285e-01 9.999972283389092498e-01 9.999986318685166742e-01 9.999977840538550877e-01 9.999987728096492168e-01 9.999974110979920061e-01 9.999970667215117848e-01 9.999972644495135343e-01
9.999977554571667371e-01 9.999982444107882174e-01 9.999982299643815908e-01 9.999973898912682957e-01 9.999982564722472711e-01 9.999969301321997017e-01 9.999973849929182368e-01 9.999987073518078473e-01 9.999976696768613227e-01 9.999978375250209162e-01
9.999967280346963028e-01 9.999978979858443751e-01 9.999976077548166087e-01 9.999966985192130231e-01 9.999976450108853943e-01 9.999977495865597366e-01 9.999960701908172656e-01 9.999971244945921045e-01 9.999981899886120074e-01 9.999977193005550324e-01
9.999983871015054593e-01 9.999977759781821796e-01 9.999985085780630500e-01 9.999980499392838729e-01 9.999980977540343652e-01 9.999977729951272654e-01 9.999988383189041263e-01 9.999971028051443112e-01 9.999961768096956582e-01 9.999977696025454943e-01
9.999972346182515182e-01 9.999975703490072698e-01 9.999987426220804387e-01 9.999987563024802517e-01 9.999974513651596064e-01 9.999979867293543601e-01 9.999986284983770624e-01 9.999981645584048451e-01 9.999977020897230506e-01 9.999991238342885724e-01
9.999977114831449798e-01 9.999970890908147503e-01 9.999972037347576448e-01 9.999975121507990172e-01 9.999978057965849265e-01 9.999981518147147419e-01 9.999976791731562953e-01 9.999958885395375807e-01 9.999984125105437771e-01 9.999984070927980806e-01
9.999982677839748257e-01 9.999972762729462117e-01 9.999978589641858040e-01 9.999973889634223845e-01 9.999968596443994384e-01 9.999961410854993904e-01 9.999972844878594058e-01 9.999985376756567179e-01 9.999978928552655244e-01 9.999982858108938943e-01
9.999980449181117281e-01 9.999982559893222378e-01 9.999981853139813248e-01 9.999981672062885352e-01 9.999980560992208778e-01 9.999971741899428279e-01 9.999985004296916280e-01 9.999983507142417016e-01 9.999975144691991558e-01 9.999983346750077606e-01
9.999975827093423586e-01 9.999979226753638040e-01 9.999984752812484112e-01 9.999974117218856096e-01 9.999956441530855056e-01 9.999971784637194938e-01 9.999982706390613263e-01 9.999975244229921678e-01 9.999970600779241048e-01 9.999972554962183180e-01
9.999959883435586283e-01 9.999977245181673746e-01 9.999982768962745183e-01 9.999989453150165408e-01 9.999971077641409689e-01 9.999978978914139116e-01 9.999972886723231813e-01 9.999982988794202665e-01 9.999987492695451285e-01 9.999976040857494475e-01
9.999968819500885120e-01 9.999987315237678365e-01 9.999978675073530887e-01 9.999978684793467965e-01 9.999981288728496676e-01 9.999959215130066470e-01 9.999983074893403767e-01 9.999975741873371460e-01 9.999980140032027620e-01 9.999980731268184320e-01
9.999983602859228160e-01 9.999970405962977926e-01 9.999984700466847398e-01 9.999977894858579353e-01 9.999974814289007696e-01 9.999984480667022391e-01 9.999964666842640071e-01 9.999978568186008721e-01 9.999965843168070467e-01 9.999976334417598478e-01
9.999979230692380705e-01 9.999958908834890581e-01 9.999973986689394412e-01 9.999967851477583602e-01 9.999983873220792407e-01 9.999981097037247135e-01 9.999969279095048957e-01 9.999978527999007216e-01 9.999979470619695388e-01 9.999969741894461084e-01
9.999970776347718582e-01 9.999978064206725969e-01 9.999978398193412055e-01 9.999984786865467878e-01 9.999974367820246846e-01 9.999956293838391241e-01 9.999968105705681065e-01 9.999973558721663158e-01 9.999968358051357642e-01 9.999967672475328362e-01
9.999976948296296353e-01 9.999972564850357903e-01 9.999975438409460793e-01 9.999975195727610622e-01 9.999973464014264568e-01 9.999976398356166252e-01 9.999978433041334380e-01 9.999971629856272415e-01 9.999967626508798890e-01 9.999979586789761177e-01
9.999952246473375883e-01 9.999982424064364217e-01 9.999979383294957946e-01 9.999975954059041605e-01 9.999969885637366440e-01 9.999981381792359958e-01 9.999980545994864300e-01 9.999975538186463009e-01 9.999970347239359736e-01 9.999977723437318833e-01
9.999981421872836673e-01 9.999975984128630646e-01 9.999972572519164604e-01 9.999974319606175222e-01 9.999980056096345882e-01 9.999980292037302654e-01 9.999970463969765078e-01 9.999975343278919571e-01 9.999977784936416869e-01 9.999973234697431268e-01
9.999980260031794410e-01 9.999977453881890854e-01 9.999976899574927192e-01 9.999978662147231967e-01 9.999972839394655200e-01 9.999984823054385297e-01 9.999974894267668057e-01 9.999973185112308594e-01 9.999981684263929971e-01 9.999973873259359047e-01
