9.943251562629079610e-01 9.957371176269619317e-01 9.905712368134186319e-01 9.877185216316364258e-01 9.780738544150470171e-01 9.933390257886541841e-01 9.936765961102494993e-01 9.963078327900919406e-01 9.955242420766026168e-01 9.960777197013598316e-01
9.953236240024846415e-01 9.917611070413961949e-01 9.950664155956572277e-01 9.672783670069926565e-01 9.904143828382994119e-01 9.971660729077425067e-01 9.819432399766896413e-01 9.684843436714581921e-01 9.942273959007272843e-01 9.838165641443676890e-01
9.942225050673776376e-01 9.915121763636188801e-01 9.877784684569436147e-01 9.955042119710835191e-01 9.944502688144067903e-01 9.917694908968094358e-01 9.960879281034484833e-01 9.934568562348933263e-01 9.952586825386726677e-01 9.922290504814260670e-01
9.924277141962467574e-01 9.909826834707120558e-01 9.870009495864840998e-01 9.642498698493481291e-01 9.846699383959393037e-01 9.547529687165002832e-01 8.903946904159100173e-01 9.958583792273382196e-01 9.936928326676408574e-01 9.937952056633664322e-01
9.923751349821351431e-01 9.955260607103998405e-01 9.819369346970170387e-01 9.931800124003683505e-01 9.831070641746432193e-01 9.881820826193823404e-01 9.910192413898262220e-01 8.956482460428005776e-01 9.831830714442711949e-01 9.939622386242231711e-01
9.914252279181978711e-01 9.890303040521369882e-01 9.704310132460457483e-01 9.937342165862249610e-01 9.958635087736199543e-01 9.809533511102849213e-01 9.978484478762162935e-01 9.933070148967035884e-01 9.852124787948428608e-01 9.954006309988365775e-01
9.946997488905652274e-01 4.253382852554690730e-01 9.970519747615946837e-01 9.863621399143848167e-01 9.892464778194451913e-01 9.890612867049001222e-01 9.979957240900418913e-01 9.977765314573124877e-01 9.942995767727161871e-01 9.903713214886261662e-01
9.956148389848725744e-01 9.972014609694471732e-01 9.903231152251504854e-01 9.696029331790301242e-01 9.925597007518498494e-01 9.914025631307157305e-01 9.957260790465092271e-01 9.817226946507358054e-01 9.960519474651429173e-01 9.918704218222411662e-01
9.882419474076241661e-01 9.879472676425389288e-01 9.967942053238688649e-01 9.983658232589448511e-01 9.906654091442697041e-01 9.941665042959035858e-01 9.917101213286805272e-01 9.974677962610760673e-01 9.910793520305204440e-01 9.910613539823734941e-01
9.946962726778844077e-01 9.901614043230020368e-01 9.927732078643110025e-01 9.883121110122500275e-01 9.952728035256920291e-01 9.973241945933398744e-01 9.916862607728121892e-01 9.889563550435900297e-01 9.938710595012558713e-01 9.962529853321762108e-01
9.511241974786235343e-01 9.918902056387743915e-01 9.877201751259058193e-01 9.970045383454035903e-01 9.939581811708811943e-01 9.932277491993664054e-01 9.802995934885462281e-01 9.966817682830917402e-01 9.947814975037864160e-01 9.700323034766334951e-01
9.955704488438039679e-01 9.866871901591941496e-01 9.927081436930895730e-01 9.967658758953112930e-01 9.939610970582325455e-01 9.944194820848287764e-01 9.754644849668530071e-01 9.842211422501304652e-01 9.971029488243905448e-01 9.805558495351837101e-01
9.966584598646001103e-01 9.904352286408385497e-01 9.960470144391181391e-01 9.943189703274810665e-01 9.682434418239151963e-01 9.942859874918008600e-01 9.347400326460859610e-01 9.844731013102029360e-01 9.772613460489549819e-01 9.959616185039330549e-01
9.827403598026351883e-01 9.914835824055747704e-01 9.806318398255231550e-01 9.913445358637839044e-01 9.948693663965935130e-01 9.891662433544649025e-01 9.899031580499897398e-01 9.934191889010318688e-01 9.933373790969023398e-01 9.964568006147991319e-01
9.883411917738559316e-01 9.948384903070855989e-01 9.926822967919982643e-01 9.971763110347636738e-01 9.956693826309188644e-01 9.954397201274086671e-01 9.946004786295226108e-01 9.846005970391792372e-01 9.907423534128175779e-01 9.948072557760523349e-01
9.928785473202486056e-01 9.878335136099770653e-01 9.935391667675734784e-01 9.838368014933607242e-01 9.816362333256084538e-01 9.959220966284442200e-01 9.939384350792409561e-01 9.927274118094185917e-01 9.963133230989151823e-01 9.891618017807920493e-01
9.936528192368007106e-01 9.892215287215044839e-01 9.807939704382059309e-01 9.950166720271167442e-01 9.735392936037940981e-01 9.885237399261843638e-01 9.943429532028360551e-01 9.971134575094808827e-01 9.871775376161322502e-01 9.936494415256107438e-01
9.830708723494553380e-01 9.786524302760057914e-01 9.910498650774594021e-01 9.853382150115993499e-01 9.796805870210929523e-01 9.798719607012681410e-01 9.911219225777772035e-01 9.958248317342566214e-01 9.912018449577879586e-01 9.920633047942014615e-01
9.954241670506033257e-01 9.934137102153717258e-01 9.944952107243688610e-01 9.891048090228941048e-01 9.931211734878658826e-01 9.883227617772984974e-01 9.915159736734709961e-01 9.823454747257458486e-01 9.822740522537135588e-01 9.949887489212716485e-01
9.929516587725863985e-01 9.041273708026360545e-01 9.920815207865363305e-01 9.757604605475886927e-01 9.924227853738498695e-01 9.872506450061764305e-01 9.958032611187407346e-01 9.947316112910004060e-01 9.924042644471328112e-01 9.792221221515309271e-01
9.847874594667385129e-01 9.969125951123967155e-01 9.526727482321334373e-01 9.924892245391648826e-01 9.940645544452726412e-01 9.945457551969990595e-01 9.922928702227307163e-01 9.740599441814136172e-01 9.929566599371535407e-01 9.923577101117901922e-01
9.902993270804963943e-01 9.965698161316622894e-01 9.925691127137623582e-01 9.957183582328628102e-01 9.923391410767707921e-01 9.914319094659113096e-01 9.945573462897840944e-01 9.910309297635370163e-01 9.937433020669145245e-01 9.940440491061433015e-01
9.837553133102862057e-01 9.838767588327519409e-01 9.945525390931038157e-01 9.954350539385226071e-01 9.890357093791571907e-01 9.964235642438658003e-01 9.938171580086109236e-01 9.688042221342463289e-01 9.810886535182713475e-01 9.907869695271660504e-01
9.956126043562195660e-01 9.907628962032241082e-01 9.959021609284828269e-01 9.792089608075125184e-01 9.596605759898451105e-01 9.943623219617059306e-01 9.881069369499854149e-01 9.938974168293497335e-01 9.841961842921491677e-01 9.785799267249499778e-01
9.907632136299970860e-01 9.955535763678104999e-01 9.972230966838402377e-01 9.954673984588597868e-01 9.945957542036425458e-01 9.929193690374629178e-01 9.926570331339750197e-01 9.777977588896412664e-01 9.859475758434983472e-01 9.435358853475104279e-01
9.803547028822725551e-01 9.934547336017377495e-01 9.962430791567609134e-01 9.955591835570574144e-01 9.950651274927879708e-01 9.896286550031727636e-01 9.542529773374920365e-01 9.913737934724865530e-01 9.924268807634823997e-01 9.580572375306897204e-01
9.882706688793134742e-01 9.880839701217093429e-01 9.925285537516588263e-01 9.925353463904573736e-01 9.982719172367138238e-01 9.874363442010843928e-01 9.912954543889578307e-01 9.940618746526626026e-01 9.886351198790725991e-01 9.926306691851556341e-01
9.894156784618718392e-01 9.892568810907802490e-01 9.919055240591159173e-01 9.768750427731033303e-01 9.949484721892383199e-01 9.911200409502169961e-01 9.935564599237076688e-01 9.932810059937603464e-01 9.375659757078573797e-01 9.900898023426649708e-01
9.953905653145009857e-01 9.293181058375969972e-01 9.843601382152229462e-01 9.944069537207893550e-01 9.904319305500735027e-01 9.958438582770237080e-01 9.947140753058698603e-01 9.930889808520668716e-01 9.916812435090928135e-01 9.841367788748967005e-01
9.863109967301965098e-01 9.942847682774417217e-01 9.841343144239157459e-01 9.867432848268461454e-01 7.994134627437452512e-01 9.732736741864821406e-01 9.955205538089860751e-01 9.946801209049487280e-01 9.947822549206690734e-01 9.803317905190437331e-01
9.944439809124306917e-01 9.651263363601413348e-01 9.869630115260141778e-01 9.925026341063094559e-01 9.952659564241826962e-01 9.893175276091261683e-01 9.872998414658173960e-01 9.899571875150464662e-01 9.742751154130098179e-01 9.947290259910798182e-01
9.895623879643679066e-01 9.905745979188617101e-01 9.922956996809407793e-01 9.751803036975414951e-01 9.860844284625990275e-01 9.964342042774299024e-01 9.969593703244482574e-01 9.968055966634328247e-01 9.905044043318749214e-01 9.919601545969657375e-01
9.923903179221540416e-01 9.959769144533466845e-01 9.941186352574040708e-01 9.858364648628168414e-01 9.928304929675751955e-01 9.967554806848151205e-01 9.961814677211837665e-01 9.689021273161502190e-01 9.880561141715918927e-01 9.936848058071551248e-01
9.963682623645574443e-01 9.922907696625479224e-01 9.934102646924140023e-01 9.863643539832598339e-01 9.941469692632742827e-01 9.945546627766630454e-01 9.962359478981620553e-01 9.954901300780024664e-01 9.940467048572672049e-01 9.964194271990806095e-01
9.877822067304927733e-01 9.969387169852357289e-01 9.661447423498925602e-01 9.928514682090507915e-01 9.917970390421489979e-01 9.863093801458032717e-01 9.953322587438306890e-01 9.906910497481735689e-01 9.842922555792907868e-01 9.919941753070822266e-01
9.937741691488416462e-01 9.685825683265436581e-01 9.877232500719339559e-01 9.915160715969629779e-01 9.930095198437866033e-01 9.973640208334341173e-01 9.956478744430832251e-01 9.702999574140604988e-01 8.068395836763613271e-01 9.842899327694163425e-01
9.956104859403844820e-01 9.943295524700559440e-01 9.909766034868479068e-01 9.911320599580172308e-01 9.952735079680247177e-01 9.904524321881110760e-01 9.958481554670095548e-01 9.953178514939092780e-01 9.855338711861130196e-01 9.972856706004606941e-01
9.946738910393652100e-01 9.917159755237410224e-01 9.543982441129573724e-01 9.943868740430591435e-01 9.935176081566575723e-01 9.884814927051704947e-01 9.764516898490699370e-01 9.840902509687414756e-01 9.797617749979394830e-01 9.889416954071440502e-01
9.968263670462171877e-01 9.905202078307552283e-01 9.901313172409037522e-01 9.925746139649765931e-01 9.885860059397330035e-01 9.941441572875596711e-01 9.970447566603566347e-01 9.927138847255488896e-01 9.959034684920532454e-01 9.955689137594954108e-01
7.046179160884354920e-01 9.784015671373528233e-01 9.931888956001190261e-01 9.868185548322094824e-01 9.958002771254333974e-01 9.532691928085021971e-01 9.858308686177068569e-01 9.963725338089688410e-01 9.935360259736257804e-01 9.507216874935983109e-01
9.946469420562094044e-01 9.947482715874279569e-01 9.937902263254183577e-01 9.930418046751608996e-01 9.960029049060142858e-01 9.841817658038942707e-01 9.738908619881191386e-01 9.893650176003774277e-01 9.956238275176096941e-01 9.868740117982401916e-01
9.331038967269511542e-01 9.931314468161680509e-01 9.841971505005152610e-01 9.764066241047574257e-01 9.896989337771001649e-01 9.929877114979310804e-01 9.923513833639662218e-01 9.942191003534318616e-01 9.948551386836942401e-01 9.961687288274637675e-01
9.750803348117614844e-01 9.721066289852386966e-01 9.894038575385460943e-01 9.929444851014020967e-01 9.840807838177110245e-01 9.906458473616255311e-01 9.920483872335672526e-01 9.917785135874974678e-01 9.969728312677662574e-01 9.893921230689546320e-01
9.897695736240630371e-01 9.896585170218438199e-01 9.776891483545638861e-01 9.946697065309941799e-01 9.914283731955594314e-01 9.900156346551538533e-01 9.957638880409634963e-01 9.929088111557999863e-01 9.723292104673086911e-01 9.876645564012663803e-01
9.978891099771874940e-01 9.957296414248156813e-01 9.960440840822187836e-01 9.905492911104071263e-01 9.884204659755750910e-01 9.711514942957168994e-01 9.968825523262343502e-01 9.947787961533566259e-01 9.892233314650621390e-01 9.958089286380905625e-01
9.950722618874257019e-01 9.774242672742007310e-01 9.920677982049045385e-01 9.874232961329114655e-01 9.908675000352674678e-01 9.959583016496028618e-01 9.933821475731825501e-01 9.970030939577588791e-01 9.965027435948365930e-01 9.922528838271198470e-01
9.854159679513756487e-01 9.785293807478100403e-01 9.937986906665894349e-01 9.899831510608382290e-01 9.944951229245776458e-01 9.836836940772517579e-01 9.920613595153910946e-01 9.931565169569296359e-01 9.968944067331445558e-01 9.941581655772404602e-01
9.860667956864457295e-01 9.939042167849582166e-01 9.619054118170223822e-01 9.982204700533295894e-01 9.912766347007752055e-01 9.971303285637055369e-01 9.879411047162918180e-01 9.932176983193951036e-01 9.940977455615568337e-01 9.390596998720879274e-01
9.961094660175381366e-01 9.858666337197764529e-01 9.930131517847673450e-01 9.955135167818095487e-01 9.914437000330461602e-01 9.880176035480503494e-01 9.883334367634368789e-01 9.978888970500975342e-01 9.928385231381094966e-01 9.928064695040359489e-01
9.877723662265974758e-01 9.856727253691097701e-01 9.896690374426303505e-01 9.869417069545557419e-01 9.916582040228968387e-01 9.903222244376854722e-01 9.679477655385878565e-01 9.764233539233512227e-01 9.858251526933020648e-01 9.982415620211843033e-01
9.960893720695725984e-01 9.960206079108008259e-01 9.739854062679292879e-01 9.945567851548895444e-01 9.918777637614784037e-01 9.819494643558830393e-01 9.930931757658898462e-01 9.895787859516055329e-01 9.954295111048759859e-01 9.846046686633105338e-01
9.942806966642144806e-01 9.897354925203815101e-01 9.933503210342644607e-01 9.962898740591029645e-01 9.842433896205211585e-01 9.792334818245604922e-01 9.738293452930796290e-01 9.923153353504134966e-01 9.776074875956581867e-01 9.797125375016652038e-01
9.942802586013539390e-01 9.856557829138047344e-01 9.934850044817299386e-01 9.973011009568339968e-01 9.964156836970012865e-01 9.893083657922620011e-01 9.933903415758229549e-01 9.907741666903784328e-01 9.935732773934583539e-01 9.956944140328762849e-01
9.789599268161275347e-01 9.800529350948002927e-01 9.909926147161330912e-01 9.944728939536638945e-01 9.935830357796133772e-01 9.758606833390838231e-01 9.139528713195667065e-01 9.902914138822692669e-01 9.924752644083424391e-01 9.879698424506040411e-01
9.966842988040301998e-01 9.940338208012651222e-01 9.986271806994739819e-01 9.921905749981125844e-01 9.962935989991958952e-01 9.877510390457382439e-01 9.856453024742991564e-01 9.953115553096388846e-01 9.981265515960414669e-01 9.681004822600332016e-01
9.928639123186739912e-01 9.917094488498328086e-01 9.931939510117462344e-01 9.663276874205150024e-01 9.972011756405648741e-01 9.905239044565703477e-01 9.797626711779438002e-01 9.642382153818344070e-01 9.811068976619191639e-01 9.950010166111820098e-01
9.807865647533112741e-01 9.713876904051956807e-01 9.853966775878271189e-01 9.951407495560401495e-01 9.845445183276391177e-01 9.915864738244090093e-01 9.839596071205093386e-01 9.930824044370258896e-01 9.961095519574747481e-01 9.769600280312972229e-01
9.961385135028326676e-01 9.947885713584687650e-01 9.912596987579173069e-01 9.945597475962933975e-01 9.979370728032938009e-01 9.649710693884884227e-01 9.973042375594569631e-01 9.937517508483308948e-01 9.964806998173275643e-01 9.965159208134705127e-01
9.862171749510937335e-01 9.874854907919613511e-01 9.785549875447561163e-01 9.916688985510923038e-01 9.962631509494740412e-01 9.938444839432658551e-01 9.968908964454216148e-01 9.958198381616748529e-01 9.825315816552703252e-01 9.951183919303960845e-01
9.959898653969184723e-01 9.907180313552274020e-01 9.924787542646826832e-01 9.894113240496498207e-01 9.884134342312023147e-01 9.799483937801927169e-01 9.914715060346125375e-01 9.707060435077957683e-01 9.717098893345699206e-01 9.895013230914052604e-01
9.755904790816662953e-01 9.968359451984247777e-01 9.929963703916047102e-01 9.918372308299104878e-01 9.937887968328442678e-01 9.727407589419733158e-01 9.906631143074122736e-01 9.898976915882795602e-01 9.917179011109866771e-01 9.760732787144745792e-01
9.974128826184718299e-01 9.904560806181482713e-01 9.889593513515421153e-01 9.866516222476373610e-01 9.871453055242404018e-01 9.959677349375383182e-01 9.868097165751252842e-01 9.948755163200933005e-01 9.889884812900715527e-01 9.939767778882824256e-01
9.820321468835599976e-01 9.970186450283148316e-01 9.885178445280469184e-01 9.967415476382583961e-01 9.899478232025831215e-01 9.897375892750369664e-01 9.842074491787188295e-01 9.880602304670957903e-01 9.965743470712805641e-01 9.931192787673862599e-01
9.914445641067232140e-01 9.701768738719189766e-01 9.902145995755542440e-01 9.924656878949538186e-01 9.952819284692763224e-01 9.920294811708356697e-01 9.925684886521120021e-01 9.903462331618694270e-01 9.917092741238989761e-01 9.779850064025934486e-01
9.850820543780620664e-01 9.950122358994574201e-01 9.786039859160470256e-01 9.927781521972740553e-01 9.851541612220173771e-01 9.953255865429311289e-01 9.766586406195972847e-01 9.913262774244542275e-01 9.953988160550140130e-01 9.921102635760420396e-01
9.889749678811781131e-01 9.968002627969461127e-01 9.948432130699432774e-01 9.823152998429216520e-01 9.874802891322542742e-01 9.724993733226264814e-01 9.850877111113235385e-01 9.901882789952667352e-01 9.882928782718592986e-01 9.913130649930322891e-01
9.927074301043206095e-01 9.962297998766801443e-01 9.944723210303294536e-01 9.943979744424367162e-01 9.825716681134746278e-01 9.894684857111412102e-01 9.949314155151913752e-01 9.904455207460415300e-01 9.944711014663284443e-01 9.842168298879830912e-01
9.716792994861498389e-01 9.911265854199339254e-01 9.840568281248812665e-01 9.955394730300081152e-01 9.939568752050690348e-01 9.957306501201708127e-01 9.943479061391172769e-01 9.805843796428114212e-01 9.968802501234086400e-01 9.954749709677960245e-01
9.932818439609597538e-01 9.779314747542562358e-01 9.902801409071486649e-01 9.951043484216030022e-01 9.847818059753803421e-01 9.880967286324983112e-01 9.895770738509951370e-01 9.948045042521473924e-01 9.805456733394932733e-01 9.865408508845059377e-01
9.853135305126704546e-01 9.964545825521698985e-01 9.922686641872998647e-01 9.909308363487513427e-01 9.953082105185152573e-01 9.951947767153909163e-01 9.872389186170306141e-01 9.896214055477042804e-01 9.913779701650232701e-01 9.930293339695140942e-01
9.904090330548317445e-01 9.815008781440845986e-01 9.968152839668180665e-01 9.962868464311283034e-01 9.938071169729388865e-01 9.948105251113064096e-01 9.896907246573111161e-01 9.935204635534123918e-01 9.958639981500875260e-01 9.925831458631756421e-01
9.922220754363152428e-01 9.951363869752885005e-01 9.947153447124806869e-01 9.900327290005886960e-01 9.857641721088621356e-01 9.684130301483534486e-01 9.779391327971110881e-01 9.945829121877893808e-01 9.880522452159350433e-01 9.881109342668432660e-01
9.946555938862652324e-01 9.963315152092432347e-01 9.959733291092197627e-01 9.896179236226736453e-01 9.532945435862241190e-01 9.885927285293933942e-01 9.702761131685669893e-01 9.484101112784975030e-01 9.901349038126843194e-01 9.887736994155307269e-01
9.915700957272116645e-01 9.957968240277040861e-01 9.948078734940977164e-01 9.789545417970654251e-01 9.951835214374336047e-01 9.950441516617797300e-01 9.971749699896557129e-01 9.903909623111072369e-01 9.939670028337350693e-01 9.936676131759736297e-01
9.956348244769095412e-01 9.860865652363548506e-01 9.727152549001305548e-01 9.967080086928356009e-01 9.658390254653521634e-01 9.848013342006107784e-01 9.806168003485865592e-01 9.909419462694136760e-01 9.659393716202130387e-01 9.935156897293044853e-01
9.946546672472033057e-01 9.906180002896403103e-01 9.913029625701236247e-01 9.942914471975774493e-01 9.944602935783616315e-01 9.901127706828988240e-01 9.947894598474460448e-01 9.915691481761222947e-01 9.912841452687251032e-01 9.972146948341710226e-01
9.927724151237321548e-01 9.914381284074250678e-01 9.942629333463163244e-01 9.941711191409761117e-01 9.929723669240112516e-01 9.888894719544124579e-01 9.958326760154696533e-01 9.722296075926826209e-01 9.938315582358011602e-01 9.943956935092213012e-01
9.842559570208109232e-01 9.943023272597144580e-01 9.892133740142334819e-01 9.965640190658221487e-01 9.960568801284076512e-01 9.693813283019643290e-01 9.924285670396532089e-01 9.958772800479873677e-01 9.881026683515816700e-01 9.907362070320430147e-01
9.907403572514202894e-01 9.840098587733258073e-01 9.952727300165630231e-01 9.897660605660973943e-01 9.932796724234632668e-01 9.969782930495306728e-01 9.820383561418072338e-01 9.899335418680010878e-01 9.935189171847935707e-01 9.879313286816452377e-01
9.918699999599618344e-01 9.969378436459531700e-01 9.675512271851679502e-01 9.928894118145233927e-01 9.965380871899727211e-01 9.967977746847133114e-01 9.823162370255850151e-01 9.845650608611524746e-01 9.950035075666907591e-01 9.956766756907889926e-01
9.968716764262874896e-01 9.670310359477498618e-01 9.711304493626899959e-01 9.937853190383194590e-01 9.921084364220290608e-01 9.881465641368512021e-01 9.934149128967219022e-01 9.958818287678525838e-01 9.925803179065961768e-01 9.922376584630815399e-01
9.908149985123216874e-01 9.880539450602127127e-01 9.947152815521067559e-01 9.918415870801426948e-01 9.884871801888240883e-01 9.931637304870948313e-01 9.904803241634172473e-01 9.853198589600151713e-01 9.767727256556228976e-01 9.801751831644385238e-01
9.938023049921278496e-01 9.926618917954994625e-01 9.939151236048615612e-01 9.967073674535836814e-01 9.979025246012364070e-01 9.957790446583911770e-01 9.939083209500136906e-01 9.972957991774253905e-01 9.801282259092013449e-01 9.963921821442719429e-01
9.927652842712647585e-01 9.945728932761374042e-01 9.953814913072775994e-01 9.849925110396120509e-01 9.625199614537415238e-01 9.931267557164857873e-01 9.827737763911970070e-01 9.983834072554436112e-01 9.431035861020853339e-01 9.915613529296124495e-01
9.973673197793073708e-01 9.945594939246189536e-01 9.981507655464023632e-01 9.944672998835226707e-01 9.974877697999192661e-01 9.921096828682387514e-01 9.912413247118307957e-01 9.931286181470637686e-01 9.929580279627985284e-01 9.882375212522079844e-01
9.940809034117230603e-01 9.949311434829816170e-01 9.758798297813928713e-01 9.923863949557244490e-01 9.896046344880032875e-01 9.923046107782819147e-01 9.938919863118389486e-01 9.858231598729478851e-01 9.789666097990804561e-01 9.948100689545146258e-01
9.923125549879852070e-01 9.812333146101048786e-01 9.947844800171874446e-01 9.902859413016694701e-01 9.759628758284394356e-01 9.978540589856281784e-01 9.882822096515826438e-01 9.485528412796172537e-01 9.885447071893310733e-01 9.864293498740306365e-01
9.941338374687574975e-01 9.807864889539703590e-01 9.956957757331675873e-01 9.776272020411604924e-01 9.230183828437926730e-01 9.930735594665900390e-01 9.958701939302272432e-01 9.863735448915555981e-01 9.863660780581960941e-01 9.931302210645955864e-01
9.974543872650322163e-01 9.880463057409545335e-01 9.928982418955653033e-01 9.905004117950131359e-01 9.785349677246774069e-01 9.957644550050773757e-01 9.921146411915204855e-01 9.452958160985972524e-01 9.933741517759955286e-01 9.729006905194280685e-01
9.936642942991474881e-01 9.940062475078093041e-01 9.972956357145879025e-01 9.954940061761942127e-01 9.897246316294335822e-01 9.752964689740309945e-01 9.945568276634237925e-01 9.843301866308769021e-01 9.838412188992933238e-01 9.914932117291582747e-01
9.750604867175530766e-01 9.950769942431317849e-01 9.943325927017593324e-01 9.932812548201692682e-01 9.898637786433492902e-01 9.839193378394006650e-01 9.897989737135906019e-01 9.892825154218198858e-01 9.916642538986436550e-01 9.838128791864286793e-01
9.911934688594986609e-01 9.898450316587656950e-01 9.928128291135572825e-01 9.883752423697461653e-01 9.560452275378462650e-01 9.851435313243238623e-01 9.925175292130131721e-01 9.595740194601740658e-01 9.756182357448454079e-01 9.853652479819894339e-01
9.948873011207517436e-01 9.928357167412605877e-01 9.922680102719581008e-01 9.827833095633613514e-01 9.894299282666669804e-01 9.896945876433115297e-01 9.906016323453668004e-01 9.871583484039462286e-01 9.948314468479275696e-01 9.941195077075961617e-01
9.883143631679057739e-01 9.887212820138233660e-01 9.922861925891784951e-01 9.952468582719317114e-01 9.933719432208550915e-01 9.954886693346872706e-01 9.953040912338473323e-01 9.957412905709887019e-01 9.878785690896899618e-01 9.924717460914203038e-01
9.959755847660152206e-01 9.962133321975479294e-01 9.926763711710097082e-01 9.413754070311692868e-01 9.930657515007405012e-01 9.898597707247229760e-01 9.695755333568076839e-01 9.931239685511473736e-01 9.919082140947482751e-01 9.928152328859234377e-01
9.696293971825422631e-01 9.846375892829658527e-01 9.864535728430136041e-01 9.346862603754668708e-01 9.954200893244924409e-01 9.867527381723277813e-01 9.942766405143517172e-01 9.842458815480433776e-01 9.927631423992255844e-01 9.720123844766817012e-01
9.732042194001115920e-01 9.918816051846316428e-01 9.844604163880827929e-01 9.851172697198286032e-01 9.873009521804907429e-01 9.941006004534312934e-01 9.766962883655146976e-01 9.896378441233780743e-01 9.977733337735829044e-01 9.905091390597977608e-01
9.841326635057364713e-01 9.727505702669358989e-01 9.904189317942012627e-01 9.910996473475331969e-01 9.915280172583750273e-01 9.887365439503792430e-01 9.948066637274504131e-01 9.961076588207020688e-01 9.584132662688912285e-01 9.841566182083234526e-01
9.915743985122710269e-01 9.936983013530552578e-01 9.969188234544457128e-01 9.959251253452646724e-01 9.970887910818513333e-01 9.960559419830059547e-01 9.922730473462302303e-01 9.762400509685532635e-01 9.885458088407923505e-01 9.924988473646387810e-01
9.625394486957703499e-01 9.799422350498411260e-01 9.958360850785170637e-01 9.829844956583484450e-01 9.890622029521405345e-01 9.957350357216381287e-01 9.953591567959129138e-01 9.566337485335939528e-01 9.870903268336401748e-01 9.531849837494704714e-01
