9.900840689943640749e-01 9.939631658412914073e-01 9.971493327306057974e-01 9.953803733237741591e-01 9.907509447031461747e-01 9.932884681198268506e-01 9.892601695832100583e-01 9.962029383246149283e-01 9.913130412954174187e-01 9.975676654538758736e-01
9.900813932805121453e-01 9.943674733437384283e-01 9.828303176520712947e-01 9.955279284242368742e-01 9.867180995057973636e-01 9.916306455453733903e-01 9.644515128873419885e-01 9.912712805603355326e-01 9.848492056855598920e-01 9.895111509819827234e-01
9.817217618881182162e-01 9.960057143617521147e-01 9.822103106285391405e-01 9.944116852073244806e-01 9.887232565616548285e-01 9.921277449285801353e-01 9.969101865861340617e-01 9.939579401982291396e-01 9.829587194828729446e-01 9.907176967582423943e-01
9.841006081183475418e-01 9.962224343565811990e-01 9.932665468460464275e-01 9.967203639458781517e-01 9.956361144127746643e-01 9.977893283366120469e-01 9.946739241784534613e-01 9.962546199288004889e-01 9.980674842753304299e-01 9.907397725308241254e-01
9.969743204465374431e-01 9.913477774371027840e-01 9.952225409598455252e-01 9.870040218694474676e-01 9.959662130517866752e-01 9.923812470866900659e-01 9.953745879592388324e-01 9.930573952979154795e-01 9.931636363756698449e-01 9.873096493365901560e-01
9.958349088655238379e-01 9.910037992305603671e-01 9.945080889844245542e-01 9.921010085351352759e-01 9.939360330785158570e-01 9.912139362434887468e-01 9.962924370685004583e-01 9.951327601735392436e-01 9.975985212321324402e-01 9.939174922982392246e-01
9.878718860350683695e-01 9.839917768519738095e-01 9.853796256708524659e-01 9.796678988323426207e-01 9.944705185474419507e-01 9.968864937098597112e-01 9.961732784456031053e-01 9.862549391908497221e-01 9.970275462393465293e-01 9.958630054065601422e-01
9.956899904420295488e-01 9.906113507652227756e-01 9.958588746429686278e-01 9.556380403164944637e-01 9.953882530824514907e-01 9.966923712736160956e-01 9.959363053115954934e-01 9.867666926711987641e-01 9.979411035193356261e-01 9.928676380098128140e-01
9.947585040141924129e-01 9.875095254632980657e-01 9.980909159272255415e-01 9.703428312389440480e-01 9.796589912114840315e-01 9.969408051754271582e-01 9.923491005346856131e-01 9.975532230624388763e-01 9.971491827606655534e-01 9.950058719286885012e-01
9.875488733280016751e-01 9.944762230548263027e-01 9.946601992284028748e-01 9.929692135549472720e-01 9.789143971912604991e-01 9.925754278869883818e-01 9.966129756488623093e-01 9.911188559755271799e-01 9.943050583220169880e-01 9.759336918168930453e-01
9.908708506559441576e-01 9.968582191859477470e-01 9.979387716476326720e-01 9.924235743628061490e-01 9.970428996986089309e-01 9.937463280506920738e-01 9.953316565568236518e-01 9.960762510496820044e-01 9.966420165200627901e-01 9.980058759162649951e-01
9.961798158712992235e-01 9.850406961370136161e-01 9.935075886231636844e-01 9.848431576971160561e-01 9.924507810762366322e-01 9.866181800857313222e-01 9.847339366820631046e-01 9.981866709477306143e-01 9.939797738325569787e-01 9.823488513325602245e-01
9.920576684723572125e-01 9.954909611490311283e-01 9.870495875137748065e-01 9.957290542261653110e-01 9.918749728031496238e-01 9.925508443486539267e-01 9.955612757651109979e-01 9.976117154953041410e-01 9.930072225858269652e-01 9.957419974305291577e-01
9.965996524996256767e-01 9.953106511731640849e-01 9.931433420447576266e-01 9.929274741339051413e-01 9.957504227666577057e-01 9.944042659003594631e-01 9.619296174982463477e-01 9.965308004995475644e-01 9.916794377513258318e-01 9.880898365154084928e-01
9.893523681094239519e-01 9.966897453528735795e-01 9.953374516718518361e-01 9.942149563611138996e-01 9.974631513836401675e-01 9.916812898397829867e-01 9.899963645917098098e-01 9.957724071803479848e-01 9.970251947920194535e-01 9.860077162302431919e-01
9.971734991694030104e-01 9.937945227854830810e-01 9.940650248636241360e-01 9.972586097886247947e-01 9.968190481948187021e-01 9.924904327197138221e-01 9.689781304315920885e-01 9.934484006726923555e-01 9.957962138399125696e-01 9.892196010852477572e-01
9.930164407834577434e-01 9.904982699014748260e-01 9.881730349098025723e-01 9.841531992840281129e-01 9.824675105785873885e-01 9.913400685889171005e-01 9.948177652344603050e-01 9.961692719761412462e-01 9.958469455268027515e-01 9.793420670134234118e-01
9.945800957109069973e-01 9.934892159001246226e-01 9.923081636126871441e-01 9.959694347283983840e-01 9.960901475884545997e-01 9.926162158588388573e-01 9.802863918981240543e-01 1.169447924565106961e-01 9.966803725625914545e-01 9.896125697648990860e-01
9.955372265936288656e-01 9.943956214426424856e-01 9.952854757295565014e-01 9.975175836936839291e-01 9.956953725862135451e-01 9.896463801918774505e-01 9.956284701868703957e-01 9.963706356316753832e-01 9.912912424145486900e-01 9.869450840787986623e-01
9.909846260354996383e-01 9.964134691319979087e-01 9.976139923263404041e-01 9.960813259995127122e-01 9.898198459823467354e-01 9.962531873655042780e-01 9.941130077402590137e-01 9.933160904937062829e-01 9.842865605533496209e-01 9.948801068647726842e-01
9.926851097003758229e-01 9.933968975971639859e-01 9.956832841227203357e-01 9.980638646095565392e-01 9.777813100550010184e-01 9.953003051253686007e-01 9.931769251470302651e-01 9.963641469098210024e-01 9.874011932259884050e-01 9.977217961189069895e-01
9.925572830215080300e-01 9.926486547609868483e-01 9.836427593709652362e-01 9.873831055416270042e-01 9.869273838434864388e-01 9.950487379707253499e-01 9.961229816953650618e-01 9.914311710217301732e-01 9.952525877305468116e-01 9.880767775796971408e-01
9.960782517925412805e-01 9.519887535551625479e-01 9.800500503667755048e-01 9.874469605940693340e-01 9.934292197696661386e-01 9.873818110403236314e-01 9.980283585067747376e-01 9.961130114509222366e-01 9.677163452497522522e-01 9.866750145792201332e-01
9.911344999295558233e-01 9.680582702074437274e-01 9.948498595840509218e-01 9.845326880388743929e-01 9.940632724953804011e-01 9.927124330499093041e-01 9.955603063480457093e-01 9.936810740243046114e-01 9.920180967804944627e-01 9.957335979857311337e-01
9.917303137252315715e-01 9.848875834527621720e-01 7.401083369960476110e-01 9.538991072374033431e-01 9.960339378022508017e-01 9.959291710442309542e-01 9.293238264456872288e-01 9.844899109931619652e-01 9.930382375848801901e-01 9.974507628695525874e-01
9.813517482596106900e-01 9.953036927565932501e-01 9.961221674919829017e-01 9.970139084932286844e-01 9.986863196807339582e-01 9.853846924413329766e-01 9.941052490135724451e-01 9.982414291272185825e-01 9.685715795999305655e-01 9.946123000111960488e-01
9.833258921984548984e-01 9.978221175866005543e-01 9.954203397179063328e-01 9.568800169333301353e-01 9.886320626066645856e-01 9.982769690806446716e-01 9.822435865441160319e-01 9.909227645744667079e-01 9.838516489946146359e-01 9.970335583062522877e-01
9.666958075780940352e-01 9.937554347129667898e-01 9.953293723686100769e-01 9.981609141012413033e-01 9.950580508795411339e-01 9.892846884999476620e-01 9.775245091910065298e-01 9.945284590969136751e-01 9.965440349537748599e-01 9.941230874250329697e-01
9.974165711391997924e-01 9.967863462845234501e-01 9.957511314972505856e-01 9.965727157758235144e-01 9.946465185730887226e-01 9.975031643281309091e-01 9.953767319202871944e-01 9.939871158378726923e-01 9.915289574430959929e-01 9.974913955842245050e-01
9.924179382312423581e-01 9.951121605846928730e-01 9.817164346238400618e-01 9.663579473637138317e-01 9.952356880400463623e-01 9.979732432229937444e-01 9.975632792889681522e-01 9.952365408717023243e-01 9.969787614269073339e-01 9.957917793575612464e-01
9.846969410289606595e-01 9.935766228894612473e-01 9.936506938976894521e-01 9.542966886429916640e-01 9.934813065452962055e-01 9.745304567367518711e-01 9.776674057045177113e-01 9.954295518626707917e-01 9.941665821657099666e-01 9.884929630295207215e-01
9.951926804044387564e-01 9.940146211809186561e-01 9.930831545153352424e-01 9.937335959284320230e-01 9.919831698833299072e-01 9.873335155641886907e-01 9.938274018168186119e-01 9.878594264124425095e-01 9.889929034980511346e-01 9.961806690486384452e-01
9.899191053604770030e-01 9.925429622698985765e-01 9.940162567369511537e-01 9.961550682559997538e-01 9.961981494647837998e-01 9.878338036944555034e-01 9.931268024475032874e-01 9.938778939467254325e-01 9.970651277836096726e-01 9.963318916285847093e-01
9.937434748998765777e-01 9.981245998878353065e-01 9.761584729551533446e-01 9.873215299616444618e-01 9.778362863462999321e-01 9.908415189545156654e-01 9.964213642329925458e-01 9.943858939283065634e-01 9.929110243216270337e-01 9.929657596325326407e-01
9.926375105500826468e-01 9.972104699773721714e-01 9.975162474848892069e-01 9.901395064225113618e-01 9.893241970587028922e-01 9.940668507430641121e-01 9.887669131378659104e-01 9.891261018827030016e-01 9.855201629110840189e-01 9.927815089092500989e-01
9.939751490219969066e-01 9.930786638318300774e-01 9.799181171979465255e-01 9.973364505697294158e-01 9.745951677992442663e-01 9.848105204984858307e-01 9.957392237690482206e-01 9.864724670797301309e-01 9.953408966647859790e-01 9.950350229648375899e-01
9.921851843087994283e-01 9.949303595152894086e-01 9.923246874587833277e-01 9.919864949745860194e-01 9.928031520817516276e-01 9.941066177697814865e-01 9.901999252920851147e-01 9.973928894145717150e-01 9.955031335390241987e-01 9.966331526726220913e-01
9.926263293462249671e-01 9.840155483918860968e-01 9.613872627425431583e-01 9.667754111518513938e-01 9.798462451442965238e-01 9.976497453165584783e-01 9.914874902630526066e-01 9.938246956469253268e-01 9.916911755765056569e-01 9.955315141942598922e-01
9.976775567323752369e-01 9.793227704279953150e-01 9.970038670857503948e-01 9.967254240123697429e-01 9.934617532962527475e-01 9.922522329158799392e-01 9.958752268990060941e-01 9.963920601671565347e-01 9.810458698078764472e-01 9.952456696093781030e-01
9.798301123267071366e-01 9.798570248725482212e-01 9.604151432076908357e-01 9.967214170477781687e-01 9.801670126003394490e-01 9.717145098860779928e-01 9.784565775930027520e-01 9.959548438755442268e-01 9.944988482495261684e-01 9.956590212662586037e-01
9.973288428580360243e-01 9.956312661321701230e-01 9.946282019300473065e-01 9.966382515735707770e-01 9.942636115624033932e-01 9.954480908293269481e-01 9.841739909207501968e-01 9.963554154898970339e-01 9.981453874762357126e-01 9.971979876300118839e-01
9.972452341413743371e-01 9.835861215695562709e-01 9.875061864573565495e-01 9.907161643493742620e-01 9.783642631788858068e-01 9.933931905188255751e-01 9.959203529368447771e-01 9.936343803117451134e-01 9.652710015703807045e-01 9.869180559724297641e-01
9.950849558544543338e-01 9.949810717981014685e-01 9.914091273496151713e-01 9.975039417877059611e-01 9.941796760882639639e-01 9.962436273470764991e-01 9.975355329856353537e-01 9.818449549373633456e-01 9.867864137962771842e-01 9.941602754114186036e-01
9.903529339970968959e-01 9.841242262185264655e-01 9.959691415732323527e-01 9.876837345726511286e-01 9.847743305866554220e-01 9.830628206435473304e-01 9.806120886412440507e-01 9.928841663079078783e-01 9.818811379455516519e-01 9.981841790625730626e-01
9.928985387296460630e-01 9.961271615705572513e-01 9.947277372916402127e-01 9.968308953632472047e-01 9.933243103703008892e-01 9.800524225736054751e-01 9.978457566533612821e-01 9.974689993363210494e-01 9.614877975657577514e-01 9.966535502988638218e-01
9.205498246762040537e-01 9.948098429047430580e-01 9.952169202274098181e-01 9.949111622602629934e-01 9.972379344598188977e-01 9.907660127499302583e-01 9.972897423015913976e-01 9.942130503123687291e-01 9.967988940386851571e-01 9.928485831719151555e-01
9.962638066978690699e-01 9.892715612331524078e-01 9.968148374631666808e-01 9.929809250695096345e-01 9.934371743918344322e-01 9.943101991533068729e-01 9.938636847659800821e-01 9.919339583380122338e-01 9.804052146307178361e-01 9.957082791559831447e-01
9.969996951821668008e-01 9.942794513343096163e-01 9.944161852661652645e-01 9.922239011111845253e-01 9.979857551134582172e-01 9.942870146288812494e-01 9.871588975351114348e-01 9.929480628940817732e-01 9.935715193922145527e-01 9.957175765455877903e-01
9.952633289714334364e-01 9.914162901421775809e-01 9.959241683889442642e-01 9.943286679630142233e-01 9.940080098827678290e-01 9.973864368422641347e-01 9.971513637689249920e-01 9.881141973517589827e-01 9.962241500303840036e-01 9.978600013481093711e-01
9.955920717313784252e-01 9.872767605747686526e-01 9.887334637970167650e-01 9.979246719880301431e-01 9.956506101545832266e-01 9.940650858558489622e-01 9.970478405269638245e-01 9.951888811798440537e-01 9.944945154476030336e-01 9.969626931204603748e-01
9.901243650930722229e-01 9.714691774843551286e-01 9.949623604129584908e-01 9.817938493734236216e-01 8.916066789734807818e-01 9.964916790129543234e-01 9.963078457323314430e-01 9.938504854979525183e-01 9.884775889509368474e-01 9.956593792386040365e-01
9.702302431143312589e-01 9.924170462651336067e-01 9.939087947974342141e-01 9.911162394618162619e-01 9.917344201167069828e-01 9.968982705990302451e-01 9.953779021556491413e-01 9.962593098436386407e-01 9.937155141718403417e-01 9.804922149234299722e-01
9.933278230907729434e-01 9.948722029502293784e-01 9.957471454985570292e-01 9.906246868644731363e-01 9.964862943755601332e-01 9.943931030853174757e-01 9.884059135929387230e-01 9.970125615022507048e-01 9.885757353438829886e-01 9.965375456912711760e-01
9.878243312268442100e-01 9.957425442390607229e-01 9.872096446690831195e-01 9.787133751716383667e-01 9.930606421215096846e-01 9.950045325106234850e-01 9.934966903833781782e-01 9.932389878524949811e-01 9.951864306505370239e-01 9.735768179720907245e-01
9.933415993086596174e-01 9.982929881484735590e-01 9.943054463022152900e-01 9.803177456705887138e-01 9.980774590039028782e-01 9.924990345911538503e-01 9.980462991950818097e-01 9.955273417215650955e-01 9.885442621220027481e-01 9.982501867402836515e-01
9.969555758630465059e-01 9.951655218142395620e-01 9.969154968926402516e-01 9.944800853789691475e-01 9.928794042657437258e-01 9.956023842079091413e-01 9.931032408874626016e-01 9.979448410067409680e-01 9.832279739134814900e-01 9.910403827681824040e-01
9.953945543716221644e-01 9.724120929297932481e-01 9.797296580616954298e-01 9.974556049105016697e-01 9.783409762801217324e-01 9.939176324460650136e-01 9.949881905177667685e-01 9.806343570350697370e-01 9.876039291394630437e-01 9.964845988744344130e-01
9.942813823924164796e-01 9.631036809263137100e-01 9.925921610541583728e-01 9.922155917329080754e-01 9.966645820424501201e-01 9.916362193444452355e-01 9.969361444502675695e-01 9.954276753186601656e-01 9.915213613664624059e-01 9.955238455718091739e-01
9.933675691455188250e-01 9.942735860999658559e-01 9.929980755188663188e-01 9.946594839790381393e-01 9.929486342786724151e-01 9.851774758432647605e-01 9.975553173379546612e-01 9.901866381478985346e-01 9.901845520468864903e-01 9.972392364320586955e-01
9.967301869100179124e-01 9.909521321273672134e-01 9.974067218143632951e-01 9.961177978790646259e-01 9.969012148867285594e-01 9.973468199339531326e-01 9.975029889919500015e-01 9.976551568871279141e-01 9.901045866968516407e-01 9.968370363612222285e-01
9.961806179246371906e-01 9.938890152300959846e-01 9.930175024489333868e-01 9.951530890557646059e-01 9.906836823052508345e-01 9.965514544770839311e-01 9.941487719858714822e-01 9.891975382494145874e-01 9.956868841945415438e-01 9.641611374570003834e-01
9.950291707994634027e-01 9.937890955966462991e-01 9.954153358108939198e-01 9.959712723736946494e-01 9.918638757339082179e-01 9.953642911435803819e-01 9.898896763035701651e-01 9.835280474741141532e-01 9.920043584208919629e-01 9.947279638622332776e-01
9.973151060860887540e-01 9.952025391648701147e-01 9.907112585665499571e-01 9.932292595202553143e-01 9.795443696108642184e-01 9.972744571337066599e-01 9.948706980169339520e-01 9.921944561672526586e-01 9.921443828351024230e-01 9.935577562819073449e-01
9.943313015679449141e-01 9.963400979458227891e-01 9.967705316607466948e-01 9.947414719481934009e-01 9.943181054945399167e-01 9.976034453421078751e-01 9.949412134032230570e-01 9.861697428740791027e-01 9.927444657647997994e-01 9.950559772764269173e-01
9.969053438736824591e-01 9.953537254861323236e-01 9.936664293489380073e-01 9.914554626089234768e-01 9.946375083902508907e-01 9.976454121226060456e-01 9.972194664736873104e-01 9.953044760364190280e-01 9.922194849071384049e-01 9.915887734436968914e-01
9.952613804407585141e-01 9.952530937055016347e-01 9.678433873798290010e-01 9.917446685640719517e-01 9.974923156353404652e-01 9.938264824485911753e-01 9.939019374458585299e-01 9.907769834115405239e-01 9.950913978361944912e-01 9.976098031915024977e-01
9.916377319742719632e-01 9.911811282196065775e-01 9.819637004662044033e-01 9.775991568585569169e-01 9.974728211593046900e-01 9.980059000621857024e-01 9.981440821976738098e-01 9.953049775282576395e-01 9.915951731551709836e-01 9.952441978086974395e-01
9.972217595894327102e-01 9.889545111571967917e-01 9.965247273687102281e-01 9.967482382750290082e-01 9.962202470958867462e-01 9.971395155292409607e-01 9.970928473473724685e-01 9.957832778106449068e-01 9.970873468112054772e-01 9.929650172681742104e-01
9.359053943851297630e-01 9.966075534645255640e-01 9.896921563358256346e-01 9.959338543703927238e-01 9.956710499225660538e-01 9.964434207252484965e-01 9.953040292147222745e-01 9.929358650914028583e-01 9.895793804804454696e-01 9.876833011336767498e-01
9.977798565409007336e-01 9.924865642053888326e-01 9.798399443321852420e-01 9.962798535774591846e-01 9.957462085955874898e-01 9.909625157615873370e-01 9.841925376280310500e-01 9.962840007995582559e-01 9.947481709786825110e-01 9.916873530866970876e-01
9.946648474385930694e-01 9.964499640778495815e-01 9.900367368131113288e-01 9.919052878186187527e-01 9.959443682862627600e-01 9.971922791140350739e-01 9.741248143809350113e-01 9.946762620672774391e-01 9.940886155659804935e-01 9.967274217262215297e-01
9.959351752351469633e-01 9.916033529286332193e-01 9.923950730652727481e-01 9.920070793917201701e-01 9.894723047037671249e-01 9.934025490143640891e-01 9.763097499763422338e-01 9.957931566010954638e-01 9.956784930275999201e-01 9.628965953494679209e-01
9.960291477341071120e-01 9.897245525943456634e-01 9.503469091303664573e-01 9.957841756622219931e-01 9.964237155158945924e-01 9.934462554690425273e-01 9.902112464103770550e-01 9.711665814243745087e-01 9.824477220459861826e-01 9.955813800702941752e-01
9.965711304452380404e-01 9.956355072040666832e-01 9.963411581606158585e-01 9.881441300153814833e-01 9.942566375497998710e-01 9.926611185026338324e-01 9.960728928017674733e-01 9.824313426607506061e-01 9.937774726347641252e-01 9.877143296990420485e-01
9.712766920534308124e-01 9.806015166180310771e-01 9.931406504231847787e-01 9.879716617952374325e-01 9.810486666648329246e-01 9.954717425539340026e-01 9.942344054552771926e-01 9.916585346786337407e-01 9.959292251561623344e-01 9.858065112323398660e-01
9.951517630905671874e-01 9.958563474019099804e-01 9.946499031395492629e-01 9.947949033639632566e-01 9.946887334570830852e-01 9.947311138548192710e-01 9.964929043255552621e-01 9.947656855437744250e-01 9.964599997683916133e-01 9.964554505937945894e-01
9.968755416254418966e-01 9.962438906428765506e-01 9.964978647107161080e-01 9.910990698394717135e-01 9.926795493285782701e-01 9.976699241276364427e-01 9.961737627443988385e-01 9.931431256586921164e-01 9.953688582610743518e-01 9.967603337867471103e-01
9.968064382088702713e-01 9.886603231648687373e-01 9.943217826105679169e-01 9.910797357426185394e-01 9.903824868385308067e-01 9.961408666598380313e-01 9.954507242322532257e-01 9.965284639356445373e-01 9.936824860219438671e-01 9.974108166059577618e-01
9.919392688876508268e-01 9.960420766437831919e-01 9.906261302231338384e-01 9.913336332358739789e-01 9.960088984446383575e-01 9.880702655731706807e-01 9.907513096004235686e-01 9.923341289192919579e-01 9.877574927124026516e-01 9.923081407281711952e-01
9.931269585576204539e-01 9.977309038805097785e-01 9.864839461317455038e-01 9.970875530850462631e-01 9.955060066782955852e-01 9.911256042592678783e-01 9.946884405769027548e-01 9.938413489662581979e-01 9.940869621352119712e-01 9.910852625673370886e-01
9.944442369750945421e-01 9.954644435174826445e-01 9.950550952514292113e-01 9.940096532643560856e-01 9.895309377342438317e-01 9.944035332244587355e-01 9.927700493480284827e-01 9.938330208043091307e-01 9.963356238013355570e-01 9.954959812699798460e-01
9.951954578622869141e-01 9.943740750292670016e-01 9.898388300419745933e-01 9.923838795866353202e-01 9.924121964456044109e-01 9.980162314263685275e-01 9.951671619885961162e-01 9.911211400535110405e-01 9.927608213696207384e-01 9.788344675757250091e-01
9.976910735461510527e-01 9.950991504169065527e-01 9.867216554862983102e-01 9.961586478937290989e-01 9.870537741671138177e-01 9.982337557428324626e-01 9.910950741876637382e-01 9.962666978318016620e-01 9.964417550498938514e-01 9.914982551419556644e-01
9.657344360257781313e-01 9.796032377971256588e-01 9.977120077863722569e-01 9.978529317245564689e-01 9.897690741769350486e-01 9.969795330925851351e-01 9.761599341084181702e-01 9.964042503866142875e-01 9.963006358285916297e-01 9.954580252713784994e-01
9.945928749940345925e-01 9.932724581290024446e-01 9.959083781825853743e-01 9.876870010731422234e-01 9.899418180062474759e-01 9.898727075601563286e-01 9.958868591400616976e-01 9.854573228684966324e-01 9.928532724078908966e-01 9.972541629955048448e-01
9.931308360047882422e-01 9.909162753114589828e-01 9.785101695413787048e-01 9.780601956100879457e-01 9.974746507296576858e-01 9.928316391869803637e-01 9.983152803006274389e-01 9.922573414560729166e-01 9.982357259915779490e-01 9.951690626292497566e-01
9.975784330426210600e-01 9.936565873010310135e-01 9.966670046371725045e-01 9.982392510084705517e-01 9.957186126744832499e-01 9.966316055032150567e-01 9.929912150099151624e-01 9.933994497199833962e-01 9.953207184945777053e-01 9.972332985206888711e-01
9.973040481527232215e-01 9.787524559434224170e-01 9.954252140525819970e-01 9.983739383723153615e-01 9.950187675844139878e-01 9.979511677708376993e-01 9.980136812294195803e-01 9.976699152629525669e-01 9.943777432900468005e-01 9.823690683172188187e-01
9.935557453363297320e-01 9.943880398657917175e-01 9.934919691314738621e-01 9.960299868272074475e-01 9.958162762893240094e-01 9.958298060943795438e-01 7.053117569796659714e-01 9.967505706934299825e-01 9.925096729297232523e-01 9.852916584025911417e-01
9.976447516223894141e-01 9.955643994746854464e-01 9.984203828940995118e-01 9.976075858963532328e-01 9.899095647694323707e-01 9.983951377687666495e-01 9.976152025065042617e-01 9.979233305730208503e-01 9.962530431043482571e-01 9.913239435340169825e-01
9.883502063573521568e-01 9.953477561149608466e-01 9.970754127087001484e-01 9.857899682910683525e-01 9.940483094011880461e-01 9.940661366213057182e-01 9.934081189887732366e-01 9.961705428765991188e-01 9.818269717435847976e-01 9.944045339705639419e-01
9.734766611905383282e-01 9.949594980303222425e-01 9.911387141653430488e-01 9.950840910811370454e-01 9.955665198640406555e-01 9.926976066993803416e-01 9.920857651267926958e-01 9.958110056749687189e-01 9.940524181184704489e-01 9.963776510572899259e-01
9.947292265532677868e-01 9.957247331689773606e-01 9.967626549124477542e-01 9.974174257957406642e-01 9.945781851118274952e-01 9.972227257300754211e-01 9.959891021588404003e-01 9.954084544930104084e-01 9.981041822005025654e-01 9.978389741467555973e-01
9.899270895903552470e-01 9.970592392575240437e-01 9.782479182036259990e-01 9.786051683252274813e-01 9.970006706757105208e-01 9.939583906784403844e-01 9.941070741395647836e-01 9.908603831548719043e-01 9.962969704937184590e-01 9.874026786342939843e-01
9.927438733388009862e-01 9.955500536536308065e-01 9.947915512256672033e-01 9.910219002926682341e-01 9.939163753707852544e-01 9.864925258380787820e-01 9.903223959876344962e-01 9.891993212435518101e-01 9.969070806406792329e-01 9.976582012020721590e-01
9.918271960903909390e-01 9.975951687914155208e-01 9.927665299156571699e-01 9.962439580744222312e-01 9.928322256684982694e-01 9.962878392584880727e-01 9.914145096715389904e-01 9.914220272813152324e-01 9.955350226489791954e-01 9.953408988232889110e-01
9.311061050183502275e-01 9.961166919441618584e-01 9.520466575114561181e-01 9.971491001832063494e-01 9.954220225124037480e-01 9.914369837809945407e-01 9.896496741079443549e-01 9.858199962143089357e-01 9.953147984427105355e-01 9.669930044239254396e-01
9.890146376163888586e-01 9.960491282228436383e-01 9.945590152042880216e-01 9.978667592774567163e-01 9.969128175134616132e-01 9.931264743479816248e-01 9.880505007289999142e-01 9.953745435222951521e-01 9.907181363196666535e-01 9.957560356719556971e-01
9.904889358203884386e-01 9.899871449735719864e-01 9.934446436894446286e-01 9.980671409630793578e-01 9.950904851448958421e-01 9.915426379720075900e-01 9.920108121193270678e-01 9.935806971846484759e-01 9.939663945471424178e-01 9.836245975113389051e-01
9.936641649969738532e-01 9.920005441990097372e-01 9.468463241933988694e-01 9.878781503352171978e-01 9.962681665599343317e-01 9.792506823230445745e-01 9.522268393123203278e-01 9.952350973591305161e-01 9.906144373279410775e-01 9.770222433866154743e-01
