9.999945743348384042e-01 9.999860136680915890e-01 9.999848589548312461e-01 9.999915958377786351e-01 9.999971531522464652e-01 9.999829265912079101e-01 9.999969796325904881e-01 9.999955193027899591e-01 9.999936955143997608e-01 9.999924649880471694e-01
9.999978514654438433e-01 9.999956681088648658e-01 9.999870384891985653e-01 9.999859378420807854e-01 9.999772712590070389e-01 9.999909117178678031e-01 9.999704626145182740e-01 9.999900417747393799e-01 9.999862781699292436e-01 9.999875192217525521e-01
9.999902912180812509e-01 9.999878646342499344e-01 9.999947354987120951e-01 9.999991291312697594e-01 9.999908054635405774e-01 9.999910688672446479e-01 9.999951775485382832e-01 9.999944722904338112e-01 9.999794714598119194e-01 9.999892846849729455e-01
9.999643129207377301e-01 9.999869368892665422e-01 9.999902157670720326e-01 9.999767739108551545e-01 9.999939470502883232e-01 9.999764934041505127e-01 9.999862568021405940e-01 9.999714685383428447e-01 9.999809332749177715e-01 9.999901719435286829e-01
9.999793191227566158e-01 9.999908922454956439e-01 9.999807890402138133e-01 9.999940506399720430e-01 9.999977763762928351e-01 9.999844469485202891e-01 9.999906123114709056e-01 9.999700546440102311e-01 9.999768297717950283e-01 9.999960312883308111e-01
9.999919842083492272e-01 9.999880222889365733e-01 9.999662064368264325e-01 9.999835571210962115e-01 9.999804672457734966e-01 9.999663829975224960e-01 9.999879875667166962e-01 9.999881722413256346e-01 9.999916696144947048e-01 9.999895553280765403e-01
9.999938124836461606e-01 9.999648227924086141e-01 9.999946732858528975e-01 9.999848907497908002e-01 9.999924899647621990e-01 9.999985195301038798e-01 9.999729932206548044e-01 9.999918044886941804e-01 9.999544357096170621e-01 9.999771268007778824e-01
9.999910790397398275e-01 9.999801371869849742e-01 9.999816950893861689e-01 9.999935871940058840e-01 9.999771971296302908e-01 9.999866181573667800e-01 9.999957232576136557e-01 9.999965592208038823e-01 9.999952476302390592e-01 9.999763853806666880e-01
9.999547449484192940e-01 9.999735595296662671e-01 9.999934690734806342e-01 9.999946179383206735e-01 9.999842261411041600e-01 9.999848056891469383e-01 9.999657233198155915e-01 9.999858342071882289e-01 9.999970356106664404e-01 9.999648925143174161e-01
9.999771621079572848e-01 9.999962698826999619e-01 9.999910585523356099e-01 9.999962566975902911e-01 9.999870398466811361e-01 9.999704983311358264e-01 9.999900567661479389e-01 9.999826225871342178e-01 9.999855657978321544e-01 9.999944900416448679e-01
9.999916920492455397e-01 9.999674185494534795e-01 9.999931826695575010e-01 9.999867749111529536e-01 9.999876092582200560e-01 9.999860372389165475e-01 9.999957796089404827e-01 9.999866691851212464e-01 9.999857020664589813e-01 9.999759571857651519e-01
9.999924631574013123e-01 9.999849259795157153e-01 9.999986339717630290e-01 9.999959707494021632e-01 9.999926919235139211e-01 9.999918899904393088e-01 9.999933956337846430e-01 9.999835470209093025e-01 9.999712543825286515e-01 9.999935260939271098e-01
9.999856112744971437e-01 9.999925100326489957e-01 9.999956485293303166e-01 9.999871140553486804e-01 9.999871932696969834e-01 9.999766202750539623e-01 9.999901631948683312e-01 9.999963334241263047e-01 9.999738562926695495e-01 9.999774872191027342e-01
9.999845127736182171e-01 9.999896441403445246e-01 9.999828111400179687e-01 9.999889380250785997e-01 9.999904982666738551e-01 9.999812725924871470e-01 9.999942149278185921e-01 9.999897899682792524e-01 9.999878288296799589e-01 9.999008895518046725e-01
9.999815314897078089e-01 9.999750202272321697e-01 9.999941843895147064e-01 9.999952533666733867e-01 9.999893298456876689e-01 9.999884806901294665e-01 9.999838344262053091e-01 9.999904696483287170e-01 9.999465971795031827e-01 9.999901684136935920e-01
9.999928696757326430e-01 9.999907902847284813e-01 9.999231111617721268e-01 9.999930203410380969e-01 9.999977691912433908e-01 9.999724065767189307e-01 9.999899199773135683e-01 9.999938532412310233e-01 9.999762830228594579e-01 9.999839006467609037e-01
9.999832759823062966e-01 9.999751913008052551e-01 9.999859352740840812e-01 9.999829478402829652e-01 9.999927069399675572e-01 9.999783667547319510e-01 9.999945144565731692e-01 9.999910204069013542e-01 9.999883597286304271e-01 9.999840933895930428e-01
9.999884215694412326e-01 9.999838794780088191e-01 9.999865633311046942e-01 9.999856596547873622e-01 9.999974831901781158e-01 9.999847583446311861e-01 9.999877548268106819e-01 9.999816480394579932e-01 9.999943529776125217e-01 9.999677324365354725e-01
9.999934603752984597e-01 9.999896140314378234e-01 9.999853475965999605e-01 9.999801564115011754e-01 9.999931987172195891e-01 9.999860898182494351e-01 9.999667933878324533e-01 9.999881466175972733e-01 9.999875653014852483e-01 9.999984598122868551e-01
9.999944805861965547e-01 9.999937536056904275e-01 9.999956266429333995e-01 9.999635184009808553e-01 9.999640756441087186e-01 9.999914943504810694e-01 9.999972335889600883e-01 9.999960892554317082e-01 9.999916061224727315e-01 9.999798159482909954e-01
9.999912460137173609e-01 9.999803916221623457e-01 9.999930909341383511e-01 9.999893171764046018e-01 9.999882283752308254e-01 9.999947897198031566e-01 9.999881246005919433e-01 9.999958867701563836e-01 9.999868657516209902e-01 9.999937955475282081e-01
9.999885451756865828e-01 9.999941058853688558e-01 9.999897417431502511e-01 9.999981699235340749e-01 9.999951850573834955e-01 9.999955025060354163e-01 9.999806172741257937e-01 9.999523836099089014e-01 9.999979135822372189e-01 9.999945677927100096e-01
9.999879489284589917e-01 9.999444968294791680e-01 9.999922237085763221e-01 9.999771019516782156e-01 9.999872938084272134e-01 9.999882426423509774e-01 9.999714799492448458e-01 9.999753637767363479e-01 9.999915124738070205e-01 9.999879036397598675e-01
9.999959802980741275e-01 9.999908016510256070e-01 9.999893147004255134e-01 9.999815713000875794e-01 9.999903961470421043e-01 9.999871969704010599e-01 9.999888389035529457e-01 9.999911685875889633e-01 9.999544498598215148e-01 9.999919931687581975e-01
9.999899428458489670e-01 9.999705664006321992e-01 9.999786042750665738e-01 9.999924387343708254e-01 9.999938747485007662e-01 9.999956503490313731e-01 9.999846232167357574e-01 9.999981018147546807e-01 9.999927471410201552e-01 9.999966910741545645e-01
9.999941378146610660e-01 9.999856631243155825e-01 9.999906916591106976e-01 9.999884867689705636e-01 9.999958237016864926e-01 9.999865733446366978e-01 9.999854539326248348e-01 9.999936541001012147e-01 9.999917533042791407e-01 9.999956250230845889e-01
9.999952444959749887e-01 9.999896745493747074e-01 9.999837752582607653e-01 9.999746622619316572e-01 9.999969255022124193e-01 9.999679283408745567e-01 9.999482115408588889e-01 9.999511972122789860e-01 9.999840286940242517e-01 9.999719910384887722e-01
9.999930128026480736e-01 9.999768690267040183e-01 9.999874983421958019e-01 9.999800642218181768e-01 9.999970887598000902e-01 9.999858344701426649e-01 9.999942202908791433e-01 9.999891147167172534e-01 9.999902424356738040e-01 9.999872884789253735e-01
9.999895813346054707e-01 9.999964382685950781e-01 9.999910376478993168e-01 9.999879838757782524e-01 9.999899138795715903e-01 9.999967509076895800e-01 9.999984762995981491e-01 9.999914257040345422e-01 9.999813985910745995e-01 9.999943164925357841e-01
9.999896558107909117e-01 9.999915443529157066e-01 9.999767403106888386e-01 9.999831830270762278e-01 9.999922533741749664e-01 9.999922422882149275e-01 9.999961480925070312e-01 9.999796934633836676e-01 9.999977291896382514e-01 9.999887239826982244e-01
9.999961507859738141e-01 9.999847714674098276e-01 9.999909639345078149e-01 9.999860239142163154e-01 9.999956875294264691e-01 9.999799253946511923e-01 9.999963902013686567e-01 9.999963178894604177e-01 9.999899509592306002e-01 9.999956728398189387e-01
9.999862640954665371e-01 9.999921866031015183e-01 9.999868721061589971e-01 9.999907666190578359e-01 9.999807922835920460e-01 9.999899482509142512e-01 9.999931627603245721e-01 9.999548062496411704e-01 9.999864292197206961e-01 9.999842648843695336e-01
9.999838975292901777e-01 9.999935306484708519e-01 9.999973282293947996e-01 9.999877504914052029e-01 9.999869165357549994e-01 9.999126461883357520e-01 9.999975009895402112e-01 9.999931948134923587e-01 9.999988812606792621e-01 9.998540602117589327e-01
9.999804000457341857e-01 9.999833409649632188e-01 9.999817772902270807e-01 9.999978946520774459e-01 9.999807238876150528e-01 9.999936930230444165e-01 9.999925531554990643e-01 9.999283320185400337e-01 9.999793397196892197e-01 9.999803292737541316e-01
9.999803801818349935e-01 9.999791002514869520e-01 9.999869243863637180e-01 9.999878925314612532e-01 9.999678165624237280e-01 9.999945176125615287e-01 9.999827163988805889e-01 9.999937176426159091e-01 9.999953482407467620e-01 9.999903220122476899e-01
9.999943302901770359e-01 9.999885710554983209e-01 9.999756433974652525e-01 9.999953279996313116e-01 9.999816001312517022e-01 9.999768511294562234e-01 9.999949338011187017e-01 9.999794903852634587e-01 9.999857422711344590e-01 9.999878239825639170e-01
9.999789618965023719e-01 9.999851881295745981e-01 9.999786676907778116e-01 9.999839286160551177e-01 9.999741321926286508e-01 9.999896684732311192e-01 9.999944449520051792e-01 9.999937043546550663e-01 9.999771807558350822e-01 9.999774516745488784e-01
9.999949157702108238e-01 9.999901547846192784e-01 9.999894285806588679e-01 9.999710473096820040e-01 9.999937416418253067e-01 9.999983320285329436e-01 9.999851505253766204e-01 9.999854606226986631e-01 9.999953661669402916e-01 9.999675150185114436e-01
9.999879615948352729e-01 9.999951443761586622e-01 9.999921653706403957e-01 9.999728614321329312e-01 9.999835060876315351e-01 9.999943564309119459e-01 9.999883860856190188e-01 9.999813287735450640e-01 9.999951470098814577e-01 9.999901319951571832e-01
9.999601751449073150e-01 9.999918150696467389e-01 9.999795506940676315e-01 9.999857662740718744e-01 9.999762820164209698e-01 9.999846161154559709e-01 9.999861662752342895e-01 9.999897514454081371e-01 9.999883955923933865e-01 9.999818600748396902e-01
9.999943117611274079e-01 9.999875465768667260e-01 9.999770599251444070e-01 9.999901769607717483e-01 9.999803576320098752e-01 9.999948768886389727e-01 9.999794315856166405e-01 9.999976303120335919e-01 9.999942926019972367e-01 9.999898524023925761e-01
9.999862300679128735e-01 9.999922813359838347e-01 9.999868824009744417e-01 9.999946708478569812e-01 9.999899076699981793e-01 9.999693649123073680e-01 9.999822590511010523e-01 9.999795974178036229e-01 9.999859934894201885e-01 9.999786399101306955e-01
9.999820531230712017e-01 9.999765674702600915e-01 9.999889649028200767e-01 9.999864564978382386e-01 9.999723362693460071e-01 9.999926653364018536e-01 9.999857922685347900e-01 9.999844884784598875e-01 9.999933508685604489e-01 9.999731709602769358e-01
9.999786581167073862e-01 9.999815705467097748e-01 9.999807632815145286e-01 9.999764217159086144e-01 9.999895257277920946e-01 9.999960451203288025e-01 9.999612095768546371e-01 9.999775832960017263e-01 9.999933873233806114e-01 9.999738768708753556e-01
9.999962539975967291e-01 9.999930128945562213e-01 9.999861774068191655e-01 9.999747569359392907e-01 9.999937183379842276e-01 9.999913267741658007e-01 9.999749459251835448e-01 9.999600825410416283e-01 9.999650825698619405e-01 9.999954406792584960e-01
9.999849123486107549e-01 9.999950162187899450e-01 9.999909038167815734e-01 9.999969938755032262e-01 9.999948562233674787e-01 9.999936206064600208e-01 9.999900513591246654e-01 9.999862425129377730e-01 9.999870758137986426e-01 9.999851849980847529e-01
9.999798411558632472e-01 9.999957547724473983e-01 9.999784050966212812e-01 9.999811981620695400e-01 9.999822740542239075e-01 9.999912249507117989e-01 9.999732640514770177e-01 9.999929650920531543e-01 9.999868037513363062e-01 9.999927145936475803e-01
9.999888443270035232e-01 9.999951170113586807e-01 9.999701638517907165e-01 9.999694740632748546e-01 9.999831436388341155e-01 9.999865102460866462e-01 9.999770794759186288e-01 9.999798025143430413e-01 9.999914065423128884e-01 9.999761722321723889e-01
9.999947993011705227e-01 9.999920923178823307e-01 9.999887230222588297e-01 9.999769524177837265e-01 9.999945554800200309e-01 9.999924809726121744e-01 9.999926899333118069e-01 9.999909793209349473e-01 9.999910574520419759e-01 9.999745752141553368e-01
9.999976366439172759e-01 9.999877881111683964e-01 9.999903061014387973e-01 9.999816274957427087e-01 9.999922765945329362e-01 9.999968481785851404e-01 9.999887088661011392e-01 9.999540212678231788e-01 9.999785676536242507e-01 9.999025959316183432e-01
9.999913016011706679e-01 9.999736511934873562e-01 9.999908730754824004e-01 9.999949865343552569e-01 9.999932763946851599e-01 9.999942404959932807e-01 9.999614935843982311e-01 9.999864891891064866e-01 9.999957870547003802e-01 9.999797559498108113e-01
9.999907403313097465e-01 9.999963305061717600e-01 9.999784388393966328e-01 9.999724560909657445e-01 9.999962120707530655e-01 9.999956467575311647e-01 9.999582784600968832e-01 9.999685433499576614e-01 9.999896048326049058e-01 9.999911390389105703e-01
9.999897594428338587e-01 9.999873980953029040e-01 9.999860150142392268e-01 9.999950800643265802e-01 9.999918188380040318e-01 9.999978067859365272e-01 9.999987684618428796e-01 9.999953410857703728e-01 9.999910754060404861e-01 9.999951138225459113e-01
9.999937935448868220e-01 9.999962642271273960e-01 9.999802589247535067e-01 9.999961388611621205e-01 9.999454937473651883e-01 9.999900660834663002e-01 9.999956504771223553e-01 9.999928128709137942e-01 9.999938254142629601e-01 9.999801395500481638e-01
9.999945612716081289e-01 9.999905998853900746e-01 9.999954102505324016e-01 9.999922574198796266e-01 9.999829580561913067e-01 9.999874734264998510e-01 9.999896563286875262e-01 9.999956936348911585e-01 9.999968083058771162e-01 9.999940767367746508e-01
9.999861924120915235e-01 9.999861903135813801e-01 9.999886136942507386e-01 9.999887663842553787e-01 9.999742406021369101e-01 9.999949417532980611e-01 9.999964289735663314e-01 9.999893531954525683e-01 9.999966922325926877e-01 9.999896897692622799e-01
9.999908735222567957e-01 9.999900240018090303e-01 9.999784326389546951e-01 9.999798313523080573e-01 9.999900168551688617e-01 9.999705512763322757e-01 9.999929072890892945e-01 9.999870191967428212e-01 9.999970528022724681e-01 9.999693619301560643e-01
9.999963252820841531e-01 9.999925774460123318e-01 9.999916950241117819e-01 9.999885176769921502e-01 9.999936684770039941e-01 9.999781973439534344e-01 9.999881731210981117e-01 9.999925652391183917e-01 9.999745444759973179e-01 9.999757146722290102e-01
9.999766156644311899e-01 9.999713024418754870e-01 9.999853984392852446e-01 9.999792625522854195e-01 9.999760629635607856e-01 9.999847345317772751e-01 9.999981738980884272e-01 9.999862997279178600e-01 9.999860928354344924e-01 9.999889554611243181e-01
9.999888527121446602e-01 9.999868725043903339e-01 9.999933147429819202e-01 9.999887034705047251e-01 9.999795785646102830e-01 9.999924545082591321e-01 9.999874524213611116e-01 9.999842584457990791e-01 9.999948655636653472e-01 9.999954118903013889e-01
9.999958337100155470e-01 9.999950782387462267e-01 9.999923131235478602e-01 9.999989776780852102e-01 9.999885684370399819e-01 9.999940200486985287e-01 9.999903036048186644e-01 9.999907710020657925e-01 9.999815296767072814e-01 9.999956959462517059e-01
9.999968061499666661e-01 9.999957255719922333e-01 9.999886077759660985e-01 9.999651660511559292e-01 9.999933848832184280e-01 9.999734057834148704e-01 9.999930126199761959e-01 9.999909947677573241e-01 9.999808234298853682e-01 9.999867526117149907e-01
9.999872694064507739e-01 9.999980500348304435e-01 9.999786314045494562e-01 9.999827015739055636e-01 9.999776471546206746e-01 9.999919174552444057e-01 9.999961128012596623e-01 9.999981097129118091e-01 9.999352583251063242e-01 9.999874922400203703e-01
9.999822364111888851e-01 9.999747408588627318e-01 9.999816190876832378e-01 9.999924086006923840e-01 9.999914776165198527e-01 9.999626842167644858e-01 9.999880752073383450e-01 9.999976382772690631e-01 9.999847823485820131e-01 9.999715168463655379e-01
9.999973474845998966e-01 9.999956856005379757e-01 9.999772766397608814e-01 9.999862166511549466e-01 9.999937365827967772e-01 9.999980935177276153e-01 9.999922409332224760e-01 9.999817197856228912e-01 9.999975024011275027e-01 9.999972555563819698e-01
9.999948641899026880e-01 9.999927587267534168e-01 9.999819899043556060e-01 9.999907372483725077e-01 9.999872042292329288e-01 9.999965435262602176e-01 9.999864941060589985e-01 9.999836109365412007e-01 9.999872368826761004e-01 9.999973810540881969e-01
9.999829250066840647e-01 9.999946365995526776e-01 9.999853817051015392e-01 9.999806453999444678e-01 9.999911045220265526e-01 9.999844201489296314e-01 9.999979672858754220e-01 9.999878270126355551e-01 9.999837021981725638e-01 9.999898086610460313e-01
9.999903005160202252e-01 9.999719180904482752e-01 9.999877253954057021e-01 9.999849864496775931e-01 9.999887223695677063e-01 9.999834865310536225e-01 9.999946150365309760e-01 9.999965290528248785e-01 9.999981866019075349e-01 9.999921984817311538e-01
9.999933168598256206e-01 9.999864448873555522e-01 9.999741028341245785e-01 9.999950968717891131e-01 9.999968554746438976e-01 9.999822623253414866e-01 9.999884470195276043e-01 9.999841927970365418e-01 9.999839899772366980e-01 9.999728314194495926e-01
9.999884306867156125e-01 9.999778731750957883e-01 9.999899990628581259e-01 9.999920307926957186e-01 9.999936208176486430e-01 9.999954342760123405e-01 9.999951731593582638e-01 9.999879446169653852e-01 9.999772414894828598e-01 9.999954803242724344e-01
9.999887162393996665e-01 9.999946921467320893e-01 9.999911468491587963e-01 9.999750290815825338e-01 9.999878481069575109e-01 9.999928900227611495e-01 9.999869589556852345e-01 9.999787494139679156e-01 9.999982803047188229e-01 9.999882145646706855e-01
9.999865781891031924e-01 9.999976440621741736e-01 9.999837248881136009e-01 9.999774021094118837e-01 9.999463847916643111e-01 9.999811507164013680e-01 9.999815199966797241e-01 9.999904591956866318e-01 9.999929068604618276e-01 9.999810280638314897e-01
9.999691458337102157e-01 9.999959374995228689e-01 9.999910942223446675e-01 9.999974230324508717e-01 9.999863346721021840e-01 9.999883072615507462e-01 9.999813991944851432e-01 9.999926623645293278e-01 9.999929460691127092e-01 9.999817289305854562e-01
9.999898390772682388e-01 9.999859639756800700e-01 9.999792475819803128e-01 9.999913390138914782e-01 9.999767520734341719e-01 9.999870192204927122e-01 9.999936948597771824e-01 9.999859682230636260e-01 9.999927767697844860e-01 9.999686901396429572e-01
9.999915017495892844e-01 9.999865984689935150e-01 9.999918233052838001e-01 9.999863764084424567e-01 9.999933162048001423e-01 9.999868083201270963e-01 9.999854207735561218e-01 9.999921100561393050e-01 9.999945262263360002e-01 9.999870921679103741e-01
9.999917652207669372e-01 9.999897972591975659e-01 9.999844812467811872e-01 9.999881160821673109e-01 9.999924136543549835e-01 9.999945836319182879e-01 9.999885417098555163e-01 9.999921129594478986e-01 9.999915640991673405e-01 9.999874843921402467e-01
9.999904541161588334e-01 9.999610922873625185e-01 9.999870093724816389e-01 9.999884271635567368e-01 9.999806418945197395e-01 9.999881993460467688e-01 9.999672651432022219e-01 9.999524515095224997e-01 9.999871612242507979e-01 9.999815447766561283e-01
9.999855577469479728e-01 9.999916600773518516e-01 9.999828117875070310e-01 9.999799766054896510e-01 9.999811511069521819e-01 9.999803299691706338e-01 9.999930479075803680e-01 9.999880544887665978e-01 9.999905630162136960e-01 9.999920298581475020e-01
9.999894579590780097e-01 9.999942879311561894e-01 9.999818613985197446e-01 9.999910647900289717e-01 9.999864819982432484e-01 9.999928529985719905e-01 9.999799086445451124e-01 9.999950132993666863e-01 9.999951394283576045e-01 9.999917517924278298e-01
9.999962227094471023e-01 9.999938617688005627e-01 9.999943988342090417e-01 9.999783798532906332e-01 9.999740265490276725e-01 9.999977041469939598e-01 9.999882433262006209e-01 9.999939822759761343e-01 9.999961100345631237e-01 9.999808844438147215e-01
9.999934262441554367e-01 9.999833434463043513e-01 9.999808934799006011e-01 9.999935637566843560e-01 9.999833025550117771e-01 9.999971840922045052e-01 9.999867837811330373e-01 9.999861695602381140e-01 9.999909024432867000e-01 9.999935854546988523e-01
9.999887354655512262e-01 9.999935727050119905e-01 9.999848541885550945e-01 9.999955571542791244e-01 9.999951129690531904e-01 9.999812254616727847e-01 9.999936972831741100e-01 9.999989637364119499e-01 9.999854346714938114e-01 9.999853809248724357e-01
9.999776896367419399e-01 9.999752643839454613e-01 9.999925255990279593e-01 9.999917371731760207e-01 9.999808267662230188e-01 9.999977099834450600e-01 9.999843402015664573e-01 9.999919126249633416e-01 9.999859946149612933e-01 9.999713417301727691e-01
9.999956093075833552e-01 9.999727150723634050e-01 9.999855002528545977e-01 9.999910335375277182e-01 9.999990124446460626e-01 9.999576888732053526e-01 9.999817614400935417e-01 9.999919353514505893e-01 9.999912660824731292e-01 9.999883986334582309e-01
9.999972467341213811e-01 9.999866445798659687e-01 9.999878751508461949e-01 9.999971668077570763e-01 9.999906111214592608e-01 9.999903294616327987e-01 9.999903482534593380e-01 9.999867591344452356e-01 9.999862533212431348e-01 9.999948988946788520e-01
9.999643171096771477e-01 9.999952662252871161e-01 9.999899771226882228e-01 9.999886612542120412e-01 9.999891857357030567e-01 9.999918761468907791e-01 9.999877112642644450e-01 9.999923509276338329e-01 9.999967704562988668e-01 9.999927374223529508e-01
9.999941176003630527e-01 9.999874292163797307e-01 9.999881285192754321e-01 9.999983053396485078e-01 9.999899127872835525e-01 9.999904799698478008e-01 9.999932281533560063e-01 9.999832147187799336e-01 9.999984534859971408e-01 9.999912910894696028e-01
9.999682310703362775e-01 9.999792126166081596e-01 9.999908657759839503e-01 9.999777231183198944e-01 9.999762781226905206e-01 9.999890566854634510e-01 9.999808182551199742e-01 9.999902252401812186e-01 9.999857079827350059e-01 9.999660703581572108e-01
9.999749993136335391e-01 9.999947401605768782e-01 9.999908675733377716e-01 9.999921570485351685e-01 9.999816408037108806e-01 9.999896079873500376e-01 9.999842981610397308e-01 9.999931604430675192e-01 9.999942176151553896e-01 9.999925963165763321e-01
9.999860341178333778e-01 9.999807107425537911e-01 9.999770199254082170e-01 9.999935772182007021e-01 9.999896843381486100e-01 9.999929807978925611e-01 9.999679526761474646e-01 9.999787579842082108e-01 9.999895422728263261e-01 9.999942608770321373e-01
9.999736772298828402e-01 9.999797989171645973e-01 9.999947210360697891e-01 9.999920361521112966e-01 9.999863338351420161e-01 9.999904469597362677e-01 9.999815699943434000e-01 9.999733433375412872e-01 9.999895704098820115e-01 9.999880350270965446e-01
9.999867045119926745e-01 9.999849997597493045e-01 9.999956205663231845e-01 9.999677040532960470e-01 9.999892162133076079e-01 9.999816428547209091e-01 9.999900028071507796e-01 9.999791339023302861e-01 9.999868770921415129e-01 9.999877436113465690e-01
9.999400051850640958e-01 9.999923156198341490e-01 9.999953637511982407e-01 9.999927636698781042e-01 9.999900888285613298e-01 9.999354822012437305e-01 9.999800267385881014e-01 9.999621890138740143e-01 9.999936360223397047e-01 9.999749217948221691e-01
9.999956407101031619e-01 9.999945606402985687e-01 9.999797746019609690e-01 9.999930908552009390e-01 9.999881358079639737e-01 9.999926413236903677e-01 9.999895351768011142e-01 9.999891966563900780e-01 9.999698736093213247e-01 9.999958634838113092e-01
9.999903211683299764e-01 9.999923179147015562e-01 9.999967243479319645e-01 9.999588110083653669e-01 9.999723244675162714e-01 9.999937935331169037e-01 9.999965171654531249e-01 9.999909323969046193e-01 9.999547348263702062e-01 9.999926454676757448e-01
9.999944438726551255e-01 9.999867901077923449e-01 9.999945691224900735e-01 9.999792185500804287e-01 9.999878517879822182e-01 9.999959451322093518e-01 9.999814141260218170e-01 9.999828256965613837e-01 9.999882242300321966e-01 9.999946985290173451e-01
9.999943020267706428e-01 9.999881406573061238e-01 9.999725657701540316e-01 9.999869570378685513e-01 9.999949229381916993e-01 9.999845089236547580e-01 9.999942664305282447e-01 9.999960220789190224e-01 9.999851127155662267e-01 9.999769101671146521e-01
9.999861986488156607e-01 9.999909363781855909e-01 9.999918421133087154e-01 9.999961560540517880e-01 9.999884830718481776e-01 9.999846051251930490e-01 9.999790513107315038e-01 9.999799668632616267e-01 9.999935993237976106e-01 9.999978315975521781e-01
9.999848239473010381e-01 9.999900970154226298e-01 9.999770742128933909e-01 9.999908274816615705e-01 9.999841131142191974e-01 9.999922285947117073e-01 9.999846216866856707e-01 9.999976151892407961e-01 9.999890766373364936e-01 9.999820152485114910e-01
9.999896248973539903e-01 9.999944923039381095e-01 9.999835918476133179e-01 9.999919857384167443e-01 9.999895083455703215e-01 9.999947192896352366e-01 9.999879934148178107e-01 9.999905049488388986e-01 9.999847527982355100e-01 9.999764803391061330e-01
