9.997800392687378190e-01 9.997947712046718616e-01 9.993735221764747934e-01 9.997540762270844539e-01 9.999142523265962534e-01 9.994731874891169543e-01 9.999407355795614238e-01 9.996729014107019751e-01 9.996658170749992411e-01 9.994206515009698144e-01
9.998490201893999174e-01 9.998059386976730911e-01 9.995299920855080789e-01 9.997007760673295440e-01 9.987271705204281425e-01 9.989526028306794370e-01 9.998826795141042556e-01 9.991700438153674479e-01 9.997592068145971789e-01 9.988257561281359553e-01
9.998388394351162001e-01 9.996699161769612152e-01 9.996322469122651544e-01 9.997946366770972260e-01 9.996588632937227770e-01 9.998887866086018095e-01 9.997566151066089590e-01 9.997260333118161979e-01 9.994958408606477995e-01 9.996537645940044570e-01
9.997570919419772606e-01 9.989849938235454418e-01 9.998923625548506999e-01 9.999104546069815802e-01 9.994330787509743130e-01 9.992529199523405570e-01 9.996603983535488069e-01 9.998966465308781748e-01 9.999333769830683893e-01 9.996496506974750229e-01
9.996066853996539159e-01 9.996966641871037895e-01 9.997499419528292908e-01 9.997518335839992165e-01 9.997281912508434454e-01 9.978037097489594887e-01 9.998135304630610953e-01 9.988280429695680640e-01 9.983217877578874910e-01 9.998087016510870395e-01
9.997848288171280462e-01 9.988029360727700423e-01 9.996720662676363833e-01 9.997001501478968155e-01 9.997341135932593659e-01 9.998619316829772119e-01 9.996777932612948003e-01 9.998389112678861546e-01 9.998247607565392547e-01 9.997302275111209502e-01
9.998876842650346042e-01 9.998630644164229198e-01 9.997142232643266846e-01 9.992508613535409090e-01 9.990034489518140326e-01 9.995497949578893149e-01 9.990100231109850792e-01 9.998815465764975263e-01 9.998777212451420704e-01 9.995081492936956913e-01
9.989865535203865665e-01 9.995849871564643774e-01 9.996623252948620975e-01 9.999336059403211019e-01 9.994631427899118847e-01 9.998136811325764040e-01 9.996763196568370091e-01 9.995378968159246424e-01 9.995242931594238156e-01 9.994224825541984103e-01
9.996296864411009508e-01 9.995097607493161895e-01 9.995867858152475138e-01 9.998969150798109329e-01 9.996538555134792947e-01 9.997377361887956893e-01 9.997551517611679150e-01 9.997564503949397663e-01 9.993049039040878823e-01 9.992235692767599264e-01
9.993824724188730135e-01 9.998673517532991051e-01 9.996555245372051868e-01 9.997879663450690568e-01 9.997702034613052957e-01 9.995840066690493408e-01 9.995460530078075223e-01 9.997938152103752474e-01 9.992122123648794485e-01 9.991454352001885031e-01
9.998752292911647910e-01 9.997520444685068508e-01 9.999067362206025544e-01 9.999420044886637715e-01 9.999149927868128396e-01 9.995585075388589980e-01 9.996753574153328659e-01 9.993934515750404479e-01 9.998666547410761662e-01 9.995775403130537917e-01
9.995673934818186668e-01 9.998045979893199764e-01 9.998622476004672688e-01 9.999036975585793297e-01 9.994704046772253658e-01 9.996775591315981702e-01 9.995180445884281895e-01 9.997791024255584524e-01 9.993854521210330244e-01 9.997763456320500897e-01
9.998281202123621147e-01 9.998098857860816535e-01 9.997142051207552615e-01 9.984704584350709844e-01 9.995315416173830014e-01 9.997677662084016870e-01 9.984619571935744453e-01 9.996353552751269245e-01 9.998461820882192930e-01 9.998628245089319355e-01
9.999185553297678108e-01 9.996694147403082376e-01 9.995944588395017094e-01 9.997897095749453955e-01 9.995777615105597702e-01 9.998445772956087163e-01 9.996451650327370375e-01 9.998764765949960109e-01 9.998749844793695107e-01 9.995494157105041522e-01
9.996646148797788678e-01 9.998165267056707828e-01 9.997491674042158216e-01 9.990332316082944919e-01 9.997426014209432887e-01 9.993626699223598919e-01 9.994630785857929745e-01 9.998363460815922199e-01 9.997061262316103702e-01 9.999095454706475872e-01
9.997964233232271569e-01 9.996441945168853538e-01 9.997466582558447445e-01 9.999288496777332114e-01 9.997678424778786432e-01 9.983483036666758181e-01 9.998397879218076101e-01 9.998115975282678702e-01 9.996218519602314556e-01 9.997738492543544186e-01
9.996196790839868562e-01 9.997473029402006439e-01 9.999124583576469716e-01 9.995984160186721645e-01 9.995748351083151295e-01 9.995454304656120614e-01 9.998626366782373820e-01 9.998367606198612645e-01 9.996158259993815909e-01 9.998838337747378846e-01
9.996828642419831601e-01 9.998294138804080244e-01 9.997453893215778598e-01 9.994485307525412532e-01 9.997417851116366938e-01 9.998944509853361362e-01 9.998119016425043304e-01 9.998297087786548465e-01 9.997737248298911306e-01 9.988310601699678104e-01
9.977165986982629020e-01 9.997115479064139221e-01 9.996516445979961585e-01 9.998657618714167361e-01 9.998249728282856408e-01 9.996136352211072440e-01 9.998824775132292286e-01 9.997845222711742030e-01 9.998239564237610955e-01 9.996151186177301140e-01
9.977961381967698218e-01 9.998774283135593022e-01 9.997236823656882043e-01 9.998315671691506701e-01 9.997839946874541583e-01 9.996397111534922608e-01 9.998968380456713101e-01 9.997593190214004721e-01 9.995552774599537615e-01 9.998227084707703716e-01
9.996421633699614784e-01 9.994977674946792234e-01 9.999050137903716662e-01 9.990733608278776767e-01 9.995839909768816645e-01 9.998972155542646956e-01 9.996356043366907418e-01 9.998659731241609228e-01 9.999317104369441767e-01 9.998522848124515860e-01
9.996001778728580422e-01 9.997748241021410243e-01 9.996020003917619468e-01 9.998175161792671739e-01 9.995058208076463835e-01 9.998188345411905820e-01 9.997060285317415085e-01 9.997402805786484992e-01 9.992579969238872817e-01 9.998200086316396673e-01
9.997449518942513880e-01 9.998597259455932473e-01 9.998258968340695274e-01 9.994878528133451789e-01 9.997130527498609975e-01 9.998611891015435349e-01 9.998776572256223849e-01 9.997272736691223960e-01 9.998496277845067004e-01 9.997204434703909071e-01
9.998121203981894523e-01 9.997920745860302549e-01 9.998519495194191364e-01 9.997829517313275849e-01 9.998299035574139682e-01 9.997851541416988841e-01 9.998152920056381232e-01 9.999172714425498265e-01 9.998529760714581771e-01 9.988327223758418638e-01
9.997433800413453309e-01 9.992897124855897317e-01 9.993726047725604023e-01 9.998544193472876929e-01 9.989144876531913519e-01 9.996958738044416926e-01 9.997204330869801092e-01 9.998499104055025288e-01 9.994317738188484013e-01 9.991994504582797365e-01
9.998995374537062997e-01 9.998554887229487154e-01 9.998111558446817204e-01 9.997777705680271909e-01 9.998359647429707620e-01 9.996026450482000669e-01 9.997354013357793168e-01 9.997909562882225654e-01 9.996291438946124375e-01 9.997612701251796796e-01
9.999289625055888253e-01 9.994788041475701768e-01 9.998951097819233080e-01 9.998077805219774961e-01 9.995046845146873249e-01 9.997602529730631460e-01 9.986876849597983163e-01 9.998957949320674832e-01 9.982591032675250942e-01 9.998271621876906323e-01
9.990133742380108428e-01 9.997787372832517283e-01 9.995202804382046224e-01 9.998392327904990218e-01 9.997780841434424914e-01 9.995520149596831549e-01 9.987126449449409415e-01 9.996558821603004352e-01 9.997323623534373205e-01 9.998219036940316773e-01
9.997580301052816365e-01 9.995739923137031413e-01 9.996566607203934973e-01 9.998792590492352472e-01 9.999026385432259190e-01 9.998603248283298717e-01 9.996482167077078707e-01 9.998130934143966142e-01 9.995271494059442263e-01 9.996628646369410953e-01
9.998370840725359088e-01 9.995127510194591336e-01 9.999441808841482704e-01 9.995331653908936520e-01 9.997215828514727232e-01 9.997303672800104124e-01 9.995139070302475615e-01 9.998748619153252637e-01 9.998330306330719397e-01 9.996903061853803507e-01
9.997482925104421714e-01 9.997718865726796800e-01 9.992049787221514157e-01 9.996628812043570900e-01 9.992088251505274465e-01 9.996115942672919585e-01 9.997414502882771004e-01 9.998505065085728782e-01 9.992304027490865881e-01 9.995391336919509095e-01
9.995229898720398021e-01 9.999122545442415966e-01 9.996962451025090957e-01 9.994807737185218421e-01 9.997797214428294499e-01 9.996929240924844473e-01 9.994609974400651131e-01 9.998953421554965804e-01 9.995984755163520585e-01 9.995709485946470130e-01
9.998097789187566642e-01 9.997869437765991574e-01 9.997930141758112343e-01 9.997446029783094712e-01 9.996080496579293762e-01 9.992849014874026770e-01 9.995822196918204838e-01 9.999016916812376587e-01 9.997143374691437323e-01 9.996488611240269551e-01
9.998565589621650762e-01 9.998292300909000785e-01 9.997643697227820425e-01 9.996633643602022001e-01 9.997903459991558384e-01 9.998555648698799203e-01 9.998050563841237581e-01 9.997827483854911934e-01 9.996245033759952880e-01 9.997950907168265955e-01
9.998798305519777108e-01 9.998890753229215944e-01 9.996748852513284156e-01 9.998871714147538059e-01 9.997317344039997611e-01 9.997423149003346055e-01 9.998638583730813378e-01 9.998918357490693687e-01 9.998967195746283343e-01 9.998064823650038013e-01
9.995001639892906464e-01 9.997171672631539607e-01 9.997366021561103766e-01 9.997222672987231551e-01 9.999259510071591972e-01 9.996848296300024916e-01 9.997619576601246560e-01 9.991370190009249974e-01 9.998839596106651184e-01 9.996307132393577044e-01
9.996384630211756495e-01 9.991121193052311389e-01 9.998243187393840437e-01 9.997039286891200582e-01 9.998316513193536981e-01 9.997606111542123308e-01 9.997717039488710489e-01 9.999279938303632376e-01 9.988198505145580164e-01 9.995345224865375133e-01
9.998493850456880994e-01 9.996261451679528953e-01 9.998657067317662239e-01 9.996016901348816486e-01 9.996170468943430532e-01 9.996599642352638204e-01 9.996195766107950353e-01 9.995620016714243938e-01 9.996877019912535633e-01 9.999292397699041102e-01
9.997706169421853861e-01 9.991568470641466471e-01 9.998164983144833817e-01 9.991844069798216932e-01 9.998710089881688301e-01 9.997309944734262821e-01 9.996168307793341645e-01 9.993752661569371698e-01 9.994292015971296683e-01 9.999147397784471369e-01
9.997733495538803083e-01 9.998281103667656655e-01 9.991808087700921881e-01 9.995813003618712056e-01 9.998481501218000611e-01 9.994434497553519314e-01 9.994956375181537345e-01 9.974552035484992585e-01 9.997483320076369084e-01 9.998083511777777765e-01
9.997956655838428075e-01 9.996091533513724592e-01 9.997065534944659104e-01 9.998083144943304967e-01 9.998427098854144601e-01 9.998785259447747764e-01 9.997836717266004314e-01 9.997094079970632041e-01 9.998489641146073303e-01 9.994320186482633650e-01
9.998495972514812591e-01 9.998915893807438504e-01 9.997085459454788658e-01 9.998845078748125337e-01 9.998691358661488948e-01 9.991286202587287280e-01 9.994371947722543448e-01 9.997396053212255218e-01 9.998199785077460655e-01 9.995626469753279286e-01
9.995215991575170378e-01 9.998076584342115991e-01 9.997144468688569097e-01 9.994315115825718188e-01 9.998496957561976428e-01 9.997800542540010715e-01 9.997342501439682172e-01 9.996526482490478704e-01 9.996888382715897192e-01 9.997578014468154750e-01
9.998476814748644692e-01 9.996603419463998552e-01 9.997830048696370042e-01 9.998354901228522218e-01 9.997187587187544855e-01 9.995652139274692205e-01 9.996706262994961012e-01 9.992702979810157426e-01 9.998538772915546158e-01 9.994275067944234925e-01
9.982798067477328674e-01 9.997905595564406944e-01 9.990404265883716661e-01 9.997774881596782626e-01 9.998297652671324087e-01 9.997911287297837069e-01 9.981224795027545671e-01 9.997733755790361165e-01 9.997253605635579854e-01 9.998781362924269445e-01
9.996769414397607134e-01 9.997486590192768974e-01 9.998502262395585483e-01 9.996190800657185349e-01 9.981499563739915093e-01 9.999281263083459326e-01 9.999041796700235407e-01 9.997914438655305380e-01 9.997185803579861085e-01 9.998456022729464987e-01
9.997858641972608984e-01 9.998021252740133535e-01 9.995467081682400945e-01 9.996419876186508624e-01 9.998175784053050519e-01 9.995492695095056224e-01 9.997148729970061209e-01 9.997349679543733325e-01 9.998673851271582258e-01 9.999283747490870233e-01
9.994557984005774109e-01 9.998875151793558125e-01 9.997172115540188253e-01 9.997056322041554255e-01 9.998642995807781597e-01 9.998996471606785841e-01 9.999452144915685903e-01 9.998844757581109022e-01 9.997823011738137255e-01 9.998715711321325417e-01
9.998347313329929431e-01 9.998091026775457468e-01 9.992545721127155112e-01 9.996956442026132539e-01 9.993595326824662450e-01 9.998318443934540722e-01 9.995620181141869898e-01 9.998745214918467461e-01 9.994433209574453691e-01 9.997910635873978880e-01
9.989367044773155291e-01 9.998473992508971619e-01 9.998825656420291530e-01 9.997324206753508413e-01 9.997299870585046877e-01 9.998033065071240122e-01 9.996752994801880732e-01 9.996869728848091219e-01 9.998489981093425794e-01 9.998107822659324517e-01
9.992278380799302084e-01 9.996255695860284396e-01 9.995616732218804978e-01 9.997329770933367499e-01 9.997294118258396312e-01 9.996136750883342081e-01 9.998345406860270623e-01 9.997980305091587194e-01 9.995516667698939317e-01 9.998015662199405407e-01
9.985771164168062430e-01 9.995557691552117152e-01 9.996578360835400856e-01 9.997789182735696834e-01 9.996379007669607963e-01 9.997639754740533791e-01 9.996030594062296215e-01 9.982974419278991540e-01 9.991543288978550486e-01 9.998554504398462495e-01
9.997583806644173565e-01 9.985284155600506750e-01 9.997384612444594199e-01 9.996105728035542537e-01 9.997419562427842799e-01 9.991027888828573067e-01 9.998464855245511318e-01 9.998608610774579741e-01 9.998001627870914954e-01 9.995964235003297338e-01
9.996314669731274360e-01 9.997304047698016838e-01 9.998695073915617737e-01 9.989920558762453995e-01 9.998026768922592122e-01 9.997520257689421763e-01 9.996509506000061940e-01 9.998559117013863240e-01 9.992883431384697035e-01 9.995993863682256508e-01
9.996950225791154665e-01 9.994458674667846543e-01 9.997841942522334158e-01 9.996581536077107089e-01 9.997680370477903811e-01 9.998669230148300446e-01 9.999155544948414853e-01 9.996776038053097890e-01 9.998851135469287721e-01 9.997083224645326727e-01
9.987255243537097593e-01 9.997662737829747792e-01 9.997897370004480422e-01 9.992638572424383803e-01 9.997369137263394379e-01 9.997091411277518880e-01 9.998037749072112845e-01 9.998215741577782811e-01 9.997412247240736738e-01 9.996208141609068676e-01
9.998963126161547477e-01 9.996145059711661895e-01 9.988404215826223176e-01 9.998330521790600445e-01 9.994341328878207920e-01 9.997127534720725572e-01 9.998561302417487973e-01 9.993221917342967053e-01 9.998993847119789224e-01 9.998698267675243390e-01
9.992793327873564779e-01 9.998994871892995517e-01 9.998635862307651001e-01 9.997737698137011408e-01 9.998359504939432485e-01 9.998296859175007656e-01 9.995993497961853658e-01 9.998884856289319556e-01 9.998200723006200885e-01 9.998506134502195275e-01
9.996835121398303103e-01 9.992081748851983081e-01 9.994588164898093874e-01 9.995657158717263790e-01 9.994130628569983799e-01 9.995521607652554374e-01 9.991536843009822810e-01 9.996175518451677622e-01 9.994606196040921597e-01 9.995649001256174948e-01
9.991727177788618519e-01 9.996295096081051490e-01 9.999096043293034253e-01 9.998984094910331466e-01 9.997882826239947729e-01 9.997841156528515238e-01 9.998000705237470864e-01 9.992275990186045842e-01 9.998144990076259786e-01 9.996874755957095848e-01
9.995638267664530563e-01 9.998336361989191845e-01 9.997152377698210746e-01 9.998036701160298856e-01 9.998382598410403554e-01 9.995585420878950744e-01 9.997560539334201524e-01 9.998814168893833676e-01 9.987872498255241371e-01 9.998403295290062553e-01
9.996500265051539991e-01 9.998649888297217458e-01 9.996853555444050743e-01 9.998807044070583405e-01 9.998108075786066307e-01 9.997957498631826478e-01 9.994058131106955400e-01 9.998121492756565365e-01 9.995171296889834300e-01 9.998579820433562970e-01
9.995501729589451045e-01 9.994792067121959223e-01 9.983769710367234040e-01 9.991850144866150085e-01 9.998041659353719135e-01 9.995678600643731482e-01 9.992827498166240163e-01 9.994207790335376540e-01 9.997667834083635574e-01 9.998666319257010215e-01
9.998357337382969279e-01 9.999078665899652218e-01 9.980042903793782116e-01 9.999245353079476706e-01 9.998592998617521488e-01 9.996455498343010948e-01 9.999073276560902501e-01 9.999155894516782439e-01 9.995647698123582003e-01 9.999039666344611277e-01
9.998354073872420811e-01 9.994428596270720222e-01 9.996615386633408429e-01 9.998222676240635653e-01 9.998103348475261276e-01 9.997998205602275368e-01 9.998405757103491220e-01 9.998010043294782712e-01 9.998353162620599033e-01 9.996345146721947739e-01
9.998136346029364852e-01 9.999185072168379484e-01 9.997578199369570040e-01 9.998688823741332943e-01 9.996655490478471018e-01 9.996457821307667135e-01 9.997547887662022736e-01 9.997707957563839454e-01 9.993693875529985338e-01 9.996483278338438305e-01
9.991254889214007395e-01 9.996574200943488808e-01 9.995644182809056977e-01 9.998799709762180576e-01 9.997398076937723532e-01 9.998357351749038724e-01 9.996447188291268660e-01 9.998266041073212707e-01 9.996633574557843849e-01 9.999006409934434458e-01
9.996736341623327915e-01 9.998458127293580189e-01 9.998480534707316902e-01 9.998166920815193537e-01 9.994327962703752899e-01 9.997270262515544070e-01 9.994883952239168590e-01 9.997357133551606490e-01 9.993040772778898351e-01 9.997933734606593292e-01
9.997494128488598752e-01 9.999112028659163931e-01 9.998759098298856118e-01 9.998510944189377136e-01 9.997892060374887757e-01 9.997185972118202146e-01 9.998490372137180948e-01 9.997830787016461773e-01 9.991814976868302889e-01 9.998611370956325128e-01
9.997807223098071905e-01 9.997586865663817823e-01 9.997089843446183011e-01 9.996627965591646792e-01 9.997377117663441837e-01 9.992915959644863566e-01 9.990775528010374940e-01 9.998658348455513600e-01 9.999190882663249180e-01 9.996538072893010884e-01
9.997535203695598893e-01 9.998072139127912594e-01 9.998239992171453761e-01 9.997347765848089152e-01 9.998512593632351564e-01 9.994167802497335718e-01 9.987879237743033656e-01 9.998861451038461023e-01 9.996914226158045702e-01 9.994981805410682041e-01
9.997907233428074969e-01 9.998406372166475098e-01 9.998636084711834959e-01 9.997979485582415560e-01 9.996954022527594352e-01 9.988318473430545241e-01 9.998172971219607685e-01 9.999105046499092708e-01 9.996028532565233160e-01 9.998979947537540713e-01
9.998510078897695497e-01 9.998485878427192386e-01 9.995484615993415201e-01 9.998276286928814427e-01 9.997509680750367167e-01 9.992279766432173860e-01 9.998225561333029532e-01 9.998037353064993527e-01 9.996558223970507528e-01 9.996483113457623748e-01
9.994390768796101998e-01 9.997641189707880960e-01 9.996543011144571889e-01 9.996513871555641195e-01 9.994274541380604449e-01 9.992397524201503956e-01 9.997698477862408950e-01 9.987449815824099852e-01 9.997659760757268144e-01 9.997714130023392931e-01
9.998706384820912341e-01 9.994892409031955749e-01 9.997422442724090974e-01 9.997102878857155872e-01 9.998293164301405023e-01 9.995678316787052209e-01 9.997675943613735239e-01 9.993126808605551359e-01 9.996529853720196312e-01 9.993413552101469977e-01
9.998750566858751743e-01 9.996618024931550606e-01 9.983614408743387569e-01 9.985156004492549142e-01 9.998357961320685217e-01 9.998747372205252226e-01 9.998547566348069404e-01 9.997363939004220157e-01 9.999072318471001752e-01 9.996747923024412730e-01
9.980412040578012789e-01 9.997579601643157288e-01 9.996943465041140398e-01 9.995960826078228445e-01 9.998112914877864688e-01 9.997671202714780714e-01 9.997736022503211917e-01 9.998013897285572549e-01 9.998610296440072487e-01 9.998573147951910212e-01
9.996589429463886844e-01 9.996170728535545003e-01 9.993981092487604911e-01 9.998667771023550532e-01 9.994887230588800353e-01 9.999276191165661354e-01 9.996772227757316776e-01 9.997697332753865407e-01 9.995459717210382067e-01 9.997194848484198815e-01
9.993125117710931482e-01 9.996338455243287680e-01 9.998311445900200933e-01 9.993848673243002079e-01 9.997966097667713159e-01 9.993460501562544396e-01 9.997743792529841800e-01 9.998145931624405902e-01 9.998636767660121771e-01 9.996872605093157782e-01
9.996035698855232354e-01 9.997265212006979374e-01 9.997684269769367971e-01 9.997337313912113554e-01 9.995726597306294758e-01 9.996022986828976276e-01 9.996503124718466582e-01 9.995173311123933813e-01 9.998428041345607253e-01 9.994676989166983994e-01
9.998602629090557192e-01 9.997958750328376221e-01 9.998136841071212366e-01 9.996968392948979432e-01 9.996618438066593448e-01 9.998191058480203619e-01 9.994394684783042271e-01 9.998559372871343998e-01 9.993951062841921473e-01 9.998333132347342334e-01
9.998185956094086668e-01 9.999281262253574276e-01 9.998431393565493375e-01 9.997584573160626098e-01 9.993100870498867749e-01 9.997414780703239856e-01 9.996169618348111907e-01 9.996049402651093763e-01 9.996323502212848267e-01 9.998427297399241631e-01
9.997790902525683920e-01 9.997067682159199720e-01 9.998524057704630819e-01 9.996816295007213693e-01 9.995406010372683836e-01 9.998272170777681156e-01 9.997648976121012998e-01 9.996947204181564350e-01 9.996708439591210915e-01 9.998768239722625184e-01
9.999259256497454729e-01 9.996625501049574147e-01 9.996178021158766969e-01 9.995900666341158702e-01 9.996606473026605766e-01 9.999435360047503885e-01 9.997023757399393640e-01 9.991924107151307632e-01 9.998454101428841945e-01 9.997737792994819683e-01
9.998843856559149756e-01 9.996930410276483325e-01 9.996612782057413549e-01 9.995570953432048045e-01 9.997883872810361394e-01 9.998589700447542139e-01 9.997135041780461640e-01 9.998526409488472932e-01 9.999043736042370067e-01 9.998748819438733060e-01
9.999080230887656962e-01 9.994641171933731361e-01 9.997412722731225942e-01 9.997703185792633507e-01 9.998629468139800247e-01 9.998853393881969032e-01 9.996212341108496879e-01 9.996595616572513388e-01 9.995579626277349972e-01 9.997005732633987840e-01
9.996182603946697220e-01 9.996583509930995204e-01 9.999030989245718537e-01 9.994585069885845163e-01 9.998602929418139995e-01 9.998072470781840249e-01 9.982967530261300793e-01 9.998490845109960778e-01 9.993662720635699825e-01 9.998928580201928984e-01
9.991356988098413217e-01 9.982524795923386485e-01 9.995555775312824354e-01 9.997675458425198114e-01 9.998113280955827076e-01 9.998687796692783403e-01 9.997968105348435941e-01 9.997753207707221756e-01 9.997979550980828911e-01 9.992986206832068508e-01
9.998082166211214039e-01 9.998491508464915078e-01 9.998669943973137464e-01 9.996587785300213858e-01 9.995966462193224267e-01 9.997197121823570010e-01 9.994998460699382470e-01 9.996485751492094618e-01 9.982472596948916976e-01 9.998141045986637110e-01
9.996749996882685618e-01 9.997111451105379354e-01 9.996724403902315093e-01 9.998353439155754918e-01 9.998851173738966258e-01 9.999150591087673234e-01 9.998381700998602017e-01 9.998662385028858068e-01 9.997438193119043692e-01 9.996420131061505288e-01
9.997183142090244612e-01 9.998323266126236675e-01 9.993908068341693651e-01 9.996920773107561553e-01 9.998983090814718144e-01 9.995063007894283702e-01 9.998180289788854980e-01 9.998246446315917080e-01 9.993167789023631453e-01 9.999273088056671588e-01
9.995142048141574254e-01 9.998136839534600417e-01 9.998151321324182383e-01 9.998274292193740642e-01 9.996543928193323270e-01 9.995895090863419208e-01 9.996556168065154901e-01 9.998798933909066600e-01 9.997169998748811626e-01 9.998469044074259626e-01
9.999251912956219623e-01 9.997771588065204051e-01 9.990841427458930779e-01 9.996686829324110679e-01 9.998724109753023281e-01 9.998580651731103774e-01 9.999055022869782761e-01 9.999281114196558740e-01 9.993911122114452761e-01 9.998965913683190987e-01
9.997284611245598196e-01 9.998703138349924746e-01 9.997181414281856027e-01 9.998965182452524969e-01 9.992331375491693146e-01 9.998791643952258390e-01 9.998308935077222515e-01 9.997879049810399765e-01 9.995312553833186620e-01 9.998505718600335657e-01
9.997519514922775796e-01 9.997625361832317425e-01 9.999139709979895096e-01 9.995669115919836312e-01 9.999167007461442491e-01 9.996906243111124413e-01 9.989001411223543681e-01 9.996558481994505252e-01 9.998892552113297638e-01 9.997237877033180453e-01
9.998550150024254624e-01 9.999136266476171819e-01 9.995975749540504385e-01 9.998663817516647567e-01 9.997265252515504796e-01 9.994195111976302837e-01 9.998119285754651919e-01 9.999432428203282042e-01 9.996092468540008769e-01 9.994201940390791128e-01
9.997882288407533569e-01 9.969196943654865528e-01 9.998533512497396192e-01 9.993589906846017668e-01 9.998461551814670223e-01 9.996659361762448848e-01 9.995334067437764425e-01 9.997487422350457287e-01 9.996959449073408166e-01 9.998004349813276459e-01
9.999251454208769596e-01 9.993645960004574613e-01 9.997168730020526972e-01 9.989549590443246307e-01 9.994642700651558131e-01 9.997748577221543531e-01 9.998296220065845397e-01 9.998031073366595578e-01 9.998606226627070326e-01 9.998952182995904936e-01
9.997598380204764101e-01 9.997586414421817391e-01 9.997497054296271557e-01 9.997528072361385743e-01 9.997528285900680878e-01 9.998279954761910560e-01 9.995529733950428986e-01 9.998895658521953500e-01 9.997278516827169392e-01 9.993506097843515290e-01
9.992552360692265045e-01 9.998487151336076240e-01 9.998023304236425268e-01 9.996721245664546007e-01 9.994124248508514663e-01 9.991544142471457945e-01 9.999330195431312962e-01 9.992130739684825791e-01 9.993925682187650983e-01 9.995650353269577293e-01
