9.998192104867767993e-01 9.998443999308113117e-01 9.998135789268055573e-01 9.998536519990903759e-01 9.998189759278671707e-01 9.997656065960682792e-01 9.998495219907802545e-01 9.997545964924862139e-01 9.996343984330220422e-01 9.997222617930536792e-01
9.997803713004840276e-01 9.996514963775395834e-01 9.995413745794463622e-01 9.996908479988433349e-01 9.998006327563778717e-01 9.997418921642087231e-01 9.997997686102557680e-01 9.998070549423373476e-01 9.996128965586008608e-01 9.997601919766677669e-01
9.998466385417726920e-01 9.998599543626571773e-01 9.998124145063437274e-01 9.997883264371685286e-01 9.997107613155756800e-01 9.998273001689080841e-01 9.995653817103785643e-01 9.996880975265723945e-01 9.997990396419673687e-01 9.996592924441179973e-01
9.997267889000956975e-01 9.998376078351172147e-01 9.998078324523552718e-01 9.997952631535681478e-01 9.997352249824709158e-01 9.998009116147776876e-01 9.998447064920389371e-01 9.997666794969857218e-01 9.997527721123056210e-01 9.997479408350146146e-01
9.998507005135980341e-01 9.997287019395724172e-01 9.996297519517971519e-01 9.997807234646735042e-01 9.997497006134099529e-01 9.997016109112740745e-01 9.997254761852293337e-01 9.998454474558637894e-01 9.997093164614808680e-01 9.997343644997066514e-01
9.998206464561613105e-01 9.997703974975927776e-01 9.998321130599666651e-01 9.997500134044304820e-01 9.998075186983214069e-01 9.997279514861607819e-01 9.997953846431828495e-01 9.997530722056640062e-01 9.998640505474439832e-01 9.997972895275835103e-01
9.997789238626588748e-01 9.998024783199518373e-01 9.998100014405379987e-01 9.997928961503385059e-01 9.997313308208495286e-01 9.996595706308042395e-01 9.997226181116478649e-01 9.997544239482328843e-01 9.998523687698278595e-01 9.996668343302723692e-01
9.998344945713905085e-01 9.997177611154470789e-01 9.998641783837700636e-01 9.997919853710378613e-01 9.996205694772806183e-01 9.997913876723908411e-01 9.997309946806341996e-01 9.997995339543637172e-01 9.997250438787550486e-01 9.997983660401232875e-01
9.997859908954271901e-01 9.997904702391985365e-01 9.998046930688644363e-01 9.996966678846481713e-01 9.997296719582828839e-01 9.997983961739720371e-01 9.998233181476426923e-01 9.997695937666016830e-01 9.997882077912716436e-01 9.996910131575270642e-01
9.998090388931866190e-01 9.997373018875507222e-01 9.997484240264401523e-01 9.997548757404470798e-01 9.997108754424559596e-01 9.997131940402771422e-01 9.997476432364441612e-01 9.997708620376939415e-01 9.998180812910478776e-01 9.997830388315438466e-01
9.998135558286206370e-01 9.996881564363968575e-01 9.997680001416348050e-01 9.996427166509355144e-01 9.997627816178655813e-01 9.997218615448588697e-01 9.997290641900923314e-01 9.998153154180948743e-01 9.998737820537230148e-01 9.997817496090812828e-01
9.997318868691701388e-01 9.997765952081204555e-01 9.996947301412099085e-01 9.998399263610600052e-01 9.997463432977836684e-01 9.997339834355660759e-01 9.997231859106133767e-01 9.998317571450072716e-01 9.996581933364585559e-01 9.998500265778468288e-01
9.996812263763096285e-01 9.997291148781332071e-01 9.996740949836814272e-01 9.998125890005508110e-01 9.997715180022687109e-01 9.997851524805788648e-01 9.995972006572574342e-01 9.998386596304895679e-01 9.996692855246530618e-01 9.997951448420302478e-01
9.996003604071246329e-01 9.997878620802158611e-01 9.997420505224938747e-01 9.998099162803313344e-01 9.998502920071269395e-01 9.997836346199193702e-01 9.995899917385924205e-01 9.996738783343890322e-01 9.997352553799385699e-01 9.998203388230137989e-01
9.997975722744866234e-01 9.998274986837260014e-01 9.998402992174260095e-01 9.997108325117939343e-01 9.995588867898047569e-01 9.997892841924671536e-01 9.997642758952431929e-01 9.997659885039680283e-01 9.997843534119915665e-01 9.998423834856760006e-01
9.997457114237454645e-01 9.997540399123687749e-01 9.998288085890368881e-01 9.998008417546135895e-01 9.998509518374536498e-01 9.997294569124933750e-01 9.997979999248588490e-01 9.997161216103269687e-01 9.997568895347698215e-01 9.998234829383175759e-01
9.998040070802476365e-01 9.997453617454493680e-01 9.997607087381097379e-01 9.997494370792068263e-01 9.998278516227954160e-01 9.996971287243160420e-01 9.997686601889244074e-01 9.996670657804136439e-01 9.997779403782796059e-01 9.998619012957408181e-01
9.996656219008197564e-01 9.998731043948044794e-01 9.997942371864614319e-01 9.997666919640602057e-01 9.998112034347415022e-01 9.997932179598884028e-01 9.998001280014759962e-01 9.996996747427562280e-01 9.996805998650308833e-01 9.996759206719160185e-01
9.998396327964834684e-01 9.997582673233560424e-01 9.997311227578119519e-01 9.997509929791572603e-01 9.997501998019151515e-01 9.997642401615137731e-01 9.997379909731221037e-01 9.997964594029147278e-01 9.997754398273458465e-01 9.997251009165922797e-01
9.998018586311817613e-01 9.997555079915896314e-01 9.998607629188459578e-01 9.998148316278728798e-01 9.998716467375998729e-01 9.997672146520453218e-01 9.997767648443065536e-01 9.997956334185906790e-01 9.997476818855169922e-01 9.997697554654446650e-01
9.997728050482115325e-01 9.997912447947262526e-01 9.998841813122983924e-01 9.998105944479288576e-01 9.998061978647139192e-01 9.997605214068981949e-01 9.997527114906281653e-01 9.997121715062180503e-01 9.997879418858921508e-01 9.996862382635457456e-01
9.996051348322199104e-01 9.998186877543893125e-01 9.997351400619499673e-01 9.997239317239131617e-01 9.997877914715215253e-01 9.994761729546861595e-01 9.997192074656919836e-01 9.998513605191056142e-01 9.998032107792239609e-01 9.996999767667190673e-01
9.997989015645600830e-01 9.997445448700569282e-01 9.998686150207597434e-01 9.998028450363881658e-01 9.998570570134707181e-01 9.997754522843679270e-01 9.997767144507994086e-01 9.998099293132700627e-01 9.998197017352519200e-01 9.998727731104207761e-01
9.998095727598808047e-01 9.998100696997274106e-01 9.997642253482230679e-01 9.997981044585839694e-01 9.998198658412305040e-01 9.998291593135617550e-01 9.997983931058620488e-01 9.998156602936310033e-01 9.997548551104126213e-01 9.997757887428364576e-01
9.997687212726191763e-01 9.998714380477838892e-01 9.996048079466841596e-01 9.996964012844586911e-01 9.997557743532019536e-01 9.998542330313008319e-01 9.996609910892534367e-01 9.997432648022895885e-01 9.997802220490585867e-01 9.997246134427583142e-01
9.997946229122671724e-01 9.998081716983228118e-01 9.996937428975470885e-01 9.998386160864156658e-01 9.995828714133533355e-01 9.997648121209636862e-01 9.997629938614042144e-01 9.998418808466567054e-01 9.997919731734474791e-01 9.997499760731439755e-01
9.997121958659151986e-01 9.997142032488179897e-01 9.997614364032763046e-01 9.997864411979372479e-01 9.997552851878452884e-01 9.997420480577035029e-01 9.997649677307699490e-01 9.998596316047828614e-01 9.997463671999786694e-01 9.999064372543579049e-01
9.997568055143380983e-01 9.998263815024761580e-01 9.998022647827972120e-01 9.997451400952441780e-01 9.997867054754998595e-01 9.997827689695110154e-01 9.996963074842354358e-01 9.997584083118821185e-01 9.998385718477219575e-01 9.998486679347972084e-01
9.996779023348215665e-01 9.997813369283100604e-01 9.997883808665832817e-01 9.998066913854979365e-01 9.998359521275077544e-01 9.997911082109141034e-01 9.997271405617503826e-01 9.996746127252236214e-01 9.997364211568012804e-01 9.998285466959159207e-01
9.995572050167085276e-01 9.997482176533782905e-01 9.997145211410045640e-01 9.997776560762964282e-01 9.998761036925088996e-01 9.998297393367852059e-01 9.996580027214565511e-01 9.998406888560191774e-01 9.996032314207632385e-01 9.997390740279419319e-01
9.997547545210562214e-01 9.996548228399654290e-01 9.997033459956096157e-01 9.996155655405526419e-01 9.997616893662816251e-01 9.998187062284125126e-01 9.997130570292293017e-01 9.997109016970044948e-01 9.998228248917867544e-01 9.998032996664341088e-01
9.997734902348639485e-01 9.998142400021462484e-01 9.996949627815231443e-01 9.998179616218432209e-01 9.998182888287904246e-01 9.997381581961333197e-01 9.998050556251253385e-01 9.998495235375036705e-01 9.997743702700686574e-01 9.997608629630243549e-01
9.998450952183057794e-01 9.997001234326192698e-01 9.997273179326374715e-01 9.996861941900736515e-01 9.997110015527794769e-01 9.998035636496472867e-01 9.998816099785566847e-01 9.998298740497144621e-01 9.997662969509112374e-01 9.997832154189422171e-01
9.997683775040159260e-01 9.998148943632306773e-01 9.997977873790636627e-01 9.998210043020010485e-01 9.997500615098925403e-01 9.997215593312825943e-01 9.996868124319153726e-01 9.997986189397123358e-01 9.997714760964450109e-01 9.997969892945023362e-01
9.998207192684125388e-01 9.997613709809284321e-01 9.998548889851931465e-01 9.997320951496827535e-01 9.998077180366498062e-01 9.996057511115631344e-01 9.998185815569269330e-01 9.997369126375241777e-01 9.996690070872614742e-01 9.998070060017129057e-01
9.996492479945480181e-01 9.997398803960153568e-01 9.997462625739144126e-01 9.998270305445768891e-01 9.996943844490725484e-01 9.998618521098515677e-01 9.995985412448192831e-01 9.997590254666975929e-01 9.997828092217277973e-01 9.997122097636285121e-01
9.997859116460623419e-01 9.998407985989439251e-01 9.997566094973678874e-01 9.996977997928394588e-01 9.997550251720159764e-01 9.997327622720468820e-01 9.998303924452492941e-01 9.998373888944517285e-01 9.997330837464654119e-01 9.996894579518398327e-01
9.997728993103566220e-01 9.997622234578837919e-01 9.997504087479247570e-01 9.997924068554373545e-01 9.998018948172087139e-01 9.997868769281427204e-01 9.997101457955435144e-01 9.998523428749178654e-01 9.997352543106053924e-01 9.997628604494723792e-01
9.998640289476294907e-01 9.998069790182014804e-01 9.997873274251710685e-01 9.998295754944118707e-01 9.997875902518639224e-01 9.997155011078650011e-01 9.998016619644819469e-01 9.997334553076419050e-01 9.997817505969431862e-01 9.997821349295159532e-01
9.998637708633173471e-01 9.998119245132616184e-01 9.997232458168052727e-01 9.997499002505362276e-01 9.997851321374170430e-01 9.998067304848895498e-01 9.997551890260676366e-01 9.997007960862229758e-01 9.998357997449607293e-01 9.997496633824013434e-01
9.997696309233536915e-01 9.996778595578152959e-01 9.997623835508040457e-01 9.998498219351924510e-01 9.998236555358935851e-01 9.998579552500911349e-01 9.997948800634146593e-01 9.996866022343670055e-01 9.997056680135716356e-01 9.998436408257701524e-01
9.998040084883818013e-01 9.997030927656059829e-01 9.997211849009161044e-01 9.998018663622497693e-01 9.997344296455079604e-01 9.997270831578559669e-01 9.997883525728613607e-01 9.997815522436801494e-01 9.996181314616418012e-01 9.997933921773143329e-01
9.998236045346174938e-01 9.997759375851236197e-01 9.994870138564218021e-01 9.998264154959037864e-01 9.997312264857345365e-01 9.997249833129575602e-01 9.998172035803108981e-01 9.998012510328940783e-01 9.997655231171805879e-01 9.997929795723093926e-01
9.998747278972776042e-01 9.998051254255277964e-01 9.997656695651708780e-01 9.997267208252981208e-01 9.998005650480266127e-01 9.998324222433762065e-01 9.997286485813895451e-01 9.996775086788537434e-01 9.997393015436411012e-01 9.997410098531621658e-01
9.998043226821466956e-01 9.996414248941128955e-01 9.997573160920985025e-01 9.998047299968553236e-01 9.998040388849801507e-01 9.998431265964075054e-01 9.997646648833501404e-01 9.998134838827910098e-01 9.997584132369558008e-01 9.998730902049484115e-01
9.997970550438574078e-01 9.996106803001606478e-01 9.998500043083787814e-01 9.998291878365017649e-01 9.998341210553586267e-01 9.997890064797160248e-01 9.997491442532319139e-01 9.996471635231407582e-01 9.998225759476155883e-01 9.997869215772192675e-01
9.997833460407655748e-01 9.996876919008489404e-01 9.997912317539050520e-01 9.996510218370969758e-01 9.995875521885604353e-01 9.998170915500774747e-01 9.995922338069700430e-01 9.997229253454139597e-01 9.996366271661122349e-01 9.998121024209510876e-01
9.997806453654681791e-01 9.997786168678121088e-01 9.998193823239984734e-01 9.997710859555426488e-01 9.998537115247120299e-01 9.997511565929347865e-01 9.997977257801181628e-01 9.997345132902518694e-01 9.997020154082476573e-01 9.997870839729863235e-01
9.996996987330379891e-01 9.997870391977123905e-01 9.998667897898297907e-01 9.998464449500410467e-01 9.995933283762065136e-01 9.996786934437857930e-01 9.997232618644010804e-01 9.998529936182438682e-01 9.997219588458703399e-01 9.998734778466509265e-01
9.998025913972716783e-01 9.996897737749083079e-01 9.998277909724805346e-01 9.997137393075572476e-01 9.998314559611056751e-01 9.997799397692667123e-01 9.998539402823950484e-01 9.996478298720431477e-01 9.998249756733952331e-01 9.997162368979607416e-01
9.998376172686735952e-01 9.997872085272356824e-01 9.998488661509057351e-01 9.997697243614062090e-01 9.998491341194738480e-01 9.998045559404097338e-01 9.998179490295006078e-01 9.996041168339806493e-01 9.997646610506893960e-01 9.998932975588241678e-01
9.998456795953802878e-01 9.997897691869818138e-01 9.996995874618009870e-01 9.997064966846839207e-01 9.996400948466139802e-01 9.996821699187319332e-01 9.998372038476744939e-01 9.997811840446786391e-01 9.997079663640379144e-01 9.998968025817605021e-01
9.997382132951753153e-01 9.998518279279555721e-01 9.996255615077658252e-01 9.998210979580514080e-01 9.998020083512700884e-01 9.998565320047918537e-01 9.998656642104739589e-01 9.997929071108861976e-01 9.997028340366510557e-01 9.997099822749944131e-01
9.997606737806623567e-01 9.994975693788268334e-01 9.998259026589687570e-01 9.997362529939876064e-01 9.997039307512070039e-01 9.997688715421418904e-01 9.997956517032614565e-01 9.998545019491678065e-01 9.998138597835930508e-01 9.998110580469673492e-01
9.996650300425801161e-01 9.997556426529385920e-01 9.997955599762360368e-01 9.997509402183561988e-01 9.998424497451233739e-01 9.997894445524448948e-01 9.998230542750395911e-01 9.998145094819743672e-01 9.997144169310050454e-01 9.997997098563453644e-01
9.996849241145708831e-01 9.997586634687267715e-01 9.997981526285451004e-01 9.998512304815717622e-01 9.996285994578441025e-01 9.998535066775918745e-01 9.997846854598559929e-01 9.998489151429379440e-01 9.997242093578625477e-01 9.997410330160989567e-01
9.997567121433885706e-01 9.997336118324484655e-01 9.997635309763847067e-01 9.997712349904543938e-01 9.997252016300722799e-01 9.997268494976675468e-01 9.997009774905005752e-01 9.997803015442939811e-01 9.997188087171312576e-01 9.997891480307902201e-01
9.998106119307270667e-01 9.997607384864705127e-01 9.998083087092419774e-01 9.998521563238187415e-01 9.997463664261583283e-01 9.997282294449538753e-01 9.997689925671946476e-01 9.997086953425049494e-01 9.997952057483918686e-01 9.997375574198859027e-01
9.997988559757881033e-01 9.997878475992476588e-01 9.998160833709773820e-01 9.997679408649580157e-01 9.996256148506392769e-01 9.996700463956379457e-01 9.998937141084200952e-01 9.997437932849365660e-01 9.997538190508800104e-01 9.997767743889643954e-01
9.997821865933306240e-01 9.997624453408392453e-01 9.997177110399290134e-01 9.997839700757001902e-01 9.997648855463793227e-01 9.997969264391086686e-01 9.996648196691018118e-01 9.998683437621473935e-01 9.998108311623797873e-01 9.998030085969407121e-01
9.997532827774028297e-01 9.998109440461515618e-01 9.997629024550612753e-01 9.997729176891927416e-01 9.997182808909956808e-01 9.997758392200711830e-01 9.998489779701851266e-01 9.997958960879361756e-01 9.997766859894593461e-01 9.998183688117892043e-01
9.997686770587611571e-01 9.997564733178040397e-01 9.998408611739304508e-01 9.997556779003736738e-01 9.996813246316503809e-01 9.997750963639737698e-01 9.996488692732301562e-01 9.998348162473918999e-01 9.997891068857009955e-01 9.997419431521418209e-01
9.998821219794641335e-01 9.997997465857689781e-01 9.997869382248194547e-01 9.998543459577280412e-01 9.997137807206191162e-01 9.997567440270482830e-01 9.996858163491681992e-01 9.997798174760289536e-01 9.996795034826384541e-01 9.997400895992569758e-01
9.998220092953687965e-01 9.997645288108254480e-01 9.997753400708609961e-01 9.996807310846861361e-01 9.997296198553773383e-01 9.997214548323113403e-01 9.997729797883813108e-01 9.996872248222250512e-01 9.997992598117985130e-01 9.997075111576236850e-01
9.997473256931522778e-01 9.998675204818455731e-01 9.997616670051134857e-01 9.998956963689570321e-01 9.998149960936367764e-01 9.996543918270646145e-01 9.998012641376308185e-01 9.997333691545154943e-01 9.998151433896113049e-01 9.998580837609793992e-01
9.998184242295785618e-01 9.998044024748760084e-01 9.997333033404578462e-01 9.997121736427976302e-01 9.997418679738012681e-01 9.997852329829153284e-01 9.997219660963567733e-01 9.998113120897516026e-01 9.995638117025623659e-01 9.998645601274976924e-01
9.997868389264011890e-01 9.998105971665985914e-01 9.998189413102867018e-01 9.998078957402127820e-01 9.997136289604646731e-01 9.997500330458450879e-01 9.995808981709406460e-01 9.997574739781839304e-01 9.998912099388145291e-01 9.998257081753709752e-01
9.997914196555118815e-01 9.996311963385735577e-01 9.998002317488214885e-01 9.998508636932664784e-01 9.997916193334114299e-01 9.998558015970235857e-01 9.998115772190793171e-01 9.996964025992731706e-01 9.997444685652184804e-01 9.997683623390685170e-01
9.996750431328016440e-01 9.998264749844025800e-01 9.997909364038100044e-01 9.997953715080536430e-01 9.997157707711532559e-01 9.998143937851777796e-01 9.998112373688781140e-01 9.998009673640935180e-01 9.996712618804587391e-01 9.998047852232199162e-01
9.998219562571709629e-01 9.996818772559782351e-01 9.998200077190809720e-01 9.997601711224347598e-01 9.997935772713998359e-01 9.997588559924267537e-01 9.997434511602965035e-01 9.998338047296393416e-01 9.998493206500481678e-01 9.998019043587549337e-01
9.997111828882722095e-01 9.996577257218783874e-01 9.998189156029612112e-01 9.998855891804188101e-01 9.998639049672078949e-01 9.997429201502375795e-01 9.996619810744555856e-01 9.997950479075614627e-01 9.997926564529604487e-01 9.997765267122379340e-01
9.997214657067684529e-01 9.998104867440731347e-01 9.998336923054980119e-01 9.998305220315690800e-01 9.996522827153656587e-01 9.997194290806000749e-01 9.997137592658124072e-01 9.996919836966938755e-01 9.998343301043108866e-01 9.996949563028406649e-01
9.997275998940241548e-01 9.997547708877504435e-01 9.998282698928915302e-01 9.998115018941227117e-01 9.996805119283870278e-01 9.998203524536106723e-01 9.997807778313381188e-01 9.998632679449707128e-01 9.997831973986897047e-01 9.997109153722720798e-01
9.997475467942207317e-01 9.999055476079627969e-01 9.998339547031872554e-01 9.997463598121781869e-01 9.998036595503909663e-01 9.997609826310976944e-01 9.996679860015994512e-01 9.997642699462755411e-01 9.997920296537585738e-01 9.997656405524625312e-01
9.997225125354740616e-01 9.997774681571542921e-01 9.997302418663237544e-01 9.998218567189999240e-01 9.997323066156685867e-01 9.996201591900314432e-01 9.998122805404444646e-01 9.997650832481582706e-01 9.998115025632612340e-01 9.997575242947626117e-01
9.998092035935611799e-01 9.996894082830473094e-01 9.998109629901620332e-01 9.997045191718402224e-01 9.996631303921732492e-01 9.997005573653336974e-01 9.998078385982436256e-01 9.997414480513545643e-01 9.997973980860820342e-01 9.998267082583572885e-01
9.997710966585757753e-01 9.998279131804849174e-01 9.998334788139557894e-01 9.997891294606068291e-01 9.998052107075940942e-01 9.997776699809698409e-01 9.997567292006896977e-01 9.997295068573530674e-01 9.998006482948447182e-01 9.997075075363442975e-01
9.998002524221764054e-01 9.997339356197642024e-01 9.998037141629531055e-01 9.997351398369633824e-01 9.998345725492520097e-01 9.998381599973618084e-01 9.998038387096854773e-01 9.997293556467060638e-01 9.998069204255757292e-01 9.998065527665545016e-01
9.997954762350999003e-01 9.998043858594910516e-01 9.997575812522387917e-01 9.998437713162160456e-01 9.998208032312100313e-01 9.997935202418900547e-01 9.998631640657541508e-01 9.997072488048741601e-01 9.997895223200283787e-01 9.998390509102601520e-01
9.998416066874069585e-01 9.997931777778555906e-01 9.997533050530521548e-01 9.997381620753634790e-01 9.997889348770195861e-01 9.997976274939812669e-01 9.997832404763368208e-01 9.997259519373969949e-01 9.997924985787403074e-01 9.996802260309702870e-01
9.997594475093369848e-01 9.998639460591538519e-01 9.998402387129412539e-01 9.995581762789328417e-01 9.997215553090390561e-01 9.997976528414993513e-01 9.995989383733991929e-01 9.998082495622023780e-01 9.996622882281255285e-01 9.998375084188712014e-01
9.997312013187097390e-01 9.997348159764445352e-01 9.996594069521570480e-01 9.996395556690290674e-01 9.997448632165231164e-01 9.997344527409363080e-01 9.997181068330284193e-01 9.997882741244590310e-01 9.997936955931183700e-01 9.998384899891573641e-01
9.997932322448365161e-01 9.996978984118339850e-01 9.997715643346261061e-01 9.997541444704975966e-01 9.997947421697156445e-01 9.998054932005806528e-01 9.997493748768440103e-01 9.997665111139498739e-01 9.997824752578603480e-01 9.996161792385307443e-01
9.997571255747759178e-01 9.998549693931310101e-01 9.997744799842572805e-01 9.997736074935633654e-01 9.997878457641906635e-01 9.995957773056823870e-01 9.997167026574497184e-01 9.998097908788909916e-01 9.996766573645541332e-01 9.997369663939633666e-01
9.998581967483693989e-01 9.997498964446582814e-01 9.997680263072344919e-01 9.996939762013062891e-01 9.996910545212968069e-01 9.995030480393094496e-01 9.997436934073939963e-01 9.998077220092359552e-01 9.998203477263676309e-01 9.996961222721978402e-01
9.997879752261662478e-01 9.997625668378327113e-01 9.997851924596540263e-01 9.997882642315730761e-01 9.996919406151080212e-01 9.997537333648626179e-01 9.997921000932863400e-01 9.997470278023425916e-01 9.997730088968669326e-01 9.998373435291916245e-01
9.998196662718621397e-01 9.997791264057963589e-01 9.998276862976755996e-01 9.997351409561073821e-01 9.996782349786946797e-01 9.998291208745679892e-01 9.996458689036670231e-01 9.997249883546055482e-01 9.998005098505767796e-01 9.996500566804852328e-01
9.998179257734030045e-01 9.995170565630568937e-01 9.998361102439111692e-01 9.997526990290840354e-01 9.996066583369072056e-01 9.997868932252683694e-01 9.998046485243682335e-01 9.998319284925998307e-01 9.997572257444085064e-01 9.997134262234788071e-01
9.997803585336224597e-01 9.996348159880240614e-01 9.997612428912434623e-01 9.996880990889116525e-01 9.997808277795665610e-01 9.997289039458876481e-01 9.998634145576315024e-01 9.998065537292860627e-01 9.997712343056985862e-01 9.998895738756171658e-01
9.997808307824276319e-01 9.998578204556728410e-01 9.998162130970122963e-01 9.997436354199983333e-01 9.996723404218541553e-01 9.998423294805584005e-01 9.998319670547698435e-01 9.997816437044259041e-01 9.998543462397103676e-01 9.997848658921333342e-01
9.997434825024923422e-01 9.998573843861896515e-01 9.996997077304129453e-01 9.997346850786279493e-01 9.998283642342195021e-01 9.997900141208935221e-01 9.997546830161651021e-01 9.998231978301539424e-01 9.997908917359001890e-01 9.998094205266903067e-01
9.998769444313941879e-01 9.997940734381315364e-01 9.997042203700827745e-01 9.997487649394459774e-01 9.997510731017220653e-01 9.998551618244173600e-01 9.996861844028366306e-01 9.997445594430263149e-01 9.998493700638880766e-01 9.997711863190020809e-01
9.998743105171331580e-01 9.997922825515138667e-01 9.998079350914053087e-01 9.998688469515029098e-01 9.997084930005505354e-01 9.998316083989428060e-01 9.997226464436330673e-01 9.997304307465982864e-01 9.997429993137759707e-01 9.998495109697257410e-01
9.998400358342451888e-01 9.997958856471169664e-01 9.998168574212888959e-01 9.997662212840889850e-01 9.998429937673783963e-01 9.997697196944672626e-01 9.996505483633792988e-01 9.997260541912375009e-01 9.997870162589151954e-01 9.997294615634467752e-01
9.996674454292917567e-01 9.997456529084740584e-01 9.997705462761375950e-01 9.997702102126221346e-01 9.997648685364104448e-01 9.997952251420368919e-01 9.997906951582825608e-01 9.998278791200538862e-01 9.997132480130346277e-01 9.998377045099112737e-01
9.998555855201353149e-01 9.998458405030125062e-01 9.996971763301529812e-01 9.998070158560244947e-01 9.996454550231519409e-01 9.997907644256356363e-01 9.997730837410037097e-01 9.997990654925079657e-01 9.997258425602821852e-01 9.998016319397570184e-01
9.996419284879159983e-01 9.996945416265238249e-01 9.998513146168470644e-01 9.998003504943103747e-01 9.997301664167972390e-01 9.997573884128185817e-01 9.997241008712111077e-01 9.997445006907710319e-01 9.998055807862288313e-01 9.998127011183646218e-01
9.997121676215908748e-01 9.998317170913209040e-01 9.997677232205202102e-01 9.996963957217070984e-01 9.997058769482226603e-01 9.997437901833409191e-01 9.998270427941967631e-01 9.997840081043348759e-01 9.997867184064640478e-01 9.997614245456187820e-01
9.997686393145092110e-01 9.997211388164711776e-01 9.997045297913544903e-01 9.998509839096049179e-01 9.996604730622872248e-01 9.998245636920953805e-01 9.997985399173789922e-01 9.996983180440797145e-01 9.997994269924274091e-01 9.998151695012470475e-01
9.998215702153697704e-01 9.996148850578410183e-01 9.996540909729844104e-01 9.998368418420204851e-01 9.997776011584347255e-01 9.997188040751908700e-01 9.996532180974994075e-01 9.998732864654787944e-01 9.996794887744574476e-01 9.998113617744796011e-01
