9.999902872021166900e-01 9.999882177027910046e-01 9.999913530855339960e-01 9.999815858372853583e-01 9.999939316882152651e-01 9.999921649445437932e-01 9.999892411786031055e-01 9.999858770412232145e-01 9.999937903638959069e-01 9.999922841466915013e-01
9.999838472931235067e-01 9.999533734827944498e-01 9.999439826809580767e-01 9.999884402098072611e-01 9.999907030962803534e-01 9.999905131717047313e-01 9.999870593668233054e-01 9.999822900197932185e-01 9.999905755305255051e-01 9.999892093273712312e-01
9.999870303338386224e-01 9.999767061805709956e-01 9.999695843644684778e-01 9.999934316907005405e-01 9.999432229725676580e-01 9.999891232855466772e-01 9.999801838774474705e-01 9.999842444008933962e-01 9.999900537827256519e-01 9.999896880486504047e-01
9.999810870674352703e-01 9.999948938752805105e-01 9.999821632460550447e-01 9.999761964588911312e-01 9.999787095151783101e-01 9.999926081061843997e-01 9.999902626785857063e-01 9.999936806311194859e-01 9.999881835317288026e-01 9.999896669039178843e-01
9.999851440309120987e-01 9.999866307201275006e-01 9.999882658982908179e-01 9.999731645135967462e-01 9.999661840517639622e-01 9.999948966229256220e-01 9.999902945647645147e-01 9.999939802226340824e-01 9.999799762038135142e-01 9.999918281261795938e-01
9.999913940513605048e-01 9.999933126584141796e-01 9.999970598930058019e-01 9.999673297088716994e-01 9.999941714816287242e-01 9.999831050531381438e-01 9.999926521480017039e-01 9.999918724812894011e-01 9.999767991785150079e-01 9.999845505070771301e-01
9.999964307709375833e-01 9.999938656383029478e-01 9.999903859087516667e-01 9.999594876224683349e-01 9.999827535520978694e-01 9.999929257523270110e-01 9.999939377252314854e-01 9.999799647013040138e-01 9.999860890160895410e-01 9.999954662470984523e-01
9.999936701443187248e-01 9.999700588467462792e-01 9.999925429273679445e-01 9.999913751347946356e-01 9.999882905206558537e-01 9.999871743792274614e-01 9.999877958551277590e-01 9.999896169967172899e-01 9.999904689210270536e-01 9.999939039977663313e-01
9.999654885836354312e-01 9.999779459542482707e-01 9.999808342421457885e-01 9.999935260691844574e-01 9.999867085203789641e-01 9.999831714944920069e-01 9.999861895729944550e-01 9.999937373710833244e-01 9.999914909600514656e-01 9.999877681382162153e-01
9.999857309687927298e-01 9.999812394295571893e-01 9.999920519587737200e-01 9.999920796503918297e-01 9.999919520892214253e-01 9.999914472989007708e-01 9.999932434339546816e-01 9.999935517763344217e-01 9.999864637724816818e-01 9.999956648433602213e-01
9.999933848537275738e-01 9.999885122471352528e-01 9.999894815136668447e-01 9.999872133094005466e-01 9.999872307053595533e-01 9.999858587111093433e-01 9.999706490421778060e-01 9.999906041012271984e-01 9.999944011781159992e-01 9.999921708419317046e-01
9.999826577281062390e-01 9.999934701205397403e-01 9.999944713693991183e-01 9.999707417288142830e-01 9.999742801343677323e-01 9.999867316402685224e-01 9.999881706629137890e-01 9.999924255501045911e-01 9.999663593428981256e-01 9.999007566082480647e-01
9.999758168266229541e-01 9.999885671345088989e-01 9.999895349242077236e-01 9.999928009872696144e-01 9.999869732451117654e-01 9.999869674252501728e-01 9.999921174346597663e-01 9.999773835860903404e-01 9.999666683519663479e-01 9.999897016671391858e-01
9.999832062254276899e-01 9.999916061524131150e-01 9.999917618875246994e-01 9.999728372973877288e-01 9.999914913761336344e-01 9.999904007099966741e-01 9.999927565613041525e-01 9.999803539591752832e-01 9.999918058526897635e-01 9.999922168825208235e-01
9.999908226597399308e-01 9.999890930697914460e-01 9.999929268668015236e-01 9.999930768813025672e-01 9.999887448209635599e-01 9.999785634279571012e-01 9.999945684344605512e-01 9.999855111751690950e-01 9.999861338439147707e-01 9.999836231758123528e-01
9.999351412020043295e-01 9.999713261814001664e-01 9.999939947844214139e-01 9.999908291360866119e-01 9.999286145843127027e-01 9.999894155281988661e-01 9.999839281815265934e-01 9.999956635119763293e-01 9.999939536682938002e-01 9.999874637764456509e-01
9.999887001267365738e-01 9.999806942422897471e-01 9.999814365339555478e-01 9.999844676976936686e-01 9.999459543766984204e-01 9.999840420279560993e-01 9.999764648462721173e-01 9.999821282803322831e-01 9.999896156170559047e-01 9.999842993975617267e-01
9.999921529888957661e-01 9.999936213071572988e-01 9.999921553909865146e-01 9.999933702918768486e-01 9.999874853541036446e-01 9.999849149630037903e-01 9.999876662242648262e-01 9.999845756447344192e-01 9.999835507902480325e-01 9.999880840526168546e-01
9.999959356733955085e-01 9.999740837792927550e-01 9.999882062600364829e-01 9.999811008083412389e-01 9.999937129416215376e-01 9.999931704542692756e-01 9.999889564197123049e-01 9.999840968415314446e-01 9.999868709665505895e-01 9.999952041283326487e-01
9.999949774811766057e-01 9.999801307629140323e-01 9.999658408481482130e-01 9.999885723050202513e-01 9.999930720594206734e-01 9.999912225258292819e-01 9.999915724854839816e-01 9.999847009239317686e-01 9.999889904102378102e-01 9.999869475287538334e-01
9.999881247028538089e-01 9.999880414222819258e-01 9.999874013112566296e-01 9.999826145529701060e-01 9.999698685695485034e-01 9.999950949172724535e-01 9.999885805539873163e-01 9.999913796022364965e-01 9.999892416922563365e-01 9.999824919816187041e-01
9.999891694936217101e-01 9.999786722657606486e-01 9.999858003255478467e-01 9.999964694787457642e-01 9.999818191226446107e-01 9.999951845187334820e-01 9.999913515173267653e-01 9.999948763739142654e-01 9.999821601128355830e-01 9.999912787861209296e-01
9.999693207393974825e-01 9.999829430575651878e-01 9.999884887793299981e-01 9.999878645711050007e-01 9.999913724347292421e-01 9.999818871250322205e-01 9.999873430574753863e-01 9.999899656034320072e-01 9.999847549178089157e-01 9.999868550620358842e-01
9.999433115866737110e-01 9.999778241792670608e-01 9.999870907269273745e-01 9.999911023950043276e-01 9.999858081434894741e-01 9.999951136116658201e-01 9.999685219417995263e-01 9.999962709046579246e-01 9.999902484458021990e-01 9.999879402767993808e-01
9.999914746313740554e-01 9.999944406136755948e-01 9.999880380635161048e-01 9.999854957364723296e-01 9.999942584063040707e-01 9.999865306422601741e-01 9.999907875396774060e-01 9.999903233687238435e-01 9.999806517685970730e-01 9.999869836410407720e-01
9.999933081663939793e-01 9.999823130588776365e-01 9.999857125881134179e-01 9.999786508340404723e-01 9.999929114752851289e-01 9.999774488942930750e-01 9.999776868152342457e-01 9.999864121847814591e-01 9.999686765360641383e-01 9.999727265336306736e-01
9.999852179411593545e-01 9.999912181269168254e-01 9.999878917843645354e-01 9.999800070245907779e-01 9.999861875009391499e-01 9.999762737869017926e-01 9.999875867635825699e-01 9.999896035100310776e-01 9.999901870181894248e-01 9.999896912386966319e-01
9.999876350343753773e-01 9.999887890654027833e-01 9.999545677049112014e-01 9.999827421004966466e-01 9.999810921411427245e-01 9.999849987205581270e-01 9.999874308329002037e-01 9.999954692155276215e-01 9.999817504733978790e-01 9.999912606341055943e-01
9.999891084473658820e-01 9.999902337841138911e-01 9.999931550383135415e-01 9.999958998772996432e-01 9.999747564604241079e-01 9.999876761907163791e-01 9.999902257985348042e-01 9.999928669812310211e-01 9.999899586531840745e-01 9.999926429527004057e-01
9.999882724892799057e-01 9.999463836829518559e-01 9.999858193033175358e-01 9.999809306885450999e-01 9.999878704896931758e-01 9.999819921529000677e-01 9.999853412694345023e-01 9.999837377183238285e-01 9.999888074429910123e-01 9.999827136070925659e-01
9.999936957559779627e-01 9.999863672864395259e-01 9.999787612493117317e-01 9.999835107091608055e-01 9.999967150681717820e-01 9.999446765130866055e-01 9.999884818233057970e-01 9.999857500273412469e-01 9.999911438204562852e-01 9.999881243662803731e-01
9.999688043316665720e-01 9.999872808591522277e-01 9.999917551772649071e-01 9.999938743307050792e-01 9.999812304075464953e-01 9.999877226590224710e-01 9.999922967359532455e-01 9.999947702963709606e-01 9.999956786313818347e-01 9.999785517066442919e-01
9.999870668161391363e-01 9.999911459697647942e-01 9.999924583185244575e-01 9.999820323952386403e-01 9.999591619444608837e-01 9.999885102364052258e-01 9.999911342370333411e-01 9.999935005693088019e-01 9.999896852687625293e-01 9.999893982616715471e-01
9.999825932020265373e-01 9.999965083419554146e-01 9.999896284453805295e-01 9.999815092071003830e-01 9.999925658836704701e-01 9.999927510201537251e-01 9.999935480772524921e-01 9.999895649299740397e-01 9.999895330922792258e-01 9.999852538499082177e-01
9.999892258647543608e-01 9.999920517726346159e-01 9.999885624558531028e-01 9.999942343100779452e-01 9.999795525735245549e-01 9.999928700525430036e-01 9.999939481231640004e-01 9.999883195369305700e-01 9.999880408752017669e-01 9.999873816696643880e-01
9.999828521005416082e-01 9.999931483738387916e-01 9.999785908923789490e-01 9.999843203877101239e-01 9.999786488804023321e-01 9.999894407409632979e-01 9.999867304334620899e-01 9.999938666078302951e-01 9.999888524517825950e-01 9.999675150771338838e-01
9.999891096154842618e-01 9.999775195819137208e-01 9.999392989918135521e-01 9.999913482771668471e-01 9.999841556808215515e-01 9.999889229055602957e-01 9.999883180738090571e-01 9.999379734264902675e-01 9.999896868622493162e-01 9.999583877256326137e-01
9.999932368239027314e-01 9.999964044182150236e-01 9.999870067223962655e-01 9.999816784244129897e-01 9.999911901181972596e-01 9.999932702417078101e-01 9.999838132803261503e-01 9.999937030348609035e-01 9.999920730308690109e-01 9.999930386509000568e-01
9.999673124664510970e-01 9.999768498353803770e-01 9.999877841617862417e-01 9.999898820838853952e-01 9.999815250435437619e-01 9.999577480870227575e-01 9.999911442771680647e-01 9.999898555411732559e-01 9.999927125308799569e-01 9.999757487013717361e-01
9.999925415011350349e-01 9.999546227519844344e-01 9.999792503740263516e-01 9.999937256992267320e-01 9.999924442861226614e-01 9.999788035939282116e-01 9.999936061468889248e-01 9.999935539567428311e-01 9.999929084374299393e-01 9.999702665012127900e-01
9.999881012795427404e-01 9.999903145455566467e-01 9.999876993576630735e-01 9.999916374349661075e-01 9.999964501661811056e-01 9.999905692711495986e-01 9.999844708087394229e-01 9.999793326373432878e-01 9.999947674590378144e-01 9.999914002442715777e-01
9.999796579659508966e-01 9.999664226560939229e-01 9.999784295325668815e-01 9.999795639096497046e-01 9.999906205786803781e-01 9.999835491067214921e-01 9.999826762106087674e-01 9.999941728199894797e-01 9.999925524529525989e-01 9.999861371314882064e-01
9.999712469524438818e-01 9.999901783916010922e-01 9.999962775864745801e-01 9.999929812901123816e-01 9.999921081432983083e-01 9.999931566628451618e-01 9.999910958811767392e-01 9.999859143747898971e-01 9.999969558200709763e-01 9.999790273281080610e-01
9.999796000694107789e-01 9.998808810017573157e-01 9.999931292645513059e-01 9.999810985803108121e-01 9.999822541561467215e-01 9.999884548017383690e-01 9.999869829615778416e-01 9.999963802571187887e-01 9.999774896692910087e-01 9.999920163432458597e-01
9.999885971254408590e-01 9.999933000592535759e-01 9.999880233785668482e-01 9.999881718319619806e-01 9.999841813741403573e-01 9.999694032528309018e-01 9.999896604209697060e-01 9.999939628159740801e-01 9.999869176066213949e-01 9.999948812038423895e-01
9.999910822711369773e-01 9.999747321606317074e-01 9.999941582195175371e-01 9.999929295497623771e-01 9.999650862681411789e-01 9.999881527896110622e-01 9.999857982084839891e-01 9.999919542649189363e-01 9.999395054412137940e-01 9.999871474621397915e-01
9.999944777429283782e-01 9.999930645955155128e-01 9.999891700205387757e-01 9.999911931996414705e-01 9.999871774854154349e-01 9.999899651632720987e-01 9.999776883016368023e-01 9.999910443777575431e-01 9.999790296770608711e-01 9.999818796532788934e-01
9.999878805993300812e-01 9.999865467010756737e-01 9.999821820442268416e-01 9.999833898507668462e-01 9.999910169621126776e-01 9.999893309061794744e-01 9.999946690589265330e-01 9.999835975165547453e-01 9.999861644683908368e-01 9.999889072718877170e-01
9.999919309662699263e-01 9.999881946943103284e-01 9.999779981430719777e-01 9.999756548805331935e-01 9.999692760767053823e-01 9.999891008842063389e-01 9.999816310326502533e-01 9.999870940299119271e-01 9.999935933451329362e-01 9.999831272302009966e-01
9.999906332083409177e-01 9.999906536772376064e-01 9.999730534010021765e-01 9.999934192442212488e-01 9.999874994224260405e-01 9.999604931849296330e-01 9.999891443590752660e-01 9.999850429559585807e-01 9.999777544181994715e-01 9.999967301598855496e-01
9.999895259207545184e-01 9.999879707617455038e-01 9.999942165688707751e-01 9.999636944395694504e-01 9.999897318306467664e-01 9.999881004483156532e-01 9.999850495905286962e-01 9.999845255458977844e-01 9.999816315868889083e-01 9.999540366320107676e-01
9.999957743574248159e-01 9.999756667932626630e-01 9.999926798988360011e-01 9.999922239715300920e-01 9.999881789880207261e-01 9.999938330257718277e-01 9.999831693966870771e-01 9.999923028915717049e-01 9.999796737145874026e-01 9.999922319512544178e-01
9.999890835233248287e-01 9.999907829690657390e-01 9.999863209727166691e-01 9.999902703961438544e-01 9.999918185384006897e-01 9.999935999994251645e-01 9.999945182833985813e-01 9.999851707121196753e-01 9.999887688224189386e-01 9.999918990478529057e-01
9.999866515545291490e-01 9.999828853928149908e-01 9.999842682719670695e-01 9.999917311904716888e-01 9.999928834169079517e-01 9.999929270380990554e-01 9.999731507999056745e-01 9.999907601611065511e-01 9.999903888705259369e-01 9.999918285204765223e-01
9.999844902889002407e-01 9.999716560098740326e-01 9.999959673585100406e-01 9.999795634228847430e-01 9.999847008620639244e-01 9.999754790385401160e-01 9.999808340157542164e-01 9.998830764094112089e-01 9.999927716088483631e-01 9.999859182927993695e-01
9.999687486210229181e-01 9.999808606129513278e-01 9.999855412746333494e-01 9.999691068243902192e-01 9.999612280532258479e-01 9.999867335175014471e-01 9.999887794348956138e-01 9.999740210253927897e-01 9.999787481605081352e-01 9.999849326582266329e-01
9.999813947989697471e-01 9.999829454115980454e-01 9.999812120243736224e-01 9.999894646202773796e-01 9.999750656067055710e-01 9.999854179263315546e-01 9.999930642124399416e-01 9.999804102372951142e-01 9.999793247718704592e-01 9.999757419626221777e-01
9.999895580712474530e-01 9.999907791052322636e-01 9.999852499596973976e-01 9.999867410204299478e-01 9.999870660259765343e-01 9.999820152478182678e-01 9.999847101898502455e-01 9.999916699911096662e-01 9.999810352164103522e-01 9.999817369755397145e-01
9.999937522377941868e-01 9.999966908263272503e-01 9.999879709842370845e-01 9.999848831100763835e-01 9.999839893611490726e-01 9.999927178518311921e-01 9.999913537294206067e-01 9.999928638880747345e-01 9.999837164950166057e-01 9.999913758089868931e-01
9.999918719733725814e-01 9.999934001344098489e-01 9.999789127685995149e-01 9.999955239249266326e-01 9.999899217342487212e-01 9.999887448881983332e-01 9.996612518235759026e-01 9.999777388240176368e-01 9.999854927368175828e-01 9.999906754256384644e-01
9.999891432752989751e-01 9.999861822009482593e-01 9.999846521110177244e-01 9.999859180427761451e-01 9.999737438290882130e-01 9.999883365826318649e-01 9.999923031873109158e-01 9.999919547409729104e-01 9.999857298971321917e-01 9.999383574364480998e-01
9.999877577185624089e-01 9.999873883734848867e-01 9.999861599832038372e-01 9.999861060388807177e-01 9.999901899513266024e-01 9.999831514193713300e-01 9.999783322189931267e-01 9.999817631636441773e-01 9.999867760516646387e-01 9.999851651230605709e-01
9.999947245026623577e-01 9.999911337760828411e-01 9.999966191706162189e-01 9.999912535373353117e-01 9.999585285407095459e-01 9.999934634258954569e-01 9.999872919201041599e-01 9.999953838834859665e-01 9.999888941855007429e-01 9.999746706366237081e-01
9.999873484995476236e-01 9.999955802316520259e-01 9.999893649995289513e-01 9.999774394515541509e-01 9.999954451818510170e-01 9.999861567670554896e-01 9.999949850832503540e-01 9.999870649355102614e-01 9.999893955197661777e-01 9.999938939313249842e-01
9.999869249240799229e-01 9.999894990051881871e-01 9.999891988277569421e-01 9.999804064580388729e-01 9.999810587188201483e-01 9.999859795205594537e-01 9.999856391511233733e-01 9.999927696022999912e-01 9.999908184037190617e-01 9.999924111694395990e-01
9.999900733522804064e-01 9.999848274619784760e-01 9.999825450324039133e-01 9.999889162518511565e-01 9.999928479220913102e-01 9.999922902308845396e-01 9.999896470653701908e-01 9.999889292893051618e-01 9.999919621346010645e-01 9.999810727106217545e-01
9.999867365532905117e-01 9.999948564988544453e-01 9.999926277357311655e-01 9.999845580734044725e-01 9.999914306342744252e-01 9.999815484569860580e-01 9.999751447604289245e-01 9.999933678354945288e-01 9.999929952839431424e-01 9.999884374357957961e-01
9.999873252680760993e-01 9.999799929051191860e-01 9.999596724549979498e-01 9.999944815053289915e-01 9.999920902080310370e-01 9.999462269305884332e-01 9.999909718362707256e-01 9.999773023127859206e-01 9.999755545387849498e-01 9.999911467396199738e-01
9.999662337914438925e-01 9.999818978142350767e-01 9.999865247140060642e-01 9.999919202590897838e-01 9.999878655746464728e-01 9.999833943521955204e-01 9.999953563000416601e-01 9.999898682263660410e-01 9.999837450391493299e-01 9.999871908870300308e-01
9.999936647516859400e-01 9.999874170723137556e-01 9.999876527816358163e-01 9.999829861632522077e-01 9.999920838166593828e-01 9.999833851343057356e-01 9.999949190255591480e-01 9.999765851568241937e-01 9.999916723798888407e-01 9.999937123868444244e-01
9.999797681643838310e-01 9.999796387668398179e-01 9.999935579789344109e-01 9.999819087369082871e-01 9.999927573523915703e-01 9.999844398079830166e-01 9.999907413317292715e-01 9.999941800734577502e-01 9.999910332883985564e-01 9.999744108014912980e-01
9.999907514679556852e-01 9.999893220500644109e-01 9.999927071242878940e-01 9.999312215643799684e-01 9.999970411810603643e-01 9.999869505939388281e-01 9.999893927598960675e-01 9.999914299516068361e-01 9.999761788218004543e-01 9.999846475419572611e-01
9.999752101820916783e-01 9.999850919533819216e-01 9.999834072020789000e-01 9.999941830736913673e-01 9.999917370536371974e-01 9.999904346416743639e-01 9.999862875929966810e-01 9.999832483856385679e-01 9.999929377525988983e-01 9.999877516502926333e-01
9.999625520312630522e-01 9.999883118631387457e-01 9.999907740309351700e-01 9.999906533988818236e-01 9.999917439346367454e-01 9.999893531543154745e-01 9.999911198626830755e-01 9.999869239600720494e-01 9.999898521646655158e-01 9.999821097775118961e-01
9.999872627193880925e-01 9.999687229695930490e-01 9.999835488101809222e-01 9.999908138251173417e-01 9.999884880055758263e-01 9.999938054883927840e-01 9.999940973139532785e-01 9.999913887103021315e-01 9.999930941635788439e-01 9.999851139475379735e-01
9.999859984680814495e-01 9.999941883678110655e-01 9.999962490044612684e-01 9.999875634328492247e-01 9.999773633783511917e-01 9.999953247579278504e-01 9.999912588098228694e-01 9.999906115179989508e-01 9.999814812815339682e-01 9.999904306495166484e-01
9.999921960144455557e-01 9.999782163994452855e-01 9.999718373721947495e-01 9.999706034810470490e-01 9.999904613432778477e-01 9.999932883356505986e-01 9.999955630923073047e-01 9.999878946130937862e-01 9.999701559159889230e-01 9.999833766728198903e-01
9.999812012073202583e-01 9.999884850329716635e-01 9.999982717656599185e-01 9.999932992699045453e-01 9.999922532378875406e-01 9.999844463270826100e-01 9.999820025890111541e-01 9.999943535219448787e-01 9.999770930240253763e-01 9.999943961087852662e-01
9.999859046176839961e-01 9.999761730182405994e-01 9.999837164316449645e-01 9.999861732642215673e-01 9.999836436848913435e-01 9.999906885703606640e-01 9.999844441745716628e-01 9.999527333474745872e-01 9.999907370660439110e-01 9.999794603386729097e-01
9.999781922002516366e-01 9.999918400754966852e-01 9.999961497263418764e-01 9.999927376720343375e-01 9.999743161496230659e-01 9.999909017143759904e-01 9.999889254853903120e-01 9.999832012421573380e-01 9.999712143029463318e-01 9.999858107933476958e-01
9.999960289877299902e-01 9.999920847952666891e-01 9.999888235731269059e-01 9.999868947690423449e-01 9.999520317003417480e-01 9.999931727434281381e-01 9.999753422266646208e-01 9.999927085293439655e-01 9.999890515282200409e-01 9.999680106105387489e-01
9.999931377065192084e-01 9.999948318374021206e-01 9.999856577247709932e-01 9.999938958619342122e-01 9.999725299617319152e-01 9.999900533737455799e-01 9.999822013691966882e-01 9.999923108974999586e-01 9.999881803973792449e-01 9.999961388800313600e-01
9.999897870461069704e-01 9.999919293598327208e-01 9.999832165080267954e-01 9.999683437467232761e-01 9.999963871316031039e-01 9.999357954071279586e-01 9.999954620516936510e-01 9.999927057133800590e-01 9.999888579740309202e-01 9.999722614490091921e-01
9.999901083985367478e-01 9.999880652097091760e-01 9.999822221381157172e-01 9.999960151429537758e-01 9.999870831551018746e-01 9.999790695048810241e-01 9.999828927171506843e-01 9.999851751838578773e-01 9.999906130891778044e-01 9.999893771662665687e-01
9.999886961296219345e-01 9.999815643429339485e-01 9.999897883880319860e-01 9.999941511586212251e-01 9.999894375900919563e-01 9.999832111966806547e-01 9.999896600560526094e-01 9.999767619474608793e-01 9.999933421187635618e-01 9.999919441575545465e-01
9.999652754863720405e-01 9.999823556300898586e-01 9.999820810019828254e-01 9.999925301365466535e-01 9.999413020183045564e-01 9.999646962197366040e-01 9.999789006484113285e-01 9.999837847346474407e-01 9.999841102119980674e-01 9.999903425938165835e-01
9.999782886045690544e-01 9.999788041610733202e-01 9.999895666592710786e-01 9.999968844139635049e-01 9.999697182766137393e-01 9.999904482250202564e-01 9.999919442505161848e-01 9.999905307075307448e-01 9.999947396440473923e-01 9.999881729905283345e-01
9.999902948178186479e-01 9.999897513158790829e-01 9.999940579899182502e-01 9.999813132997934506e-01 9.999952927936216485e-01 9.999942637879140062e-01 9.999746015854553693e-01 9.999933699080921778e-01 9.999903073624664129e-01 9.999906144423694743e-01
9.999823586864509117e-01 9.999897213480385405e-01 9.999937813239290207e-01 9.999543544697018227e-01 9.999921749903140089e-01 9.999851715268004426e-01 9.999589110770684686e-01 9.999769510250287041e-01 9.999825489024843916e-01 9.999855182416241828e-01
9.999917684525033712e-01 9.999863872238471396e-01 9.999876684869543064e-01 9.999864147584391905e-01 9.999886014162847614e-01 9.999896044197645884e-01 9.999827817905456717e-01 9.999842629522962545e-01 9.999955001621718687e-01 9.999925483974018148e-01
9.999895456248600878e-01 9.999927756501377774e-01 9.999868836100115344e-01 9.999939586038807393e-01 9.999948514753519424e-01 9.999934177244585998e-01 9.999882151151895382e-01 9.999883974741847759e-01 9.999897781182670586e-01 9.999839812347370849e-01
9.999778351206994875e-01 9.999863894268334885e-01 9.999783073498965669e-01 9.999834023506896097e-01 9.999899138927401676e-01 9.999867913662308094e-01 9.999859592333815161e-01 9.999819251400657860e-01 9.999898828054847311e-01 9.999841704140092213e-01
9.999634451253243128e-01 9.999885708723602606e-01 9.999593895768650320e-01 9.999968268584470410e-01 9.999928765253739416e-01 9.999926788931188248e-01 9.999952725345834237e-01 9.999921936343152407e-01 9.999947767731016679e-01 9.999401120807848153e-01
9.999862257282010614e-01 9.999835605161794261e-01 9.999918323374594742e-01 9.999953305739949228e-01 9.999935265818746810e-01 9.999831831208630950e-01 9.999933666319161807e-01 9.999926346960427148e-01 9.999871265073292381e-01 9.999933526018408569e-01
9.999852365536288090e-01 9.999910088449914802e-01 9.999891216764470459e-01 9.999941178734593761e-01 9.999785317130175377e-01 9.999855716928363059e-01 9.999885346630046357e-01 9.999869677266260970e-01 9.999933901741345776e-01 9.999943091030127906e-01
9.999939251004803520e-01 9.999927360653062536e-01 9.999851372114891834e-01 9.999902848632949981e-01 9.999907786665500620e-01 9.999848938351514338e-01 9.999741715246732721e-01 9.999798855490485971e-01 9.999896805531391930e-01 9.999824570163819981e-01
9.999938838772254313e-01 9.999837779179355790e-01 9.999778817378603968e-01 9.999603748548295812e-01 9.999876987726544764e-01 9.999924743060171206e-01 9.999924943731124394e-01 9.999891671003893201e-01 9.999916108938551318e-01 9.999947941337341550e-01
9.999639542707390305e-01 9.999868877919884103e-01 9.999925639634509311e-01 9.999849871623618380e-01 9.999869344019552964e-01 9.999871466140187737e-01 9.999869025571809233e-01 9.999868234546694934e-01 9.999829719650255022e-01 9.999894837897637112e-01
9.999940317011332125e-01 9.999950337320830940e-01 9.999925395317170729e-01 9.999937259902336173e-01 9.999903843933952707e-01 9.999965980487911521e-01 9.999817415898704098e-01 9.999791849992053505e-01 9.999913208770085937e-01 9.999851829487543808e-01
9.998794067939600350e-01 9.999819429374620094e-01 9.999905557541545198e-01 9.999930403017034397e-01 9.999902791357421217e-01 9.999962729854247057e-01 9.999905857403204035e-01 9.999878231589495181e-01 9.999859685317504798e-01 9.999911100768781314e-01
