9.997190768467972832e-01 9.997982592927158185e-01 9.996158116522804171e-01 9.993890204591283632e-01 9.994615791172821728e-01 9.998410946497696683e-01 9.993566485931881793e-01 9.996579161021079685e-01 9.995006320385372289e-01 9.995673867740866303e-01
9.995332488489333533e-01 9.991372661077976280e-01 9.996035784484926801e-01 9.992922158087444995e-01 9.997579930541923288e-01 9.995107467427623016e-01 9.990710167359400096e-01 9.990279494023119877e-01 9.996089321425558616e-01 9.996257035011703040e-01
9.987035913790561770e-01 9.993258467217237540e-01 9.997485696755132878e-01 9.996320317071067940e-01 9.994250674651690147e-01 9.993931171578877004e-01 9.992718047767313871e-01 9.996284544216117451e-01 9.996325449243939065e-01 9.997311931287778952e-01
9.998731347346977438e-01 9.997853624776383841e-01 9.997915684911053980e-01 9.990970246508860120e-01 9.995261244277704460e-01 9.996944038190103132e-01 9.997540614012894178e-01 9.994084782940640954e-01 9.997100581457319945e-01 9.997269978044882599e-01
9.994633234894121365e-01 9.997859379099546251e-01 9.995931923680645426e-01 9.989792072861313210e-01 9.997247268825854016e-01 9.993725273916328478e-01 9.996223344392144439e-01 9.976281551545648218e-01 9.993579059277307719e-01 9.998943581887826948e-01
9.994385762046836819e-01 9.994914671373208437e-01 9.994228058863425801e-01 9.995389420804861036e-01 9.997530134100607313e-01 9.997770018932238267e-01 9.997199405694219276e-01 9.990992351626393209e-01 9.993933272989620198e-01 9.991020619800270453e-01
9.998532691275860973e-01 9.991003178897466253e-01 9.997388033513109340e-01 9.995555408455062407e-01 9.979662941358748984e-01 9.996457081675080847e-01 9.993086036417493379e-01 9.997757800164529529e-01 9.999066320071003933e-01 9.995978256328955647e-01
9.997846970079055096e-01 9.993780570460146784e-01 9.998353719393244798e-01 9.992573644307223280e-01 9.990080189747638784e-01 9.998313096533144595e-01 9.996766292985607150e-01 9.995609455261060816e-01 9.995233034062626087e-01 9.977608249943036300e-01
9.998167186390115591e-01 9.996036927592298893e-01 9.994049657747333670e-01 9.995505109373337138e-01 9.997729177782056498e-01 9.995442022456101361e-01 9.992663254842439891e-01 9.996896534461335859e-01 9.998166396315996129e-01 9.997150959268845671e-01
9.998137607893915479e-01 9.996657045796867314e-01 9.997832394590142613e-01 9.992071137889134702e-01 9.996673542232364928e-01 9.994062689117373388e-01 9.998622487264048342e-01 9.996473468625524106e-01 9.997034578830862328e-01 9.997072882369043567e-01
9.991142036743528854e-01 9.997861470502317216e-01 9.990882581380258198e-01 9.995076667738064247e-01 9.996908023459869508e-01 9.987846400158323368e-01 9.990069235402190273e-01 9.997325760725239707e-01 9.997624740970197932e-01 9.994861369844432186e-01
9.997287893526687341e-01 9.997699938048870694e-01 9.996633544977741037e-01 9.997982042874070663e-01 9.998739099425214549e-01 9.994132693738624340e-01 9.995807070018470908e-01 9.986269696828364850e-01 9.996888945749249356e-01 9.990487494357254139e-01
9.998265595132960204e-01 9.996937109078356531e-01 9.998297011405375967e-01 9.994558640126889326e-01 9.949391926314754553e-01 9.997644842841144630e-01 9.997382069302421792e-01 9.994249054615109706e-01 9.997723204796764573e-01 9.996406151776331406e-01
9.999095091560215032e-01 9.986149818538260226e-01 9.997700613201759845e-01 9.995239320213251677e-01 9.996959004769337964e-01 9.991178924004389117e-01 9.998781055812140384e-01 9.995843964485939814e-01 9.996972760892807175e-01 9.996720253126734068e-01
9.993951611452184247e-01 9.994904296540478850e-01 9.995606111124297755e-01 9.993348263933864439e-01 9.987268360023364711e-01 9.996203674567271102e-01 9.992120772997491462e-01 9.995846863852935194e-01 9.975994571573283398e-01 9.996362831776793856e-01
9.996223428782282650e-01 9.992490382611005639e-01 9.997282923014175759e-01 9.996290314563723856e-01 9.998205739535204195e-01 9.994964448578843585e-01 9.987121652750668988e-01 9.996975407142009162e-01 9.997196186553568564e-01 9.997257840499264026e-01
9.996395743922361632e-01 9.995847584133372710e-01 9.996035452607955341e-01 9.996381288412691246e-01 9.996182446180935655e-01 9.998636211272555752e-01 9.997376717172256066e-01 9.994086043010188547e-01 9.991617180864402759e-01 9.993943063598875742e-01
9.993505289358506349e-01 9.996860457741160166e-01 9.998169138812459389e-01 9.998595551569352535e-01 9.998083467280937109e-01 9.996663072605613820e-01 9.998329201726214865e-01 9.997111154466039595e-01 9.998204663993672803e-01 9.997869022500847080e-01
9.997058201319991566e-01 9.996750845772950367e-01 9.989394854616656660e-01 9.997581407539825049e-01 9.997911343382746008e-01 9.997069948049920329e-01 9.993459730279000697e-01 9.995764556954602753e-01 9.996992075105896047e-01 9.997765678394208155e-01
9.995438834335313993e-01 9.992320612371462518e-01 9.995283606767618734e-01 9.991412988889991631e-01 9.996345779950538413e-01 9.994199449206410124e-01 9.991729175676270502e-01 9.996447380126001203e-01 9.996732982480081020e-01 9.995823603677207458e-01
9.991952059134352471e-01 9.995424366441584274e-01 9.995944958330669206e-01 9.998169353081129973e-01 9.996118104580535846e-01 9.993639574616947074e-01 9.998038504463615528e-01 9.995276564393492658e-01 9.998799198884558148e-01 9.995485532719755595e-01
9.991125755596939051e-01 9.996362595776169258e-01 9.994867279824615203e-01 9.997221655103882831e-01 9.997475883175460654e-01 9.979205902973269371e-01 9.997101524021592134e-01 9.994904953421385185e-01 9.994324495809595588e-01 9.995553254145455035e-01
9.998291330043883596e-01 9.997608782590956533e-01 9.998347718087561287e-01 9.996092398878326790e-01 9.998464668169481095e-01 9.998029902370725308e-01 9.990935510557005239e-01 9.995920458673198672e-01 9.997052592653243863e-01 9.996810763308977554e-01
9.995872916162185096e-01 9.996176286663992494e-01 9.997011165171257874e-01 9.995893998750257081e-01 9.997449605785563298e-01 9.990285980007644895e-01 9.996463997499339671e-01 9.995973260143435901e-01 9.995680303879033168e-01 9.994183285883211365e-01
9.994816620907535087e-01 9.996120216026220806e-01 9.989591124124984622e-01 9.994496293848498247e-01 9.993947303362880064e-01 9.996534025617650476e-01 9.996007260280940221e-01 9.990089512897731838e-01 9.991514125296848681e-01 9.992557122369580824e-01
9.991727721854682942e-01 9.994870508985962410e-01 9.996897361013343808e-01 9.997167699679350150e-01 9.997253051603485208e-01 9.994429004266117689e-01 9.996729082019807366e-01 9.993603483004488419e-01 9.994509735430177066e-01 9.996963274814221201e-01
9.996917141408829810e-01 9.996668810765508839e-01 9.991866530698366722e-01 9.998162962638221796e-01 9.993810674380648740e-01 9.998154872391360470e-01 9.995040366041189062e-01 9.995537946811844376e-01 9.994237848593904294e-01 9.996629559294248901e-01
9.997767533373732585e-01 9.996263114324404064e-01 9.996335190489573641e-01 9.996542193777336882e-01 9.998328340521726032e-01 9.996551968282769707e-01 9.995771120786021147e-01 9.997856446613100356e-01 9.995176875324642829e-01 9.995969629192730244e-01
9.990742579727515116e-01 9.991380067595282410e-01 9.990062142568263415e-01 9.996921993904372972e-01 9.997037823843499815e-01 9.997741445302269492e-01 9.998186268830888679e-01 9.996918623458378450e-01 9.996043869989451602e-01 9.996042059854411965e-01
9.998503358136451302e-01 9.991553764285047157e-01 9.993994816460465280e-01 9.998156144371778131e-01 9.996028843294372246e-01 9.998338491055061006e-01 9.997824227481553194e-01 9.995161471270418430e-01 9.992677929603911435e-01 9.998700769137381927e-01
9.998893948365271678e-01 9.995045707331857709e-01 9.997327708573473526e-01 9.995749823739282780e-01 9.995952618125060196e-01 9.994230666133588903e-01 9.904228960220751166e-01 9.996238686086251768e-01 9.997983389555111788e-01 9.994473641652946716e-01
9.996753978408556840e-01 9.996922826902665538e-01 9.994572577541923630e-01 9.997335244807376009e-01 9.992754071796946524e-01 9.994115284536341237e-01 9.998455543092447106e-01 9.995326276850300395e-01 9.995023614143125901e-01 9.997741852689998598e-01
9.997465175956281591e-01 9.998087295483037984e-01 9.985527858520860667e-01 9.997500539978088074e-01 9.996716171532810113e-01 9.995815758689823305e-01 9.992884179910976883e-01 9.998691836391756516e-01 9.992129500315820589e-01 9.995118023071156710e-01
9.993250716296461222e-01 9.996826417662383335e-01 9.994563127039580719e-01 9.995411426653065812e-01 9.996546388085034707e-01 9.995713797736177630e-01 9.994716567874397661e-01 9.994839076757492391e-01 9.993786826522329525e-01 9.997137220212864994e-01
9.989178681393096060e-01 9.995530161792417490e-01 9.996353772295749618e-01 9.997561516911904755e-01 9.996310726851721506e-01 9.990374814282760862e-01 9.997055051296440675e-01 9.997341329095374984e-01 9.995670255869236742e-01 9.994376251491530194e-01
9.995633450954194421e-01 9.992559737349071547e-01 9.996694103615278992e-01 9.995417003703153114e-01 9.993765984957726500e-01 9.995869063806152033e-01 9.997226863933252883e-01 9.984722486970981636e-01 9.992456203236500523e-01 9.992582720320888345e-01
9.997613433274387118e-01 9.997318444410030480e-01 9.992034698722855879e-01 9.997118631514259057e-01 9.991107390190118176e-01 9.995481575760932769e-01 9.989876756751144837e-01 9.996284945090163632e-01 9.995050233579475529e-01 9.992570630712015456e-01
9.992274873559319204e-01 9.997435680851282092e-01 9.996927399245375545e-01 9.993483123255343381e-01 9.997412054196808118e-01 9.996534278760109693e-01 9.990840797437424703e-01 9.997891446720447162e-01 9.995108222154935884e-01 9.996594949405116504e-01
9.996837169417472913e-01 9.995461328470542917e-01 9.996763407203279606e-01 9.994223894375868777e-01 9.989161956912401275e-01 9.992743154356897861e-01 9.995333929926716321e-01 9.995382447851605123e-01 9.997996396626519511e-01 9.995721819951787213e-01
9.995926283995006933e-01 9.992066559444460205e-01 9.994175030680413352e-01 9.997776508195429512e-01 9.999012657336334708e-01 9.994737202639418783e-01 9.994572392167685448e-01 9.994532585922093482e-01 9.994734075339634094e-01 9.996438326424789134e-01
9.996353711620631355e-01 9.996032226573736690e-01 9.996220127128964128e-01 9.991797879808761440e-01 9.995858342648673567e-01 9.994007304647203327e-01 9.995253118050917429e-01 9.995249394796563713e-01 9.996881512247209889e-01 9.995382656478604133e-01
9.995921334789740209e-01 9.996216585501026541e-01 9.979709846796592787e-01 9.997789773829101057e-01 9.994945430813828580e-01 9.995739878018093938e-01 9.995849278111732517e-01 9.997849757130404802e-01 9.997890467843264517e-01 9.996142964862124725e-01
9.993219696071645730e-01 9.987058935639142598e-01 9.997319535965377701e-01 9.990764880455756947e-01 9.996992803470587940e-01 9.997933957211371236e-01 9.995871403696431345e-01 9.996822393424567021e-01 9.992705425708694467e-01 9.998103225132226601e-01
9.996867633374626472e-01 9.988005641916593014e-01 9.992937964063591805e-01 9.995903001897878948e-01 9.995621342012966926e-01 9.995725116196549909e-01 9.996531801789172444e-01 9.998119866705190706e-01 9.996917856867661989e-01 9.996744142128795030e-01
9.997065933266504612e-01 9.994644664868762574e-01 9.996156097928557971e-01 9.999017538646779446e-01 9.996152700405325220e-01 9.991421884437416967e-01 9.989264540885991472e-01 9.998342433223950110e-01 9.993888923942271241e-01 9.997383552070174817e-01
9.997858464418150071e-01 9.995393299376758023e-01 9.996612604802264102e-01 9.995510513788338214e-01 9.993375624445581806e-01 9.996322534159906015e-01 9.993527253858470738e-01 9.995809627388670959e-01 9.994437614494278144e-01 9.990425308309895946e-01
9.988707567476903249e-01 9.996002849402481072e-01 9.992902820967759503e-01 9.995143998006646990e-01 9.996090657454068662e-01 9.985668237817529880e-01 9.998160746839760415e-01 9.995312602403746416e-01 9.994763354205119521e-01 9.993615792143507592e-01
9.998935020601396051e-01 9.997170634615315521e-01 9.998156308037756679e-01 9.997510864238525752e-01 9.998370772578544230e-01 9.996814925109965833e-01 9.987312134361739924e-01 9.998329615468334319e-01 9.997777281734927524e-01 9.997748116046564215e-01
9.995181706210382044e-01 9.991391593469926002e-01 9.994272881451224944e-01 9.998320369712923039e-01 9.998013990063578937e-01 9.997088872316063357e-01 9.996330946221281266e-01 9.997013011407190897e-01 9.997806566888770563e-01 9.996040788062564575e-01
9.998725857107970683e-01 9.995451639930543752e-01 9.995976519819015360e-01 9.995885080468150941e-01 9.994064612917232804e-01 9.995882949578053234e-01 9.993856277098867036e-01 9.996718451084650736e-01 9.987322506902518437e-01 9.992439198730354022e-01
9.986590821620274783e-01 9.994722697692575153e-01 9.994332995345256432e-01 9.987351948775600174e-01 9.993520624688411180e-01 9.998258917105443677e-01 9.996307672686578494e-01 9.996639140046572614e-01 9.995382245038108016e-01 9.998322981905186646e-01
9.995509444618760897e-01 9.996875317603469702e-01 9.998051974250353746e-01 9.993680570562554211e-01 9.985194957708940500e-01 9.994292925860940313e-01 9.998542677539141721e-01 9.997099092754013760e-01 9.997161543398140893e-01 9.996506194099519238e-01
9.998811653323489423e-01 9.990686577733436380e-01 9.997396824181542518e-01 9.995796513035852815e-01 9.996270759897493141e-01 9.997355068944858703e-01 9.992512021863363403e-01 9.988087811846890762e-01 9.992855155326120231e-01 9.998175130095612317e-01
9.985059046626303392e-01 9.997393693338728626e-01 9.996899700497536845e-01 9.997613802605217481e-01 9.995366801480078944e-01 9.998119315445320732e-01 9.984287549384169846e-01 9.997438256499526776e-01 9.995219955890080055e-01 9.991888171715255229e-01
9.994179767825200900e-01 9.990051675582262147e-01 9.998545278274971748e-01 9.996093730644509678e-01 9.997761709506582939e-01 9.994434679268013877e-01 9.997305487223439036e-01 9.996983686705218641e-01 9.991743093940386178e-01 9.998032104974722278e-01
9.995528869257592763e-01 9.998774426263217219e-01 9.995727320011941197e-01 9.984725202890751827e-01 9.992780861667733827e-01 9.994487912052235634e-01 9.994607943464468569e-01 9.990695690845591281e-01 9.998231613315419208e-01 9.994043864060505600e-01
9.987265041451448555e-01 9.990915074611211866e-01 9.992203980133333996e-01 9.994964996481583430e-01 9.995440671526115706e-01 9.992736099377461656e-01 9.994668513480834404e-01 9.997371855461084644e-01 9.994457035167108039e-01 9.997672452334198656e-01
9.998261951156109939e-01 9.995660497912975950e-01 9.995960314307745787e-01 9.995225160952194710e-01 9.997412264593356079e-01 9.996644430582705132e-01 9.996377816429798946e-01 9.998018880535330943e-01 9.995907995241158916e-01 9.994348249106430604e-01
9.994091437509238229e-01 9.996048858551715988e-01 9.997239088942879714e-01 9.996521876055579625e-01 9.992461409301581776e-01 9.997528738885180788e-01 9.996727847583779525e-01 9.997703612859154543e-01 9.994375998764695179e-01 9.997636675514736115e-01
9.993216178721211485e-01 9.998560873207079647e-01 9.996581819726741980e-01 9.990884642046351516e-01 9.996073879404463458e-01 9.995788226959816392e-01 9.996789143180681014e-01 9.997219934769148164e-01 9.996214267582124169e-01 9.996141510621949777e-01
9.997451492280609031e-01 9.996655241434209138e-01 9.994200452392971723e-01 9.997494729668877644e-01 9.997036062036845916e-01 9.996929959846011515e-01 9.992248121053817211e-01 9.993616589075516865e-01 9.996709792871428801e-01 9.996678359361832467e-01
9.995010298213854449e-01 9.992060368090504019e-01 9.996984995491603465e-01 9.995078237674255295e-01 9.996600070572091434e-01 9.989238982089272412e-01 9.996527251638211986e-01 9.996279560250521667e-01 9.996438373803587796e-01 9.995847514626730046e-01
9.992681266375962323e-01 9.996134316404605702e-01 9.996153383324003494e-01 9.992325964555600626e-01 9.993887118384989776e-01 9.994001330922168691e-01 9.987713742419458418e-01 9.996114200663758220e-01 9.993500598685083336e-01 9.997264697539999245e-01
9.997917039179240462e-01 9.996305611394921131e-01 9.998722017928542982e-01 9.997582573938339490e-01 9.997290503401045081e-01 9.993541117968889331e-01 9.996326832337518731e-01 9.997610123305005203e-01 9.995958002552262078e-01 9.990422327341527131e-01
9.995734655353853970e-01 9.995521627948786847e-01 9.996399352289279117e-01 9.994886944156764486e-01 9.992109724497854062e-01 9.996517280531422855e-01 9.998747926025051136e-01 9.990160928170058741e-01 9.994401242868468094e-01 9.997994749645727763e-01
9.996502580322645937e-01 9.998126842535022263e-01 9.992791111029454276e-01 9.997090779815619443e-01 9.993149344231195830e-01 9.994345434344706902e-01 9.997414920050765597e-01 9.992584572536806764e-01 9.999208714344215432e-01 9.997029698631577643e-01
9.994610683347182611e-01 9.998286967775380507e-01 9.997461371434051003e-01 9.995371117891227453e-01 9.994542764878888708e-01 9.996167400959657945e-01 9.992408140469953848e-01 9.996499233126200368e-01 9.991856426981848838e-01 9.994146609508444135e-01
9.990343844908800008e-01 9.997528268131938844e-01 9.997752039293749116e-01 9.996594761284629538e-01 9.997036777071530711e-01 9.998251292467822404e-01 9.998004765780600378e-01 9.995978473757028970e-01 9.997337250968334477e-01 9.993408627330572225e-01
9.994195472031895955e-01 9.996142983862855713e-01 9.993372703923972811e-01 9.997413663264438366e-01 9.989107088503853538e-01 9.995436406824675935e-01 9.991893947898526918e-01 9.994923754026149298e-01 9.995227377692298409e-01 9.997302899120259490e-01
9.997834055042862378e-01 9.997262881444356486e-01 9.990158498750557614e-01 9.997384964374841365e-01 9.996326368145193042e-01 9.997095760777697793e-01 9.996441154402990747e-01 9.996400244467348317e-01 9.994917654333328461e-01 9.995536742514390394e-01
9.996903071502867277e-01 9.994933912944309329e-01 9.996866205697140240e-01 9.994005021477578854e-01 9.996333333746558747e-01 9.996924738310929426e-01 9.995932243214773472e-01 9.994413754173592235e-01 9.995939276726131251e-01 9.995590167961226902e-01
9.993146782961149777e-01 9.995237064831166141e-01 9.992130662904282756e-01 9.998251806675443332e-01 9.996172766460538206e-01 9.997335235779829521e-01 9.996581854915916887e-01 9.991930808016658005e-01 9.990404636792551418e-01 9.985455883623346462e-01
9.995116705935461754e-01 9.986824670985093855e-01 9.997971458733132533e-01 9.993638471692958269e-01 9.997884718801377524e-01 9.997967836490925242e-01 9.994873619508330975e-01 9.992106509960566596e-01 9.999038163934188539e-01 9.997305001383859357e-01
9.989445143422424067e-01 9.979814648703683178e-01 9.993003916839898748e-01 9.996685517345702543e-01 9.995937350056454118e-01 9.998535942098135676e-01 9.997853137569454596e-01 9.998169498002201783e-01 9.998207706785676718e-01 9.987013570459781775e-01
9.994681603976924844e-01 9.995959637505674733e-01 9.993600908758756285e-01 9.995313720797569523e-01 9.996544212854524547e-01 9.996307783678197723e-01 9.989036715682320100e-01 9.995231709542952148e-01 9.997206738107567991e-01 9.991466842953662386e-01
9.996878193834812798e-01 9.998105202967902949e-01 9.992193818984109743e-01 9.991765279504583042e-01 9.997905382595531076e-01 9.996379890085540509e-01 9.995669391574962814e-01 9.996311719710122556e-01 9.992063302657344659e-01 9.997747420951452746e-01
9.997224615474679110e-01 9.996981244934832755e-01 9.998210249992804943e-01 9.996118578036387037e-01 9.994100006456341223e-01 9.981986968440467178e-01 9.997468797832486098e-01 9.992634773566757556e-01 9.994386502014470652e-01 9.994956446381539905e-01
9.994788388001237811e-01 9.996826685148993974e-01 9.980095546223827219e-01 9.995835388720680781e-01 9.992224236978914931e-01 9.995895276097636062e-01 9.992821468978547728e-01 9.998004319203740442e-01 9.996465832553944608e-01 9.996876049375438278e-01
9.996604202770105196e-01 9.993998320115446976e-01 9.997204687972672810e-01 9.991494250027037616e-01 9.996542931129619447e-01 9.994794769975109405e-01 9.997523407827689779e-01 9.996780087921728342e-01 9.995185038148981516e-01 9.998918995781596042e-01
9.995964161220571853e-01 9.996053934848704303e-01 9.995430564755741765e-01 9.990956078584523059e-01 9.997095541207049463e-01 9.991909138116096267e-01 9.998018705958838792e-01 9.994374911661673133e-01 9.997174873251438720e-01 9.992439364539816848e-01
9.997731880484839184e-01 9.994877949988595356e-01 9.985399888429509208e-01 9.992013250547867598e-01 9.990420310429467543e-01 9.988383382422951762e-01 9.996836056834010886e-01 9.994703429000697525e-01 9.997102149347290023e-01 9.995002270336780237e-01
9.996314092640828930e-01 9.993631517356355021e-01 9.993442210307551532e-01 9.997509786657624575e-01 9.997102277066676201e-01 9.991927827230251413e-01 9.996860884062386265e-01 9.993858991280510917e-01 9.990724392372561935e-01 9.996918020907250568e-01
9.993963522566063906e-01 9.975727570322443505e-01 9.997895218312883303e-01 9.995856188940185350e-01 9.997468977601314810e-01 9.997666322064149291e-01 9.995964504557427466e-01 9.993958053798407404e-01 9.995338642781601557e-01 9.994559612846503072e-01
9.994239488617663314e-01 9.996398612814905160e-01 9.982365249664103546e-01 9.995265609831929243e-01 9.995306049079702992e-01 9.997666362305281940e-01 9.995801824188021989e-01 9.995695692167922974e-01 9.989531858439800738e-01 9.996266146917908157e-01
9.997266018501262952e-01 9.997326647180507786e-01 9.995291542140135599e-01 9.994873022289763043e-01 9.995024353064787537e-01 9.995806124989181640e-01 9.996837303395403884e-01 9.995490521237552217e-01 9.997583415866474477e-01 9.997131877334196615e-01
9.992771698066776898e-01 9.990925505923337058e-01 9.997138214125587119e-01 9.992876106733836750e-01 9.997044373650548765e-01 9.995519242557072692e-01 9.996740901444020055e-01 9.989426460006681774e-01 9.993425987832799118e-01 9.996942347485304747e-01
9.994576693030637893e-01 9.997385153170484928e-01 9.994105762927596448e-01 9.994063632789992324e-01 9.997917181842540524e-01 9.995661532026167695e-01 9.997093510305602448e-01 9.994441276704812971e-01 9.995998425669895271e-01 9.999012672350473530e-01
9.997986291434092232e-01 9.989289001766992193e-01 9.995062866432058435e-01 9.995803709672269610e-01 9.991158004962126249e-01 9.992690201424631047e-01 9.992237818631254376e-01 9.995281395716558714e-01 9.997042017703285932e-01 9.996414664311517040e-01
9.997759097439478104e-01 9.998012825129616310e-01 9.995174108917986855e-01 9.997236319215282441e-01 9.999382954153593905e-01 9.994425072224131235e-01 9.996663660410451957e-01 9.995012305225537963e-01 9.997546741667906467e-01 9.992040479939469089e-01
9.998419864812849722e-01 9.995821820542222236e-01 9.997094415495234587e-01 9.995444419613994658e-01 9.997571130134779160e-01 9.997590778966055636e-01 9.998284648952727727e-01 9.995133428142211063e-01 9.992627580871913384e-01 9.996984330885019254e-01
9.996629357019358730e-01 9.984792305384677658e-01 9.998481226209328110e-01 9.997458745452825202e-01 9.997593986247091946e-01 9.998029686600146126e-01 9.993735973833826058e-01 9.996619036499346800e-01 9.990246743645329053e-01 9.997083669833346509e-01
9.994600651393104052e-01 9.996870257872079168e-01 9.993498881371949416e-01 9.997552193079831673e-01 9.997639537114665353e-01 9.998787762442480354e-01 9.997080853160374980e-01 9.997569134745580843e-01 9.997984942450480750e-01 9.997679426365799760e-01
9.998141223428070878e-01 9.997909746026663047e-01 9.996820966981667667e-01 9.998566521852801925e-01 9.996214714505263776e-01 9.997568544165668092e-01 9.998176470052122511e-01 9.998044775955032826e-01 9.994978202997674144e-01 9.998041913136408443e-01
9.996276438740671066e-01 9.995257578150733568e-01 9.996501128304290384e-01 9.997975941410214284e-01 9.997676974514452253e-01 9.993065124949143119e-01 9.998485716562849346e-01 9.994344377018632430e-01 9.995489684730768376e-01 9.997967175180190180e-01
9.997487298772048669e-01 9.998388059333720435e-01 9.997436288999871357e-01 9.982219116727849562e-01 9.993649851404518003e-01 9.997532245921213478e-01 9.996499037928022746e-01 9.998000365971958514e-01 9.994971450571858984e-01 9.957785558404810278e-01
9.992104570399104047e-01 9.997081583446225661e-01 9.997907938431690456e-01 9.997190796662183132e-01 9.994851135250263363e-01 9.996874252370168135e-01 9.995029376487156725e-01 9.992857854419094910e-01 9.994040283152512139e-01 9.998535882237400418e-01
9.993965226423873194e-01 9.995954326807181545e-01 9.987602970490762067e-01 9.996676851185809509e-01 9.996698257652789632e-01 9.993388315590469029e-01 9.976447734948103996e-01 9.995173594026057762e-01 9.991821251049963770e-01 9.996074837072198571e-01
9.995736770294213480e-01 9.993808263328951558e-01 9.996379916153622647e-01 9.994216813477385664e-01 9.996601071821566986e-01 9.992120075856443240e-01 9.994185468240539549e-01 9.990386926870747919e-01 9.987953736017294304e-01 9.996668163388620076e-01
9.995749712898127637e-01 9.996526885390791817e-01 9.995147526784539105e-01 9.995171608370594374e-01 9.995191370628769834e-01 9.986078945912533200e-01 9.996778492300751884e-01 9.996834612016540778e-01 9.997321190262353774e-01 9.994400637438906054e-01
9.996462050118877229e-01 9.996637856923497045e-01 9.996600627103041647e-01 9.997119859670116071e-01 9.992887846191561563e-01 9.996675206100763544e-01 9.992374721176502383e-01 9.990859710962092244e-01 9.997215565235905155e-01 9.958803982839514735e-01
