9.999072939154298734e-01 9.999020256223910552e-01 9.999013889431345170e-01 9.999203294842563539e-01 9.999084086153103845e-01 9.999165252951548455e-01 9.999118625189421516e-01 9.999086445219609320e-01 9.999143151210367897e-01 9.999192953271034412e-01
9.999203689647835347e-01 9.999208166618049898e-01 9.998784812865472160e-01 9.999065699860874012e-01 9.999174766776055545e-01 9.999350779633423558e-01 9.999130013196165789e-01 9.998836680421163692e-01 9.999235370675362278e-01 9.998880133641694368e-01
9.999197934533403664e-01 9.999131029382141156e-01 9.998927971338684717e-01 9.999116743651962347e-01 9.999008239149164146e-01 9.999002614138482459e-01 9.999024408961789678e-01 9.999125875840786382e-01 9.999311397765883180e-01 9.999147481070247423e-01
9.998886306416399083e-01 9.999177702515422705e-01 9.999140036119550379e-01 9.999080454004997121e-01 9.999031765206036759e-01 9.999025655575058957e-01 9.998894550649768398e-01 9.999087628315397325e-01 9.999235029824533605e-01 9.998985385447157759e-01
9.999144015882888148e-01 9.999143074889499383e-01 9.999194441072077888e-01 9.999145505383288945e-01 9.999153750612447267e-01 9.999207691803567721e-01 9.999068173931205950e-01 9.999241368240727734e-01 9.999046772892676849e-01 9.999076566054118098e-01
9.999089656506616741e-01 9.999156378721260063e-01 9.999104575832672426e-01 9.999138645107742418e-01 9.998928704694453051e-01 9.999217035623554350e-01 9.999097944584448561e-01 9.999230635198594896e-01 9.999287117816207937e-01 9.999106074074363137e-01
9.998934865399750072e-01 9.999071008952333806e-01 9.999192757184229841e-01 9.999226637916793781e-01 9.999305887539555737e-01 9.999196454203641560e-01 9.999148532505819365e-01 9.999184164760709370e-01 9.998983655368370860e-01 9.999263648407776817e-01
9.999180513797790715e-01 9.999117916298895237e-01 9.999314039866262771e-01 9.999228676174611863e-01 9.999248838617351698e-01 9.999142399082858734e-01 9.999312894881214886e-01 9.999177169553380429e-01 9.999041960577893517e-01 9.999086155558665201e-01
9.998954635443956240e-01 9.999201091199555469e-01 9.999208640950275617e-01 9.999227806407121610e-01 9.999127428243682614e-01 9.999375848911455922e-01 9.999168708379695403e-01 9.998959329977286092e-01 9.999221276139338421e-01 9.999129961618138385e-01
9.999130722855085196e-01 9.999154218072147104e-01 9.998269331585755149e-01 9.998898931474481389e-01 9.999144838489134601e-01 9.999110214392178397e-01 9.999164446773115555e-01 9.999189091663193141e-01 9.998804372187458656e-01 9.999181106205323744e-01
9.998966821851635878e-01 9.999177595390302820e-01 9.999014715798063557e-01 9.998990844188480054e-01 9.998886465388413525e-01 9.999082505116054786e-01 9.999209355721366821e-01 9.998934428867558566e-01 9.999117227451772560e-01 9.999214203809292378e-01
9.999123985616795718e-01 9.999278464229938157e-01 9.999188962194767161e-01 9.999098866777296202e-01 9.999180323641776447e-01 9.999155142329695378e-01 9.998825983260911654e-01 9.999239849263423796e-01 9.999176209348932254e-01 9.999175192294562642e-01
9.999034801506608838e-01 9.999093775253505845e-01 9.999168952375241393e-01 9.999074560652202459e-01 9.999209167370332052e-01 9.998915678596186352e-01 9.999217285023036528e-01 9.999014975053481802e-01 9.998926729928118151e-01 9.999063800105348898e-01
9.999167864825723173e-01 9.999037172019785702e-01 9.999295900680533755e-01 9.999065501999212513e-01 9.999215723486672980e-01 9.998870582872178003e-01 9.999061322008591102e-01 9.998996934950570292e-01 9.999086307904196946e-01 9.998952025151399692e-01
9.999307399041330591e-01 9.999249479401177698e-01 9.999115149028974248e-01 9.999064226705952629e-01 9.999100392570239304e-01 9.998911313656354549e-01 9.999271527119396596e-01 9.999110588466716409e-01 9.999086238147639749e-01 9.999351884031887350e-01
9.999070899704264326e-01 9.998889080312763911e-01 9.999003288450645233e-01 9.999010434021744498e-01 9.999047542672957478e-01 9.999199975101378257e-01 9.999058012958546016e-01 9.999132238495442859e-01 9.998999156004700906e-01 9.999301763189712977e-01
9.999240949603813711e-01 9.999099063810614751e-01 9.999105663417413581e-01 9.999134430266932716e-01 9.999035045846644820e-01 9.999018548034543930e-01 9.998989278694603300e-01 9.999128348730391691e-01 9.999226068154903890e-01 9.999041109535294902e-01
9.999084310942193410e-01 9.999134362110770891e-01 9.999220047509213005e-01 9.999347134566344275e-01 9.999212811400356449e-01 9.999148654438123618e-01 9.998959859911284997e-01 9.999250798704757415e-01 9.999236924104887292e-01 9.999168444018010637e-01
9.998970643681103221e-01 9.999082047323304412e-01 9.999070136235825856e-01 9.999101937077627955e-01 9.999298220635264300e-01 9.999210693048077303e-01 9.999202953419704665e-01 9.999067812520634480e-01 9.998793839568861364e-01 9.999284386107643030e-01
9.999003781162832949e-01 9.999055230772927461e-01 9.999191847865122051e-01 9.999221522550610919e-01 9.999013542491267392e-01 9.999237777570885166e-01 9.999038744681776336e-01 9.999294470503811150e-01 9.999288325867786709e-01 9.999128363901915728e-01
9.999143298416905967e-01 9.999143613497463168e-01 9.999267617783336171e-01 9.999361745231082343e-01 9.999153539665419643e-01 9.999296131267204624e-01 9.999136152691344703e-01 9.998970360533394608e-01 9.998889086739999321e-01 9.999283460897762099e-01
9.999137154599913035e-01 9.999262546257251527e-01 9.999130884500462280e-01 9.999222407594317019e-01 9.998945206711846723e-01 9.999045418160847909e-01 9.999132345368215713e-01 9.998966609328791000e-01 9.999177352669356145e-01 9.999040716562790365e-01
9.999119165930785424e-01 9.999050300503012911e-01 9.999220248456744953e-01 9.999171802146928911e-01 9.999103465364554966e-01 9.999102649397566545e-01 9.998977453993553866e-01 9.999308362968621910e-01 9.999302038172881435e-01 9.999093839529238359e-01
9.998960212444368834e-01 9.999232233467930664e-01 9.999112199188623373e-01 9.999197091080741506e-01 9.998961125955362350e-01 9.998911327168311658e-01 9.998833945982742444e-01 9.999045456681825428e-01 9.999201846605582089e-01 9.999172701144625197e-01
9.999123895677153318e-01 9.999081053336481562e-01 9.999087755776622233e-01 9.998718697373647490e-01 9.999099110199755058e-01 9.999118157570757726e-01 9.999169648161567725e-01 9.999071604194700313e-01 9.999272853572279685e-01 9.998930364724717412e-01
9.999217794550683269e-01 9.999119865100054572e-01 9.999178688802481396e-01 9.999060708384418517e-01 9.999154240471062050e-01 9.998944434262893033e-01 9.999125550344777347e-01 9.999163050082253701e-01 9.999269734662298292e-01 9.999160236511728250e-01
9.998886617340230210e-01 9.999259620649263436e-01 9.999053792251711981e-01 9.999254871476164208e-01 9.999218812541670331e-01 9.999126373653893785e-01 9.999322425971982620e-01 9.999104671699193814e-01 9.999297915179655716e-01 9.999190844167976655e-01
9.999095999991906014e-01 9.999015867650129508e-01 9.999164094083072829e-01 9.999057268063362702e-01 9.999112994726747639e-01 9.999061262299875352e-01 9.999307071979253170e-01 9.999148711758056862e-01 9.999265051953919459e-01 9.999199677026272548e-01
9.999232549440262297e-01 9.999203832669664171e-01 9.999023249218795817e-01 9.998987767089778655e-01 9.998911791364297752e-01 9.999060342118445410e-01 9.999303887430174287e-01 9.999206409348094793e-01 9.998904278748417251e-01 9.999195589108627047e-01
9.999181739885136810e-01 9.999158770908876948e-01 9.999161853752804863e-01 9.999094891953170805e-01 9.998901005507837558e-01 9.998989065599329651e-01 9.999126657092869408e-01 9.999237608085531637e-01 9.999156338409000977e-01 9.999251457347765326e-01
9.998998040984673485e-01 9.999241510378857889e-01 9.999097738475091202e-01 9.999252060703731626e-01 9.999077038283064045e-01 9.999306821232495368e-01 9.999000874578912734e-01 9.998792631067776604e-01 9.999103569930848368e-01 9.999071756278388179e-01
9.999123240039330396e-01 9.999109901455562888e-01 9.999131858466125955e-01 9.999069958455597540e-01 9.999066410332347887e-01 9.999186635536376766e-01 9.999354053118870711e-01 9.999161542644237066e-01 9.999123867665973275e-01 9.999223192192119303e-01
9.999333004802020142e-01 9.999155369469011623e-01 9.999098310364437081e-01 9.999045337249655718e-01 9.999264886466282531e-01 9.999371005265820234e-01 9.999174356496475236e-01 9.999036494223652038e-01 9.999079323581988588e-01 9.999111328538661247e-01
9.999351041109467708e-01 9.999147740055609468e-01 9.999206285196634569e-01 9.999153847390610528e-01 9.999203662033432360e-01 9.999145902449186885e-01 9.999153102831430662e-01 9.999067646160598732e-01 9.999254125255161441e-01 9.998885823887974089e-01
9.999216208511827464e-01 9.999174915967677935e-01 9.999151805092385548e-01 9.998980828067074444e-01 9.999226810070542815e-01 9.999202965751431416e-01 9.999150758779227210e-01 9.999091165680206172e-01 9.999249171745447917e-01 9.999164521707210040e-01
9.999029882879805209e-01 9.999159936979545860e-01 9.999328156234045251e-01 9.999194064815447591e-01 9.999049430796628224e-01 9.999073700994250968e-01 9.999104314379029246e-01 9.999146519176451697e-01 9.999052490885498301e-01 9.999163246456894694e-01
9.999416426252590862e-01 9.999099207165448311e-01 9.999058908220679331e-01 9.999021885183432268e-01 9.999232222836228479e-01 9.999139458793465662e-01 9.999099250028113950e-01 9.999122262224854341e-01 9.999004206189796573e-01 9.999057554209049847e-01
9.999228169309410941e-01 9.999294662411295498e-01 9.999233407227609005e-01 9.999147402417130071e-01 9.999205226146449244e-01 9.999146796416594762e-01 9.999027811173766267e-01 9.998936380316083561e-01 9.999330106930253148e-01 9.999311835224120593e-01
9.999238831104731995e-01 9.999100550378299257e-01 9.999036274580568318e-01 9.999118153655381924e-01 9.999274111859217662e-01 9.999392729957348180e-01 9.999209832656720254e-01 9.999173328411544714e-01 9.999098294797758024e-01 9.999292057756878904e-01
9.999193400837276258e-01 9.999192321564731589e-01 9.999086667530270311e-01 9.999043953555485365e-01 9.998936377465081904e-01 9.999291266622297725e-01 9.999074486770181958e-01 9.999427982099752255e-01 9.998929032205111644e-01 9.999114118503985571e-01
9.999019845878565071e-01 9.998790385093441202e-01 9.999132636405403396e-01 9.999236454217960146e-01 9.999330833487319881e-01 9.999142289929637828e-01 9.999228374034613287e-01 9.998911273214570183e-01 9.999035799687276960e-01 9.999159018239301977e-01
9.998918033142996098e-01 9.999029733287654320e-01 9.999113775657458847e-01 9.999120118256936696e-01 9.999011148256643500e-01 9.999153334977167740e-01 9.999261880713803397e-01 9.999101957057323631e-01 9.999230343717089298e-01 9.999076839762176538e-01
9.999064270039005331e-01 9.999175424894067854e-01 9.998821765414787066e-01 9.998974635266074662e-01 9.999321173513021632e-01 9.999094775008763314e-01 9.999092224071585155e-01 9.998894920998495639e-01 9.999161316864516591e-01 9.999178159287294143e-01
9.999142352169464454e-01 9.999334499772573048e-01 9.999072097472891940e-01 9.999033487880216731e-01 9.998869039268645231e-01 9.999092377593971070e-01 9.999226110580314852e-01 9.999085325326838580e-01 9.998807431560011727e-01 9.999251902017725069e-01
9.999261731860978886e-01 9.999290050263475171e-01 9.999240992456491783e-01 9.999194205621286802e-01 9.999134616893207150e-01 9.999042194086268376e-01 9.999273784743144544e-01 9.999191397097239031e-01 9.999254665413846999e-01 9.999306734044245415e-01
9.998948941918186506e-01 9.999075715183131097e-01 9.999253680056088278e-01 9.998997209671007802e-01 9.999135268770539264e-01 9.999196163056953690e-01 9.998782288631776760e-01 9.998990942202771182e-01 9.999179330486428485e-01 9.999302918440509114e-01
9.999206460045442224e-01 9.999324200784478478e-01 9.999122266471752729e-01 9.999064174979952480e-01 9.999054524873082217e-01 9.999261549869947752e-01 9.999325551535432899e-01 9.999067533463605884e-01 9.999078668350412924e-01 9.998941560029706022e-01
9.998949630782822950e-01 9.999072658972772976e-01 9.999021581891237576e-01 9.999167163577848960e-01 9.999021672286831919e-01 9.998991155611496318e-01 9.999013136080115993e-01 9.999154888145809217e-01 9.999202768631939575e-01 9.999220088945131035e-01
9.999353813006846003e-01 9.999158388773590200e-01 9.999180705526675705e-01 9.999052316438612475e-01 9.999115429840275127e-01 9.999202693904482020e-01 9.999086781286997683e-01 9.998864841407091308e-01 9.999172897659892589e-01 9.999275281875668053e-01
9.998986584271913891e-01 9.999115845470067931e-01 9.999228952458460995e-01 9.999075340347060026e-01 9.999069721087371354e-01 9.999252995314221737e-01 9.999186537103355032e-01 9.999049543185526412e-01 9.999318187366565969e-01 9.998810281360819285e-01
9.998975962554856878e-01 9.999207464323477401e-01 9.999058168157137771e-01 9.999040298574868313e-01 9.999040702978020390e-01 9.999260824454778707e-01 9.999080894216076931e-01 9.999151646789730119e-01 9.998940857035345520e-01 9.998949587906126313e-01
9.999149934956103047e-01 9.998762699210357319e-01 9.999200780486986462e-01 9.999442988144864319e-01 9.998936707210734909e-01 9.998969815313211162e-01 9.999129022252801757e-01 9.999022795273666553e-01 9.999231816641852566e-01 9.999156397650349470e-01
9.999211282520472643e-01 9.999318166296230492e-01 9.999114924869787480e-01 9.999241057703206481e-01 9.999314419825144906e-01 9.999281135458345515e-01 9.999242039315155983e-01 9.999158297770460724e-01 9.998969305569364030e-01 9.999022340467853542e-01
9.999244478302211636e-01 9.999107627587373592e-01 9.999289341892028116e-01 9.999089133827805398e-01 9.999042829262568821e-01 9.999142947632643219e-01 9.999244731652700002e-01 9.998992017519859887e-01 9.999366028120797445e-01 9.999286083131804226e-01
9.999273341549829164e-01 9.999260104003457883e-01 9.999073790430181852e-01 9.999147593629390540e-01 9.999104975526161843e-01 9.999226058357530977e-01 9.998876274353161175e-01 9.998999493304719932e-01 9.999209125947530197e-01 9.999016259569720733e-01
9.999196349163786968e-01 9.999164446262933659e-01 9.999108150429166786e-01 9.999201793274219430e-01 9.998892125270382181e-01 9.999067985004140846e-01 9.999203427248556375e-01 9.998910456362033461e-01 9.999095148764273189e-01 9.998972358482567380e-01
9.999016684311370362e-01 9.999223904015125397e-01 9.999071037138995699e-01 9.999094520073082970e-01 9.998906150071168453e-01 9.999189076769824380e-01 9.999322667651183716e-01 9.999259218889643419e-01 9.999109173818293561e-01 9.999116497672877468e-01
9.999238869485453929e-01 9.999123755319884177e-01 9.999210166549841183e-01 9.999030758303821820e-01 9.999112629712284539e-01 9.998880810065957636e-01 9.999089418482247638e-01 9.999119490286533241e-01 9.999193571680347059e-01 9.999214947610055582e-01
9.999181427871463024e-01 9.999285654805412094e-01 9.999174813827474972e-01 9.998985615325141074e-01 9.999216674500562840e-01 9.999091295093420761e-01 9.999133055294346928e-01 9.999306150950278971e-01 9.999100637390445634e-01 9.998934114823743169e-01
9.998936573390976301e-01 9.999133233476860116e-01 9.999080563727106297e-01 9.999102341615008216e-01 9.999095614945686661e-01 9.999005935407030421e-01 9.999161020675441103e-01 9.999199827757196957e-01 9.999132451695623702e-01 9.999131729354183706e-01
9.999087827105461734e-01 9.999016112996239602e-01 9.999028523240571786e-01 9.999204694964722862e-01 9.999010287289056276e-01 9.999097116061129720e-01 9.999296038375697915e-01 9.999232731827292220e-01 9.999120161489204461e-01 9.999057934214802268e-01
9.999112561384392306e-01 9.999070867049761890e-01 9.999074927478383001e-01 9.999176694225316853e-01 9.999232060925848931e-01 9.999176741221860176e-01 9.998932215995726125e-01 9.999132764440289423e-01 9.998979111509368467e-01 9.999285622233347048e-01
9.999295316926966048e-01 9.999150862765812109e-01 9.999133672785587290e-01 9.999221939865440278e-01 9.999049376566759850e-01 9.999072516718608972e-01 9.999079097827298090e-01 9.999072625277243276e-01 9.999029303706533645e-01 9.999109286947427400e-01
9.999180067857532661e-01 9.999054865207818166e-01 9.999203504947727916e-01 9.999359667515040906e-01 9.998920193782752097e-01 9.999213578725519858e-01 9.999022790977777353e-01 9.998980852829465471e-01 9.998996943396114556e-01 9.998798200320390128e-01
9.999186790239479317e-01 9.998987136891407390e-01 9.999139324481892688e-01 9.998901615999390424e-01 9.999082119375731770e-01 9.999357091473399795e-01 9.999021959426087625e-01 9.999112371819677270e-01 9.999049267021590248e-01 9.999060884945620842e-01
9.999090803922918713e-01 9.999306681649736683e-01 9.999215576253035476e-01 9.999055748698895130e-01 9.999107210467318430e-01 9.999189031438099340e-01 9.999098871519122023e-01 9.999086404234902581e-01 9.999042509701702164e-01 9.999095874754748703e-01
9.999097110318292403e-01 9.999127105332014098e-01 9.998956704448932475e-01 9.999207108176980663e-01 9.999002939251372402e-01 9.999145588395045303e-01 9.999156901789689744e-01 9.999032707282772270e-01 9.999088865365782786e-01 9.999123839801654645e-01
9.998971866680742560e-01 9.999078520982367380e-01 9.998904121733066530e-01 9.998973914961377663e-01 9.999075531204028033e-01 9.999119776191781606e-01 9.999193414929989920e-01 9.999063076192805655e-01 9.998923050029943083e-01 9.999145677203831184e-01
9.999120151048529470e-01 9.998867225611371978e-01 9.999219746938745601e-01 9.998966926784440545e-01 9.999061655087123635e-01 9.999048939130379399e-01 9.999064966461745918e-01 9.999164284603206942e-01 9.999266262380868131e-01 9.998876971339391018e-01
9.999079237773379480e-01 9.998888374590546579e-01 9.998972701497020887e-01 9.999133672835991415e-01 9.999098697079511489e-01 9.998814338176215122e-01 9.999182600970853985e-01 9.999221891107321625e-01 9.999174958749784681e-01 9.998928511333580182e-01
9.999300724622945946e-01 9.999058404819963775e-01 9.998946556534511476e-01 9.999377223270754511e-01 9.999172856624054528e-01 9.999113303317438417e-01 9.999186098604528894e-01 9.999105897030879930e-01 9.999076013695230580e-01 9.999349279650219247e-01
9.999021471437544717e-01 9.999149334945388601e-01 9.999024414301057595e-01 9.999070907280678266e-01 9.999129132824127186e-01 9.999224585104337093e-01 9.999203517757631055e-01 9.999214363432592512e-01 9.999177133189107725e-01 9.999092089288688090e-01
9.999281705727475211e-01 9.999032596415634577e-01 9.999088998996066291e-01 9.999255706031654478e-01 9.999165974148825908e-01 9.999148691159005509e-01 9.999261302109726524e-01 9.999011420405754524e-01 9.999183805787092982e-01 9.999035425244076070e-01
9.999128366908663912e-01 9.999141106712112759e-01 9.998942441150303617e-01 9.999036965580214709e-01 9.998865850572474789e-01 9.999201970122656435e-01 9.999271673212319911e-01 9.999261325284660717e-01 9.998967948898033198e-01 9.999089529063079906e-01
9.999171062384983877e-01 9.999129725622847298e-01 9.999259635919711675e-01 9.999215938533525527e-01 9.998967041634903019e-01 9.999023062555361108e-01 9.999191559436261256e-01 9.999367000316855547e-01 9.999083862080918594e-01 9.998891907834442927e-01
9.999124136676376118e-01 9.999068801011776753e-01 9.999216903728055383e-01 9.998953089465403288e-01 9.998823063082000751e-01 9.999055504660603333e-01 9.999296296578424892e-01 9.999179117478068646e-01 9.999164990797867469e-01 9.999031513855005660e-01
9.999066088571915145e-01 9.999321900270916608e-01 9.999094462828286289e-01 9.998909324697863310e-01 9.999190185074626758e-01 9.999085181221791796e-01 9.999324169098827708e-01 9.998994357660843102e-01 9.999128395218581655e-01 9.999137785088151320e-01
9.999226924414209572e-01 9.999156284425125829e-01 9.999058270705786233e-01 9.999220826890587999e-01 9.999295933360563549e-01 9.998915968163774037e-01 9.999236861068724336e-01 9.999141682843689649e-01 9.998987354176411824e-01 9.999063366567424449e-01
9.999127976636736914e-01 9.999287528711164885e-01 9.999239938259213423e-01 9.999171355456992760e-01 9.999215461334785005e-01 9.999116026558391157e-01 9.998977595939665397e-01 9.999072594823765758e-01 9.999226590298757600e-01 9.999200059153403597e-01
9.999138826523866763e-01 9.999241201847419713e-01 9.998939667936341813e-01 9.998804775517330379e-01 9.999346745463286723e-01 9.999065710571516385e-01 9.999062424330809051e-01 9.999299846454735574e-01 9.999364769312012458e-01 9.999182295453767910e-01
9.999207308659541216e-01 9.999189109525911112e-01 9.999155207938006384e-01 9.999028721044544987e-01 9.999324130242399633e-01 9.999063289497945872e-01 9.999074826039043851e-01 9.999205496801876203e-01 9.999000356026750413e-01 9.999088622138381233e-01
9.999183289128789065e-01 9.999227734771953813e-01 9.999112228300705008e-01 9.999233248801505658e-01 9.998972213950676480e-01 9.999086868910082027e-01 9.999132360321801860e-01 9.999028842098446335e-01 9.999195678038592661e-01 9.999228817913184963e-01
9.999152134364206468e-01 9.999266416151127990e-01 9.999153199629566835e-01 9.999087125874666082e-01 9.998914135661218783e-01 9.999326380262217873e-01 9.999035137815296403e-01 9.999092522189728660e-01 9.999131839743766736e-01 9.999378527320010868e-01
9.999251866618185103e-01 9.999215420484526273e-01 9.999188319879592779e-01 9.999165064988132512e-01 9.998933314944939976e-01 9.999253176546916144e-01 9.998971738196870129e-01 9.999216440781437676e-01 9.998989469413489539e-01 9.999025286421754366e-01
9.999010146750122452e-01 9.998901738943896111e-01 9.999001708606635175e-01 9.999152924590111180e-01 9.999098328889516329e-01 9.999230785585339065e-01 9.998980458787005698e-01 9.999291919766282177e-01 9.999316646595858282e-01 9.999121722538080181e-01
9.999085457752636685e-01 9.998966901093014892e-01 9.999137089622963659e-01 9.999146629480634152e-01 9.999222570712580360e-01 9.998968640068008895e-01 9.999251023628141777e-01 9.999153544436312213e-01 9.999251513612661402e-01 9.999008534947673166e-01
9.999192538069663350e-01 9.999144084959091794e-01 9.999214488272820667e-01 9.999075205439077463e-01 9.998825045194059680e-01 9.999036446578254411e-01 9.999062169568162517e-01 9.999224340647386855e-01 9.999066569686995143e-01 9.998754918100574152e-01
9.999393819254500659e-01 9.999075365703841145e-01 9.999088941661494756e-01 9.998855679610624270e-01 9.999194483238186271e-01 9.999170623873594455e-01 9.999122038398708945e-01 9.999248113048586628e-01 9.999312439851312240e-01 9.999238811467243693e-01
9.999182129227422999e-01 9.999129131503510237e-01 9.999037824609279257e-01 9.999014435984550087e-01 9.999131564554994966e-01 9.998985219848629535e-01 9.999060356623671320e-01 9.999241017192121994e-01 9.999070216906216224e-01 9.998985496937382589e-01
9.999271297150319482e-01 9.999171202518659651e-01 9.999225339441709659e-01 9.998889751544688398e-01 9.998980875041409977e-01 9.999108441658750568e-01 9.999215190562192879e-01 9.999074031231796056e-01 9.999041181516835630e-01 9.999295777423268250e-01
9.999146680918460373e-01 9.999137954737542522e-01 9.999137683115134623e-01 9.999198455462985358e-01 9.999014334324450859e-01 9.999266560970370143e-01 9.999061326715698028e-01 9.999189071404980256e-01 9.999006627769978506e-01 9.999328604701860357e-01
9.999128884707642051e-01 9.999081007815943112e-01 9.999202259186514841e-01 9.999131132576453140e-01 9.999127550297568501e-01 9.999112957359999054e-01 9.999101895976908461e-01 9.999184703487117298e-01 9.999079202135322531e-01 9.999191081969784900e-01
9.999144493828394653e-01 9.999086435846391563e-01 9.999161104807715583e-01 9.999103894636928169e-01 9.999046461522618223e-01 9.999154164402179745e-01 9.998867328262440735e-01 9.999121439541288625e-01 9.999292260248331399e-01 9.999292076962346121e-01
9.999261367756505647e-01 9.999202844474106566e-01 9.999250484945593209e-01 9.999000482958902980e-01 9.998960866759110111e-01 9.998999659134933937e-01 9.998896735969102778e-01 9.999300959239627584e-01 9.998978049651517930e-01 9.999249893329242855e-01
9.999180443830999465e-01 9.999162933899385930e-01 9.998875922124834670e-01 9.999195075124538423e-01 9.998885880565161477e-01 9.999030841692022609e-01 9.999038458926027273e-01 9.999001118777267605e-01 9.999250634440840502e-01 9.999283311366211624e-01
9.998967578543755952e-01 9.999185694667688251e-01 9.999237731669500251e-01 9.999033575537168428e-01 9.999054004973413345e-01 9.999169268489556117e-01 9.999010041693071615e-01 9.999012608376175448e-01 9.998999698526289670e-01 9.999072572245023549e-01
9.999121322803790068e-01 9.999043865564998246e-01 9.999084924378087713e-01 9.999079135766577586e-01 9.999004722868664041e-01 9.999126718457143070e-01 9.999068991829429542e-01 9.998977787106432258e-01 9.999099803221379590e-01 9.998874965267073867e-01
9.999151935567789362e-01 9.998928337045879244e-01 9.998883166862533312e-01 9.999177217232888548e-01 9.999108534319400832e-01 9.999087005029859698e-01 9.999220965711308473e-01 9.999243363448517830e-01 9.999107950232685171e-01 9.999124383413393602e-01
9.999112834028089924e-01 9.998813660014169713e-01 9.999149133879665641e-01 9.999236656585932526e-01 9.999175454200218693e-01 9.999279733344735854e-01 9.999195919386941744e-01 9.999194227235443932e-01 9.999180232961564219e-01 9.998916933437050902e-01
9.999247427344176709e-01 9.999173635343335809e-01 9.999137009267111686e-01 9.999148657846373967e-01 9.999093472274661609e-01 9.999302599527289948e-01 9.999118588432036603e-01 9.999054416865996719e-01 9.998982503867693827e-01 9.998941734774793311e-01
