9.968853152560198660e-01 9.959723897220856825e-01 9.987845425899014584e-01 9.986829738005217338e-01 9.980326825436922622e-01 9.977405685275474445e-01 9.983494970942884406e-01 9.963508522293548220e-01 9.945110069592655311e-01 9.983374501779432864e-01
9.992108689976531011e-01 9.951792323844885768e-01 9.961130727815470376e-01 9.515908850836073407e-01 9.962231866544625225e-01 9.965896034927934632e-01 9.951744570432564663e-01 9.984719564806524561e-01 9.968235921066549432e-01 9.975641100163926689e-01
9.986578433896871054e-01 9.985161218455401722e-01 9.964144448221987638e-01 9.982012498594731165e-01 9.976051307116886591e-01 9.918920535399248228e-01 9.983902037997327561e-01 9.977865152353098122e-01 9.969849856786299203e-01 9.964400536971079747e-01
9.977002939422768835e-01 9.970738127389107142e-01 9.968061421658664933e-01 9.970382700981179624e-01 9.959242857442301977e-01 9.924331088004562096e-01 9.953913061173703669e-01 9.966873367433624065e-01 9.980268086187744636e-01 9.968875145030280382e-01
9.976820390068306121e-01 9.984289840389427573e-01 9.979701507456869569e-01 9.952675679920615082e-01 9.956739883518664902e-01 9.939456306200696867e-01 9.951970917382927384e-01 9.983847507553682554e-01 9.958492923366276672e-01 9.990165313200669583e-01
9.976281899440364587e-01 9.977414129031759726e-01 9.956684516816569630e-01 9.981968142752202233e-01 9.977480722719986872e-01 9.978760903301010510e-01 9.970172671894469429e-01 9.982724205469093448e-01 9.980486307784504074e-01 9.976419727012044714e-01
9.983964696536709038e-01 9.971838114260579422e-01 9.971177374037207830e-01 9.946362041176396440e-01 9.993585261950136411e-01 9.429618050987227384e-01 9.957186206402687256e-01 9.968252667560700830e-01 9.935694126302699880e-01 9.952801153901488229e-01
9.954202017539357517e-01 9.969396024884730201e-01 9.984852549817821998e-01 9.983842120356293259e-01 9.900130780321529933e-01 9.940974264470293642e-01 9.989359120308752837e-01 9.989888312425622141e-01 9.961694655519338637e-01 9.983628405642814840e-01
9.985001177859810229e-01 9.882664213373151263e-01 9.972086527434270709e-01 9.968948204702363647e-01 9.908268060693350421e-01 9.978388217472230481e-01 9.963316855893973312e-01 9.983891708296218637e-01 9.983487530105428220e-01 9.854203004515403874e-01
9.982491591168927147e-01 9.943393238384063970e-01 9.632313977450267517e-01 9.989447960824242578e-01 9.957709452011413997e-01 9.982190948315037282e-01 9.806421772492839306e-01 9.956262639153514726e-01 9.986332740122498830e-01 9.810297211446800114e-01
9.972198601196174961e-01 9.900840519408234952e-01 9.952479111503762521e-01 9.986427995004136804e-01 9.988459304856897036e-01 9.980073706532601729e-01 9.951795234915167265e-01 9.985243000308702266e-01 9.964730646658601643e-01 9.974618341356066287e-01
9.987295558455879796e-01 9.983437716724065103e-01 9.987881631936357252e-01 9.940143376484920079e-01 9.980305094300887525e-01 9.905734658331368792e-01 9.941098244972393916e-01 9.980713261307180284e-01 9.961250455768628775e-01 9.921006541428180059e-01
9.979593415935869016e-01 9.931907395856511833e-01 9.988852144407728284e-01 9.946876567762850119e-01 9.979948090354415768e-01 9.980073152002955084e-01 9.988992654928458004e-01 9.859615433693961206e-01 9.989869172575801537e-01 9.980646493322399282e-01
9.992663431792087048e-01 9.982251325105357953e-01 9.992726409601110360e-01 9.960601931551427146e-01 9.951267200178254280e-01 9.989139990062475549e-01 9.991310979039536022e-01 9.977499981610639113e-01 9.990514171175756131e-01 9.960348108119656541e-01
9.989410486390086774e-01 9.983864224681594512e-01 9.991135224654166258e-01 9.949343684653754183e-01 9.922463521347483217e-01 9.988067602738905926e-01 9.985545481703944626e-01 9.966882894709063745e-01 9.993449731105497058e-01 9.819238681164996763e-01
9.881206749316283622e-01 9.981586097026593496e-01 9.957848790356628177e-01 9.898916582478297643e-01 9.948506846645109869e-01 9.995157322777562525e-01 9.994420820613042489e-01 9.964605897623679542e-01 9.992806770054670773e-01 9.953786243714247695e-01
9.979687935910748209e-01 9.951343304111298638e-01 9.970010492443304173e-01 9.959480138902928603e-01 9.945482208355199694e-01 9.840574983918082275e-01 9.985545498798856778e-01 9.982945801676749165e-01 9.971101161311461958e-01 9.983355881458680914e-01
9.944897162411000524e-01 9.981453088977988441e-01 9.977750012412719416e-01 9.973614597389117709e-01 9.978663795898761180e-01 9.960222699053051798e-01 9.973290553335482089e-01 9.968534994634425939e-01 9.983935021165357693e-01 9.987385291990862335e-01
9.859900818953578616e-01 9.981217157529022055e-01 9.915032002083986606e-01 9.982816630895987586e-01 9.988155119018889971e-01 9.949217778076132612e-01 9.985453646759169244e-01 9.974638595130003171e-01 9.878430133848827843e-01 9.990109191283281787e-01
9.985807869227086853e-01 9.547960763780126703e-01 9.970919333394911988e-01 9.982270396098201770e-01 9.909523006590057470e-01 9.933285563384193217e-01 9.971867009812472871e-01 9.989607414530948803e-01 9.940273163859838501e-01 9.943363036841884606e-01
9.966739983080479259e-01 9.986219823679293173e-01 9.957640466054883399e-01 9.985623928038415142e-01 9.949314961085798936e-01 9.980273133922615836e-01 9.963868177685913929e-01 9.957603952476786757e-01 9.982075019402040228e-01 9.981604204037120009e-01
9.992136559582891486e-01 9.910416610532105652e-01 9.966594098868865048e-01 9.965745261848937275e-01 9.992389811660477017e-01 9.986132337922987157e-01 9.933791544821487518e-01 9.979504913041910008e-01 9.983021730381713699e-01 9.972897285665486278e-01
9.980160401669249115e-01 9.907699436688770511e-01 9.966147287373562369e-01 9.985601192011821503e-01 9.985434785303018979e-01 9.968116986938805324e-01 9.984554127372908816e-01 9.955103499801192246e-01 9.975015628071207674e-01 9.950220568373461250e-01
9.976300369086358311e-01 9.951958736630274194e-01 9.982151176612212851e-01 9.984732297776410803e-01 9.971859951817073631e-01 9.987062688223189433e-01 9.893551096611030715e-01 9.980869154550189304e-01 9.974531942797886241e-01 9.973072108026747040e-01
9.976972835992852229e-01 9.984575496657656091e-01 9.979208693722421142e-01 9.988864484753509076e-01 9.989247924646930121e-01 9.993074027656417835e-01 9.924489012988741976e-01 9.983829828214760838e-01 9.992830415657054655e-01 9.985747040037676880e-01
9.942800105253337684e-01 9.988410512405332398e-01 9.976132439041842659e-01 9.978591459788355156e-01 9.980709572848076583e-01 9.949462697580162551e-01 9.984207520867898200e-01 9.981625774369989879e-01 9.984170952661564069e-01 9.984895394304659222e-01
9.979493387908988655e-01 9.973639592742761240e-01 9.974874191525435752e-01 9.979461340680574333e-01 9.970726131328885300e-01 9.950936692205502032e-01 9.977561932584253501e-01 9.986512762107195851e-01 9.943548160820500081e-01 9.984099964359899326e-01
9.954732531026704301e-01 9.963540201364228244e-01 9.985963368868567835e-01 9.984605607434289265e-01 9.955559213407607633e-01 9.975804455184006381e-01 9.990292654403262196e-01 9.969785514878272137e-01 9.985355643856259622e-01 9.983889902901250668e-01
9.967046769925824723e-01 9.970491507216859839e-01 9.952204447562541523e-01 9.964628340497563297e-01 9.969988351027843088e-01 9.947229330144209403e-01 9.938728251942573477e-01 9.874289007758813019e-01 9.944184400734965568e-01 9.956299878978556173e-01
9.836212414853030550e-01 9.970262989232345774e-01 9.982926702007479669e-01 9.988327343339661324e-01 9.980435284001774043e-01 9.977188482135272984e-01 9.962886548445649693e-01 9.975428030657633727e-01 9.971043591535669881e-01 9.979132017056847603e-01
9.926425880739044860e-01 9.947743860238342783e-01 9.888037950052922520e-01 9.978750701089887931e-01 9.987704579056460030e-01 9.985056608728809513e-01 9.987043727811740768e-01 9.972177794305404630e-01 9.977947944118142898e-01 9.940568719655925589e-01
9.991411374869962891e-01 9.990446314533194538e-01 9.988725460534542133e-01 9.983997869863212582e-01 9.961167300048028306e-01 9.946561723435161095e-01 9.958517312524181042e-01 9.990984780282829991e-01 9.950006367570232158e-01 9.984453919896428831e-01
9.977550659604098593e-01 9.979460750399654634e-01 9.948040166774232418e-01 9.952738279931551135e-01 9.969810132074041764e-01 9.946695928642402817e-01 9.989805765457708819e-01 9.975184349891892399e-01 9.814216013945965544e-01 9.988532133656310430e-01
9.952673010519171859e-01 9.960796917203696976e-01 9.988410414770326762e-01 9.991998665549052250e-01 9.983089115013751291e-01 9.943238377162832986e-01 9.969181883375061171e-01 9.939673342540976675e-01 9.978712660540289825e-01 9.967969233199790446e-01
9.969373239495844530e-01 9.960734875742045524e-01 9.976326704214840690e-01 9.986668118447370457e-01 9.983665381993560572e-01 9.922209702912723195e-01 9.992125039530019848e-01 9.973395499698471944e-01 9.975784217132661613e-01 9.945351871802188271e-01
9.931482760012232403e-01 9.929612965083344234e-01 9.959624386806110730e-01 9.936648494340218907e-01 9.835481582752161334e-01 9.990072393542488438e-01 9.962627450366439152e-01 9.990556753778295773e-01 9.952844480981679620e-01 9.987778355634436833e-01
9.981152529429498932e-01 9.923687582246063510e-01 9.990718573876852249e-01 9.957458829310925630e-01 9.989148267170122608e-01 9.943451078562937084e-01 9.973568942567804241e-01 9.911360110443339089e-01 9.953064261913179278e-01 9.952331100443468914e-01
9.972056493633136842e-01 9.978530726429466480e-01 9.978493927164312494e-01 9.923742410695270966e-01 9.969189376256836210e-01 9.943491398484626265e-01 9.972272063075029447e-01 9.968896148920204370e-01 9.976814379311254033e-01 9.989709773575977669e-01
9.961653852927442321e-01 9.976217174351186268e-01 9.891342717876479007e-01 9.959114844115897203e-01 9.984063568750271012e-01 9.976037675989840592e-01 9.976649367530546764e-01 9.984733656991072737e-01 9.971368381251202173e-01 9.896692456532860671e-01
9.978980193508852903e-01 9.993881247959246483e-01 9.971428186159735363e-01 9.982036734403750833e-01 9.971612185375157145e-01 9.965759417457392688e-01 9.949867689886227051e-01 9.961862739019734514e-01 9.970338861263072783e-01 9.971569694415477469e-01
9.990243737956082670e-01 9.981843293430477937e-01 9.982760511179579188e-01 9.988287348750026773e-01 9.951927148396763068e-01 9.982581998275911195e-01 9.946772955386030679e-01 9.984859906526577511e-01 9.979653762949795004e-01 9.963662578518777124e-01
9.988844893917530054e-01 9.990595194857699868e-01 9.985190236699210686e-01 9.884930397206376229e-01 9.944916042540383749e-01 9.951934476862354106e-01 9.933265367550047076e-01 9.957539921174765052e-01 9.961136442498781385e-01 9.995195210594373103e-01
9.910478019320658749e-01 9.976831902300693500e-01 9.962601999114224505e-01 9.983105051515726025e-01 9.964807569265613507e-01 9.970223313378313579e-01 9.976895422919630496e-01 9.979158220472283958e-01 9.966937959913517719e-01 9.753172295445208251e-01
9.962569660906589464e-01 9.964886284419891549e-01 9.979726640879296173e-01 9.971730138126919663e-01 9.993134954750875210e-01 9.965883100639201242e-01 9.953741374411363418e-01 9.992724964886842143e-01 9.991208191541384176e-01 9.974315196838995368e-01
9.988231218727788852e-01 9.974282862279042483e-01 9.990610519204663476e-01 9.917906801012702500e-01 9.976115242790744020e-01 9.977789208838042656e-01 9.985009471620791555e-01 9.986296007820280041e-01 9.979285282126815204e-01 9.960857936218653341e-01
9.985941542816672012e-01 9.992189874718989673e-01 9.985784453855802711e-01 9.832035247511304865e-01 9.939816083459098728e-01 9.960549531641749166e-01 9.971369022423290929e-01 9.984217470058255328e-01 9.898581704098933232e-01 9.954544688961372012e-01
9.991944483014971734e-01 9.956602834625957188e-01 9.990022956099542384e-01 9.976316034743142325e-01 9.992224528284487928e-01 9.979727518628472849e-01 9.945282432992235133e-01 9.964198268847195283e-01 9.919828252070751473e-01 9.955935928673567137e-01
9.979863252624585623e-01 9.990687313021016092e-01 9.975356603885102702e-01 9.979990555390861884e-01 9.967286213040258414e-01 9.966168472918272014e-01 9.981421547292284036e-01 9.956745300995946124e-01 9.979226478955803836e-01 9.984661169906061673e-01
9.967878799084127772e-01 9.980348260804312588e-01 9.993302320910648628e-01 9.988010973552076122e-01 9.977224473502379620e-01 9.938587285131642579e-01 9.979382242456639185e-01 9.816415087920069560e-01 9.981897303245946818e-01 9.970422369912623761e-01
9.992606321210907305e-01 9.980462942930169445e-01 9.965595642597612214e-01 9.992463205309816132e-01 9.903057233846482843e-01 9.983695934673005867e-01 9.982092664460149312e-01 9.974075884115394253e-01 9.971550255127243911e-01 9.940977917313744694e-01
9.979071678223195851e-01 9.981794815644643437e-01 9.974715098560827942e-01 9.851068495349348808e-01 9.951602466358913102e-01 9.983536715710762399e-01 9.971662992510732515e-01 9.978309087211852946e-01 9.964106573068750583e-01 9.987228524107288896e-01
9.943992105257150049e-01 9.974135268210454486e-01 9.939488182798003058e-01 9.926884140001122070e-01 9.981265666661947034e-01 9.984264569293797020e-01 9.964337970176341264e-01 9.982773920383171129e-01 9.917615173021060437e-01 9.981405928634780045e-01
9.982900923201319943e-01 9.938548236703033112e-01 9.927508707575881663e-01 9.965030979358422414e-01 9.961500617686169790e-01 9.973829849535624792e-01 9.988957478348660102e-01 9.984113699939218822e-01 9.967714167861709829e-01 9.986798637579387128e-01
9.915528445427405080e-01 9.978946029738586798e-01 9.977904064188860556e-01 9.950453717465552739e-01 9.987797437488992180e-01 9.971480951093247835e-01 9.975253889920719930e-01 9.986445537335145728e-01 9.971760297491580882e-01 9.953790392151244948e-01
9.987025795171401432e-01 9.985203711138818106e-01 9.984175256615633876e-01 9.963760091830023979e-01 9.950800854115540162e-01 9.949102489191105070e-01 9.990141323632112380e-01 9.978606320549519015e-01 9.984819296932943011e-01 9.977103847621273669e-01
9.992981488456560424e-01 9.977133090301949503e-01 9.971556819077518341e-01 9.981952743213736712e-01 9.973529114498378423e-01 9.991233405356210184e-01 9.980480912366803681e-01 9.969682138678515049e-01 9.952906138741458575e-01 9.949897740209749930e-01
9.915592421911805232e-01 9.954757466788473064e-01 9.981662924655800850e-01 9.993879288577782738e-01 9.987458530964025138e-01 9.968239366225742915e-01 9.980132867168393096e-01 9.938634211132530982e-01 9.956140683219534271e-01 9.955960747467531569e-01
9.987122165844513066e-01 9.961896003183374759e-01 9.972286413846638276e-01 9.986907264382509641e-01 9.987129560114214044e-01 9.860946915594420714e-01 9.950532642402012407e-01 9.992749214129286184e-01 9.984487384923866893e-01 9.967639085602226778e-01
9.971436410842766662e-01 9.984612837002839747e-01 9.876078604694596974e-01 9.979018545658108197e-01 9.979646391080982948e-01 9.947938050456347492e-01 9.963469261700369506e-01 9.983397429629915498e-01 9.982014662239383496e-01 9.980387010979459017e-01
9.976650022085168379e-01 9.961899988553359897e-01 9.961823065218179396e-01 9.968937947431903979e-01 9.984080027647002087e-01 9.979172309350202719e-01 9.917727128135828130e-01 9.986746330973033103e-01 9.950845513156176825e-01 9.940942168942739077e-01
9.991426941067302891e-01 9.990594214022349151e-01 9.982223968340505627e-01 9.939281646566211492e-01 9.985963319322644915e-01 9.976689355987946595e-01 9.984679376561378383e-01 9.963725424337199765e-01 9.902112858651233029e-01 9.941905148928157354e-01
9.985684031186670140e-01 9.981565572463653169e-01 9.912767595458834569e-01 9.978958058983112833e-01 9.987616210889801449e-01 9.967359390210378534e-01 9.984029585963283271e-01 9.988206478139646238e-01 9.979386702912952378e-01 9.980226855625528026e-01
9.974208910735101741e-01 9.965076516148565489e-01 9.921015159084010104e-01 9.974677409095152880e-01 9.969343545356175174e-01 9.989603675101808022e-01 9.972232665890712333e-01 9.963653334575396370e-01 9.972196643174490172e-01 9.977728936551003569e-01
9.970716003937735161e-01 9.986221820687241069e-01 9.972783930215365356e-01 9.934313760796867898e-01 9.993214525221540967e-01 9.908750118218042635e-01 9.980301146097797504e-01 9.985695332093859067e-01 9.975159497336318903e-01 9.960995092031543763e-01
9.973802219814825731e-01 9.977466972021588054e-01 9.964881631521584904e-01 9.974490916570416532e-01 9.981474495339046626e-01 9.971222065737889162e-01 9.961044753143940556e-01 9.983395816716276183e-01 9.954893178567990608e-01 9.979685646707990854e-01
9.991292869395015375e-01 9.934545662749483252e-01 9.975286745141805911e-01 9.983682865802711026e-01 9.976808517536156495e-01 9.967966353216155539e-01 9.924306581765804935e-01 9.978468899192557418e-01 9.960253443801375672e-01 9.954807351950037964e-01
9.990234703827601814e-01 9.965495550755978371e-01 9.941626314937098696e-01 9.963959226625912491e-01 9.978203318478966466e-01 9.995289013790790156e-01 9.984326841564917787e-01 9.966987148201954527e-01 9.969451409859244606e-01 9.976734442444721296e-01
9.980737950583388196e-01 9.986472060133136930e-01 9.981090341319387438e-01 9.957706767375992252e-01 9.960078279202509988e-01 9.990320305596057660e-01 9.978963302811786340e-01 9.987703480140588397e-01 9.847241521592229319e-01 9.944625731750242892e-01
9.965193904726769025e-01 9.945597517779218855e-01 9.975849096156892415e-01 9.971148866204191386e-01 9.972753429339787923e-01 9.958964837966558514e-01 9.969129280088898648e-01 9.989463182345158510e-01 9.987231001738274827e-01 9.986451558937384787e-01
9.970499695663491702e-01 9.988069522855973492e-01 9.942603529127090889e-01 9.962630552492466318e-01 9.871395029159771850e-01 9.987613061263788117e-01 9.977912860424071884e-01 9.976908952494161209e-01 9.978909949643898214e-01 9.975921958830562541e-01
9.959594076984952249e-01 9.984677419714342861e-01 9.971312925850372988e-01 9.987941918544752662e-01 9.985096461904477971e-01 9.981550936184765410e-01 9.946028802090770560e-01 9.889614917235423075e-01 9.983370825069682875e-01 9.844946562749797847e-01
9.983069166572690056e-01 9.982975980207738909e-01 9.960031845130344896e-01 9.984878994000622177e-01 9.977980667238840473e-01 9.954613701856270813e-01 9.867686686990629896e-01 9.977890530661802648e-01 9.970330823034169176e-01 9.943910472164596559e-01
9.928189258400157424e-01 9.987474348729477036e-01 9.987554849915764033e-01 9.951949576914023154e-01 9.987150274212909240e-01 9.986831248920611248e-01 9.972024521994371504e-01 9.978407065784543617e-01 9.949306675050280102e-01 9.989240068450909726e-01
9.965575027085155080e-01 9.988743174314695938e-01 9.986717267863056691e-01 9.991408742001973708e-01 9.957272960172586229e-01 9.964818575215270702e-01 9.961106386445202077e-01 9.952409377193157658e-01 9.946802485710447561e-01 9.942763396281205646e-01
9.968780299456466709e-01 9.978948367247238993e-01 9.987679556205045772e-01 9.976927006512548157e-01 9.989858851443679244e-01 9.985400247338015456e-01 9.979375712745096605e-01 9.989075850080505470e-01 9.970601751085557130e-01 9.960775190423089009e-01
9.959380381456285347e-01 9.975121314177509690e-01 9.991665286939458435e-01 9.970600648488805451e-01 9.972224971714940267e-01 9.921224803167434381e-01 9.971303132232225419e-01 9.961578861380584460e-01 9.983185890656719463e-01 9.992198779410629284e-01
9.991690654608893496e-01 9.985324524214382880e-01 9.983452505657816056e-01 9.991613955638289912e-01 9.971457052576013780e-01 9.918570290399909561e-01 9.948970269096485408e-01 9.989214041083599449e-01 9.979923725196255813e-01 9.992309557711475110e-01
9.971022844168644372e-01 9.978124858694199517e-01 9.968281961381132428e-01 9.877327624094929259e-01 9.949110706040079632e-01 9.929080393505735902e-01 9.958619559811908717e-01 9.959510454421094394e-01 9.984529559249945008e-01 9.976459169594714682e-01
9.989386557709979408e-01 9.992562228005268388e-01 9.986932677150678339e-01 9.967612192832979723e-01 9.974370157487167932e-01 9.975505666788561099e-01 9.978012950134771408e-01 9.966739853048718345e-01 9.895051152336410416e-01 9.963201806456571941e-01
9.986886729261483797e-01 9.944594409840417093e-01 9.974599071588232668e-01 9.960308611381808452e-01 9.928411637818194135e-01 9.908811871210186917e-01 9.955253341620627916e-01 9.955444887642526108e-01 9.967095250056140499e-01 9.963861692072726317e-01
9.966121083818749726e-01 9.981153354464954441e-01 9.990547571260407489e-01 9.985116988485661649e-01 9.976745827745887585e-01 9.988247677177819472e-01 9.953102632182749820e-01 9.935244165314147669e-01 9.986509957612348387e-01 9.979439715624129903e-01
9.966018325743075668e-01 9.956770036786867228e-01 9.985686628954112409e-01 9.958101558806736753e-01 9.967003364584069436e-01 9.972552942317315372e-01 9.970673516742966092e-01 9.955043805875085638e-01 9.977378124367984880e-01 9.963352113978293234e-01
9.990108051137370770e-01 9.952527613399877460e-01 9.988599441922451083e-01 9.989205511262515547e-01 9.973679912831323602e-01 9.847456283865486659e-01 9.981692838753115637e-01 9.977817488775631016e-01 9.965878878517582251e-01 9.971912659974867532e-01
9.981042306465015557e-01 9.924461158262726235e-01 9.967486593128531691e-01 9.972690309137027809e-01 9.984721721148652751e-01 9.948978097895002648e-01 9.983408555915604943e-01 9.945058960012492788e-01 9.984393163225973034e-01 9.990609119932640780e-01
9.972148088717041059e-01 9.975540002258620476e-01 9.989046829483980705e-01 9.929940710894782363e-01 9.988133447199882831e-01 9.887514466426219339e-01 9.895193885333817274e-01 9.980365947831018048e-01 9.963967774101758490e-01 9.974949840203215512e-01
9.984286271008639968e-01 9.985769776120262398e-01 9.974755080124120266e-01 9.951792652132640526e-01 9.949321702700475445e-01 9.924001518553835499e-01 9.963922643446022631e-01 9.781771555242950722e-01 9.980325894675374787e-01 9.966440034269262727e-01
9.904888957326863919e-01 9.977245860796020160e-01 9.904141394070490323e-01 9.882515614273064131e-01 9.943685625563865038e-01 9.962404596088126896e-01 9.935830114108687994e-01 9.985615658549708007e-01 9.968042599591995234e-01 9.977360376629248462e-01
9.910640901547556059e-01 9.980165411317444280e-01 9.982433283961056336e-01 9.986655445664811559e-01 9.925568490209717432e-01 9.909522537103175877e-01 9.982087821069235423e-01 9.985196764368384770e-01 9.971100644214403452e-01 9.957533115992278638e-01
9.928213263343759198e-01 9.989451848568340342e-01 9.978923165992842348e-01 9.987299069971627974e-01 9.962022841140728557e-01 9.975693716409474998e-01 9.992959465506427996e-01 9.955007284916133070e-01 9.984000027623435303e-01 9.975019330525090044e-01
9.935162832618646966e-01 9.895153377466868738e-01 9.956004607111290650e-01 9.951560273229216325e-01 9.978057661467474304e-01 9.965004241662447360e-01 9.987701797259761483e-01 9.992530738687854797e-01 9.993144066160188910e-01 9.958498537849067578e-01
9.992761115420946139e-01 9.926357510307808329e-01 9.982516617471249853e-01 9.992394852816989248e-01 9.971617722684741336e-01 9.991568662774859000e-01 9.994929065682867098e-01 9.989085315822698874e-01 9.931092425975197591e-01 9.979211005036158211e-01
9.985320510206037170e-01 9.965220257479373567e-01 9.953158660361861587e-01 9.873417767891387031e-01 9.967053052590898465e-01 9.977084540684703073e-01 9.907568678751498270e-01 9.979976893953621531e-01 9.903923521568086530e-01 9.940823704950790818e-01
9.983320132163086003e-01 9.982139603867731248e-01 9.950492404599696750e-01 9.974093129247612044e-01 9.990305480790553361e-01 9.722866793174682609e-01 9.983282437384586316e-01 9.940101723968032266e-01 9.989775651532090128e-01 9.992871302028523139e-01
9.982479641979027374e-01 9.986625982074538443e-01 9.984984995948577025e-01 9.972874675789961119e-01 9.934432514248924262e-01 9.918105862492833102e-01 9.975517992572934256e-01 9.950989155153735499e-01 9.991859216157726875e-01 9.996492032995908383e-01
9.930004775209889667e-01 9.967248670254291731e-01 9.980779284321082967e-01 9.971209613694898000e-01 9.990442876158869279e-01 9.970034746209903709e-01 9.972967400235315250e-01 9.983187314717202332e-01 9.980491944636636914e-01 9.990828271398246585e-01
9.980481644630462279e-01 9.932569065177745404e-01 9.972299886645351608e-01 9.978586743489658017e-01 9.940933855677279718e-01 9.974645680821189186e-01 9.942033466538202635e-01 9.948104719304107224e-01 9.890538144397954534e-01 9.961537348073826736e-01
9.975501227525858106e-01 9.986491396308156965e-01 9.939437257704881734e-01 9.970867754181288456e-01 9.972655963978851457e-01 9.948346781469560307e-01 9.985920179752697523e-01 9.958560150428225066e-01 9.969529302494579692e-01 9.976868695152768529e-01
9.954967006723143275e-01 9.983253855420880507e-01 9.963748362752035126e-01 9.967203614434736458e-01 9.975770902093052950e-01 9.966350744022968167e-01 9.933727542736531246e-01 9.940396418856822791e-01 9.966790749499440105e-01 9.946161498441441484e-01
9.990587197799158936e-01 9.911415006726812527e-01 9.983077883971318567e-01 9.943215031912147062e-01 9.905463557959112153e-01 9.989860992402483930e-01 9.987239535511174271e-01 9.964086660100003323e-01 9.950943539879212318e-01 9.962079002230659341e-01
9.987036789813699134e-01 9.985429228246394118e-01 9.976438689789032255e-01 9.983428435671680701e-01 9.977690844521983626e-01 9.891358248108246265e-01 9.972552024295781026e-01 9.973997118399129391e-01 9.992941404985734577e-01 9.988985250284062589e-01
