9.987933974158275108e-01 9.993726022272046983e-01 9.991031324403719660e-01 9.993486042347636822e-01 9.990000823130658070e-01 9.989564005320378248e-01 9.991687020979010958e-01 9.992576585221861762e-01 9.988985257382102523e-01 9.989921017156506711e-01
9.991279940246498015e-01 9.987984838039659641e-01 9.992130177253817358e-01 9.990416295171818950e-01 9.991223604616779053e-01 9.989632808414550258e-01 9.990344106005207836e-01 9.988880619589974863e-01 9.986354986801068145e-01 9.990835622714099307e-01
9.992689528598082127e-01 9.987577368145841294e-01 9.991758278239997182e-01 9.991463752048203029e-01 9.990519067573139234e-01 9.990800574745002383e-01 9.989841664913092778e-01 9.989455051718810763e-01 9.989955149406246626e-01 9.987889300455029540e-01
9.989005274661462153e-01 9.992385435418856821e-01 9.989165191811398836e-01 9.991986033319810723e-01 9.992412648753319360e-01 9.988582552841518414e-01 9.989625232318943837e-01 9.991459698974319847e-01 9.991574883104021865e-01 9.987199707309434293e-01
9.993402390614805064e-01 9.991608210712599192e-01 9.991343780968688915e-01 9.987211462085011648e-01 9.988795787042697993e-01 9.991157830700585496e-01 9.990843136123438439e-01 9.990039673386802432e-01 9.989986857739764359e-01 9.987982967574956517e-01
9.984064249043000938e-01 9.991611483538330729e-01 9.990697853218494240e-01 9.988319940701838595e-01 9.982490125876720688e-01 9.989590116451358970e-01 9.991057724530959527e-01 9.991154863575232303e-01 9.992873577995299295e-01 9.987500465939902483e-01
9.983486127192713333e-01 9.990527106127042867e-01 9.991466872757175377e-01 9.987690627134743204e-01 9.990973497063182496e-01 9.989491546311159986e-01 9.989351503491514794e-01 9.989013924312029058e-01 9.989915396226995981e-01 9.990134357809133947e-01
9.993255855908612650e-01 9.992342282868165171e-01 9.991250717916790869e-01 9.990794970890308768e-01 9.990662619904676633e-01 9.990377107589880623e-01 9.991649717747816961e-01 9.988543494592864169e-01 9.989963634382797997e-01 9.991099363028399516e-01
9.991134140366927374e-01 9.990917579746928512e-01 9.993748521011249775e-01 9.771379510630046061e-01 9.991142830179380319e-01 9.986223696824060303e-01 9.991045435755945281e-01 9.988999556448505679e-01 9.991568572259310610e-01 9.991131537876024593e-01
9.991110998410231980e-01 9.989693013199114624e-01 9.987512523972397194e-01 9.993704527139347649e-01 9.988814504403320527e-01 9.990700261680777183e-01 9.990381209083725178e-01 9.989145066161942976e-01 9.992744854876512983e-01 9.985160531746719581e-01
9.991827308287508647e-01 9.990942255631475311e-01 9.990435756409966617e-01 9.991760550527867268e-01 9.991404467530052846e-01 9.990677865366717203e-01 9.991327337062296809e-01 9.986439362457635305e-01 9.826090633351406423e-01 9.992896762942369282e-01
9.990381760338431505e-01 9.988776554519142037e-01 9.984594511893141178e-01 9.990552299681791926e-01 9.991081742342748928e-01 9.991311933557487368e-01 9.990605327266641744e-01 9.918883963709694829e-01 9.988343466591056430e-01 9.990548443990442395e-01
9.990638386173799068e-01 9.990350073324290037e-01 9.989379660403424621e-01 9.988190634792644129e-01 9.988461053272132961e-01 9.993636093358295724e-01 9.990942363080195232e-01 8.240368751439189898e-01 9.993333977818360525e-01 9.991201740355422078e-01
9.990513562164419215e-01 9.990396074537829518e-01 9.989553344643357091e-01 9.991496691900235705e-01 9.990282071128688823e-01 9.990347747355504682e-01 9.990944411861159002e-01 9.990888334724358222e-01 9.989265628188760404e-01 9.991787687480597757e-01
9.986934484880334306e-01 9.990887020994543288e-01 9.990745470057598165e-01 9.989196629921717197e-01 9.988982933431101996e-01 9.991919883188575824e-01 9.987600348880553147e-01 9.988183122431752992e-01 9.990585741483908322e-01 9.992781336847432749e-01
9.992146723670496389e-01 9.992564928235130317e-01 9.992407710592018377e-01 9.989937154552215315e-01 9.990503037451623491e-01 9.991893800046682816e-01 9.992123670574898364e-01 9.991371270371808277e-01 9.991042011104629417e-01 9.986907538824937314e-01
9.990273835185270457e-01 9.990530110702332545e-01 9.988640261002236231e-01 9.991387613517668242e-01 9.989975857192903153e-01 9.991087275902806875e-01 9.992149906527143521e-01 9.992328332937746582e-01 9.991345961089193040e-01 9.989149960971819286e-01
9.988583182041569364e-01 9.991160467338777718e-01 9.986253820002437553e-01 9.991252286187068954e-01 9.991886136660647066e-01 9.989608611755836920e-01 9.989337239820251790e-01 9.992586859885400630e-01 9.991636211143727353e-01 9.988312646144867912e-01
9.982881500832558874e-01 9.986314774099149805e-01 9.987520786461761002e-01 9.991809243979322686e-01 9.991901667697734579e-01 9.990463252050143517e-01 9.990800312400097694e-01 9.988698546977972104e-01 9.991828140767983202e-01 9.794167129757582746e-01
9.990734945423370705e-01 9.992039452943738409e-01 9.990005958761758453e-01 9.990854300286885481e-01 9.990691633050740039e-01 9.992064083655830542e-01 9.990375522604501013e-01 9.882607970176222612e-01 9.989966095565153692e-01 9.989728407089871753e-01
9.991188178229043482e-01 9.991568414122242725e-01 9.991108528809015121e-01 9.990275473633083436e-01 9.990837029570772687e-01 9.989315201391449905e-01 9.992935603866631711e-01 9.987173706333587475e-01 9.991132933696390550e-01 9.991377606262908939e-01
9.992384835174432656e-01 9.991129309038097039e-01 9.990078338893544352e-01 9.987454857999921165e-01 9.988060763900851180e-01 9.988760923800766856e-01 9.981209135124767817e-01 9.989540444604956271e-01 9.546680600334818134e-01 9.990864291154062382e-01
9.990628270661083832e-01 9.990439040017243810e-01 9.992453471350724037e-01 9.986813912643525137e-01 9.985684524308381382e-01 9.985825701150969902e-01 9.988199164821131015e-01 9.990169734512830413e-01 9.979714075280045060e-01 9.992637632764237443e-01
9.990092704197935936e-01 9.991483294864048625e-01 9.991638842041952184e-01 9.990954215008198691e-01 9.981593615687752719e-01 9.991300296764847877e-01 9.989915942428783113e-01 9.989510235031683338e-01 9.988938832906606446e-01 9.988184281656309338e-01
9.988403464511621532e-01 9.992374247223092532e-01 9.992337921167269155e-01 9.990641795580067486e-01 9.988119450341709227e-01 9.672059092346310116e-01 9.990051825128269947e-01 9.993025426122346122e-01 9.991585164024152643e-01 9.988968899853886141e-01
9.987349342943852015e-01 9.991144891814807139e-01 9.990232649700570011e-01 9.993200733194549379e-01 9.989824940726004243e-01 9.978256009211471378e-01 9.991145961204231929e-01 9.992191659501026280e-01 9.991616491341561712e-01 9.990751014036260980e-01
9.991549115515664381e-01 9.991211604211795994e-01 9.991354536217489368e-01 9.992821021785645019e-01 9.988914172869972630e-01 9.993180256648456217e-01 9.990033007672121101e-01 9.990586310144098370e-01 9.991975905603681651e-01 9.993768029250768015e-01
9.989770859408401149e-01 9.986310606825962166e-01 9.990790627721738426e-01 9.979419612363287229e-01 9.992022449243952442e-01 9.991602586552955634e-01 9.991069749214912532e-01 9.991821933867511829e-01 9.988283717754442570e-01 9.989994071880814452e-01
9.989741345628753155e-01 8.482628392638279502e-01 9.974275507305024879e-01 9.990454458015805006e-01 9.968815002775012202e-01 9.988565290450790446e-01 9.988522407449940133e-01 9.990307295883615879e-01 9.990902368112903886e-01 9.991079396603994578e-01
9.991207230396095262e-01 9.990422883638655493e-01 9.990779409148922152e-01 9.988378717713096711e-01 9.991645332787570943e-01 9.989679754755094176e-01 9.988410919488517337e-01 9.988272009571091958e-01 9.986005237912877197e-01 9.991531247945650840e-01
9.989244721147809702e-01 9.991376590324994034e-01 9.990126261374270289e-01 9.987721958551486479e-01 9.991103276681715384e-01 9.986978490143764153e-01 9.989433677845909187e-01 9.985025670597778014e-01 9.990455108333665679e-01 9.992006197209389873e-01
9.991819780362565240e-01 9.991921118575146643e-01 9.991624231305357151e-01 9.991299067807182244e-01 9.992786179620398723e-01 9.990818191703801920e-01 9.992226047550701873e-01 9.990286949451642196e-01 9.989160090262803049e-01 9.991518546989879290e-01
9.989992322997697238e-01 9.991668707565586338e-01 9.990920599830783733e-01 9.990449286613070079e-01 9.991844728583366697e-01 9.990554537243693245e-01 9.991703589784504125e-01 9.989981967094498927e-01 9.990275042026927066e-01 9.988860175562437327e-01
9.992112393020933236e-01 9.991543057233763792e-01 9.990071830583012735e-01 9.990069340369651663e-01 9.991065117913554561e-01 9.990775086253756987e-01 9.991350670464116401e-01 9.991046324979221405e-01 9.990538788840296336e-01 9.992228780820777700e-01
9.989731292712601407e-01 9.991583669225937436e-01 9.990673202719965174e-01 9.989757010511904900e-01 9.990611238589620635e-01 9.990684589082994282e-01 9.991437179113298317e-01 9.991093999685759508e-01 9.991012543698269965e-01 9.986744621228984542e-01
9.991100576082709850e-01 9.988214050742774130e-01 9.988757133022443391e-01 9.989660749855127087e-01 9.992421964393883860e-01 9.992141975721610114e-01 9.992099090697821318e-01 9.989924850399669598e-01 9.989161831216758491e-01 9.988545877410071050e-01
9.991192666204800066e-01 9.988780548317207630e-01 9.992245822309557823e-01 9.990526377354022047e-01 9.990962614229764727e-01 9.989302667752627540e-01 9.990955199877766812e-01 9.990435454026695972e-01 9.982453654802641019e-01 9.992597294053449097e-01
9.990029448091579667e-01 9.988951947095332518e-01 9.991308040907331822e-01 9.989141126760888723e-01 9.989123291115707959e-01 9.990936270955947940e-01 9.982243438909306210e-01 9.991616235641422872e-01 9.983873257114671551e-01 9.991382406484176082e-01
9.990880682250893319e-01 9.990813275236528623e-01 9.990336792257791254e-01 9.991236321377011675e-01 9.990753595659004338e-01 9.987765581317773478e-01 9.985253792397448258e-01 9.989825983143778565e-01 9.991919260964393645e-01 9.990960525925768332e-01
9.990304855533860273e-01 9.991317409657196613e-01 9.992352470396546060e-01 9.990293373623825302e-01 9.990222644377009242e-01 9.989777360191750555e-01 9.988056234772865194e-01 9.989408261614317608e-01 9.989522390613212455e-01 9.990295784165463822e-01
9.989523928355518168e-01 9.986176257074860230e-01 9.992279585413239573e-01 9.989054762854245872e-01 9.990839302716505443e-01 9.989339953568200370e-01 9.990170137428912023e-01 9.988961562615356060e-01 9.992068365465798241e-01 9.985147183462156351e-01
9.990638219915749518e-01 9.991691425311909347e-01 9.987246629014991939e-01 9.992560764203810564e-01 9.991353888196924382e-01 9.991300999810254213e-01 9.987721920165348877e-01 9.992821559362576878e-01 9.991678782358210942e-01 9.991765986826364188e-01
9.990911779895101930e-01 9.988768920765046522e-01 9.989648903418466563e-01 9.990117367754556277e-01 9.989794325101948314e-01 9.990601454460603659e-01 9.987002469053036791e-01 9.990647748072950529e-01 9.992112667364594358e-01 9.990323645237297878e-01
9.991683324066692462e-01 9.991305070006919475e-01 9.991117404391820500e-01 9.992170171334728845e-01 9.991267806574115617e-01 9.990010591077880253e-01 9.991115954411512456e-01 9.989843848510344682e-01 9.987952570283716858e-01 9.991221505278774506e-01
9.986610037454409783e-01 9.993047215719410570e-01 9.989165571510737474e-01 9.993463072322393836e-01 9.991567048786924587e-01 9.989219211125293096e-01 9.985491559270502915e-01 9.990969145886968716e-01 9.990152132330935020e-01 9.980839551483697836e-01
9.987642602732030861e-01 9.993243303254940590e-01 9.990445465589475882e-01 9.991515475072554331e-01 9.989875006115654932e-01 9.990043122745432269e-01 9.990725002694045287e-01 9.991257573630826228e-01 9.988961462243701739e-01 9.987529930161784808e-01
9.989062742008740781e-01 9.989732151386312431e-01 9.991494106410385712e-01 9.989242668021308669e-01 9.989486414220490884e-01 9.990643894802467839e-01 9.990215730154394791e-01 9.991296395644873041e-01 9.992109597102657448e-01 9.990648522358431816e-01
9.990786812127362415e-01 9.989316399475465236e-01 9.992559979129430614e-01 9.989243508152065854e-01 9.988732385580848527e-01 9.989824591638771789e-01 9.990138756745802207e-01 9.990422021207685521e-01 9.988903400861459669e-01 9.992417907202179039e-01
9.987330182996534411e-01 9.989706708439314298e-01 9.988741756622993018e-01 9.987311961625925383e-01 9.991201985458424417e-01 9.992759973747080693e-01 9.990938167226692812e-01 9.992160806348668878e-01 9.987852675686521575e-01 9.990870326310715699e-01
9.989156947088233540e-01 9.990870797896511668e-01 9.990294306686293702e-01 9.991226826399401961e-01 9.989410046296602896e-01 9.990160897091513448e-01 9.990689927936453607e-01 9.991487230057480851e-01 9.992158185631051515e-01 9.991349183347881802e-01
9.992232988051920062e-01 9.993700922699431111e-01 9.994032955843756838e-01 9.992612311440354222e-01 9.981031329572925825e-01 9.991525500459463860e-01 9.990998697936686046e-01 9.991022239813924788e-01 9.991284602789783920e-01 9.991992504960554022e-01
9.989801844498684691e-01 9.993528960360859026e-01 9.990915101396534714e-01 9.986585220173409549e-01 9.984464174657541324e-01 9.989983966692718154e-01 9.986444283245329290e-01 9.990593294961747084e-01 9.895599141782793762e-01 9.991512148403480786e-01
9.989037062824890345e-01 9.989627426778503461e-01 9.987880863810795207e-01 9.992209656605759438e-01 9.987170672733004517e-01 9.990992679890221551e-01 9.989097825358973504e-01 9.991543889699666670e-01 9.991223121158132603e-01 9.990814737768860532e-01
9.992188664794067199e-01 9.990501321211424646e-01 9.991877387134333599e-01 9.990388161004627454e-01 9.990237273891300340e-01 9.991187210216073700e-01 9.991401659428830184e-01 9.991573395772292976e-01 9.989336595678610653e-01 9.991601371172871282e-01
9.993321808280427598e-01 9.992414025292020163e-01 9.990246553918695760e-01 9.989844608417475236e-01 9.990222928410613656e-01 9.991881787817351590e-01 9.991824173323914371e-01 9.988169854374387979e-01 9.991288653526140262e-01 9.992517705719969889e-01
9.990707606022845022e-01 9.990298793597597315e-01 9.981935596585498338e-01 9.991433162373675181e-01 9.989906882023196211e-01 9.991309893260241770e-01 9.992417761891242423e-01 9.990894148359108495e-01 9.989643157313123911e-01 9.988277613841324287e-01
9.992692525017156102e-01 9.985785081974190014e-01 9.990294458274453504e-01 9.988423451018388910e-01 9.992579202886447964e-01 9.991956093840941300e-01 9.991809947518039969e-01 9.992280260388370916e-01 9.989966146470670161e-01 9.991323593994596575e-01
9.991010759976224342e-01 9.349372994268396742e-01 9.982350455811309642e-01 9.989568395790201505e-01 9.990338419740847353e-01 9.990548261547254061e-01 9.990053955345091774e-01 9.992836324748493038e-01 9.991760526724605684e-01 9.991852133276067915e-01
9.993240253354723768e-01 9.990123266265849011e-01 9.989725434628581313e-01 9.792551914478800912e-01 9.987718138866850115e-01 9.985161293003471661e-01 9.524960153594499435e-01 9.989354889947907878e-01 9.990982766538267779e-01 9.988641397007976819e-01
9.990583560636400184e-01 9.989983281459480224e-01 9.990481710644183444e-01 9.993859326254701525e-01 9.993176751367864874e-01 9.990238388974373995e-01 9.991497340951750461e-01 9.989625906732105820e-01 9.991228556323966670e-01 9.990604067809365496e-01
9.989964398725416084e-01 9.991112832899206042e-01 9.989406225441094245e-01 9.992178026730580420e-01 9.869673312562925460e-01 9.991684113877535856e-01 8.946892018353791443e-01 9.989984926064653381e-01 9.988406225953799789e-01 9.990929196173041760e-01
9.991103815433066693e-01 9.988519881114592547e-01 9.989431581158041418e-01 9.989516220355625364e-01 9.989676613377601599e-01 9.987964397052551124e-01 9.989002789278207395e-01 9.993002632126012363e-01 9.991868850341046882e-01 9.988349700138051679e-01
9.990764802177388715e-01 9.990390898972117961e-01 9.990873193921636641e-01 9.990695070185697801e-01 9.989440752933423928e-01 9.987104237052317757e-01 9.990996490529230334e-01 9.990719813983819364e-01 9.990141899078388565e-01 9.991490242850061820e-01
9.989193894047767586e-01 9.991131297980964110e-01 9.990270987714046091e-01 9.991124038848393507e-01 9.991114937817741071e-01 9.991252515494896125e-01 9.991183045257943096e-01 9.988793922772483125e-01 9.991557459539189834e-01 9.992224972031348296e-01
9.986606198200125295e-01 9.990884687757315419e-01 9.983716623037401927e-01 9.990921533602310500e-01 9.990668434993322800e-01 9.991217905317102410e-01 9.990352932988978418e-01 9.991801064104367525e-01 9.990991262331834211e-01 9.990483831740956111e-01
9.975756581180098559e-01 9.990800543215567764e-01 9.973253797176878654e-01 9.988920069935346424e-01 9.990579880353236408e-01 9.992504383440992122e-01 9.992160397465255084e-01 9.913359866303154133e-01 9.991341615589547365e-01 9.980116843382641489e-01
9.990458168525744309e-01 9.993041124301549338e-01 9.992293620140090260e-01 9.989654657193653975e-01 9.989911266724320615e-01 9.990286353734143532e-01 9.991028482895716323e-01 9.991390607610250996e-01 9.990504844091439018e-01 9.989445534458665232e-01
9.989354440348195974e-01 9.981108475987312545e-01 9.979153705881587122e-01 9.991704361908264609e-01 9.113588111336007325e-01 9.990016813744844182e-01 9.992759972431498605e-01 9.987990033648709298e-01 9.990161502554736339e-01 8.521535122071391966e-01
9.991846348285449153e-01 9.991347519417068668e-01 9.993682134385881710e-01 9.991279137321733561e-01 9.991075230389560025e-01 9.990604345053613056e-01 9.991227689911071908e-01 9.989471546544282932e-01 9.991494556579205710e-01 9.990662799406470063e-01
9.991510642784656726e-01 9.989405360222588515e-01 9.988547361904700495e-01 9.989775962820579558e-01 9.561945424976959762e-01 9.990225513926244139e-01 9.991506458870552665e-01 9.990152974536061770e-01 9.989394085501753784e-01 9.987469815962261022e-01
9.986514335977810797e-01 9.989784244117687617e-01 9.916718041444613219e-01 9.991464589164144039e-01 9.988131768702072089e-01 9.990838200031239014e-01 9.989506509780345933e-01 9.990717356093437029e-01 9.988397918179704460e-01 9.986512023129270332e-01
9.991324610848691945e-01 9.990113681622342368e-01 9.988751576183063641e-01 9.989528672653291697e-01 9.989910276469567973e-01 9.984092307696506019e-01 9.992072172261931007e-01 9.993826562435781380e-01 9.991945868152658505e-01 9.991280462520875094e-01
9.989585965205619589e-01 9.987826218290072333e-01 9.988316584546611532e-01 9.991320892313844126e-01 9.992607283960150966e-01 9.934157313696372338e-01 9.760929546948311497e-01 9.986777635939479980e-01 9.989117348990897982e-01 9.990050834845316530e-01
9.989017254833441051e-01 9.988161677995354149e-01 9.992011819580093324e-01 9.959582639489105160e-01 9.992122530893289278e-01 9.975829461080421012e-01 9.989626558030021419e-01 9.988387544386703176e-01 9.992082730393500034e-01 9.992198080269092397e-01
9.989447857464096581e-01 9.989164687771002749e-01 9.990799906284097975e-01 9.987250698816891870e-01 9.991103871097051226e-01 9.992643802514075135e-01 9.991459785060101684e-01 9.992580497408938278e-01 9.987968300365216434e-01 9.985477413931213020e-01
9.990716793659215611e-01 9.987521186570826881e-01 9.988798893176452642e-01 9.991539312508754822e-01 9.989670098484694227e-01 9.984206413773966116e-01 9.989959360846351055e-01 9.991977528806321729e-01 8.575304845347152538e-01 9.991594635624073684e-01
9.991897021989728511e-01 9.989795500437143039e-01 9.990596865733319953e-01 9.992091477548504797e-01 9.990283773368116016e-01 9.991556247746997688e-01 9.990715343837175411e-01 9.992080874354521969e-01 9.991489153916451871e-01 9.990988327689512838e-01
9.989894798962536404e-01 9.989833500617076867e-01 9.989485086063975006e-01 9.989858414559601441e-01 9.988366683135649904e-01 9.990452770564215434e-01 9.990301934280289009e-01 9.987999819622715991e-01 9.989860186089412064e-01 9.988663650915966530e-01
9.989978897392866042e-01 9.989041871537901462e-01 9.989087124161126763e-01 9.987034450075626957e-01 9.989985429770350533e-01 9.990957642359070690e-01 9.990478145628404194e-01 9.992429514342467956e-01 9.991219330698187795e-01 9.989155340759362511e-01
9.990261389766129652e-01 9.989668886078471033e-01 9.992728858202328812e-01 9.990351282981569936e-01 9.991987212041003596e-01 9.989495971942577990e-01 9.990754544498904322e-01 9.989388863477276503e-01 9.990264615284607519e-01 9.989877938095799159e-01
9.987378390899002145e-01 9.989745702218029155e-01 9.988735631310505791e-01 9.992657123296433408e-01 9.991991560702072617e-01 9.991030211424722918e-01 9.988333526992863032e-01 9.988763641371037894e-01 9.990012968297282692e-01 9.991848137710197530e-01
9.987689398632310089e-01 9.992316779961830653e-01 9.988164896276398030e-01 9.990238634840856724e-01 9.988195931039908215e-01 9.989184073743433423e-01 9.991526649385212844e-01 9.988147074138137294e-01 9.311910669333379742e-01 9.989580259694457176e-01
9.989515623822581292e-01 9.991642377889324855e-01 9.988452738192420410e-01 9.990975711922863711e-01 9.988962660616438338e-01 9.990097347759799851e-01 9.991625115500014642e-01 9.991633349020186960e-01 9.990559664083425995e-01 9.992542605492340524e-01
9.991039331955110514e-01 9.988918563073093670e-01 9.990331501773166423e-01 9.989027510138864807e-01 9.990696823083822231e-01 9.991371969946057918e-01 9.991785958249995714e-01 9.987991989838200801e-01 9.991583829842719533e-01 9.989510607374368911e-01
9.992246935281378084e-01 9.992842149891600911e-01 9.958987341840497276e-01 9.989373876829051868e-01 9.990551739916068152e-01 9.990488328238249505e-01 9.989459056764806721e-01 9.989730465049082575e-01 9.991802954184549890e-01 9.991383302407826905e-01
9.990698795946891808e-01 9.981662648043031494e-01 9.991372382056161738e-01 9.990754443541248753e-01 9.993107269723195962e-01 9.990150779694024763e-01 9.990414630647619365e-01 9.990177772985535665e-01 9.991118902083930831e-01 9.991618834676567751e-01
9.992026730631173859e-01 9.992322499033747807e-01 9.988527713124507601e-01 9.990748282358977717e-01 9.989961037687935530e-01 9.989481298542051135e-01 9.991790189154790003e-01 9.989505736032083805e-01 9.992714866259716500e-01 9.989075905262757571e-01
9.989818450559661001e-01 9.992380182991900117e-01 9.991251725348319068e-01 9.989895255894726267e-01 9.984979605816313164e-01 9.991759222719952538e-01 9.989474348370628309e-01 9.990441873823390218e-01 7.357336932667708496e-01 9.989899502201011749e-01
9.987435824178887422e-01 9.990672944785202736e-01 9.990588367054111796e-01 9.992022961365710776e-01 9.991107777493323239e-01 9.991930746417593268e-01 9.985270745500874900e-01 9.991010858586779619e-01 9.990730848684629128e-01 9.989889729013995412e-01
9.992743436955846548e-01 9.990855430685988692e-01 9.989908816493171528e-01 9.984565177679406434e-01 9.988856387620691502e-01 9.991006302381086890e-01 9.991985209755638309e-01 9.991408577473339658e-01 9.992038522707921144e-01 9.961401961391534998e-01
9.990532094871682478e-01 9.991147387472607555e-01 9.990539627277069679e-01 9.990102577967281405e-01 9.988100746899769566e-01 9.990001281996037097e-01 9.991007682955221902e-01 9.989799532267510385e-01 9.992061181293754313e-01 9.990772630107910279e-01
9.989024715530550047e-01 9.993342110143509371e-01 9.991102082870151335e-01 9.989334533786147219e-01 9.989568226482481439e-01 9.989540521074384838e-01 9.525054365327386696e-01 9.991944885121781805e-01 9.982525315206977057e-01 9.987412052709637722e-01
9.991774775715867030e-01 9.987530043036263461e-01 9.989367547465464181e-01 9.992070916469394382e-01 9.991443235912207399e-01 9.991236912253824709e-01 9.989846544097301662e-01 9.991410183810645051e-01 9.989121120462061132e-01 9.990351044029338601e-01
9.992748903403507743e-01 9.989838333106978441e-01 9.989636305290462426e-01 9.987243766938863621e-01 9.990171869990990272e-01 9.986106748404697253e-01 9.293997822001095477e-01 9.987450049620323345e-01 9.989410031869705442e-01 9.992427812681957677e-01
9.989990102053383225e-01 9.990743905381304080e-01 9.992319083434964000e-01 9.991147156161325205e-01 9.875314101026079205e-01 9.983221192768817476e-01 9.991196020938294398e-01 9.990200702423889245e-01 9.990451685228480816e-01 9.992852163138838950e-01
9.990687311991308661e-01 9.990310852529009633e-01 9.990488364554530598e-01 9.991291300950199128e-01 9.991713375788590090e-01 9.991654575862466414e-01 9.990220758313891336e-01 9.990461381069607461e-01 9.988984113565934075e-01 9.680381435316126604e-01
9.992318518151371842e-01 9.986724439364119688e-01 9.990750591610344511e-01 9.987456446664362275e-01 9.992417205852909268e-01 9.987412276899618746e-01 9.992317811953488338e-01 9.990441962173696178e-01 9.984136735517769035e-01 9.992215332928047200e-01
9.989908936846354504e-01 9.988127831007886925e-01 9.989955565732795417e-01 9.987394612142604933e-01 9.992852642838691013e-01 9.988941902214357738e-01 9.992862601045293669e-01 9.988410604638511270e-01 9.991847648978595675e-01 9.990555559826419518e-01
9.988671946490242926e-01 9.987769890955198182e-01 9.991643876448819128e-01 9.988853398873909217e-01 9.992463862295856147e-01 9.990773013090848975e-01 9.991074619513261590e-01 9.989711097653356520e-01 9.987205264718268527e-01 9.989593670254525160e-01
9.967106735232373893e-01 9.990375731946151694e-01 9.989202360488063093e-01 9.991063615684857568e-01 9.990288459907821217e-01 9.989007011370776290e-01 9.989292330053745061e-01 9.989842086091147433e-01 9.989208971136409598e-01 9.991676563836248137e-01
