9.999669050988092556e-01 9.999589263748747126e-01 9.999490801450103827e-01 9.999706751313867104e-01 9.999732228536016843e-01 9.999559899570101829e-01 9.999811136963523417e-01 9.999580411630690779e-01 9.999830964608132922e-01 9.999806475578851828e-01
9.999639187500170001e-01 9.999763523076498073e-01 9.999595359784538839e-01 9.999684903825045712e-01 9.999665780820587990e-01 9.999480947354665306e-01 9.999817459683140175e-01 9.999619951018795527e-01 9.999631994018377545e-01 9.999866148749499972e-01
9.999692674633167133e-01 9.999832289954418973e-01 9.999584355822688231e-01 9.999541083131614494e-01 9.999542388711347707e-01 9.999147186571688550e-01 9.999678293766610659e-01 9.999727257990314033e-01 9.999516283683058671e-01 9.999433152680847758e-01
9.999703497057298440e-01 9.999862182809378108e-01 9.999484196774174327e-01 9.999364786549391759e-01 9.999859574465573830e-01 9.999499300529491874e-01 9.999786048900263236e-01 9.999750889905937301e-01 9.999744674192390104e-01 9.999687585703080916e-01
9.999713480375349572e-01 9.999668455296522040e-01 9.999744314920182564e-01 9.999680449715510067e-01 9.999736329386800238e-01 9.999790712748776178e-01 9.999853180837802169e-01 9.999706757918649380e-01 9.999719191606787350e-01 9.999778828633185679e-01
9.999805637569977312e-01 9.999658197522837133e-01 9.999435819449700169e-01 9.999745336455252431e-01 9.999795489650952218e-01 9.999326652067763721e-01 9.999531183472979423e-01 9.999626954080196306e-01 9.999680685360138321e-01 9.999494917091159563e-01
9.999367535834411402e-01 9.999778853718985783e-01 9.999781481599546717e-01 9.999506908887360046e-01 9.999696764246758240e-01 9.999654160081726806e-01 9.999425298011437313e-01 9.999748169381342811e-01 9.999431278180208604e-01 9.999578401740589761e-01
9.999740668409287103e-01 9.999563494402391450e-01 9.999649212582396585e-01 9.999689716745547852e-01 9.999592541648125721e-01 9.999771893516670174e-01 9.999728894754608133e-01 9.999759611930063574e-01 9.999756756868358742e-01 9.999689754598678482e-01
9.999698577747262451e-01 9.999710605074038083e-01 9.999396408328369290e-01 9.999651477234913211e-01 9.999716570309526986e-01 9.999764667044054312e-01 9.999431970276643211e-01 9.999633846705946461e-01 9.999744539912160946e-01 9.999699572980211837e-01
9.999651202528607730e-01 9.999644200289833362e-01 9.999706872503258959e-01 9.999681231150548966e-01 9.999676325377582220e-01 9.999528630658106598e-01 9.999661629690941300e-01 9.999850068216122878e-01 9.999669072111496693e-01 9.999771127258909598e-01
9.999773896633336046e-01 9.999537909798792423e-01 9.999798427781414478e-01 9.999668836058923649e-01 9.999581562492680931e-01 9.999807936242269824e-01 9.999785906479380371e-01 9.999773041225181736e-01 9.999603563141268303e-01 9.999724473277596948e-01
9.999809205879853780e-01 9.999832982140783866e-01 9.999346009911701527e-01 9.999404507446174595e-01 9.999728531109839391e-01 9.999601641058785129e-01 9.999647398074551496e-01 9.999506514577011229e-01 9.999777718582359975e-01 9.999716908857024800e-01
9.999562419333746233e-01 9.999558741893329605e-01 9.999734292546393899e-01 9.999712330966291640e-01 9.999522777680937002e-01 9.999706720584172759e-01 9.999581535799298981e-01 9.999444493611353568e-01 9.999634486414270551e-01 9.999687732144890706e-01
9.999679251277818759e-01 9.999774767393608821e-01 9.999673073886259367e-01 9.999554980150835437e-01 9.999836109427756581e-01 9.999648809551846540e-01 9.999772342223425259e-01 9.999850966526975249e-01 9.999275870307430258e-01 9.999824270182657848e-01
9.999677117391064796e-01 9.999804633853497382e-01 9.999541323659167924e-01 9.999418483923422363e-01 9.999645936047313333e-01 9.999165703801162763e-01 9.999569858924375332e-01 9.999567080598809055e-01 9.999903836347195929e-01 9.999563274005254243e-01
9.999703409190878745e-01 9.999861125699841535e-01 9.999630268186034954e-01 9.999798318709883782e-01 9.999650989753954278e-01 9.999737066295980581e-01 9.999726530334984709e-01 9.999719792866085255e-01 9.999753188801545623e-01 9.999701371570338670e-01
9.999770377982699632e-01 9.999819797275064648e-01 9.999694310345595971e-01 9.999756623314021153e-01 9.999759242185168873e-01 9.999729452874090985e-01 9.999527979883744422e-01 9.999660778412627904e-01 9.999525232785954065e-01 9.999651976087275962e-01
9.999557492008670501e-01 9.999736466808506474e-01 9.999618827055059000e-01 9.999737057955606634e-01 9.999639781993266974e-01 9.999736886604758679e-01 9.999617978729397061e-01 9.999887066044499395e-01 9.999420286071528663e-01 9.999671952483220050e-01
9.999465395449826932e-01 9.999760122852735522e-01 9.999804374845691068e-01 9.999644317113414171e-01 9.999537818782331389e-01 9.999696786918669256e-01 9.999429935427774918e-01 9.999649137803047205e-01 9.999727077977309531e-01 9.999617741703756835e-01
9.999353752473150170e-01 9.999741999818333449e-01 9.999581914481171507e-01 9.999644091342673180e-01 9.999623406129646286e-01 9.999626611666643239e-01 9.999540542035857404e-01 9.999626077541645675e-01 9.999626372072507596e-01 9.999538604629476524e-01
9.999817390983293253e-01 9.999446279400165949e-01 9.999373292052529116e-01 9.999771244730067954e-01 9.999551499454458758e-01 9.999871995102217470e-01 9.999695654464411110e-01 9.999677877307463492e-01 9.999770369940722547e-01 9.999690198874610081e-01
9.999531692745025069e-01 9.999402752553828710e-01 9.999680913310398100e-01 9.999786673119397395e-01 9.999727229660544392e-01 9.999667001677291500e-01 9.999805773803697173e-01 9.999679529817065982e-01 9.999510257179664574e-01 9.999532615506535604e-01
9.999719819316624791e-01 9.999549582958534577e-01 9.999707511820177253e-01 9.999714517268702973e-01 9.999676016204835927e-01 9.999480043575968979e-01 9.999828719014660638e-01 9.999564344605326172e-01 9.999645775293491967e-01 9.999613470251478287e-01
9.999669783354226960e-01 9.999751999700062788e-01 9.999655269036786809e-01 9.999775056576839516e-01 9.999716412543552257e-01 9.999541273291280286e-01 9.999701205416273719e-01 9.999816374858975232e-01 9.999746056387927018e-01 9.999755341912469619e-01
9.999781668022288406e-01 9.999736959215684839e-01 9.999483976463336976e-01 9.999773242191603018e-01 9.999731526544373139e-01 9.999645874730732631e-01 9.999571649959647646e-01 9.999639272727779415e-01 9.999913438611666150e-01 9.999777405111515138e-01
9.999533179892646784e-01 9.999506997328958535e-01 9.999669296253398398e-01 9.999847628610784023e-01 9.999543348047024161e-01 9.999761035986655111e-01 9.999742501655168869e-01 9.999658001034368304e-01 9.999638827569740096e-01 9.999818293380529077e-01
9.999766352503030031e-01 9.999583725730212258e-01 9.999527875888803985e-01 9.999601553744887905e-01 9.999799625868084352e-01 9.999492769534622516e-01 9.999899605510326195e-01 9.999880693726043157e-01 9.999691865389923606e-01 9.999369479165606256e-01
9.999601957450253709e-01 9.999893563082398185e-01 9.999909302137273137e-01 9.999624990990748641e-01 9.999741258525506327e-01 9.999859024284795117e-01 9.999581962839975136e-01 9.999703702468423216e-01 9.999684158386205057e-01 9.999719232403666558e-01
9.999688578486275459e-01 9.999706324746161501e-01 9.999794005470591385e-01 9.999599879259847279e-01 9.999683178267509964e-01 9.999637557014818823e-01 9.999582343404379570e-01 9.999412976649847407e-01 9.999535987505617785e-01 9.999725448609203537e-01
9.999783927344747525e-01 9.999786349022852239e-01 9.999580831275036719e-01 9.999322621135386946e-01 9.999686167776992152e-01 9.999553106819590864e-01 9.999611428255665846e-01 9.999466750606451626e-01 9.999716410961952962e-01 9.999483488349097948e-01
9.999448328867457381e-01 9.999688579089783813e-01 9.999734650841468619e-01 9.999726706304046253e-01 9.999463990880392839e-01 9.999416198536112965e-01 9.999576894137803817e-01 9.999784797508258771e-01 9.999627170771910878e-01 9.999419113613519094e-01
9.999568458404934912e-01 9.999614732739539047e-01 9.999456911690348671e-01 9.999706732940927267e-01 9.999414178826624422e-01 9.999546595397937887e-01 9.999495392478994216e-01 9.999916169253593168e-01 9.999639323234030819e-01 9.999779038617849780e-01
9.999817207504565486e-01 9.999636432439600320e-01 9.999719815434870984e-01 9.999675659676154904e-01 9.999808607205206146e-01 9.999579066911064018e-01 9.999518717916282551e-01 9.999583159169825874e-01 9.999627224505444056e-01 9.999734068789566388e-01
9.999546209779915928e-01 9.999578439712691891e-01 9.999741443493700421e-01 9.999653042879669274e-01 9.999694529233609241e-01 9.999760714717444987e-01 9.999699679977704925e-01 9.999494889775147888e-01 9.999711263854043075e-01 9.999765571232911432e-01
9.999619757180242541e-01 9.999602499815098966e-01 9.999842757426643525e-01 9.999539389542696499e-01 9.999565856617110837e-01 9.999416565779456478e-01 9.999582682606563688e-01 9.999793814020914162e-01 9.999535126917433736e-01 9.999425124093725969e-01
9.999566622936325588e-01 9.999749730404194903e-01 9.999740412450029980e-01 9.999767424908944102e-01 9.999837863840196350e-01 9.999534053651106813e-01 9.999712192343084283e-01 9.999705602219987055e-01 9.999642592116816386e-01 9.999783336717859017e-01
9.999753070103698516e-01 9.999546932676728339e-01 9.999792279766346326e-01 9.999596602140714552e-01 9.999580870327926529e-01 9.999752404892425783e-01 9.999723598268321911e-01 9.999702112137106580e-01 9.999723501624647737e-01 9.999738463477536587e-01
9.999505050505458348e-01 9.999704836257974350e-01 9.999688724614130830e-01 9.999465204410087349e-01 9.999829127064574497e-01 9.999534684968799381e-01 9.999464999556516576e-01 9.999667828290220717e-01 9.999747244015129155e-01 9.999292660634683250e-01
9.999719699584301846e-01 9.999633158114987763e-01 9.999484153029777334e-01 9.999693347130568233e-01 9.999392642733544445e-01 9.999818747453391721e-01 9.999453628547860795e-01 9.999629490898416240e-01 9.999710035225853888e-01 9.999674472622723798e-01
9.999450981743728262e-01 9.999672175137030994e-01 9.999555502492539771e-01 9.999879313288561056e-01 9.999520696976093026e-01 9.999626857103793842e-01 9.999864803773131916e-01 9.999625084300608480e-01 9.999672993274794086e-01 9.999817087113920255e-01
9.999605224302717810e-01 9.999499136857368242e-01 9.999715673229728763e-01 9.999766867978687745e-01 9.999650158140801492e-01 9.999799410378420461e-01 9.999827069525492051e-01 9.999725131133448963e-01 9.999595209096074910e-01 9.999809532100520926e-01
9.999342832274549231e-01 9.999757954467118903e-01 9.999720011527468699e-01 9.999687391799249037e-01 9.999717609263878426e-01 9.999750037779343570e-01 9.999742068709106535e-01 9.999574210956237996e-01 9.999736257065037215e-01 9.999375670655481496e-01
9.999669974372603631e-01 9.999618389744714397e-01 9.999639685711890769e-01 9.999524051002957048e-01 9.999686122252665621e-01 9.999277873525737048e-01 9.999713760252226802e-01 9.999745009364027215e-01 9.999725725697298229e-01 9.999655341360413896e-01
9.999576373641723137e-01 9.999771917207559424e-01 9.999792488732524021e-01 9.999699340568497519e-01 9.999400012825196971e-01 9.999635976333508536e-01 9.999464899026970777e-01 9.999681664748414356e-01 9.999549696622391792e-01 9.999709527663066533e-01
9.999257622019239733e-01 9.999530997240326791e-01 9.999626533667735906e-01 9.999510197802157219e-01 9.999716859443840145e-01 9.999806729340173783e-01 9.999708257291876068e-01 9.999596758583062517e-01 9.999738676126916914e-01 9.999272786230777310e-01
9.999805167528458272e-01 9.999646474278746089e-01 9.999616270942564000e-01 9.999703059376235936e-01 9.999243849259753514e-01 9.999643334099899139e-01 9.999720173741744045e-01 9.999584279886943872e-01 9.999625842850294877e-01 9.999717102830535387e-01
9.999590551574831787e-01 9.999770246801930051e-01 9.999654849751986596e-01 9.999734362055336945e-01 9.999686849980771175e-01 9.999594209978270865e-01 9.999517976973931743e-01 9.999773210141640334e-01 9.999825807638896835e-01 9.999749282950941565e-01
9.999719211517520412e-01 9.999720121814705820e-01 9.999470038037959752e-01 9.999804458361044590e-01 9.999523494569699800e-01 9.999626463095939721e-01 9.999621233802674647e-01 9.999763485231700777e-01 9.999842770024378602e-01 9.999675618205507988e-01
9.999570338437961947e-01 9.999603069519146237e-01 9.999463865620642489e-01 9.999479614772102121e-01 9.999795191721639886e-01 9.999355913649439209e-01 9.999756322848356582e-01 9.999768295105239124e-01 9.999308467833625258e-01 9.999389690959888943e-01
9.999702591128523110e-01 9.999633263953061624e-01 9.999834724771980987e-01 9.999790073526141354e-01 9.999500668579216489e-01 9.999712473752175868e-01 9.999715849769100773e-01 9.999694726781643839e-01 9.999686936409976079e-01 9.999788860601800389e-01
9.999727850342068347e-01 9.999768465689453656e-01 9.999788595242413702e-01 9.999768637395654025e-01 9.999694646850290081e-01 9.999477657740870606e-01 9.999563206925536907e-01 9.998817076213384336e-01 9.999533004162358685e-01 9.999855231064939121e-01
9.999686387630136730e-01 9.999721739276062893e-01 9.999761892876656288e-01 9.999640691707488704e-01 9.999727568228253816e-01 9.999662072772015353e-01 9.999609791090683375e-01 9.999746804413773837e-01 9.999538458560870424e-01 9.999786000300108224e-01
9.999631653297538225e-01 9.999399618587382355e-01 9.999594682098074117e-01 9.999748045874061742e-01 9.999501344125995006e-01 9.999585991800963303e-01 9.999305202310404539e-01 9.999382271077863482e-01 9.999705695951290885e-01 9.999515738919302343e-01
9.999598572818397813e-01 9.999595527705522624e-01 9.999688743819378223e-01 9.999828482281165609e-01 9.999756275026211449e-01 9.999490531697585727e-01 9.999756708963007945e-01 9.999540581482223578e-01 9.999784407974776634e-01 9.999754258376608584e-01
9.999764852061546749e-01 9.999314046570796366e-01 9.999468641163993254e-01 9.999745724560231697e-01 9.999360091760485236e-01 9.999509404912345634e-01 9.999803268028052416e-01 9.999715587948947437e-01 9.999486173820041346e-01 9.999681584165085457e-01
9.999811690797479891e-01 9.999455611795033949e-01 9.999600021016358253e-01 9.999827012198567733e-01 9.999816506269839644e-01 9.999740716375229432e-01 9.999617847284337779e-01 9.999616422641643965e-01 9.999723881638886702e-01 9.999698901995258682e-01
9.999643407064784384e-01 9.999641937382879320e-01 9.999383422966129364e-01 9.999795158727988742e-01 9.999506136792689626e-01 9.999782797630383246e-01 9.999440100423847566e-01 9.999584015297419137e-01 9.999734652442040517e-01 9.999262799341713803e-01
9.999428244096602025e-01 9.999741179588576001e-01 9.999787182161393728e-01 9.999641248189620191e-01 9.999766704607702117e-01 9.999459965556244390e-01 9.999888496778891467e-01 9.999736024555788694e-01 9.999759269218527757e-01 9.999601369575780163e-01
9.999719906180782880e-01 9.999591394911248043e-01 9.999703109770805565e-01 9.999709192097272492e-01 9.999586809394478415e-01 9.999828028829996773e-01 9.999591117227272230e-01 9.999842292614308237e-01 9.999649363568565708e-01 9.999529508349144225e-01
9.999732530802054598e-01 9.999737048184175192e-01 9.999768082335499519e-01 9.999733709960060279e-01 9.999663854766517312e-01 9.999634438610139897e-01 9.999711228848667810e-01 9.999682191114835916e-01 9.999254427082340246e-01 9.999458328269685836e-01
9.999631561364290544e-01 9.999751321027037232e-01 9.999680869851014231e-01 9.999882100095883741e-01 9.999761463919064619e-01 9.999808504846285917e-01 9.999597967135799292e-01 9.999714541284984159e-01 9.999718491222034933e-01 9.999610529152074268e-01
9.999870674393798176e-01 9.999881234903549299e-01 9.999509722912753862e-01 9.999815922280369529e-01 9.999711324005760016e-01 9.999631491743342648e-01 9.999819847268034412e-01 9.999558199773855849e-01 9.999894073717183751e-01 9.999646479519246345e-01
9.999790523029647993e-01 9.999798152571923726e-01 9.999537746732241050e-01 9.999468200816227226e-01 9.999698206116285348e-01 9.999808651604261689e-01 9.999641561415135715e-01 9.999652574331586719e-01 9.999559263084119021e-01 9.999649927443642339e-01
9.999753266521609341e-01 9.999372933300635369e-01 9.999745515700834142e-01 9.999573518161047891e-01 9.999619678419392477e-01 9.999585923832995382e-01 9.999718601848442967e-01 9.999730253792715740e-01 9.999598550769764893e-01 9.999649982023879335e-01
9.999806819591410267e-01 9.999474846175244735e-01 9.999613014593090599e-01 9.999673644348048285e-01 9.999666713411450303e-01 9.999642537530544217e-01 9.999671263078122596e-01 9.999633140307360168e-01 9.999759937261643028e-01 9.999677443577874580e-01
9.999663964966286622e-01 9.999813746121859470e-01 9.999724158498127791e-01 9.999722537025550473e-01 9.999666642590144816e-01 9.999776259595039019e-01 9.999300431247748477e-01 9.999651139876473138e-01 9.999513044152071872e-01 9.999665504197968735e-01
9.999834836989432985e-01 9.999673641782897970e-01 9.999701711344142208e-01 9.999649229153381169e-01 9.999610873983688641e-01 9.999518157003917107e-01 9.999562446520413594e-01 9.999669405682479750e-01 9.999379688083293027e-01 9.999579354110795792e-01
9.999538125016584900e-01 9.999752998279590743e-01 9.999500841370307924e-01 9.999738467725236557e-01 9.999621713971138526e-01 9.999662518308021220e-01 9.999703148535347141e-01 9.999725593797595957e-01 9.999692791028962358e-01 9.999828791242907355e-01
9.999821719869148584e-01 9.999441473085344256e-01 9.999863351864591854e-01 9.999717136994565880e-01 9.999559348754528676e-01 9.999741351932672773e-01 9.999530405540499878e-01 9.999810114005014405e-01 9.998993451948670064e-01 9.999733331878409848e-01
9.999728118421167267e-01 9.999875307540292413e-01 9.999793646803439851e-01 9.999784524540596964e-01 9.999471123761256575e-01 9.999760674482331968e-01 9.999870860719166643e-01 9.999722832081107127e-01 9.999882052822728351e-01 9.999399174189089745e-01
9.999777904572295650e-01 9.999791107186131178e-01 9.999170818259920379e-01 9.999684968110471583e-01 9.999523810102511900e-01 9.999654097548188458e-01 9.999520991032021522e-01 9.999401928445166288e-01 9.999721795451766981e-01 9.999550664686365220e-01
9.999640019458260198e-01 9.999701964906805296e-01 9.999705512681380526e-01 9.999615913195379902e-01 9.999538716007141392e-01 9.999612654840770443e-01 9.999747035262126493e-01 9.999691100749399375e-01 9.999725503688692285e-01 9.999708663847328705e-01
9.999750627030997707e-01 9.999754287553701548e-01 9.999365972872609198e-01 9.999709919425954219e-01 9.999363110074942496e-01 9.999381933271139777e-01 9.999668781758950242e-01 9.999692199637553180e-01 9.999319594837915437e-01 9.999667541107534197e-01
9.999392005700393771e-01 9.999731699736295054e-01 9.999713990472457459e-01 9.999734434502653979e-01 9.999827406996006918e-01 9.999739561878809857e-01 9.999593589360782353e-01 9.999716244550175270e-01 9.999786985307869136e-01 9.999731223268816249e-01
9.999359599294349588e-01 9.999789762808449778e-01 9.999808025659007171e-01 9.999451388571510835e-01 9.999784183167501617e-01 9.999865784595051155e-01 9.999744417231339888e-01 9.999617415491263150e-01 9.999796670086864570e-01 9.999560478207610847e-01
9.999726953939814811e-01 9.999201410722375893e-01 9.999724910372084219e-01 9.999802052294106680e-01 9.999775477065996343e-01 9.999810368989835441e-01 9.999634187852926015e-01 9.999539261361815035e-01 9.999655553553988829e-01 9.999684333439369244e-01
9.999791980850876172e-01 9.999682007366293979e-01 9.999548742483080899e-01 9.999589993542619126e-01 9.999623852031161997e-01 9.999707331288881784e-01 9.999542314354612493e-01 9.999459577047427050e-01 9.999761529311229635e-01 9.999604551673402231e-01
9.999697474544528841e-01 9.999536605362669972e-01 9.999740016867099124e-01 9.999753073462132047e-01 9.999662723361317784e-01 9.999494053208699551e-01 9.999636422732390839e-01 9.999732639213931851e-01 9.999589083328476180e-01 9.999697015828516999e-01
9.999474385969601142e-01 9.999813745489448680e-01 9.999858740727428641e-01 9.999759834667547587e-01 9.999656714286554449e-01 9.999426719894657367e-01 9.999536952357175323e-01 9.999541802593385764e-01 9.999617923190083912e-01 9.999832916250910309e-01
9.999740136364922982e-01 9.999750779827629721e-01 9.999688861504764104e-01 9.999754649129453110e-01 9.999687522607955126e-01 9.999796491309964619e-01 9.999717701687752536e-01 9.999685641202313846e-01 9.999289601106781111e-01 9.999827350478897037e-01
9.999374600311963235e-01 9.999529691153206112e-01 9.999723605892708589e-01 9.999353480545765116e-01 9.999677095702634855e-01 9.999550246475551463e-01 9.999611977632325566e-01 9.999647725429841039e-01 9.999834729277058409e-01 9.999683806994998925e-01
9.999789647621561972e-01 9.999745672573001620e-01 9.999686805588725580e-01 9.999753482828734885e-01 9.999330896568492388e-01 9.999837574521269756e-01 9.999787878916717165e-01 9.999473838211313526e-01 9.999673482321678186e-01 9.999616367568682218e-01
9.999482145019075174e-01 9.999844807447022532e-01 9.999525259776818054e-01 9.999891943714737108e-01 9.999618699276480172e-01 9.999663176795184905e-01 9.999768026257886966e-01 9.999444219576700821e-01 9.999762701669315801e-01 9.999763389890001797e-01
9.999627647997063606e-01 9.999464031842937306e-01 9.999711200165793956e-01 9.999775644520892959e-01 9.999670301661952587e-01 9.999705804364167339e-01 9.999898459673568496e-01 9.999639155408474034e-01 9.999529879966535528e-01 9.999636419959854194e-01
9.999669055446668287e-01 9.999492916210858118e-01 9.999576086707320233e-01 9.999537254747248305e-01 9.999618298210267708e-01 9.999628280567782745e-01 9.999685221454802653e-01 9.999704758372954805e-01 9.999803058207251683e-01 9.999645341757925632e-01
9.999765095570651852e-01 9.999638710612042125e-01 9.999757771370257897e-01 9.999721164674572060e-01 9.999605897967585033e-01 9.999882794230965377e-01 9.999560552956934245e-01 9.999480783006705620e-01 9.999754526636033258e-01 9.999710704937107009e-01
9.999737614289287979e-01 9.999557006526238467e-01 9.999723479426141370e-01 9.999422041770574809e-01 9.999382629182806959e-01 9.999758469201996958e-01 9.999549937282550260e-01 9.999778324802508500e-01 9.999853760879998665e-01 9.999705811680793532e-01
9.999625854351965604e-01 9.999755547362897401e-01 9.999386124269176168e-01 9.999551232237122722e-01 9.999842339982739636e-01 9.999746128172888326e-01 9.999642788786448078e-01 9.999722505805470618e-01 9.999685529405669682e-01 9.999828330779125807e-01
9.999689327335267164e-01 9.999488326349954548e-01 9.999611350278378996e-01 9.999532299032803939e-01 9.999780705297836025e-01 9.999850998336162755e-01 9.999373851126430734e-01 9.999534507032165065e-01 9.999616570962247541e-01 9.999596995424506751e-01
9.999704443539476628e-01 9.999771384734607027e-01 9.999726994467864616e-01 9.999464316910930961e-01 9.999728291846258221e-01 9.999808805431010805e-01 9.999792287917981248e-01 9.999671860731547124e-01 9.999855355366377152e-01 9.999609962154260012e-01
9.999656146893818320e-01 9.999362925910051381e-01 9.999815282758677260e-01 9.999661869434204320e-01 9.999468663903963161e-01 9.999792794087891679e-01 9.999692718925651258e-01 9.999654598242136982e-01 9.999744691488382520e-01 9.999821058711246824e-01
9.999478021925171101e-01 9.999701629927459923e-01 9.999667079270152525e-01 9.999464426469538703e-01 9.999648236460312312e-01 9.999505726733927125e-01 9.999712045711689479e-01 9.999697917844920791e-01 9.999407198956111742e-01 9.999594511399435559e-01
9.999684210501018633e-01 9.999743167741576011e-01 9.999779605443839259e-01 9.999528320626215327e-01 9.999709050768469387e-01 9.999478845612166378e-01 9.999635749528875683e-01 9.999730695665329794e-01 9.999768151848792419e-01 9.999636759104411077e-01
9.999622933639646938e-01 9.999766207091005388e-01 9.999629922777146795e-01 9.999673916238902560e-01 9.999810535892419416e-01 9.999841280676780020e-01 9.999715346610671407e-01 9.999779631764228460e-01 9.999487761119781881e-01 9.999324567031866451e-01
9.999569576493502199e-01 9.999721563099859267e-01 9.999628635292239220e-01 9.999725610450874713e-01 9.999602139177117266e-01 9.999577816690078391e-01 9.999667174015453019e-01 9.999780257676715856e-01 9.999564979243662499e-01 9.999381951357517728e-01
9.999869271279683280e-01 9.999720165784102832e-01 9.999631986094759117e-01 9.999340130916664071e-01 9.999615092665108396e-01 9.999440784081097267e-01 9.999789805563041867e-01 9.999605043679408167e-01 9.999569636359445512e-01 9.999672264816428235e-01
9.999824890504386277e-01 9.999799503542712298e-01 9.999763822080781628e-01 9.999745192671170013e-01 9.999544084810867428e-01 9.999699469011106290e-01 9.999739264523678228e-01 9.999717425646537095e-01 9.999685787148697713e-01 9.999590010694145992e-01
9.999738992877065247e-01 9.999780684070367354e-01 9.999608840284133215e-01 9.999489656477280608e-01 9.999752278013661622e-01 9.999354029460075788e-01 9.999489931309345492e-01 9.999412739397853800e-01 9.999689542157532696e-01 9.999644132563386689e-01
9.999638973874911407e-01 9.999472508941956717e-01 9.999725566337014371e-01 9.999607414791350513e-01 9.999797699733966594e-01 9.999685668242522807e-01 9.999420893616853823e-01 9.999424471401064940e-01 9.999814471066993393e-01 9.999507556081903559e-01
9.999785443126064655e-01 9.999666124239620091e-01 9.999431371395043344e-01 9.999719863576851386e-01 9.999744229578121368e-01 9.999687438837704390e-01 9.999848065017090670e-01 9.999527517760512518e-01 9.999541518140846463e-01 9.999845458457886638e-01
