9.999989063457374039e-01 9.999997298641238874e-01 9.999997917292686722e-01 9.999993876472772492e-01 9.999992860534772099e-01 9.999997102059955401e-01 9.999998997926980993e-01 9.999997741256924089e-01 9.999997704161426304e-01 9.999993319931864688e-01
9.999995381057213972e-01 9.999997421241544338e-01 9.999998650593476812e-01 9.999994820649238392e-01 9.999993633799914017e-01 9.999995595888161448e-01 9.999994641392074834e-01 9.999983240982194266e-01 9.999998041679738492e-01 9.999998119508290984e-01
9.999996217045565849e-01 9.999991011891372628e-01 9.999996805333908334e-01 9.999998051296323798e-01 9.999996427023539747e-01 9.999995903845797507e-01 9.999995371746361883e-01 9.999996007973833700e-01 9.999988671606572233e-01 9.999998536522081150e-01
9.999998258128248718e-01 9.999998269349715807e-01 9.999991724379664326e-01 9.999998449523670452e-01 9.999999169358675388e-01 9.999996945203930565e-01 9.999998909662178859e-01 9.999995271344948033e-01 9.999996393457309951e-01 9.999985443201115931e-01
9.999994864360675084e-01 9.999993905368764757e-01 9.999995207764246219e-01 9.999997066440269311e-01 9.999992903057446370e-01 9.999995993397544636e-01 9.999994168437440489e-01 9.999993298214110427e-01 9.999992816741845036e-01 9.999995498157860929e-01
9.999998958422728901e-01 9.999994693935057022e-01 9.999997291007766131e-01 9.999996790371090682e-01 9.999997310131444328e-01 9.999998382376257267e-01 9.999998982965118133e-01 9.999996959957542231e-01 9.999993632826756906e-01 9.999992106625353872e-01
9.999993949819516725e-01 9.999998575203703499e-01 9.999998228653547150e-01 9.999992093794161097e-01 9.999994765610683567e-01 9.999993483221318868e-01 9.999990806202087024e-01 9.999998460957276736e-01 9.999998769314468738e-01 9.999996876834582604e-01
9.999991695277433701e-01 9.999998586061361605e-01 9.999996632256852314e-01 9.999997444004929958e-01 9.999992731637112886e-01 9.999993356134657674e-01 9.999994943904084721e-01 9.999996120586186477e-01 9.999992773570143267e-01 9.999998210288658651e-01
9.999992604373173499e-01 9.999992894216412909e-01 9.999996699693297630e-01 9.999989390761866437e-01 9.999994489489345550e-01 9.999997716249443558e-01 9.999991689171138232e-01 9.999997914281124611e-01 9.999994997467709368e-01 9.999997852348014860e-01
9.999989899119458014e-01 9.999995992434305148e-01 9.999997465452657996e-01 9.999995602320957966e-01 9.999993318679355481e-01 9.999998560421271554e-01 9.999995214096633056e-01 9.999998429365477559e-01 9.999996586440094148e-01 9.999992116161025013e-01
9.999998089123212086e-01 9.999997986493037727e-01 9.999994338567077534e-01 9.999995845317234400e-01 9.999997722304417858e-01 9.999998208966602853e-01 9.999992425519794725e-01 9.999993501542333574e-01 9.999998393000568697e-01 9.999992028729710603e-01
9.999996044065697642e-01 9.999996549016096914e-01 9.999996388693721538e-01 9.999998219273217304e-01 9.999985392438665022e-01 9.999997048528528332e-01 9.999991553948908152e-01 9.999996923028130480e-01 9.999992566924049697e-01 9.999997375970904878e-01
9.999996467420645407e-01 9.999997622178525836e-01 9.999996456764158603e-01 9.999994083828447344e-01 9.999996496669429913e-01 9.999995827733694220e-01 9.999997616554294755e-01 9.999997734761132406e-01 9.999996737359915233e-01 9.999997678436417514e-01
9.999995753450683367e-01 9.999995085288169161e-01 9.999997521504604414e-01 9.999992406767663766e-01 9.999997388472208204e-01 9.999991640703462803e-01 9.999998675075205679e-01 9.999996334159403366e-01 9.999994189242311649e-01 9.999989658574452989e-01
9.999993332563824611e-01 9.999994233769805563e-01 9.999998728616483756e-01 9.999990084392214040e-01 9.999993156778163028e-01 9.999993286725444852e-01 9.999991492683550920e-01 9.999995387687240500e-01 9.999994739758711892e-01 9.999994490240036171e-01
9.999997718560461601e-01 9.999999342493122167e-01 9.999996674899492843e-01 9.999995157391681211e-01 9.999997102257790482e-01 9.999994694874043688e-01 9.999999337572937907e-01 9.999999072482875784e-01 9.999997197314504094e-01 9.999988577529148603e-01
9.999995999860773477e-01 9.999996966356125006e-01 9.999990830412591736e-01 9.999994794019830824e-01 9.999992761036295974e-01 9.999982314901335601e-01 9.999996193761735430e-01 9.999997154568898150e-01 9.999991145130244785e-01 9.999997707056522689e-01
9.999996342997424792e-01 9.999996777236952461e-01 9.999996371002947138e-01 9.999994165275912783e-01 9.999994246103416362e-01 9.999993321888924758e-01 9.999997473437569617e-01 9.999995123577297695e-01 9.999990340110377351e-01 9.999995138218964463e-01
9.999997567277271182e-01 9.999995740337049854e-01 9.999995402953254509e-01 9.999993378129740096e-01 9.999997299327181288e-01 9.999999659477208924e-01 9.999996951829838165e-01 9.999997698077264241e-01 9.999996380870296298e-01 9.999997138317300305e-01
9.999997783261450612e-01 9.999997732153267371e-01 9.999999109012087661e-01 9.999995042447161753e-01 9.999991214335945955e-01 9.999990335097400651e-01 9.999993833976010826e-01 9.999997394576981558e-01 9.999996223647570348e-01 9.999994726372887222e-01
9.999998039698648755e-01 9.999989659771315598e-01 9.999994102189043721e-01 9.999994884105370963e-01 9.999989256592479725e-01 9.999998097208095960e-01 9.999994693120741740e-01 9.999991493716223756e-01 9.999996284198139351e-01 9.999999261682155360e-01
9.999996673253469526e-01 9.999990072988668155e-01 9.999998479921869965e-01 9.999994447305566858e-01 9.999993510016842446e-01 9.999992343268728767e-01 9.999996384991052256e-01 9.999995469777991364e-01 9.999994100953311094e-01 9.999995505602078394e-01
9.999995088483774053e-01 9.999995994924054665e-01 9.999986104646814145e-01 9.999994198250288235e-01 9.999998440267278133e-01 9.999990486858885141e-01 9.999988515876032658e-01 9.999997653358301264e-01 9.999993054602516196e-01 9.999997672493048384e-01
9.999995885199842727e-01 9.999995516499001758e-01 9.999993254425804112e-01 9.999990305305903604e-01 9.999989236663301417e-01 9.999995139902035923e-01 9.999997913704774533e-01 9.999994756702591525e-01 9.999998279031329096e-01 9.999995109650242631e-01
9.999994894240383791e-01 9.999995042478292406e-01 9.999994756631632731e-01 9.999998373524507933e-01 9.999994734952664110e-01 9.999998001969483408e-01 9.999998048447931165e-01 9.999991224922952782e-01 9.999995755964392607e-01 9.999999468778635325e-01
9.999996453694918186e-01 9.999997185722266924e-01 9.999997164966037966e-01 9.999998094871012100e-01 9.999996944669120591e-01 9.999990941799106192e-01 9.999995001199039057e-01 9.999997900560694264e-01 9.999996773379844495e-01 9.999994461878586316e-01
9.999995825267264937e-01 9.999994827604079539e-01 9.999994615779504992e-01 9.999998664877665089e-01 9.999997639188560328e-01 9.999995514420262355e-01 9.999997155291928674e-01 9.999994887184663339e-01 9.999992719529973151e-01 9.999990486493288699e-01
9.999988825436560980e-01 9.999999603630469469e-01 9.999992906133891024e-01 9.999991545931202763e-01 9.999993959917736763e-01 9.999996316677962627e-01 9.999996223617019231e-01 9.999996794389390820e-01 9.999994720827831696e-01 9.999992348384887375e-01
9.999997746136066734e-01 9.999997884145869209e-01 9.999997146953895077e-01 9.999999209190788552e-01 9.999993403437748007e-01 9.999995066502913588e-01 9.999992663250090175e-01 9.999995119288755951e-01 9.999995574193690784e-01 9.999998963507330529e-01
9.999991275902004872e-01 9.999994160406391330e-01 9.999995130806167420e-01 9.999996453928773343e-01 9.999996356995474178e-01 9.999994375392495805e-01 9.999998188721070935e-01 9.999997821878311433e-01 9.999997715465829273e-01 9.999998156758936885e-01
9.999992844851778306e-01 9.999993649621115033e-01 9.999996518408725832e-01 9.999990896695936105e-01 9.999996906577145461e-01 9.999993969496757673e-01 9.999995614598286009e-01 9.999996307490269798e-01 9.999993675108956870e-01 9.999992108710566985e-01
9.999992191354528659e-01 9.999993468727853552e-01 9.999991074545375724e-01 9.999997115327837749e-01 9.999993536444001796e-01 9.999998126575128099e-01 9.999989882513410366e-01 9.999995639349912313e-01 9.999994269588320384e-01 9.999997258644942599e-01
9.999994266270579857e-01 9.999997982567676580e-01 9.999996113320095414e-01 9.999995784407478272e-01 9.999996071406676013e-01 9.999997873117048020e-01 9.999995284248209826e-01 9.999994996853052154e-01 9.999993265562844291e-01 9.999995984669262095e-01
9.999997912856337656e-01 9.999995149141693851e-01 9.999996732469733640e-01 9.999994166534498241e-01 9.999996296759620096e-01 9.999996978654641655e-01 9.999997458637687187e-01 9.999996389124745644e-01 9.999994176683821845e-01 9.999995460848303264e-01
9.999996949520364442e-01 9.999997547685192112e-01 9.999998023509943934e-01 9.999997969248316521e-01 9.999996432896000043e-01 9.999996659990099124e-01 9.999997244472628166e-01 9.999998788265805905e-01 9.999998556502210922e-01 9.999998327799760611e-01
9.999997501992871074e-01 9.999987003856668499e-01 9.999999046719694196e-01 9.999996282258759583e-01 9.999996944097808704e-01 9.999991586375349684e-01 9.999996792203051932e-01 9.999995390709586207e-01 9.999994987012015280e-01 9.999996581468854062e-01
9.999998161822967191e-01 9.999990377174318157e-01 9.999990841465050684e-01 9.999993939687986666e-01 9.999994099749351939e-01 9.999998045014690806e-01 9.999997321602405176e-01 9.999992990368309353e-01 9.999997176378001562e-01 9.999996974915021930e-01
9.999994895495712965e-01 9.999995867238079539e-01 9.999996407759036421e-01 9.999991130317451571e-01 9.999995023440690911e-01 9.999996728409593638e-01 9.999998098008949787e-01 9.999996368659987978e-01 9.999993163558915654e-01 9.999985520638056125e-01
9.999997199050473240e-01 9.999992675151005983e-01 9.999993569635635682e-01 9.999990885595820833e-01 9.999997591334636171e-01 9.999998214931944407e-01 9.999988109817010695e-01 9.999998720765500559e-01 9.999997197901885349e-01 9.999996335427621119e-01
9.999991323232385598e-01 9.999995911125649783e-01 9.999993701414174874e-01 9.999993421471694566e-01 9.999994291559390902e-01 9.999997447121803384e-01 9.999995987235704709e-01 9.999993923796232087e-01 9.999998236287848119e-01 9.999994590129684946e-01
9.999987643348577926e-01 9.999997338795006963e-01 9.999996620132362013e-01 9.999990711640324159e-01 9.999998333842649023e-01 9.999991627650153259e-01 9.999987185687637670e-01 9.999995895079426544e-01 9.999994770467195426e-01 9.999996726842638184e-01
9.999990741593054455e-01 9.999997012393589957e-01 9.999991562568005810e-01 9.999994854571583325e-01 9.999996331042672049e-01 9.999996591901130216e-01 9.999996936214484711e-01 9.999999013986926588e-01 9.999993334442804915e-01 9.999994688699341827e-01
9.999997503050859216e-01 9.999995043339703349e-01 9.999996588718818025e-01 9.999995703816684234e-01 9.999997502512212311e-01 9.999996842774816486e-01 9.999984763292131262e-01 9.999995179586101957e-01 9.999996423248564970e-01 9.999988109547559567e-01
9.999995905398100238e-01 9.999998237754450514e-01 9.999990251121073648e-01 9.999995680653874786e-01 9.999986624802497115e-01 9.999995570487407726e-01 9.999996234684586094e-01 9.999993931731220309e-01 9.999995651275006558e-01 9.999991595410161471e-01
9.999997592629567000e-01 9.999994745422722264e-01 9.999997683459128650e-01 9.999990216796329490e-01 9.999996857606099354e-01 9.999996385558380663e-01 9.999997189514038265e-01 9.999995471276716952e-01 9.999991463774132727e-01 9.999994912256905399e-01
9.999992124584130559e-01 9.999991183953786944e-01 9.999995809636471611e-01 9.999995860960928518e-01 9.999992785247684424e-01 9.999998965316250210e-01 9.999991701117408871e-01 9.999998013701069111e-01 9.999997398173603447e-01 9.999993339398051129e-01
9.999996473688153031e-01 9.999997489642646897e-01 9.999995184385781499e-01 9.999990722232745544e-01 9.999998061031435403e-01 9.999996875854337830e-01 9.999997108529168344e-01 9.999994977010522312e-01 9.999996817762824008e-01 9.999995263828286296e-01
9.999996859012232342e-01 9.999994655500376028e-01 9.999995162581823971e-01 9.999996363157315216e-01 9.999994907927363119e-01 9.999998434533726721e-01 9.999993505320217135e-01 9.999996958337493691e-01 9.999996905580836870e-01 9.999992000599041697e-01
9.999996089165670288e-01 9.999999444240733615e-01 9.999990967990867174e-01 9.999994111649662676e-01 9.999992419491761098e-01 9.999998644589201957e-01 9.999997557422315442e-01 9.999995167975814780e-01 9.999992728329140101e-01 9.999995975473089382e-01
9.999998840529737976e-01 9.999996985678903938e-01 9.999998737861988118e-01 9.999996998561556660e-01 9.999997620825721301e-01 9.999995941201217375e-01 9.999997476465652957e-01 9.999998555965353697e-01 9.999992535766341062e-01 9.999992587655274212e-01
9.999996765313929892e-01 9.999998280137437634e-01 9.999997203181689720e-01 9.999992158910848694e-01 9.999998990096378160e-01 9.999995233888616664e-01 9.999996166535097819e-01 9.999996921953729911e-01 9.999992643900286193e-01 9.999991531765154429e-01
9.999995256760988438e-01 9.999993348470972432e-01 9.999999151527165786e-01 9.999994318757420286e-01 9.999993521439337618e-01 9.999991756608819227e-01 9.999997511840220676e-01 9.999996816803811139e-01 9.999998997913343013e-01 9.999995457705587176e-01
9.999996635432261138e-01 9.999994550644634161e-01 9.999999228562105325e-01 9.999996543606396449e-01 9.999992658727332451e-01 9.999996582918170285e-01 9.999995972514806875e-01 9.999995126980237847e-01 9.999995469755129651e-01 9.999998553485162089e-01
9.999998738439497270e-01 9.999994593731382775e-01 9.999996230537164799e-01 9.999991991281391712e-01 9.999996992901640791e-01 9.999996839591999143e-01 9.999998534741227907e-01 9.999994567372064713e-01 9.999996577331637937e-01 9.999995392119185311e-01
9.999994865656915977e-01 9.999996759701392790e-01 9.999988700267828934e-01 9.999996898407127466e-01 9.999998635017492976e-01 9.999997471104131730e-01 9.999997880478365131e-01 9.999996677012298330e-01 9.999997903047733727e-01 9.999994922294420663e-01
9.999994289706177764e-01 9.999998767536699695e-01 9.999993555285656699e-01 9.999995763733748877e-01 9.999993404148466158e-01 9.999998088419173037e-01 9.999995473548132230e-01 9.999992430106194874e-01 9.999996915261595287e-01 9.999995282515860007e-01
9.999995960119809624e-01 9.999993576833187126e-01 9.999997477474372731e-01 9.999997044471434782e-01 9.999995267768297946e-01 9.999990973408726669e-01 9.999989148793270166e-01 9.999996165784171831e-01 9.999992311052684490e-01 9.999997261694478778e-01
9.999992592681397063e-01 9.999995730851383158e-01 9.999997945719006909e-01 9.999993586288051794e-01 9.999998476657938618e-01 9.999993014128437663e-01 9.999998855757269434e-01 9.999992520132765517e-01 9.999996894727484209e-01 9.999991474531627622e-01
9.999997975302516995e-01 9.999994532719848062e-01 9.999997254300740934e-01 9.999996391752509206e-01 9.999994612718892117e-01 9.999993201041686985e-01 9.999988572409935772e-01 9.999998815837753963e-01 9.999998313161291286e-01 9.999994528302280639e-01
9.999995984656523396e-01 9.999994754510821426e-01 9.999997682821745171e-01 9.999998416321453920e-01 9.999994051345267865e-01 9.999994988073528379e-01 9.999996854750518027e-01 9.999994025421847788e-01 9.999994382223463818e-01 9.999998083848004038e-01
9.999991989914062129e-01 9.999998738596553860e-01 9.999994901965024718e-01 9.999996323193416359e-01 9.999998502481248774e-01 9.999987794569659139e-01 9.999995885893927516e-01 9.999996406438299568e-01 9.999995311853874247e-01 9.999994551986504110e-01
9.999992950772863542e-01 9.999997990077947874e-01 9.999994902256924556e-01 9.999992343078829560e-01 9.999996598801781378e-01 9.999991410042923246e-01 9.999993104675583000e-01 9.999998264419409644e-01 9.999995628802820224e-01 9.999996831450270740e-01
9.999996882566489775e-01 9.999995680900151118e-01 9.999995193097495072e-01 9.999991515802354458e-01 9.999993906486022155e-01 9.999988100790413448e-01 9.999999341345087167e-01 9.999987506231474699e-01 9.999991695925226631e-01 9.999991126852701973e-01
9.999994993815313205e-01 9.999996731928177951e-01 9.999998072239852931e-01 9.999996393369184888e-01 9.999989999619478542e-01 9.999991263807922470e-01 9.999997606693052932e-01 9.999993768318851117e-01 9.999989835205028710e-01 9.999991622517572232e-01
9.999997525881849647e-01 9.999998385086371622e-01 9.999996592944083718e-01 9.999995818482474430e-01 9.999992937244251978e-01 9.999998436126437129e-01 9.999998070443403275e-01 9.999989105401602130e-01 9.999998563221532688e-01 9.999997457025451286e-01
9.999998369242135698e-01 9.999997145572930846e-01 9.999992573239435689e-01 9.999998057126496809e-01 9.999994544902519600e-01 9.999995795453953118e-01 9.999997844524307622e-01 9.999994784174325302e-01 9.999993267385894891e-01 9.999998458462793227e-01
9.999994200161778091e-01 9.999995748345532620e-01 9.999993643973548174e-01 9.999989365245055550e-01 9.999995453297569892e-01 9.999996684510743528e-01 9.999998254804084441e-01 9.999995432864949851e-01 9.999996585071998512e-01 9.999999323373618410e-01
9.999995811350564923e-01 9.999998015594063761e-01 9.999993927920163284e-01 9.999997856621564152e-01 9.999996670290820511e-01 9.999995292779521039e-01 9.999985283332734065e-01 9.999998783825815307e-01 9.999997801669281428e-01 9.999992364851674198e-01
9.999994394459901237e-01 9.999993921504879424e-01 9.999995633521733263e-01 9.999996896275383795e-01 9.999996612976391752e-01 9.999997107518332484e-01 9.999995338477388751e-01 9.999995805815142802e-01 9.999997363755954716e-01 9.999997647663830813e-01
9.999997343400092165e-01 9.999998993752331478e-01 9.999991532814891393e-01 9.999998293970395746e-01 9.999998506001841481e-01 9.999998628525808009e-01 9.999995046867260484e-01 9.999998437759290981e-01 9.999998945935723027e-01 9.999996597369619211e-01
9.999994286470875737e-01 9.999992476296110100e-01 9.999995976955926569e-01 9.999994061956904989e-01 9.999997351483180807e-01 9.999995924529763158e-01 9.999992164321601651e-01 9.999997150566665161e-01 9.999998640144900364e-01 9.999998812332475673e-01
9.999993348759699252e-01 9.999996057318023546e-01 9.999997674665861425e-01 9.999997042257972035e-01 9.999998577891677787e-01 9.999991852321256092e-01 9.999999444906072510e-01 9.999998804503569261e-01 9.999998227020160391e-01 9.999996335702503458e-01
9.999996045629020447e-01 9.999990831291497573e-01 9.999994995761687377e-01 9.999996266841522097e-01 9.999995111322623753e-01 9.999999732065270042e-01 9.999994928395522509e-01 9.999987301681144691e-01 9.999996687785978056e-01 9.999996995319305748e-01
9.999995003144654948e-01 9.999996899029556241e-01 9.999994609291726899e-01 9.999998250784273290e-01 9.999997334792021242e-01 9.999994841568345949e-01 9.999985799465643810e-01 9.999994087338787141e-01 9.999996600277845094e-01 9.999998660337221512e-01
9.999996179951829989e-01 9.999993437763636805e-01 9.999994304489789876e-01 9.999994073359262936e-01 9.999994536131175948e-01 9.999997637579698395e-01 9.999999191406451216e-01 9.999998038923588739e-01 9.999995462051423090e-01 9.999995534282991594e-01
9.999990598957946286e-01 9.999993313602605349e-01 9.999998382052456281e-01 9.999994554628262033e-01 9.999998158468181852e-01 9.999994092335970919e-01 9.999994131726969160e-01 9.999996729798793504e-01 9.999992720523654954e-01 9.999996700725525267e-01
9.999998770638147683e-01 9.999999351987803875e-01 9.999990817009783983e-01 9.999997757932260756e-01 9.999997248175639397e-01 9.999991001836469051e-01 9.999993120929238088e-01 9.999993838902426768e-01 9.999994126414714080e-01 9.999994767237033733e-01
9.999997037267043254e-01 9.999995654874845874e-01 9.999998178676300364e-01 9.999997336793606806e-01 9.999997472412378574e-01 9.999993501690497277e-01 9.999992249819221746e-01 9.999995228408532499e-01 9.999985523805096088e-01 9.999997617330631527e-01
9.999995384733246784e-01 9.999993614477062920e-01 9.999998413408023312e-01 9.999997902228009439e-01 9.999993463127268001e-01 9.999987751458738749e-01 9.999993011679451094e-01 9.999998004292323106e-01 9.999997811902743283e-01 9.999996940682954749e-01
9.999992812944314968e-01 9.999998662363058788e-01 9.999993817584075240e-01 9.999997039923754771e-01 9.999996560505093335e-01 9.999994625145104399e-01 9.999998805253089706e-01 9.999995913953434457e-01 9.999993427981904714e-01 9.999994621836797437e-01
9.999998812868660103e-01 9.999991413786677441e-01 9.999997250473504629e-01 9.999997891980927367e-01 9.999992962969680432e-01 9.999994937304147458e-01 9.999996086469574719e-01 9.999997336206933873e-01 9.999998110174270760e-01 9.999993909586001317e-01
9.999994388770244713e-01 9.999996335689766980e-01 9.999993038425957215e-01 9.999999163449613260e-01 9.999992709156998449e-01 9.999996109031706881e-01 9.999987172193970375e-01 9.999998318418721333e-01 9.999994076692424461e-01 9.999990883263114583e-01
9.999996929081804709e-01 9.999992626426332798e-01 9.999998161221295145e-01 9.999996446244054926e-01 9.999996374060196036e-01 9.999995522596226705e-01 9.999998625882732251e-01 9.999995724800923025e-01 9.999988381413718042e-01 9.999993920180401119e-01
9.999994265017303485e-01 9.999995765664055902e-01 9.999997448097385222e-01 9.999992136726072456e-01 9.999999244979421720e-01 9.999988239381595312e-01 9.999998362481594683e-01 9.999997906448186979e-01 9.999997751614428942e-01 9.999998843117043901e-01
9.999998123646408610e-01 9.999990265668146083e-01 9.999997144105499114e-01 9.999997574050233373e-01 9.999996562334589889e-01 9.999991624919720712e-01 9.999997532992958016e-01 9.999998628870949702e-01 9.999998138390935321e-01 9.999994040763491299e-01
9.999993687827787303e-01 9.999994121699871119e-01 9.999995119470188598e-01 9.999997683865421427e-01 9.999998423258271707e-01 9.999997053337579267e-01 9.999998597205437267e-01 9.999996960208958896e-01 9.999991893194934978e-01 9.999994108993511821e-01
9.999995736376047217e-01 9.999996232124284123e-01 9.999995677519074588e-01 9.999995565944362896e-01 9.999995609666574303e-01 9.999993981897590256e-01 9.999997828988087534e-01 9.999994573520053498e-01 9.999995490118531727e-01 9.999997543138259282e-01
9.999991826235798964e-01 9.999993685264705334e-01 9.999995761869147071e-01 9.999991492703586005e-01 9.999991754126039689e-01 9.999996276919442817e-01 9.999992132423167757e-01 9.999988354413495983e-01 9.999997624437447774e-01 9.999999051506138770e-01
9.999996354775672058e-01 9.999987454177035051e-01 9.999994777736662677e-01 9.999997182042167365e-01 9.999994366696048909e-01 9.999997040435998352e-01 9.999998548291805234e-01 9.999992396849128884e-01 9.999997318270872348e-01 9.999994851750130254e-01
9.999998722687236663e-01 9.999989306543425327e-01 9.999997323875154942e-01 9.999998123276309103e-01 9.999995573239831570e-01 9.999994665026156193e-01 9.999995246515626102e-01 9.999998143720145727e-01 9.999997062609353726e-01 9.999994494707415971e-01
9.999996046790862181e-01 9.999989926594189393e-01 9.999984465667026701e-01 9.999990852796067919e-01 9.999990716226768717e-01 9.999997322129742239e-01 9.999993267899770499e-01 9.999996607849356289e-01 9.999994578821254088e-01 9.999996399725847862e-01
9.999997275298301291e-01 9.999995771370361330e-01 9.999993057988415535e-01 9.999990715738525937e-01 9.999996983631666003e-01 9.999993644754593403e-01 9.999993198832464181e-01 9.999998483948882022e-01 9.999995355694173416e-01 9.999993559143742772e-01
9.999995277728022103e-01 9.999997878606451396e-01 9.999995145630730109e-01 9.999997448875265205e-01 9.999997529054739376e-01 9.999995392291523011e-01 9.999996208472357040e-01 9.999995257098087675e-01 9.999993022799313902e-01 9.999994273963859204e-01
9.999992173919401983e-01 9.999994510265525216e-01 9.999995612647257781e-01 9.999997511329136168e-01 9.999995442087010744e-01 9.999996448303944963e-01 9.999996790787106793e-01 9.999992594689640635e-01 9.999994089393101637e-01 9.999994936351254138e-01
9.999998885859899822e-01 9.999995416825772088e-01 9.999994998343665342e-01 9.999995906758617492e-01 9.999994508031259111e-01 9.999996312148871080e-01 9.999997676582863537e-01 9.999996800309839395e-01 9.999995358102468090e-01 9.999995762512232655e-01
9.999998142561870029e-01 9.999996908461911138e-01 9.999995709903422014e-01 9.999995202153977303e-01 9.999994473983022658e-01 9.999990169330248424e-01 9.999999472720453308e-01 9.999995125931461226e-01 9.999996178334843444e-01 9.999997766852264380e-01
9.999992801370610751e-01 9.999988499714866919e-01 9.999996328903587584e-01 9.999996204475816164e-01 9.999993722026911946e-01 9.999996001420488057e-01 9.999997361206899305e-01 9.999990817848437574e-01 9.999995327485482477e-01 9.999998221011489052e-01
9.999997246375210702e-01 9.999998393670335162e-01 9.999991759114928991e-01 9.999995639669072567e-01 9.999999157884296164e-01 9.999997220023018052e-01 9.999997635233619508e-01 9.999997916442091572e-01 9.999995412839504105e-01 9.999994580356673657e-01
9.999993571508852819e-01 9.999997179772220912e-01 9.999998871275302958e-01 9.999998611980255303e-01 9.999999197769267045e-01 9.999997036815906348e-01 9.999990701204043431e-01 9.999997201944925695e-01 9.999999162509980444e-01 9.999993985652652073e-01
9.999996328771428855e-01 9.999995585443114399e-01 9.999997819262939069e-01 9.999994411630864777e-01 9.999995748811200125e-01 9.999998326136275706e-01 9.999990979866428820e-01 9.999998111821055691e-01 9.999996536577611117e-01 9.999998297294191429e-01
