9.999977072983957660e-01 9.999950948551074026e-01 9.999944361456918340e-01 9.999974669597062604e-01 9.999970739889333382e-01 9.999935714658896302e-01 9.999988508882381444e-01 9.999969869473787076e-01 9.999993837155315424e-01 9.999969769249462681e-01
9.999985803075278623e-01 9.999980219808697335e-01 9.999951300599964066e-01 9.999965732478948155e-01 9.999958947444693713e-01 9.999973073002800250e-01 9.999936990510890356e-01 9.999974152787303172e-01 9.999954287896322125e-01 9.999976252628933748e-01
9.999951312228244626e-01 9.999969489654609855e-01 9.999958750776944960e-01 9.999981769292671796e-01 9.999945301959053401e-01 9.999937394424404102e-01 9.999972252511400983e-01 9.999956646489810419e-01 9.999951327737287565e-01 9.999974382851247734e-01
9.999964177454427894e-01 9.999949107013885730e-01 9.999966879010060428e-01 9.999951774670612359e-01 9.999944175959698534e-01 9.999889584942395215e-01 9.999941038351893852e-01 9.999894039858366890e-01 9.999959959581674607e-01 9.999976680308281241e-01
9.999951353798894882e-01 9.999972281151027209e-01 9.999953144250737225e-01 9.999955660854757955e-01 9.999987562300219901e-01 9.999958889693639774e-01 9.999931336823348893e-01 9.999944235290774142e-01 9.999941168368357003e-01 9.999984311759186895e-01
9.999995398250479672e-01 9.999953024203284135e-01 9.999873693431018395e-01 9.999968501820831746e-01 9.999975809348099487e-01 9.999923621676077845e-01 9.999941223002768442e-01 9.999929509878729972e-01 9.999959735822652185e-01 9.999917693829643017e-01
9.999977110171751615e-01 9.999940088848898734e-01 9.999972635832544698e-01 9.999937745699633007e-01 9.999962381676026357e-01 9.999991041952013271e-01 9.999857051584073453e-01 9.999963123998615311e-01 9.999954521653939832e-01 9.999957676228964365e-01
9.999973945133266984e-01 9.999958715859756930e-01 9.999941037644234365e-01 9.999961469605598285e-01 9.999957763664342192e-01 9.999958971467444169e-01 9.999975677958358178e-01 9.999983339676508098e-01 9.999971918321554076e-01 9.999932819606408563e-01
9.999874734676458266e-01 9.999960682730374417e-01 9.999967172730013232e-01 9.999990369888862585e-01 9.999918676030706832e-01 9.999989596037667239e-01 9.999933914482245223e-01 9.999927961863718240e-01 9.999956719479589085e-01 9.999966408707562371e-01
9.999969659065107708e-01 9.999984713346654619e-01 9.999973434573218301e-01 9.999994350796842513e-01 9.999921381914400609e-01 9.999974152492534518e-01 9.999951351579320358e-01 9.999967679279154753e-01 9.999961527230680769e-01 9.999982152141376757e-01
9.999966143939017504e-01 9.999915669005989827e-01 9.999986505057850694e-01 9.999942315045133867e-01 9.999976045089855603e-01 9.999956727852538085e-01 9.999978915437689464e-01 9.999969047817170997e-01 9.999945814306924197e-01 9.999916911234755235e-01
9.999986928566843014e-01 9.999967288902394946e-01 9.999983359531793292e-01 9.999974671235005719e-01 9.999981173839597171e-01 9.999978609762768533e-01 9.999975913903309532e-01 9.999940166870034952e-01 9.999950813494984381e-01 9.999967038924992835e-01
9.999987061371879982e-01 9.999956319435692187e-01 9.999989515531292339e-01 9.999966102289548076e-01 9.999992754840354436e-01 9.999892520032305221e-01 9.999965668195215374e-01 9.999963644094370663e-01 9.999948652187086173e-01 9.999915824199788750e-01
9.999968442491592446e-01 9.999977205990293605e-01 9.999952069343078787e-01 9.999976533238001952e-01 9.999951476165886977e-01 9.999991635234439791e-01 9.999979528270664941e-01 9.999968736734469177e-01 9.999991418100453444e-01 9.999873975142968829e-01
9.999932884573852210e-01 9.999953710531170881e-01 9.999966817953508391e-01 9.999987899249246359e-01 9.999966509719895313e-01 9.999959171685204318e-01 9.999951212636331022e-01 9.999917725187237316e-01 9.999919437952109469e-01 9.999957492687506777e-01
9.999972181068003119e-01 9.999962248283950084e-01 9.999918974826546014e-01 9.999990006802835785e-01 9.999984306599893902e-01 9.999953826945348068e-01 9.999971215104466182e-01 9.999967531519166064e-01 9.999943079908928389e-01 9.999919575683685613e-01
9.999952657409720835e-01 9.999956415260420339e-01 9.999938368376397602e-01 9.999937796677873525e-01 9.999980372586126931e-01 9.999904565612310892e-01 9.999984171548801370e-01 9.999952969944974068e-01 9.999942906321903635e-01 9.999959268949862867e-01
9.999979135506994465e-01 9.999937524175398496e-01 9.999944464231976804e-01 9.999955191215488259e-01 9.999976531336589591e-01 9.999970195305906140e-01 9.999922837215665661e-01 9.999915506803470633e-01 9.999976162262691481e-01 9.999924161467350636e-01
9.999968901192763937e-01 9.999976099727755363e-01 9.999971442391863974e-01 9.999962879149381090e-01 9.999932313693081776e-01 9.999947344343613764e-01 9.999875919877354580e-01 9.999965616167951765e-01 9.999938435290203209e-01 9.999983236826486266e-01
9.999958982523179385e-01 9.999971353493989357e-01 9.999970168826964878e-01 9.999926317954752619e-01 9.999811734870904800e-01 9.999963477959457059e-01 9.999972246000609077e-01 9.999971596141611352e-01 9.999938314373748582e-01 9.999947605667725004e-01
9.999970737475263327e-01 9.999952875121805862e-01 9.999982937749830603e-01 9.999980164720544407e-01 9.999978922121384173e-01 9.999991243146534314e-01 9.999955231246662191e-01 9.999970606902005565e-01 9.999964337157082328e-01 9.999978648361431688e-01
9.999935954053014164e-01 9.999965775574157778e-01 9.999946059882686145e-01 9.999986633977900885e-01 9.999963258542696742e-01 9.999977294555199014e-01 9.999977228202131529e-01 9.999926793983658913e-01 9.999982538528207066e-01 9.999969364868016575e-01
9.999965415237725974e-01 9.999765837167630123e-01 9.999944818640863486e-01 9.999885899210440021e-01 9.999961216998045632e-01 9.999976246643708100e-01 9.999887375910847531e-01 9.999964573838258097e-01 9.999979573080028938e-01 9.999962478270348898e-01
9.999966143596165091e-01 9.999941358207935505e-01 9.999932767170637282e-01 9.999940758460076351e-01 9.999967260709499151e-01 9.999976033174756695e-01 9.999966632365142605e-01 9.999988616614567949e-01 9.999897741823744468e-01 9.999962146670107188e-01
9.999953142298785291e-01 9.999916772301075119e-01 9.999967653822745550e-01 9.999973125208259095e-01 9.999950389397092021e-01 9.999980448918149856e-01 9.999981157113094765e-01 9.999980374938676198e-01 9.999981011124438046e-01 9.999961765364248079e-01
9.999966343156050375e-01 9.999937488896768478e-01 9.999968529775263848e-01 9.999943207818829949e-01 9.999970591865874336e-01 9.999958417901798624e-01 9.999962292393915764e-01 9.999951584241308922e-01 9.999949636824745358e-01 9.999973317277177642e-01
9.999999253665065035e-01 9.999965537931391202e-01 9.999969031350330884e-01 9.999972296203217814e-01 9.999979861607728449e-01 9.999932490886520586e-01 9.999859537668176479e-01 9.999912873365703891e-01 9.999977284992086490e-01 9.999958585129417044e-01
9.999966080857450867e-01 9.999944715981448073e-01 9.999965285915013435e-01 9.999968157299616855e-01 9.999986038710221292e-01 9.999952513771058760e-01 9.999948122223175639e-01 9.999968190413740521e-01 9.999974255077582752e-01 9.999956062249357736e-01
9.999963031230006960e-01 9.999977761847285151e-01 9.999980615369284953e-01 9.999924988852226804e-01 9.999969239776593799e-01 9.999991317110727973e-01 9.999989007701622912e-01 9.999960642043346226e-01 9.999914945122524434e-01 9.999987797993027394e-01
9.999975537698845285e-01 9.999963102948297156e-01 9.999943660727267369e-01 9.999943747249893100e-01 9.999964771857229318e-01 9.999981958515806735e-01 9.999990434205949796e-01 9.999953323915670156e-01 9.999984328908888553e-01 9.999978072888598968e-01
9.999961911338188791e-01 9.999935443731189366e-01 9.999930163255691395e-01 9.999962999109749395e-01 9.999963662163491307e-01 9.999914263283340432e-01 9.999984801250441091e-01 9.999989557073141189e-01 9.999948289987110606e-01 9.999987645084228438e-01
9.999945777368467459e-01 9.999967349975459330e-01 9.999953072660799913e-01 9.999946433317922212e-01 9.999952071388770181e-01 9.999977456924625807e-01 9.999959603790951057e-01 9.999881612555071575e-01 9.999948355244190346e-01 9.999980880271988060e-01
9.999922480439507044e-01 9.999959114212615408e-01 9.999977358992876431e-01 9.999977925217943264e-01 9.999940335053265628e-01 9.999929305456022322e-01 9.999989102217985426e-01 9.999968868012603096e-01 9.999991111076779182e-01 9.999948077009289671e-01
9.999937077447412781e-01 9.999980218476430815e-01 9.999956778742297159e-01 9.999997786386001231e-01 9.999926077080114606e-01 9.999985694016501059e-01 9.999983473324336458e-01 9.999854853351830553e-01 9.999924562895156077e-01 9.999957421546206149e-01
9.999956474348503654e-01 9.999903044264923935e-01 9.999888011833599766e-01 9.999937174273068052e-01 9.999933109582873625e-01 9.999983391943733091e-01 9.999917581639309327e-01 9.999979799643697875e-01 9.999990175735286035e-01 9.999986926334877291e-01
9.999982969963970847e-01 9.999967626068179127e-01 9.999882418114012239e-01 9.999978673607612389e-01 9.999946433097937071e-01 9.999900620402610851e-01 9.999976765894724728e-01 9.999889729222795065e-01 9.999919305277080728e-01 9.999985615464138666e-01
9.999971341942772707e-01 9.999984969842169447e-01 9.999959192768475003e-01 9.999939983264163335e-01 9.999943259260771766e-01 9.999951076881519185e-01 9.999971566696269631e-01 9.999978039985527589e-01 9.999908884775737805e-01 9.999929078586611286e-01
9.999970906176225416e-01 9.999986996488974267e-01 9.999994641877987256e-01 9.999971566300002168e-01 9.999980040193655606e-01 9.999994888568202178e-01 9.999950260681307324e-01 9.999905684163211683e-01 9.999973537275802515e-01 9.999931790089872097e-01
9.999968742730027671e-01 9.999979631153255166e-01 9.999969444848338940e-01 9.999984054428577851e-01 9.999988343169579075e-01 9.999977230954542051e-01 9.999958170605256491e-01 9.999938223400278714e-01 9.999989150352647238e-01 9.999955682419640057e-01
9.999967820941794150e-01 9.999973685808274393e-01 9.999936130379906141e-01 9.999951068002312926e-01 9.999895666736592359e-01 9.999969459062396648e-01 9.999951695960010989e-01 9.999969957507994778e-01 9.999969609656130798e-01 9.999872329762194978e-01
9.999968964754183398e-01 9.999958607589222170e-01 9.999961817391950225e-01 9.999980285193783569e-01 9.999917237231399358e-01 9.999973472622711856e-01 9.999944848881505699e-01 9.999989028684783676e-01 9.999977284657514121e-01 9.999963812759313786e-01
9.999926077780818545e-01 9.999952818146367051e-01 9.999933262958242697e-01 9.999982473706968689e-01 9.999952264358709098e-01 9.999836356242014501e-01 9.999968859615633310e-01 9.999948198468741056e-01 9.999951145379237794e-01 9.999932258956965025e-01
9.999954806648956307e-01 9.999909928551062865e-01 9.999974226681496159e-01 9.999963726731579960e-01 9.999964747884547700e-01 9.999960724144612012e-01 9.999924431436912897e-01 9.999924935902878564e-01 9.999965657060662094e-01 9.999913373699520491e-01
9.999905225618577198e-01 9.999958299996665190e-01 9.999943218038084281e-01 9.999939632909990994e-01 9.999978243504189512e-01 9.999977617788532447e-01 9.999944689474609127e-01 9.999903493309229008e-01 9.999973457712751923e-01 9.999926232030248441e-01
9.999979918251097333e-01 9.999982987250158883e-01 9.999964821876485832e-01 9.999894096833930046e-01 9.999978512499670957e-01 9.999974494175812856e-01 9.999935776923627451e-01 9.999968595791446369e-01 9.999927797537967455e-01 9.999989157681691276e-01
9.999944296024114720e-01 9.999986657387039957e-01 9.999982481069363827e-01 9.999981610381053487e-01 9.999989193828311418e-01 9.999979119883660728e-01 9.999960319920874197e-01 9.999965189737911597e-01 9.999915062503454966e-01 9.999986506619829019e-01
9.999930987896550327e-01 9.999975679687141961e-01 9.999910847377728729e-01 9.999942551752374342e-01 9.999952929697625281e-01 9.999980797827697776e-01 9.999814284701323830e-01 9.999986886020889587e-01 9.999975668342445667e-01 9.999924739190689804e-01
9.999955989164097669e-01 9.999979077534170147e-01 9.999923541683726214e-01 9.999917244979866782e-01 9.999967843260869627e-01 9.999947542081795149e-01 9.999952012736816886e-01 9.999939857966381185e-01 9.999950165196551666e-01 9.999953396656700022e-01
9.999968911886111256e-01 9.999969583595332834e-01 9.999927698555649558e-01 9.999977456978413892e-01 9.999939990983409688e-01 9.999946784863018578e-01 9.999978769885294883e-01 9.999966425398219005e-01 9.999987728133142850e-01 9.999896624918727106e-01
9.999968152246387909e-01 9.999922884049377014e-01 9.999971032282362060e-01 9.999967903554400905e-01 9.999983901699860400e-01 9.999970127421593524e-01 9.999965460449331545e-01 9.999912552401772903e-01 9.999909906912023416e-01 9.999938075422128980e-01
9.999971709762902616e-01 9.999906523281963944e-01 9.999982317607861715e-01 9.999964898208449915e-01 9.999970866474254816e-01 9.999977211665946886e-01 9.999898489444037919e-01 9.999955987610774644e-01 9.999988220585422916e-01 9.999890726853282175e-01
9.999950168374954762e-01 9.999970972255818324e-01 9.999926422715132990e-01 9.999982658219581655e-01 9.999910877421613886e-01 9.999990974347388040e-01 9.999879149079800023e-01 9.999973637682074701e-01 9.999971044219699845e-01 9.999959131701565695e-01
9.999959039546721939e-01 9.999923965416462890e-01 9.999955537858831178e-01 9.999973246108977420e-01 9.999966840487874986e-01 9.999973918307918375e-01 9.999982842865721144e-01 9.999938768718745763e-01 9.999972175448856859e-01 9.999964889209376206e-01
9.999973111438906770e-01 9.999992900911068849e-01 9.999964688757140285e-01 9.999977077811583737e-01 9.999891704161041339e-01 9.999953535549831463e-01 9.999967659601491921e-01 9.999964604123923184e-01 9.999976464582821523e-01 9.999845912498324108e-01
9.999968977954324378e-01 9.999964655392583612e-01 9.999979987086188293e-01 9.999925511873245521e-01 9.999941666372725857e-01 9.999944768947895968e-01 9.999950504028682907e-01 9.999956490662618158e-01 9.999987659160679554e-01 9.999973159704118597e-01
9.999937880485100239e-01 9.999975085017671628e-01 9.999973198411863384e-01 9.999944387766794840e-01 9.999904377542345735e-01 9.999986340829086773e-01 9.999988747597327032e-01 9.999975868925818911e-01 9.999979123954338966e-01 9.999972610813183671e-01
9.999975537820503524e-01 9.999949264506979851e-01 9.999964947838918539e-01 9.999960132827152570e-01 9.999981562030927362e-01 9.999934745693560556e-01 9.999940743187228920e-01 9.999915442844689029e-01 9.999973088543574473e-01 9.999898454695561600e-01
9.999969862953221877e-01 9.999962835856525123e-01 9.999956788659236651e-01 9.999940540766680819e-01 9.999977777122578404e-01 9.999955277755649963e-01 9.999949002307193524e-01 9.999970562478109892e-01 9.999949842674500378e-01 9.999958379744714465e-01
9.999907259644814639e-01 9.999977076125025066e-01 9.999952195600076976e-01 9.999950564609995096e-01 9.999964470332149968e-01 9.999949563344169290e-01 9.999991873336008252e-01 9.999954683890226459e-01 9.999943148177338204e-01 9.999976898914392232e-01
9.999929836667402760e-01 9.999917805650484492e-01 9.999970366841368641e-01 9.999942464460167546e-01 9.999909917276181837e-01 9.999921905128255073e-01 9.999964087168187188e-01 9.999973492121702057e-01 9.999976441761776469e-01 9.999990731032574187e-01
9.999981243269526754e-01 9.999943461932800925e-01 9.999937763000534829e-01 9.999996050888687593e-01 9.999983782963246526e-01 9.999966823672826743e-01 9.999918871382055263e-01 9.999964056403249923e-01 9.999912674989174244e-01 9.999980246827344654e-01
9.999972049429541876e-01 9.999979428864836928e-01 9.999962628312917268e-01 9.999943745460915245e-01 9.999979914822332283e-01 9.999972011131277316e-01 9.999973121443264112e-01 9.999969387835290213e-01 9.999953441286114630e-01 9.999970498495767135e-01
9.999923428109002144e-01 9.999988424458997605e-01 9.999932458531577417e-01 9.999921631074123463e-01 9.999889511299158151e-01 9.999960581090092671e-01 9.999970596162318648e-01 9.999976969960865381e-01 9.999890633079326907e-01 9.999974680219965162e-01
9.999950476515829800e-01 9.999951101661022079e-01 9.999939036861644759e-01 9.999977022787680525e-01 9.999951977935098713e-01 9.999860501654777023e-01 9.999963390603991975e-01 9.999986925705107721e-01 9.999955092046707295e-01 9.999916291264199231e-01
9.999987077595358098e-01 9.999985834854761002e-01 9.999953480508287917e-01 9.999926697144804200e-01 9.999962610588071232e-01 9.999989640268863722e-01 9.999965301749981217e-01 9.999969514569674311e-01 9.999971848547399844e-01 9.999980948807197789e-01
9.999980460328062870e-01 9.999946604275943285e-01 9.999906774996630832e-01 9.999955105489897189e-01 9.999890352310260022e-01 9.999967419700515059e-01 9.999933565336868169e-01 9.999925712720387772e-01 9.999934679728245124e-01 9.999991161559375064e-01
9.999902404548921542e-01 9.999981106701645306e-01 9.999959945615556345e-01 9.999887549782994212e-01 9.999956141716604963e-01 9.999904180555588828e-01 9.999978214704022816e-01 9.999981712169908610e-01 9.999972916007535684e-01 9.999933710671221609e-01
9.999950908217328793e-01 9.999916862478828161e-01 9.999935701311103431e-01 9.999920206729657757e-01 9.999971285000309740e-01 9.999941689409730383e-01 9.999990537384628730e-01 9.999974286389160527e-01 9.999978583127643317e-01 9.999977979814799189e-01
9.999957660790288472e-01 9.999932700822584675e-01 9.999943526121922721e-01 9.999966959653170395e-01 9.999984503190901819e-01 9.999964644515988432e-01 9.999905011481550199e-01 9.999963132983777925e-01 9.999962916507778576e-01 9.999916259436907318e-01
9.999942455594675872e-01 9.999919705498822031e-01 9.999960373300087468e-01 9.999966823141821504e-01 9.999959899750390235e-01 9.999971733010333264e-01 9.999971639025810877e-01 9.999951974787790743e-01 9.999922354821477732e-01 9.999980781170688671e-01
9.999898805940042879e-01 9.999961254363592955e-01 9.999947489799998479e-01 9.999879704681414738e-01 9.999957326050473716e-01 9.999950823191677829e-01 9.999942711247113980e-01 9.999938641529589889e-01 9.999980494651853347e-01 9.999971115809344058e-01
9.999957799578742534e-01 9.999964249523050075e-01 9.999955992747812106e-01 9.999913898133027113e-01 9.999944664784625736e-01 9.999973199223073372e-01 9.999890076703424890e-01 9.999952232030172583e-01 9.999982767294034458e-01 9.999968494274902309e-01
9.999877518742067428e-01 9.999975489161785358e-01 9.999955665691910855e-01 9.999983523789067741e-01 9.999956278996644521e-01 9.999926259382538873e-01 9.999891491448814618e-01 9.999982225491232946e-01 9.999982515972527519e-01 9.999940833664393569e-01
9.999950514977641314e-01 9.999977028665334444e-01 9.999950172071112586e-01 9.999937147788436897e-01 9.999924785270141170e-01 9.999988074599821530e-01 9.999943717785786390e-01 9.999923482193512347e-01 9.999987099953880909e-01 9.999923969246562461e-01
9.999949125113549719e-01 9.999952620777474710e-01 9.999980612527410440e-01 9.999948404561912474e-01 9.999972416332064684e-01 9.999939108981615865e-01 9.999988985275189979e-01 9.999947926344620042e-01 9.999976578554169437e-01 9.999950492882799802e-01
9.999949865146834371e-01 9.999952061943351289e-01 9.999941427174268149e-01 9.999916379644498976e-01 9.999975870916035792e-01 9.999965463152152845e-01 9.999931219829373275e-01 9.999979148049998878e-01 9.999915532201548718e-01 9.999945685167804799e-01
9.999907906087929232e-01 9.999850218629849907e-01 9.999962469499892315e-01 9.999954516773821300e-01 9.999919963024436198e-01 9.999973924640611633e-01 9.999931317431216549e-01 9.999925694768236895e-01 9.999954801873794930e-01 9.999967949866229722e-01
9.999915802837999745e-01 9.999984221069366797e-01 9.999928758851730493e-01 9.999951138848890420e-01 9.999935507538991741e-01 9.999924372061135269e-01 9.999964421333071840e-01 9.999965828557801917e-01 9.999975193549436314e-01 9.999943064277809768e-01
9.999970454810633846e-01 9.999969676749748126e-01 9.999930385910053010e-01 9.999939451683262925e-01 9.999953041714679802e-01 9.999962788311310691e-01 9.999912320376872499e-01 9.999978909100354363e-01 9.999957377584429707e-01 9.999952799688521798e-01
9.999958546968230610e-01 9.999978013035986102e-01 9.999964318358069981e-01 9.999949943318479084e-01 9.999953499257799860e-01 9.999979077992716681e-01 9.999921180242216101e-01 9.999959594885274861e-01 9.999976090759858938e-01 9.999961136381027016e-01
9.999984181192819177e-01 9.999966115192439053e-01 9.999942182775312105e-01 9.999965669778222432e-01 9.999938059953388247e-01 9.999988884616011209e-01 9.999956790782984495e-01 9.999964005193903160e-01 9.999986109795703237e-01 9.999987908840515249e-01
9.999952222775220223e-01 9.999988657457107299e-01 9.999943218630836794e-01 9.999967148469743883e-01 9.999985268871244282e-01 9.999953952392891532e-01 9.999981902306626091e-01 9.999975873008615235e-01 9.999933326624090846e-01 9.999931966187990406e-01
9.999918999167685119e-01 9.999966136156560603e-01 9.999970274237593992e-01 9.999939873222221109e-01 9.999969213510074839e-01 9.999982659053155976e-01 9.999942189348837163e-01 9.999998017642592885e-01 9.999985204576836706e-01 9.999891698188271283e-01
9.999990482034211148e-01 9.999915988430615466e-01 9.999987463353211536e-01 9.999972098760772088e-01 9.999994759579728942e-01 9.999955931070449999e-01 9.999977508048634167e-01 9.999980340318598282e-01 9.999956722570234602e-01 9.999966811548773871e-01
9.999951866797400779e-01 9.999933256258068948e-01 9.999972715561445957e-01 9.999991991863395047e-01 9.999975131323324273e-01 9.999962573358580631e-01 9.999908732769081654e-01 9.999970613537221276e-01 9.999959824544064624e-01 9.999964056263350720e-01
9.999917821021183650e-01 9.999983006691425258e-01 9.999982838574148492e-01 9.999972507248113818e-01 9.999970040610711708e-01 9.999982790272080591e-01 9.999960312115775407e-01 9.999987164639130288e-01 9.999972852982507154e-01 9.999977126854210363e-01
9.999964390291193883e-01 9.999948564140165308e-01 9.999946544889246614e-01 9.999971975217240017e-01 9.999973601951508417e-01 9.999961101579697420e-01 9.999966836927350888e-01 9.999915564573128579e-01 9.999987968533985416e-01 9.999947233518097223e-01
9.999953156357934692e-01 9.999929655100178172e-01 9.999939192460227666e-01 9.999928381052759496e-01 9.999983044144657995e-01 9.999961811154525204e-01 9.999937811731089976e-01 9.999926698878537357e-01 9.999979181546388984e-01 9.999898020401610799e-01
9.999889480370476313e-01 9.999978902546392545e-01 9.999936457672713441e-01 9.999970789510508329e-01 9.999952905187409202e-01 9.999921195584164924e-01 9.999956636152648182e-01 9.999973681565527128e-01 9.999969271235517043e-01 9.999948697956123622e-01
9.999966594802418562e-01 9.999938933605512226e-01 9.999922867911665847e-01 9.999939737736706080e-01 9.999897031610327502e-01 9.999946066900855524e-01 9.999882100890641334e-01 9.999910168366753505e-01 9.999952662637475731e-01 9.999980713963587675e-01
9.999954475512209395e-01 9.999928410421831115e-01 9.999963790636641203e-01 9.999957416355568229e-01 9.999947856447123362e-01 9.999957210172063515e-01 9.999950482693672482e-01 9.999872968458922706e-01 9.999960429158836206e-01 9.999983474653258986e-01
9.999941676300031501e-01 9.999907467893860424e-01 9.999963666761930714e-01 9.999940001693481406e-01 9.999967937887579428e-01 9.999907651642349071e-01 9.999950500504417583e-01 9.999939136745761292e-01 9.999946915396528135e-01 9.999953053129042591e-01
9.999952540967295134e-01 9.999956039638875360e-01 9.999960635356689442e-01 9.999989704878028407e-01 9.999935115493473470e-01 9.999909611602677550e-01 9.999958852989755398e-01 9.999983315288677455e-01 9.999988012767790924e-01 9.999956757741887969e-01
9.999984828673037507e-01 9.999950419868659512e-01 9.999958814244270799e-01 9.999976169796727099e-01 9.999975823132802866e-01 9.999982646970569933e-01 9.999962216214240973e-01 9.999973958513920236e-01 9.999950303552829212e-01 9.999978860741037812e-01
9.999956646859827769e-01 9.999967510441795104e-01 9.999991074553222781e-01 9.999942751306759581e-01 9.999948668948841490e-01 9.999955027889418924e-01 9.999991061561891437e-01 9.999992098655381412e-01 9.999954190660753639e-01 9.999987603301582206e-01
9.999977382817669680e-01 9.999947589182210939e-01 9.999947578685873806e-01 9.999964989867794474e-01 9.999929890087412288e-01 9.999991080985018987e-01 9.999947911908443343e-01 9.999962806578401864e-01 9.999941836804884243e-01 9.999976269319216238e-01
9.999984585543837401e-01 9.999967434749728046e-01 9.999929444983600701e-01 9.999956467564224960e-01 9.999980625442014270e-01 9.999919555650759184e-01 9.999954775447382760e-01 9.999951573414709305e-01 9.999964173747726282e-01 9.999963208514722757e-01
9.999919799603339543e-01 9.999937433337934278e-01 9.999958257343751766e-01 9.999974387100913908e-01 9.999966606036078121e-01 9.999952402000205076e-01 9.999977083489692831e-01 9.999944785587483453e-01 9.999978324146088227e-01 9.999993747261324284e-01
9.999912759601427004e-01 9.999969986702252900e-01 9.999878795888103022e-01 9.999962337472066976e-01 9.999900677892608059e-01 9.999986196571937214e-01 9.999940113184903057e-01 9.999988612498622587e-01 9.999971876811684091e-01 9.999882211094128781e-01
9.999948559141360604e-01 9.999980894039393053e-01 9.999928413864351828e-01 9.999958244255954254e-01 9.999946920925109062e-01 9.999977901650221046e-01 9.999935313213994537e-01 9.999961250505166044e-01 9.999908739715382966e-01 9.999938110962878213e-01
