9.998317718167409884e-01 9.996009043130291705e-01 9.994412856682213242e-01 9.997959073426091470e-01 9.994384283281149139e-01 9.993760348997721144e-01 9.995516772309707143e-01 9.994992340112167639e-01 9.997603409378763573e-01 9.993800651829717330e-01
9.997564563604973698e-01 9.992585025990631253e-01 9.978395994621993559e-01 9.997827272146765365e-01 9.996921279256691939e-01 9.993962066820863965e-01 9.997752455602074706e-01 9.992583317237011542e-01 9.996987761063186317e-01 9.977549939095305964e-01
9.996039053953710285e-01 9.980637275110955109e-01 9.997154099171282615e-01 9.998009431509837786e-01 9.998588109122379386e-01 9.998208842673816932e-01 9.997953839571078749e-01 9.998369344054637287e-01 9.998424059175735623e-01 9.998805072225299684e-01
9.995678382620629687e-01 9.997744408313654629e-01 9.998633132446396177e-01 9.961371365404652067e-01 9.997975527082988423e-01 9.998973943870481662e-01 9.997636580553622698e-01 9.976573402831916404e-01 9.998222519517580009e-01 9.992835049292757565e-01
9.995988369116215466e-01 9.997003723092374727e-01 9.989625834071014232e-01 9.994093443322181747e-01 9.994996097372882415e-01 9.997328892106468468e-01 9.992693875985884100e-01 9.997150184528932337e-01 9.996344425333429928e-01 9.997959316397979634e-01
9.994588512188413709e-01 9.986832708119115498e-01 9.996202068485213754e-01 9.997999237588415244e-01 9.996918460348602764e-01 9.997911335811976441e-01 9.996392778655822653e-01 9.997141525746729984e-01 9.998132718360879245e-01 9.996261387261758946e-01
9.998019623414483581e-01 9.997886374378157637e-01 9.996686148414135609e-01 9.997934968175199444e-01 9.996184850994855875e-01 9.996569853816834605e-01 9.996974354358003634e-01 9.995444683833448751e-01 9.996394711760773211e-01 9.997012065266387415e-01
9.989180724113446708e-01 9.992957757015739073e-01 9.997217593718391582e-01 9.994666413936997840e-01 9.996422028030844675e-01 9.955767838457050267e-01 9.996613482056906363e-01 9.998005169045719454e-01 9.987493428843083887e-01 9.994181306517855301e-01
9.992162420875339013e-01 9.996960328229420600e-01 9.969886476154290467e-01 9.990512214086723075e-01 9.998116357201589643e-01 9.991736592480079393e-01 9.996609042416281232e-01 9.985404004792483024e-01 9.987366823348612366e-01 9.995916305777517996e-01
9.996319017994150791e-01 9.996112691345994117e-01 9.995640902030633601e-01 9.985463007962667170e-01 9.987703857448452238e-01 9.993995793294405683e-01 9.996270804021103462e-01 9.996298796748583904e-01 9.997794576308843828e-01 9.993359668353284375e-01
9.996635741660750973e-01 9.998838194530734746e-01 9.996138230316189421e-01 9.992503012640837623e-01 9.995209670966421767e-01 9.989866788927903585e-01 9.995215230792581229e-01 9.996177704447118950e-01 9.997247192069226296e-01 9.997742341538444766e-01
9.996610149182471039e-01 9.997452600686448365e-01 9.998858469261042714e-01 9.998098891604785265e-01 9.996934402055952518e-01 9.996376874036935201e-01 9.986509921363045938e-01 9.995906885556128385e-01 9.996812577799142341e-01 9.994160361840485063e-01
9.997211601735662700e-01 9.991852286250357817e-01 9.997206638092905884e-01 9.994260234127111397e-01 9.995631783851051111e-01 9.997332938520090417e-01 9.997736789849321903e-01 9.994904947184700683e-01 9.993942468433943960e-01 9.989579946743409877e-01
9.995177598653738338e-01 9.998169859792804814e-01 9.997587118056918687e-01 9.996142302901216414e-01 9.994505705395152484e-01 9.994737772158267530e-01 9.996853612320616422e-01 9.993331807807532829e-01 9.995788120347587347e-01 9.995349372996974457e-01
9.993429602227561492e-01 9.995946750488367005e-01 9.995404728365910874e-01 9.978993225733943095e-01 9.996709938541966656e-01 9.996067936951078536e-01 9.997388339891581932e-01 9.993412836226533980e-01 9.996470707848265080e-01 9.995096135633670942e-01
9.995386842785751735e-01 9.995817943608326095e-01 9.970574276572261585e-01 9.992528229726577171e-01 9.973617887453424258e-01 9.998179425390506525e-01 9.995159254111529723e-01 9.992051756389485062e-01 9.997531092224907212e-01 9.997036660857042678e-01
9.995954002026118390e-01 9.996512119751693737e-01 9.994711296955611779e-01 9.997283607783056247e-01 9.996086411871862865e-01 9.996578701848302106e-01 9.998086901659498649e-01 9.997694592999870622e-01 9.990741609563017489e-01 9.992661444147447058e-01
9.997215698333034029e-01 9.968080398085400473e-01 9.996141762033453615e-01 9.995079749258478641e-01 9.992182045183596317e-01 9.990447000110972420e-01 9.994676955537218355e-01 9.985859459601047483e-01 9.993538822016607703e-01 9.994669825607620517e-01
9.998273461049925759e-01 9.996729864294248147e-01 9.997453065847032860e-01 9.998278818289396686e-01 9.985731841895967298e-01 9.996634378426472178e-01 9.994237504827737650e-01 9.998848651925255071e-01 9.993210266269160202e-01 9.995823086301270921e-01
9.984467401104446527e-01 9.998024515303182147e-01 9.976925752006348125e-01 9.987235201356766678e-01 9.992910873778970693e-01 9.990751105206365779e-01 9.995347277014133835e-01 9.991821724868966692e-01 9.992314740633835290e-01 9.997177448683467471e-01
9.989636045211458537e-01 9.998317758747805595e-01 9.997275380507778531e-01 9.992945374274976311e-01 9.998307053135429001e-01 9.996042881148697878e-01 9.997557672160526376e-01 9.996414824349615369e-01 9.992359674687409932e-01 9.995352160167930711e-01
9.995562855488866472e-01 9.984170487196259991e-01 9.991988701314090671e-01 9.994262219447468398e-01 9.997088287163446996e-01 9.994756037697066775e-01 9.995613431030692109e-01 9.987782539541003590e-01 9.996440945031045411e-01 9.997497750573640651e-01
9.996232375443004914e-01 9.996136135727495819e-01 9.974289944753099713e-01 9.996047298256867109e-01 9.997236856479828626e-01 9.998351537325899097e-01 9.998130427025674338e-01 9.996641428112069683e-01 9.997409466770297293e-01 9.996994023493788184e-01
9.997968958999815525e-01 9.974948268788749184e-01 9.995795645932972207e-01 9.994632859517715850e-01 9.994725362681510239e-01 9.997146490036586952e-01 9.985646365689072601e-01 9.996128433271632696e-01 9.997722743400453416e-01 9.994370108762264948e-01
9.998062988893354763e-01 9.995861064630180426e-01 9.994562442968459859e-01 9.990793412395514439e-01 9.997418408230168696e-01 9.996084396195367150e-01 9.994970029970182690e-01 9.996817706654442803e-01 9.998319036879913524e-01 9.997369338713053555e-01
9.995708016801625462e-01 9.994720496151751066e-01 9.986213184908299123e-01 9.996421130307602265e-01 9.990214697289262480e-01 9.997516451391953440e-01 9.998461295632038448e-01 9.982593583116430302e-01 9.996978785536612122e-01 9.979155563514146010e-01
9.998436108285465584e-01 9.996830057261375524e-01 9.979247163119567832e-01 9.996460507891478109e-01 9.991949676574972683e-01 9.992454158059864699e-01 9.996649140915686571e-01 9.993595948466741374e-01 9.992690756577479183e-01 9.995534377638488621e-01
9.995657187342437133e-01 9.987105594102579920e-01 9.997506888085768706e-01 9.975555178340314022e-01 9.997712844484389905e-01 9.997892703488771016e-01 9.995895234343765701e-01 9.995230148236073919e-01 9.996251992426383737e-01 9.995615513501082683e-01
9.989792154724563833e-01 9.992366395819801683e-01 9.998083380709560375e-01 9.998198320570482744e-01 9.995732110790391811e-01 9.994733315915452776e-01 9.997082194373976272e-01 9.994297598235868385e-01 9.997503700812216954e-01 9.997144802320750978e-01
9.994274625183435790e-01 9.994673889578155057e-01 9.994009412037435647e-01 9.988942507112262836e-01 9.989584104705612200e-01 9.996622333060775079e-01 9.995122420617935655e-01 9.994717912497173007e-01 9.996323972036431638e-01 9.997148686199724965e-01
9.988685330095351533e-01 9.998205746086221701e-01 9.995864167772894326e-01 9.994887201158862977e-01 9.996679278672155888e-01 9.995370499369538031e-01 9.992073009242037340e-01 9.997348176189069235e-01 9.994707375502599467e-01 9.991202084953859641e-01
9.997680827479368260e-01 9.988335640164822671e-01 9.994825628624832703e-01 9.988598792600662524e-01 9.994154085862044790e-01 9.996282637637269319e-01 9.987771505573945774e-01 9.996814843792676264e-01 9.997701511725519685e-01 9.995116899124912857e-01
9.978882058705009772e-01 9.992713815422161749e-01 9.998938573596755086e-01 9.995844259821002886e-01 9.979185657025667622e-01 9.996163597697333980e-01 9.992152024448074377e-01 9.994524255513480560e-01 9.995717006290371076e-01 9.997892645605195305e-01
9.988777288995535075e-01 9.989907338520026547e-01 9.995806308467894974e-01 9.998387249368835272e-01 9.996198381582060977e-01 9.994947298306491312e-01 9.995585831784314923e-01 9.987024695381756523e-01 9.984175066325455816e-01 9.995040267144889023e-01
9.996479806642545318e-01 9.993572834050399312e-01 9.983087445258982395e-01 9.996567549842555467e-01 9.994222324257111545e-01 9.990136013532461279e-01 9.992972138338909183e-01 9.994909260893909408e-01 9.997008154241243671e-01 9.996333760578118843e-01
9.995292126516739373e-01 9.996868031614768446e-01 9.994444278312114571e-01 9.996282338646005350e-01 9.967384978251760952e-01 9.992789167742825995e-01 9.992781682758110628e-01 9.992617181840390828e-01 9.993703167853132951e-01 9.992117994794931235e-01
9.986191598794684765e-01 9.997789530686802539e-01 9.994124617653259435e-01 9.996838811345234443e-01 9.995173019887360066e-01 9.996125057067767328e-01 9.982047619841116770e-01 9.996410529227944819e-01 9.995569877242793666e-01 9.998452029746043301e-01
9.994874777362261487e-01 9.995125460869557221e-01 9.993476783822149434e-01 9.990865452154408244e-01 9.992764106256357692e-01 9.995962075823991988e-01 9.997588279743950812e-01 9.995883258107892688e-01 9.997321245638897125e-01 9.984908520856206060e-01
9.995098690745941594e-01 9.994166482819462072e-01 9.996803562341584071e-01 9.985768936435274190e-01 9.998057397977394567e-01 9.995944244041105042e-01 9.991350867582996509e-01 9.998148036982308362e-01 9.997519248449437956e-01 9.995382845790543591e-01
9.995535052732908987e-01 9.996716968235953571e-01 9.990243833872404222e-01 9.995174775997668348e-01 9.993271499125702118e-01 9.993950815196297466e-01 9.997013853954329621e-01 9.995192518342828070e-01 9.994818946642770596e-01 9.995805918309030869e-01
9.992554036906610149e-01 9.987148600784316876e-01 9.993430179543868475e-01 9.998435943523330538e-01 9.997353688049696041e-01 9.991019861660246359e-01 9.998363252532442846e-01 9.973810378599041737e-01 9.996941025364461941e-01 9.997376086584351951e-01
9.990047454935895299e-01 9.989857178154036843e-01 9.990029824131776426e-01 9.994645484639921307e-01 9.994749593158819279e-01 9.997504021199845603e-01 9.998098789875012882e-01 9.992494853540838662e-01 9.997276480392098819e-01 9.979057074886250600e-01
9.985868342619089733e-01 9.996873450261698490e-01 9.996744381967374027e-01 9.998343780856825402e-01 9.997815735168315010e-01 9.996735600858711601e-01 9.985417537080635286e-01 9.990042836235067947e-01 9.988517846643140130e-01 9.996009933924817625e-01
9.996391410433348446e-01 9.998678847637806344e-01 9.995365939484623929e-01 9.977182842393229611e-01 9.990196920761986732e-01 9.986806671792129997e-01 9.996244579381671214e-01 9.997178684271710303e-01 9.997116165748370920e-01 9.995275094299552743e-01
9.993587150019539456e-01 9.994978720113683046e-01 9.997517027129834144e-01 9.993770353962613262e-01 9.996406485703847045e-01 9.995351527079184839e-01 9.984944971111101575e-01 9.992158365738589287e-01 9.997747139152424189e-01 9.997697172238405594e-01
9.989422798165231709e-01 9.991467651044272369e-01 9.987461472001010199e-01 9.997450931812735808e-01 9.998234978548504737e-01 9.985319851434859562e-01 9.997849074558958771e-01 9.995841938650877889e-01 9.988356210232204324e-01 9.996101742112003530e-01
9.996550468388835098e-01 9.998628056763623206e-01 9.996649212838025766e-01 9.997986365255019381e-01 9.994411443100582604e-01 9.994272416173444196e-01 9.993853758681374710e-01 9.993005528154536021e-01 9.995697761520919711e-01 9.991943524574700142e-01
9.998314528126268641e-01 9.996915831993514745e-01 9.998153275842345256e-01 9.998245934816725189e-01 9.998337824301404275e-01 9.998063778734289642e-01 9.998127106144768517e-01 9.982085025679107160e-01 9.993965916753649870e-01 9.998106913093182113e-01
9.995250650388005642e-01 9.997667332531358086e-01 9.990817545883677875e-01 9.997792546690091875e-01 9.997873199508714448e-01 9.995273191800165824e-01 9.997151675296015449e-01 9.995297453041573910e-01 9.998108644429878344e-01 9.997082744772413099e-01
9.994563673735001874e-01 9.971605048267220273e-01 9.994741458393913147e-01 9.992450481004857554e-01 9.993555625581891366e-01 9.994842493825385477e-01 9.996186590313917986e-01 9.989122042457224682e-01 9.988825771492140237e-01 9.996384628610913703e-01
9.997246894223972280e-01 9.996837525850935657e-01 9.994667852628016380e-01 9.989155231592499185e-01 9.987006205082532562e-01 9.997735704297749937e-01 9.998331494368315475e-01 9.990289338976459099e-01 9.993639174897808175e-01 9.995072990613559361e-01
9.992669268312660558e-01 9.961515068427222452e-01 9.977762303395883992e-01 9.995105373025592321e-01 9.997651808878643687e-01 9.995986597238192273e-01 9.994565920143084758e-01 9.994880177254076292e-01 9.991352484681964574e-01 9.996990661721177895e-01
9.993340920326323484e-01 9.997242247382720493e-01 9.995479249870026228e-01 9.997163075739829985e-01 9.990269769641350051e-01 9.993607331530617310e-01 9.996033921487847973e-01 9.998608951780632026e-01 9.997477260605804883e-01 9.994243629668652096e-01
9.990745179090451122e-01 9.996606059978809800e-01 9.993076352430670939e-01 9.989790457119284151e-01 9.996756383276619307e-01 9.996748811406672708e-01 9.997621987692519863e-01 9.998603365376702579e-01 9.996385823583900931e-01 9.997953038304191464e-01
9.983964471432883458e-01 9.995751553585158211e-01 9.985768552563996092e-01 9.995061083333451890e-01 9.993721100816104208e-01 9.995189636476938810e-01 9.997281315906406673e-01 9.996800583497542636e-01 9.993862997956646232e-01 9.995590126257891672e-01
9.992695880403278386e-01 9.993946006027277784e-01 9.996202041567793239e-01 9.997893020790802332e-01 9.983975411448552384e-01 9.993281070327244553e-01 9.995510674626756353e-01 9.992114902921954700e-01 9.971091428110910870e-01 9.997436948491255082e-01
9.984582023536426876e-01 9.994487902003970081e-01 9.996344339869697171e-01 9.996345677391798024e-01 9.998126673846851054e-01 9.993945287370907815e-01 9.996541700078449555e-01 9.996121490367497753e-01 9.994805024240384084e-01 9.991454131536374739e-01
9.997079490818457925e-01 9.990779518097234746e-01 9.969618372927251393e-01 9.997268227627571502e-01 9.997805958782963742e-01 9.997726622254939910e-01 9.998041443600919065e-01 9.993880003205106721e-01 9.995984049972175267e-01 9.991925029871042696e-01
9.994732025498540562e-01 9.996255464431945681e-01 9.995679343370379444e-01 9.996830208598395107e-01 9.996518311452037286e-01 9.985468176540495122e-01 9.997034020446852187e-01 9.993314668453653349e-01 9.997555126099056944e-01 9.996583358578041700e-01
9.997220912183497621e-01 9.996857867960486921e-01 9.996629517034870682e-01 9.993002434361720754e-01 9.996440477690786697e-01 9.996049623474954071e-01 9.996964531074742366e-01 9.997519771881788753e-01 9.995881475968877439e-01 9.997392565574010348e-01
9.997168017889572766e-01 9.997818625700425343e-01 9.997943147504898542e-01 9.998018691228603982e-01 9.997560410856046742e-01 9.998075271265969288e-01 9.998182458076105839e-01 9.997497838617421806e-01 9.997452480005585285e-01 9.997186450800962243e-01
9.997042765661324770e-01 9.995977863070250047e-01 9.992042736115019919e-01 9.995146935920208309e-01 9.985736532684268418e-01 9.976947333774789373e-01 9.997116789276846438e-01 9.995712758246610985e-01 9.998254131482026130e-01 9.989027844213591578e-01
9.996789001456912738e-01 9.989740125220094580e-01 9.993290211977711168e-01 9.993280831600247494e-01 9.967244468535257917e-01 9.994061507412812517e-01 9.997200009488199646e-01 9.985601270072177460e-01 9.991552646672906546e-01 9.996036531144236736e-01
9.983321948958802095e-01 9.993286969704360256e-01 9.997878032976611484e-01 9.996882504318422846e-01 9.987048380703343886e-01 9.997733720244232902e-01 9.994880620280029992e-01 9.992074618013605525e-01 9.997646013504262186e-01 9.996177215847131814e-01
9.994967236833830482e-01 9.994318871048332165e-01 9.993039857006784654e-01 9.996194505808607689e-01 9.994410605565390293e-01 9.996000222992351691e-01 9.996213415662124069e-01 9.994762003808833617e-01 9.996864888964182017e-01 9.996316540429008857e-01
9.997534040160233060e-01 9.996990905194950150e-01 9.995588167363873566e-01 9.996843991351436198e-01 9.998115792447429540e-01 9.994031070927638094e-01 9.997652511756464078e-01 9.998181355436500661e-01 9.991820272173863593e-01 9.987519839176870473e-01
9.989450794974698011e-01 9.991829545664253631e-01 9.995901462723789654e-01 9.997913277769815421e-01 9.991186350532901272e-01 9.995385732494466158e-01 9.997079366250970489e-01 9.988327675420592966e-01 9.995949508623759305e-01 9.997009181227710650e-01
9.988513453732705827e-01 9.997036199476079243e-01 9.991944506704950602e-01 9.996611601819199722e-01 9.986717790158144981e-01 9.996218083023714618e-01 9.997419721501751289e-01 9.993955267692162803e-01 9.992109683761972727e-01 9.985388982226127697e-01
9.994985891861002392e-01 9.992980414888696927e-01 9.996448900872494381e-01 9.990241481821270364e-01 9.998351767566889814e-01 9.997650721255532114e-01 9.994302356313157221e-01 9.992071106059066121e-01 9.987219748118130180e-01 9.998113629268807756e-01
9.995865695890772118e-01 9.997781998410739668e-01 9.998429771366261765e-01 9.992620127568492272e-01 9.997668863230211311e-01 9.977529414603644176e-01 9.984325835620413425e-01 9.996326449303594153e-01 9.988471587193203938e-01 9.998045009621345791e-01
9.997577865453182167e-01 9.992667856498009815e-01 9.995131015092045823e-01 9.996304964230586787e-01 9.991516217104613462e-01 9.995801276750455600e-01 9.994202260979898611e-01 9.993604697453644103e-01 9.995183230018531706e-01 9.992311936833937480e-01
9.980632106175824081e-01 9.996685368547271189e-01 9.996646066060431712e-01 9.997114195775317347e-01 9.995348300723854162e-01 9.995678476975229376e-01 9.994043527529296034e-01 9.981489870371875739e-01 9.993117962148728717e-01 9.983496999858516574e-01
9.996853220118034899e-01 9.997121522914995673e-01 9.997123505444029945e-01 9.993149007904456038e-01 9.979039711783758149e-01 9.997660965530188459e-01 9.975103396463765870e-01 9.996304444095874819e-01 9.991727573906543647e-01 9.993376880920741279e-01
9.996850379647118645e-01 9.997086777260976165e-01 9.995438713181515888e-01 9.996219237372563349e-01 9.996818328560479472e-01 9.998529556099404747e-01 9.986553728709535172e-01 9.994217519415546924e-01 9.993408116616809833e-01 9.994280078546819990e-01
9.995013909750637415e-01 9.995372609329867819e-01 9.995633441593906321e-01 9.996196729127367897e-01 9.996716469325469534e-01 9.996968492554627606e-01 9.994081845096174366e-01 9.991862733929465223e-01 9.991729188964368902e-01 9.985668960757907442e-01
9.993880541452097033e-01 9.994227883588376882e-01 9.997057376905671422e-01 9.996845604042109423e-01 9.990750336944391741e-01 9.997781918135610901e-01 9.987126752543061814e-01 9.994877327677478274e-01 9.987924347974003192e-01 9.998161465973410822e-01
9.992663961452752375e-01 9.993284881904871408e-01 9.994656588202527336e-01 9.996466823375673716e-01 9.996855852543096166e-01 9.996258858567756977e-01 9.980669356570084361e-01 9.982603185430792836e-01 9.997414814978047293e-01 9.984365063173393784e-01
9.996153544531414248e-01 9.995978355892282119e-01 9.992884942605103626e-01 9.997958034145878470e-01 9.995402590366211371e-01 9.990321843182776718e-01 9.994975728272277316e-01 9.996745759970115941e-01 9.995682102955600890e-01 9.996611274673828929e-01
9.992044605742920194e-01 9.965919163510786882e-01 9.994170806683628783e-01 9.977630796601418828e-01 9.993319081874858512e-01 9.996834618535467287e-01 9.987104091973544318e-01 9.994249725122779093e-01 9.989556006045625658e-01 9.994117207234199940e-01
9.995340677815258701e-01 9.987078135601050732e-01 9.994517778756097925e-01 9.995692302252405792e-01 9.996605253096790822e-01 9.995487408243121097e-01 9.992976679563858600e-01 9.995833146388828361e-01 9.998498033208332858e-01 9.995310706463954586e-01
9.997482680526693644e-01 9.998060322106973041e-01 9.997137191529226197e-01 9.993348993602070296e-01 9.995282734332119334e-01 9.991227541084813923e-01 9.994173993435613301e-01 9.997415992933846862e-01 9.996491363123648499e-01 9.995358284248219150e-01
9.995505084628429904e-01 9.991645493618228624e-01 9.996107135257223941e-01 9.995716495518448541e-01 9.993682475532810194e-01 9.997378708030116856e-01 9.997462090867600404e-01 9.995270146501160635e-01 9.998011188426795259e-01 9.994069768423616829e-01
9.997504692149278283e-01 9.993748597864505756e-01 9.997314569285644659e-01 9.997471590478346215e-01 9.993077916258145121e-01 9.995804190802463074e-01 9.995348336840604864e-01 9.993050488293082623e-01 9.995623302006892974e-01 9.993885983432457820e-01
9.997442463295239667e-01 9.984176321219477845e-01 9.997352263975977094e-01 9.997059476846221759e-01 9.996268018652644249e-01 9.996153743963318572e-01 9.996503517892106894e-01 9.996383301150252310e-01 9.996152609901229891e-01 9.996935469745185099e-01
9.998255778423692508e-01 9.997198266071157802e-01 9.990892237778428164e-01 9.994930467330112034e-01 9.995444905457454565e-01 9.991135577560140701e-01 9.996976552429798213e-01 9.996027631378183731e-01 9.995612968931535391e-01 9.996117396697666857e-01
9.993337626503453475e-01 9.996486229423191539e-01 9.994402915815132626e-01 9.984790342100450244e-01 9.996775004198316106e-01 9.993650676705790881e-01 9.996006079414918588e-01 9.996156639820468204e-01 9.992534839565032634e-01 9.984814736234776111e-01
9.995813544319037680e-01 9.998395741299692663e-01 9.995695608128571941e-01 9.998552620082962195e-01 9.996995642085475531e-01 9.997627084572924261e-01 9.992663091176757773e-01 9.995315322997688767e-01 9.996450815603499240e-01 9.991807498313481917e-01
9.997563185797808671e-01 9.997272856776584504e-01 9.997953307732910799e-01 9.993951110658465531e-01 9.989543424575900721e-01 9.995393248133411790e-01 9.994251390664352641e-01 9.996050999619660038e-01 9.995705043977087811e-01 9.995361704807367298e-01
9.995134999200956383e-01 9.994401675583415301e-01 9.983604176994705925e-01 9.982532737615428253e-01 9.995743965623448135e-01 9.998075256925162968e-01 9.997610984211449114e-01 9.997644340581242073e-01 9.995653586018012904e-01 9.996759755175653739e-01
9.994531127150164673e-01 9.994840315661522867e-01 9.990344945859898074e-01 9.998005512926723126e-01 9.996945888992416762e-01 9.985625447722465964e-01 9.997177561827949033e-01 9.987934118603860600e-01 9.997833161682975200e-01 9.994932891305957634e-01
9.988330138468227704e-01 9.987209311447111659e-01 9.997523163908347277e-01 9.994832660738297569e-01 9.997048465822020447e-01 9.987673515251204170e-01 9.993335860180934116e-01 9.997208503143439895e-01 9.993527083154827295e-01 9.994565176113036076e-01
9.996178368749150112e-01 9.991007204858515234e-01 9.987789056169997792e-01 9.997517000352950101e-01 9.990736800251139860e-01 9.987111518829336898e-01 9.984300119455281619e-01 9.998685179620190322e-01 9.994136460020367485e-01 9.996069588323402977e-01
9.993514072070839305e-01 9.997614686825909702e-01 9.991788643662699032e-01 9.973049901767276904e-01 9.995372609827558597e-01 9.993317543281182713e-01 9.983801740129779612e-01 9.985718389613146284e-01 9.987182749323407771e-01 9.995443273488838765e-01
9.970682072068514090e-01 9.995504541845884328e-01 9.995998892669277769e-01 9.997322119631434356e-01 9.997584424713605866e-01 9.992425531812277884e-01 9.985850922391744655e-01 9.954513960679713946e-01 9.996762122668237938e-01 9.998059896431374938e-01
9.994756393825918739e-01 9.996557464275022120e-01 9.993971418167284515e-01 9.994993006894236087e-01 9.997682229109675633e-01 9.996842993056667126e-01 9.995885547312615138e-01 9.996917114524485060e-01 9.989404802801093997e-01 9.985528334646665005e-01
9.994404821245650439e-01 9.994747910998534879e-01 9.994211822470061568e-01 9.996080233505449941e-01 9.996283353345141176e-01 9.994666762354379452e-01 9.988773985805564637e-01 9.997546743750972409e-01 9.996636723484200182e-01 9.993825727660529123e-01
9.994511313846649037e-01 9.995274323814423711e-01 9.994978106697999243e-01 9.994906968476244824e-01 9.984948015870221960e-01 9.998833186001427897e-01 9.996179977071164569e-01 9.989599200514487354e-01 9.995516905436473420e-01 9.995383036450985470e-01
9.992962893545290770e-01 9.993838505972097996e-01 9.994722046431147033e-01 9.995380828605807677e-01 9.994185152242759385e-01 9.995976853034085341e-01 9.961464316045162137e-01 9.995974155235443082e-01 9.997101344427686831e-01 9.993722022116731107e-01
9.995848589173662591e-01 9.996819379899973823e-01 9.994012501098029633e-01 9.996098296603360689e-01 9.996731407576291417e-01 9.995465579318186800e-01 9.997281261885101467e-01 9.987315071236909647e-01 9.996813504604852296e-01 9.990706680492369429e-01
9.980129542694164968e-01 9.988589930737747924e-01 9.995187190640605346e-01 9.989175559566777496e-01 9.997175127519537519e-01 9.986359325726412717e-01 9.994953860343500640e-01 9.998263958965390996e-01 9.983974814396816555e-01 9.995920848582418028e-01
