9.999942474325155262e-01 9.999920701884466023e-01 9.999977343447085110e-01 9.999959139640809402e-01 9.999924247648057651e-01 9.999959346392592874e-01 9.999882506849236963e-01 9.999955399130844302e-01 9.999984529552902179e-01 9.999972678202834198e-01
9.999974950339634017e-01 9.999933446726589903e-01 9.999937915802249444e-01 9.999949103312835152e-01 9.999967502647461037e-01 9.999976183338220581e-01 9.999963911757893120e-01 9.999971652169742375e-01 9.999986362740200807e-01 9.999983733535369179e-01
9.999975609666849063e-01 9.999975586921586723e-01 9.999988676913281749e-01 9.999959342866295842e-01 9.999973790523868367e-01 9.999948648653150807e-01 9.999973461482031256e-01 9.999941398732473674e-01 9.999965932795074064e-01 9.999936272948549698e-01
9.999986993942157065e-01 9.999974665423664311e-01 9.999945680454060959e-01 9.999980658229314923e-01 9.999987331112378808e-01 9.999948378837119067e-01 9.999982258606125995e-01 9.999949559631796658e-01 9.999937837891125225e-01 9.999960907333010907e-01
9.999906649397469760e-01 9.999965105926300613e-01 9.999938076305908696e-01 9.999952204731794581e-01 9.999900035773341411e-01 9.999926611857212766e-01 9.999866673281326834e-01 9.999974927069503750e-01 9.999991129954766134e-01 9.999959297550214954e-01
9.999932298733503755e-01 9.999964919836573651e-01 9.999986819304809149e-01 9.999940964416949019e-01 9.999974347549596132e-01 9.999975130409602952e-01 9.999837987419818441e-01 9.999956572111886599e-01 9.999935675019459014e-01 9.999947952951427910e-01
9.999961197720959039e-01 9.999966253659400284e-01 9.999973454298725084e-01 9.999938977673906715e-01 9.999965914431450109e-01 9.999967872651125411e-01 9.999961485211262824e-01 9.999966745026122039e-01 9.999943770227889273e-01 9.999977043072038052e-01
9.999968184601096821e-01 9.999967133670153441e-01 9.999979717864365680e-01 9.999985684800584140e-01 9.999970677821446996e-01 9.999992263841792628e-01 9.999985255270120721e-01 9.999877469123322760e-01 9.999977867929807918e-01 9.999956379222886271e-01
9.999952383098836828e-01 9.999965731811820691e-01 9.999957395597608434e-01 9.999966228738879082e-01 9.999941550796890288e-01 9.999950491627949134e-01 9.999942490733222389e-01 9.999940132710177787e-01 9.999966837043282597e-01 9.999983361885331767e-01
9.999953791628634070e-01 9.999970553321224642e-01 9.999967980631061515e-01 9.999990001682773633e-01 9.999989427068948222e-01 9.999975802400128400e-01 9.999948640757928553e-01 9.999778230195685014e-01 9.999941090381120334e-01 9.999938709551556837e-01
9.999975646140228935e-01 9.999944330262755532e-01 9.999944610677159451e-01 9.999973056438576924e-01 9.999928058572691292e-01 9.999984560018653212e-01 9.999976302620013913e-01 9.999975971878133363e-01 9.999985292650322988e-01 9.999655759728608428e-01
9.999981108823983167e-01 9.999891793652215810e-01 9.999974052660244306e-01 9.999985625464306027e-01 9.999964643662883068e-01 9.999865165276436985e-01 9.999933066340682686e-01 9.999997072614829063e-01 9.999956342304506807e-01 9.999945612670526618e-01
9.999979899920157234e-01 9.999974011319935352e-01 9.999937424325493485e-01 9.999961454796961746e-01 9.999973737703672372e-01 9.999979985084997969e-01 9.999990132604226201e-01 9.999950918096464081e-01 9.999945287375661129e-01 9.999969786445386255e-01
9.999954858175331696e-01 9.999934773645241526e-01 9.999915258455870370e-01 9.999964767840321400e-01 9.999954556321638544e-01 9.999976840105981868e-01 9.999976744375036475e-01 9.999971829968915538e-01 9.999985963396768041e-01 9.999921683635917269e-01
9.999973512881590310e-01 9.999976071411019740e-01 9.999973265387106514e-01 9.999906418469077796e-01 9.999952794060992245e-01 9.999964363349055363e-01 9.999961493727260731e-01 9.999984827272323518e-01 9.999980832022562494e-01 9.999925107194138629e-01
9.999922422153234569e-01 9.999984046046189734e-01 9.999991427892621632e-01 9.999977547989303828e-01 9.999979493109658613e-01 9.999970192247221723e-01 9.999952872943300708e-01 9.999970839058567318e-01 9.999944600728776223e-01 9.999944286832401774e-01
9.999984914141301084e-01 9.999989580230804753e-01 9.999893923928498962e-01 9.999931451900144763e-01 9.999955635426298617e-01 9.999938288680675358e-01 9.999965209135337485e-01 9.999955932854693863e-01 9.999987823725632330e-01 9.999961271671207186e-01
9.999972137886047330e-01 9.999936548261018077e-01 9.999962940306946768e-01 9.999983431457917238e-01 9.999951534289767130e-01 9.999922044894846707e-01 9.999913604956366386e-01 9.999962011466378975e-01 9.999953100662826166e-01 9.999924619940024906e-01
9.999954045480410336e-01 9.999967993488325657e-01 9.999968081666500419e-01 9.999956361692737827e-01 9.999963769242522504e-01 9.999955160592308712e-01 9.999988377045410104e-01 9.999978900476530486e-01 9.999918386614258248e-01 9.999959002556000343e-01
9.999992905025854029e-01 9.999876670251379718e-01 9.999958154313512981e-01 9.999861816801890457e-01 9.999941797142104516e-01 9.999968827940647342e-01 9.999973105355157710e-01 9.999989890746213694e-01 9.999903628171262771e-01 9.999936159786901868e-01
9.999944155511725219e-01 9.999809106554718996e-01 9.999934766006323139e-01 9.999953640683606482e-01 9.999837477098585392e-01 9.999818605144953354e-01 9.999892713736645566e-01 9.999957994437027597e-01 9.999969644067150387e-01 9.999915356026579660e-01
9.999932803873643472e-01 9.999922445121954828e-01 9.999965627539375568e-01 9.999987450929701538e-01 9.999962359225362807e-01 9.999971436438348515e-01 9.999978785208053500e-01 9.999811742387316738e-01 9.999991638678489281e-01 9.999955039244574628e-01
9.999953930432801119e-01 9.999967075015557816e-01 9.999967902597258762e-01 9.999950368815000434e-01 9.999963490073493499e-01 9.999912010998198708e-01 9.999982417471041662e-01 9.999974587170488149e-01 9.999972817035188699e-01 9.999977825962536038e-01
9.999912112022779631e-01 9.999969909330724827e-01 9.999919240192207681e-01 9.999944054643693514e-01 9.999994906854867693e-01 9.999982314239622694e-01 9.999963513352263522e-01 9.999935016271804811e-01 9.999949103019721841e-01 9.999962831016019349e-01
9.999959103355353651e-01 9.999951893870148156e-01 9.999941717627187643e-01 9.999967659000593700e-01 9.999968152997388282e-01 9.999939333033330824e-01 9.999977239830729614e-01 9.999965367356239421e-01 9.999905157581052695e-01 9.999941840137603899e-01
9.999939576974519184e-01 9.999979471523188224e-01 9.999966279830083682e-01 9.999973512750914839e-01 9.999971480030407367e-01 9.999919686536143937e-01 9.999967103226646836e-01 9.999951839071681281e-01 9.999964308858505513e-01 9.999890840227588784e-01
9.999982451883333567e-01 9.999972477996535991e-01 9.999969301628962581e-01 9.999945447871594340e-01 9.999932279394749823e-01 9.999952707582252520e-01 9.999970065802038510e-01 9.999972342512600809e-01 9.999940812613161700e-01 9.999885242663285601e-01
9.999973838401874371e-01 9.999989813511914738e-01 9.999974300029702556e-01 9.999944373687174037e-01 9.999976530726873980e-01 9.999995563009341781e-01 9.999898566547839041e-01 9.999959931647803835e-01 9.999972176800320245e-01 9.999934349935749589e-01
9.999922157548822854e-01 9.999975324599942317e-01 9.999930826582628107e-01 9.999915007817298251e-01 9.999485825149638796e-01 9.999942614015709941e-01 9.999944758891121666e-01 9.999848605506466148e-01 9.999958053693229765e-01 9.999889243242320314e-01
9.999791176985419749e-01 9.999961667527259568e-01 9.999916471735945667e-01 9.999970786013328006e-01 9.999583366648506777e-01 9.999978266172931951e-01 9.999979929268280054e-01 9.999976751512237305e-01 9.999943792791416985e-01 9.999985375682489686e-01
9.999952901209014922e-01 9.999977295524613563e-01 9.999966507500224200e-01 9.999964339323235141e-01 9.999962781999418571e-01 9.999508538634200860e-01 9.999882011502331247e-01 9.999940326080809516e-01 9.999898010965759809e-01 9.999846053764578357e-01
9.999989827097848227e-01 9.999967669861572483e-01 9.999990031077439223e-01 9.999908823692373883e-01 9.999950264194437111e-01 9.999836433306782402e-01 9.999984247229063428e-01 9.999926234674232361e-01 9.999977683655469907e-01 9.999930585395432336e-01
9.999922008776157556e-01 9.999979828196948750e-01 9.999943039498819797e-01 9.999926270997108180e-01 9.999990885617143777e-01 9.999951824683076529e-01 9.999864616907059300e-01 9.999951367585442341e-01 9.999978392090020929e-01 9.999958670172364172e-01
9.999973978403128294e-01 9.999958511817224061e-01 9.999955007643559490e-01 9.999983950794331111e-01 9.999956230127919898e-01 9.999976011622346839e-01 9.999940902460270342e-01 9.999856568444572824e-01 9.999940942744662831e-01 9.999873030594323975e-01
9.999983732808713777e-01 9.999957550446266774e-01 9.999977122302774468e-01 9.999974189446004802e-01 9.999973824987231641e-01 9.999948530941384917e-01 9.999910300049483780e-01 9.999992299643788440e-01 9.999977652853492271e-01 9.999957884425850763e-01
9.999955629730092888e-01 9.999979768976994254e-01 9.999972379077423090e-01 9.999978255941898153e-01 9.999958421986867574e-01 9.999876884049582193e-01 9.999979743508804475e-01 9.999928717382279286e-01 9.999978480861887453e-01 9.999979258822689898e-01
9.999924761675669238e-01 9.999611152817460269e-01 9.999985232739846408e-01 9.999970802515587565e-01 9.999638024361282573e-01 9.999806046713402008e-01 9.999822775104922901e-01 9.999849138953877947e-01 9.999952009808732445e-01 9.999956185313176871e-01
9.999859571556025672e-01 9.999981904507694308e-01 9.999989708045372572e-01 9.999972534036304372e-01 9.999977208201967782e-01 9.999975366013332811e-01 9.999945222694511804e-01 9.999960154964420145e-01 9.999869828246642500e-01 9.999939485882294310e-01
9.999943559928318182e-01 9.999942079184420685e-01 9.999978748529847472e-01 9.999913493825665078e-01 9.999987817177296012e-01 9.999922877632823059e-01 9.999986626960791769e-01 9.999835804402631423e-01 9.999979054744402296e-01 9.999944038016289616e-01
9.999936548452645901e-01 9.999938898453687441e-01 9.999951401385971383e-01 9.999993049332542849e-01 9.999969885607594700e-01 9.999971303392306554e-01 9.999961774496443079e-01 9.999989949638802278e-01 9.999962928105620152e-01 9.999963387629581257e-01
9.999952627186748932e-01 9.999953928114272417e-01 9.999946317802708151e-01 9.999931846427729809e-01 9.999946435408266776e-01 9.999872174082180543e-01 9.999979318744433021e-01 9.999932970470456484e-01 9.999977886919183545e-01 9.999986714480367800e-01
9.999796312564493972e-01 9.999965894423047397e-01 9.999881053993475710e-01 9.999975973726634715e-01 9.999971884103270314e-01 9.999896927852290895e-01 9.999958341035842802e-01 9.999944542603697029e-01 9.999908410311842966e-01 9.999966806043277812e-01
9.999937335149857720e-01 9.999955277465624182e-01 9.999967262309141791e-01 9.999994290634228733e-01 9.999887610184780007e-01 9.999934371851758597e-01 9.999917001784806025e-01 9.999968005554704664e-01 9.999979338132204409e-01 9.999953255191573742e-01
9.999962686429100245e-01 9.999954226262871559e-01 9.999969236480411583e-01 9.999986444121125029e-01 9.999952703977960100e-01 9.999968043202851486e-01 9.999951721611087807e-01 9.999944123190520617e-01 9.999928151968716650e-01 9.999987058361373693e-01
9.999964472153474171e-01 9.999984893566610245e-01 9.999923289627227208e-01 9.999951342328167181e-01 9.999987482221550650e-01 9.999968477924582322e-01 9.999803034471685947e-01 9.999976898461341301e-01 9.999965006965008119e-01 9.999972196735206209e-01
9.999987230811273609e-01 9.999968481394048148e-01 9.999973108674742317e-01 9.999955566667027007e-01 9.999945910714120867e-01 9.999992920050336798e-01 9.999945142192244729e-01 9.999977059804596724e-01 9.999925532348092894e-01 9.999971894683538087e-01
9.999922602002474514e-01 9.999991520608305651e-01 9.999975454616200077e-01 9.999949572815164389e-01 9.999934873269398228e-01 9.999962433429941955e-01 9.999935159691333286e-01 9.999950674959057206e-01 9.999955010098163788e-01 9.999982941803888803e-01
9.999974367642191497e-01 9.999927057176604128e-01 9.999944008239862736e-01 9.999957547746038955e-01 9.999970828070375850e-01 9.999957004698684093e-01 9.999963349042726435e-01 9.999986779219849353e-01 9.999986690451031501e-01 9.999963524207913235e-01
9.999981498595971185e-01 9.999942910909194183e-01 9.999948133767193603e-01 9.999938881916246025e-01 9.999969252202115522e-01 9.999994666956888434e-01 9.999979744502586199e-01 9.999972183180521057e-01 9.999982173480381764e-01 9.999979985435814012e-01
9.999961665187004911e-01 9.999979931618742102e-01 9.999955256883572563e-01 9.999963276842298576e-01 9.999972772359519979e-01 9.999962210376530658e-01 9.999975730101506866e-01 9.999928212487148027e-01 9.999979955262530140e-01 9.999983717274438799e-01
9.999960559264187143e-01 9.999941169119527240e-01 9.999971688247334400e-01 9.999980455474546392e-01 9.999970057274244484e-01 9.999888875782224629e-01 9.999983851149716330e-01 9.999974522784011999e-01 9.999960128802761750e-01 9.999984604369026586e-01
9.999979877024329777e-01 9.999855436699619515e-01 9.999967717623795549e-01 9.999897399359569672e-01 9.999961539653202669e-01 9.999971731707173461e-01 9.999974433562993648e-01 9.999965414662653762e-01 9.999971630800089661e-01 9.999984500323098047e-01
9.999966954396806162e-01 9.999957991893856368e-01 9.999965544906348480e-01 9.999969844041741718e-01 9.999960076469439629e-01 9.999950248917963691e-01 9.999964845920163992e-01 9.999924457586039095e-01 9.999941153125010418e-01 9.999917561238738095e-01
9.999944655586036069e-01 9.999946106732805484e-01 9.999985729409026636e-01 9.999972128332615950e-01 9.999971905252027504e-01 9.999985138302809329e-01 9.999971377411955853e-01 9.999890437004220756e-01 9.999970492806784517e-01 9.999971508734036840e-01
9.999951260425928856e-01 9.999982400349461953e-01 9.999955679563095057e-01 9.999977060844081889e-01 9.999971073056748150e-01 9.999961565148028919e-01 9.999989400096416237e-01 9.999985055381680477e-01 9.999974181278722396e-01 9.999982741068634828e-01
9.999886958145544069e-01 9.999947994341273905e-01 9.999924384469307537e-01 9.999974115174008471e-01 9.999909344806383604e-01 9.999950730636415486e-01 9.999934529912943848e-01 9.999993571119988323e-01 9.999691082291138899e-01 9.999984289801677750e-01
9.999954811043406666e-01 9.999976429334356265e-01 9.999959675005926085e-01 9.999957360131760398e-01 9.999967565834699812e-01 9.999955265223651191e-01 9.999958603691201375e-01 9.999964074391652913e-01 9.999937611688959338e-01 9.999974456004988577e-01
9.999956162396692605e-01 9.999957738068608881e-01 9.999986176306893126e-01 9.999948529439254274e-01 9.999944685163776326e-01 9.999990921139727540e-01 9.999955908012972960e-01 9.999952323474291527e-01 9.999991777345329513e-01 9.999958491078659861e-01
9.999931532653012489e-01 9.999985564754272360e-01 9.999894845040413482e-01 9.999913062106868811e-01 9.999996898974116144e-01 9.999960434426963252e-01 9.999951451341293485e-01 9.999947591208984132e-01 9.999963622688186060e-01 9.999997372778800520e-01
9.999919408762012463e-01 9.999957970468251744e-01 9.999986166652029551e-01 9.999946750316722754e-01 9.999863948928596757e-01 9.999977049346536750e-01 9.999965327704178897e-01 9.999963960285565001e-01 9.999969701373703224e-01 9.999991916001718106e-01
9.999734712372982948e-01 9.999949460759927078e-01 9.999977176849210725e-01 9.999967533994252866e-01 9.999925618780757253e-01 9.999959951610764008e-01 9.999981080038858883e-01 9.999963275325498557e-01 9.999928416156800282e-01 9.999947601128332808e-01
9.999968548125112155e-01 9.999967581584158216e-01 9.999965244648381102e-01 9.999941722060244897e-01 9.999954327884009730e-01 9.999563044735787498e-01 9.999987383344708380e-01 9.999970845762182758e-01 9.999971429502739761e-01 9.999890967515591145e-01
9.999985038855161434e-01 9.999942826391474693e-01 9.999949735020626784e-01 9.999981001946535164e-01 9.999955759778949016e-01 9.999914190040174455e-01 9.999941590939854796e-01 9.999971846638222583e-01 9.999911087040368463e-01 9.999962437846688923e-01
9.999960711710274008e-01 9.999992093644101132e-01 9.999946685653768874e-01 9.999924337054594270e-01 9.999942686256070301e-01 9.999963836917953319e-01 9.999975800932277004e-01 9.999929761906118930e-01 9.999969438416407286e-01 9.999960781342175364e-01
9.999977743451000656e-01 9.999971990759273233e-01 9.999977914251132471e-01 9.999970672464264521e-01 9.999966279038313699e-01 9.999956703193849661e-01 9.999933722018942150e-01 9.999974451057881408e-01 9.999996949127709645e-01 9.999977756324006650e-01
9.999950758562377029e-01 9.999977091520247940e-01 9.999940856726107219e-01 9.999973917365733156e-01 9.999949102133650625e-01 9.999828652318331068e-01 9.999913618980246222e-01 9.999930151066661610e-01 9.999969165614513988e-01 9.999940676716675414e-01
9.999988284101063440e-01 9.999979901745952304e-01 9.999746339341306633e-01 9.999969049604223725e-01 9.999968695122793960e-01 9.999956684777276950e-01 9.999976603180532608e-01 9.999947155719353109e-01 9.999863271428794942e-01 9.999977955711970568e-01
9.999986015040798204e-01 9.999957381659894118e-01 9.999942929733820485e-01 9.999989396691777443e-01 9.999980826586167826e-01 9.999956797514845119e-01 9.999925286682713743e-01 9.999989676598648458e-01 9.999948310312767319e-01 9.999942152859238043e-01
9.999978502630406663e-01 9.999967657307747837e-01 9.999989422361691416e-01 9.999961031640416387e-01 9.999974486313767397e-01 9.999968335120692497e-01 9.999968930681367718e-01 9.999989426258515390e-01 9.999895398171479988e-01 9.999966493301847281e-01
9.999978665694398972e-01 9.999996074089952947e-01 9.999940368877525687e-01 9.999986779590812613e-01 9.999966926099721487e-01 9.999969503722869746e-01 9.999941204827691443e-01 9.999967151366242479e-01 9.999969171491472908e-01 9.999907434427934838e-01
9.999970050899702478e-01 9.999838976692699832e-01 9.999979459269455750e-01 9.999925516279049020e-01 9.999961263459477001e-01 9.999987491289273889e-01 9.999956953783469826e-01 9.999981258488276348e-01 9.999923890461079878e-01 9.999980338393560375e-01
9.999990060083879806e-01 9.999944771056804571e-01 9.999974989925114466e-01 9.999972836808462828e-01 9.999927217246677991e-01 9.999980638090841811e-01 9.999984951460708649e-01 9.999952477157559860e-01 9.999901359435197090e-01 9.999979830219710708e-01
9.999930388191691222e-01 9.999974184474279548e-01 9.999967576113094614e-01 9.999910702933202389e-01 9.999958308022626197e-01 9.999934441352053005e-01 9.999937133309204640e-01 9.999975854527383134e-01 9.999972799520449041e-01 9.999860125526786048e-01
9.999951858287634554e-01 9.999924396713650854e-01 9.999950668131635245e-01 9.999898401104267975e-01 9.999898373558364639e-01 9.999993949533494408e-01 9.999965028611290663e-01 9.999966801199131616e-01 9.999977456187345570e-01 9.999995304062124779e-01
9.999977751139960125e-01 9.999939556827707188e-01 9.999982871668544604e-01 9.999942364652728566e-01 9.999994598290616876e-01 9.999961492326482349e-01 9.999981726565302376e-01 9.999935242353924503e-01 9.999979919770531911e-01 9.999982757875083283e-01
9.999943753882826192e-01 9.999970778190983012e-01 9.999936583565798287e-01 9.999986785845798032e-01 9.999980671738528670e-01 9.999920248551250612e-01 9.999956826341559468e-01 9.999939449643563405e-01 9.999974485367130184e-01 9.999891686429051019e-01
9.999919459318000747e-01 9.999978552492658768e-01 9.999979526760937043e-01 9.999950527267598144e-01 9.999987565419774516e-01 9.999983750243839342e-01 9.999941995314963750e-01 9.999980377009288768e-01 9.999976116165328888e-01 9.999971420169376790e-01
9.999985108924508426e-01 9.999970788912180275e-01 9.999981115291755041e-01 9.999918736106886419e-01 9.999865626501830418e-01 9.999857847677783296e-01 9.999844473257335498e-01 9.999910229464077371e-01 9.999982551379933415e-01 9.999987406269509327e-01
9.999976558546519456e-01 9.999897926839315110e-01 9.999971562357898858e-01 9.999955368908808317e-01 9.999878776632249444e-01 9.999987585757421638e-01 9.999880270576932961e-01 9.999912934762512640e-01 9.999983571905349811e-01 9.999984870195747222e-01
9.999979438589501335e-01 9.999966186200678342e-01 9.999979174937865256e-01 9.999968355244880369e-01 9.999974202967912840e-01 9.999940301717855640e-01 9.999926878186935486e-01 9.999969702477324862e-01 9.999939393536367849e-01 9.999936042251058588e-01
9.999997175884880463e-01 9.999962052519737465e-01 9.999951092904048044e-01 9.999992282131510146e-01 9.999957879623493362e-01 9.999938434480112326e-01 9.999950643146036100e-01 9.999978327062993833e-01 9.999954896529567039e-01 9.999982203400523684e-01
9.999956172916216746e-01 9.999957941621973045e-01 9.999982488312481044e-01 9.999985325411352433e-01 9.999926115703736684e-01 9.999878792688760010e-01 9.999988634082387362e-01 9.999929611506389593e-01 9.999990846543788114e-01 9.999975338219335708e-01
9.999987876776506024e-01 9.999933862758459968e-01 9.999956964997889219e-01 9.999945161293328777e-01 9.999916703128918227e-01 9.999965593392347030e-01 9.999945967354406662e-01 9.999951142634802004e-01 9.999984419356224841e-01 9.999977759964728818e-01
9.999902010171942690e-01 9.999711924977058297e-01 9.999960483577480241e-01 9.999940823371725740e-01 9.999990411082493313e-01 9.999907134828224242e-01 9.999966324728437606e-01 9.999965315149648148e-01 9.999895099137730003e-01 9.999918939343487301e-01
9.999971356487152851e-01 9.999981192902017701e-01 9.999966448999677571e-01 9.999960917491980128e-01 9.999957143472035792e-01 9.999969205679508644e-01 9.999971462703598490e-01 9.999967046093449774e-01 9.999961263440232395e-01 9.999937553753766029e-01
9.999976926358455920e-01 9.999940689425995677e-01 9.999964938554593008e-01 9.999957864426435306e-01 9.999989295760840502e-01 9.999952007648641450e-01 9.999950120624283567e-01 9.999894113728845513e-01 9.999957955360352369e-01 9.999965213625047200e-01
9.999930726895024380e-01 9.999860501199265839e-01 9.999987481070199413e-01 9.999941942791907845e-01 9.999915568993582582e-01 9.999944918779768432e-01 9.999930404836037123e-01 9.999944484270254508e-01 9.999936196937898591e-01 9.999956949110098137e-01
9.999983207983399458e-01 9.999986751301009891e-01 9.999957734782046748e-01 9.999979498118364285e-01 9.999957353808108795e-01 9.999975591947928288e-01 9.999966871665232349e-01 9.999961830433355958e-01 9.999989749585622700e-01 9.999953318534666735e-01
9.999951142717881103e-01 9.999983466065800464e-01 9.999947951295250492e-01 9.999975980558001298e-01 9.999907006208988980e-01 9.999964179503887385e-01 9.999973496711146437e-01 9.999970049414057538e-01 9.999963187222320471e-01 9.999867640498567578e-01
9.999897818626175550e-01 9.999989882934176011e-01 9.999947756253017017e-01 9.999940340911486203e-01 9.999990457890202133e-01 9.999976981859824976e-01 9.999958400881397980e-01 9.999880634053261996e-01 9.999979213911526221e-01 9.999913825627710917e-01
9.999915247013991815e-01 9.999878457119769637e-01 9.999977514773964460e-01 9.999988967460152756e-01 9.999921680959188430e-01 9.999942787335616146e-01 9.999946876300799259e-01 9.999970023343857095e-01 9.999913481942370730e-01 9.999970118552650167e-01
9.999989663317780941e-01 9.999962264937336531e-01 9.999967031058547562e-01 9.999934176850013845e-01 9.999916000472357513e-01 9.999941729537825674e-01 9.999985896589188572e-01 9.999968588458829633e-01 9.999987420676755834e-01 9.999977141007081460e-01
9.999826104291358320e-01 9.999820774246882538e-01 9.999951444064685280e-01 9.999981992057032087e-01 9.999978956302444377e-01 9.999966463825896712e-01 9.999934571305577613e-01 9.999974926957819754e-01 9.999986683685248012e-01 9.999932787953513813e-01
9.999991264564020987e-01 9.999971200103271451e-01 9.999946803235408854e-01 9.999966863056191091e-01 9.999890156379948047e-01 9.999840830145573234e-01 9.999965288218604087e-01 9.999928261224704240e-01 9.999988319767405542e-01 9.999962452755049025e-01
9.999958876372522232e-01 9.999988097320327007e-01 9.999957242322980999e-01 9.999982554524625700e-01 9.999954767168386383e-01 9.999968919662618472e-01 9.999898658899494253e-01 9.999975831399633419e-01 9.999973452179720113e-01 9.999979273305454885e-01
9.999937195253679745e-01 9.999967473505028126e-01 9.999890610901039922e-01 9.999969212873713875e-01 9.999984784529777349e-01 9.999970813605894016e-01 9.999910816204832242e-01 9.999983041389941540e-01 9.999887334296294616e-01 9.999976085540349668e-01
9.999945815142138317e-01 9.999993763845962391e-01 9.999985531997834798e-01 9.999974719268593937e-01 9.999972866401078964e-01 9.999964772726117612e-01 9.999971072835714958e-01 9.999972013775807467e-01 9.999977467078008386e-01 9.999956491070044473e-01
9.999962930964265695e-01 9.999965067075914371e-01 9.999955738817862816e-01 9.999962551666837784e-01 9.999928214665044779e-01 9.999693810008708494e-01 9.999977860064011015e-01 9.999952495249214701e-01 9.999982309650289336e-01 9.999975745470169874e-01
9.999998349210729165e-01 9.999926821471388783e-01 9.999980245917666766e-01 9.999963828052050863e-01 9.999988176496004133e-01 9.999977412300328217e-01 9.999972965685216542e-01 9.999968879402491018e-01 9.999995576376358164e-01 9.999927847218410548e-01
9.999906773916243941e-01 9.999952073980777900e-01 9.999948822621012035e-01 9.999962278333761612e-01 9.999960173467336011e-01 9.999963765915118596e-01 9.999922420767910491e-01 9.999965180304516421e-01 9.999892945982959969e-01 9.999954364776005855e-01
