9.999950528814779416e-01 9.999961008009223828e-01 9.999950992447900200e-01 9.999901067553403911e-01 9.999958688605985468e-01 9.999963915469255449e-01 9.999984191021427105e-01 9.999935156911490264e-01 9.999975796774785985e-01 9.999972124589781020e-01
9.999961459930436503e-01 9.999965294646147029e-01 9.999968239362934108e-01 9.999932368652100223e-01 9.999955803029716428e-01 9.999975984104394477e-01 9.999948353798838729e-01 9.999946193556524809e-01 9.999958626084293201e-01 9.999936000647360324e-01
9.999971149550000993e-01 9.999982439624084396e-01 9.999755426383037937e-01 9.999806294966129272e-01 9.999961785747804033e-01 9.999940250541073938e-01 9.999983020570659686e-01 9.999965410856187509e-01 9.999977555376342586e-01 9.999970031183507135e-01
9.999973292527084556e-01 9.999978946409829872e-01 9.999941572415760316e-01 9.999962788274915360e-01 9.999980362012306223e-01 9.999971411485624184e-01 9.999953062064591558e-01 9.999972382738128163e-01 9.999930128340270841e-01 9.999941503767263429e-01
9.999937971699781603e-01 9.999963751753085939e-01 9.999841103069715409e-01 9.999948396639876114e-01 9.999936695203955894e-01 9.999983412398358862e-01 9.999970068663728284e-01 9.999917298011801181e-01 9.999949521682974796e-01 9.999962425514656861e-01
9.999979368941335212e-01 9.999975363762824143e-01 9.999942327210515902e-01 9.999984557274250729e-01 9.999961296805520705e-01 9.999982564479462654e-01 9.999925487982309624e-01 9.999930494854014640e-01 9.999953570708730588e-01 9.999974786398654336e-01
9.999979258520824699e-01 9.999955351340141796e-01 9.999965317529806441e-01 9.999850357325505978e-01 9.999950806233317557e-01 9.999980920955452435e-01 9.999969932086114621e-01 9.999977525814360835e-01 9.999976831453222248e-01 9.999965666504526673e-01
9.999975635609327229e-01 9.999960731921579971e-01 9.999972351481900557e-01 9.999932288217311394e-01 9.999988705288592739e-01 9.999899585577044503e-01 9.999959924346492057e-01 9.999947622659537405e-01 9.999961302149159570e-01 9.999977409261153749e-01
9.999956138403852668e-01 9.999972678114755764e-01 9.999943624190175129e-01 9.999975983332431984e-01 9.999945601302531184e-01 9.999965822325980191e-01 9.999952274865727686e-01 9.999983871307320804e-01 9.999965896907899721e-01 9.999960666261215048e-01
9.999870687067792252e-01 9.999946233270952112e-01 9.999961542431432537e-01 9.999956877143481027e-01 9.999958761153661113e-01 9.999989375588183016e-01 9.999953078680696716e-01 9.999972905431980807e-01 9.999931843488921723e-01 9.999976146949405287e-01
9.999944682107274607e-01 9.999961787772668753e-01 9.999957788629952882e-01 9.999975405175184351e-01 9.999941520007100682e-01 9.999964193416833735e-01 9.999965486319492003e-01 9.999954096361288736e-01 9.999970747087466583e-01 9.999966966343307728e-01
9.999933635943147880e-01 9.999944285828457069e-01 9.999930962911047772e-01 9.999980463521337404e-01 9.999909808850988568e-01 9.999983862341366159e-01 9.999976406825643593e-01 9.999982677627788918e-01 9.999934789389559597e-01 9.999907645751682228e-01
9.999973801248878136e-01 9.999964519883445258e-01 9.999970569685308064e-01 9.999968440458233410e-01 9.999947303493502693e-01 9.999967425411513400e-01 9.999958419891783468e-01 9.999892064770290467e-01 9.999977017697769810e-01 9.999972930495737433e-01
9.999886333006613448e-01 9.999922860923668999e-01 9.999938677660997755e-01 9.999922415970473599e-01 9.999969401059891627e-01 9.999959556936056648e-01 9.999982111547889296e-01 9.999981703304696712e-01 9.999953569928116126e-01 9.999925554376788428e-01
9.999955196746127539e-01 9.999909110490479147e-01 9.999962857518286397e-01 9.999963176210060478e-01 9.999969930826853037e-01 9.999939846860655956e-01 9.999982242753928663e-01 9.999963735701685730e-01 9.999964189958716609e-01 9.999953304278366151e-01
9.999936884524309733e-01 9.999917485736423695e-01 9.999976154408829476e-01 9.999948235878415304e-01 9.999962653390687128e-01 9.999855048925091472e-01 9.999912432652662275e-01 9.999955898683390298e-01 9.999926434226182881e-01 9.999948415698355353e-01
9.999957088240100100e-01 9.999961392824968653e-01 9.999965536909666275e-01 9.999938837606321407e-01 9.999945257773708018e-01 9.999942403650545764e-01 9.999981322625816071e-01 9.999979528584156396e-01 9.999971527256364956e-01 9.999946515188837814e-01
9.999948152656876754e-01 9.999975079313964121e-01 9.999977122224221748e-01 9.999970289719747329e-01 9.999965117310256613e-01 9.999858501059813998e-01 9.999952231091328025e-01 9.999977176748371388e-01 9.999924438185455733e-01 9.999928393801875703e-01
9.999948143976449266e-01 9.999947543274235739e-01 9.999962538704988413e-01 9.999964373122627315e-01 9.999947607709870345e-01 9.999918624836844350e-01 9.999975592182238637e-01 9.999932985988000400e-01 9.999957039055467067e-01 9.999957373613489464e-01
9.999956415849714508e-01 9.999943196604529350e-01 9.999966509809603554e-01 9.999931597078745016e-01 9.999982909490500171e-01 9.999971543275353314e-01 9.999980242078116977e-01 9.999951333629779615e-01 9.999946174609802840e-01 9.999917496316200749e-01
9.999968536561354426e-01 9.999958448357464391e-01 9.999918237704382706e-01 9.999930092731967868e-01 9.999878590374571274e-01 9.999985264628695747e-01 9.999959820312264158e-01 9.999966723819126990e-01 9.999982236688361725e-01 9.999946455764979758e-01
9.999951852462832802e-01 9.999944596628309590e-01 9.999910657221242616e-01 9.999966976360080695e-01 9.999624807790803427e-01 9.999952583994554667e-01 9.999923026803020365e-01 9.999955348750871886e-01 9.999968510054012549e-01 9.999985192372230491e-01
9.999903463456162322e-01 9.999974777637620216e-01 9.999917489714329477e-01 9.999970551320493950e-01 9.999898994045277600e-01 9.999956377886739523e-01 9.999988245702838841e-01 9.999949108182920599e-01 9.999972970905538494e-01 9.999985270407274474e-01
9.999943846921685031e-01 9.999947720537553097e-01 9.999936086129530555e-01 9.999978235335004184e-01 9.999935628876360783e-01 9.999950132331598684e-01 9.999975812298051991e-01 9.999959233159732008e-01 9.999965220380393482e-01 9.999956953587765263e-01
9.999906886996502431e-01 9.999944981461944549e-01 9.999958116182086076e-01 9.999963563436565783e-01 9.999920428849286003e-01 9.999876389886893646e-01 9.999925278666418338e-01 9.999957105456918072e-01 9.999974125379895717e-01 9.999988100998964402e-01
9.999956131047564867e-01 9.999978265335093264e-01 9.999978990451893202e-01 9.999916942128050934e-01 9.999955366690856939e-01 9.999930301456718684e-01 9.999971957708773118e-01 9.999974731845832077e-01 9.999973472158886212e-01 9.999960446809854631e-01
9.999941960204733471e-01 9.999982185764273446e-01 9.999948927328059511e-01 9.999953382812131197e-01 9.999976048391447936e-01 9.999940841717084306e-01 9.999873141444878266e-01 9.999974739496516607e-01 9.999967714486945880e-01 9.999956950038341175e-01
9.999926233652367547e-01 9.999947870181385978e-01 9.999951680470672288e-01 9.999960969879823081e-01 9.999972045018704625e-01 9.999950211062850203e-01 9.999955480182075584e-01 9.999972246505318685e-01 9.999995533946853810e-01 9.999936045570901877e-01
9.999970340698750570e-01 9.999935105352796283e-01 9.999932993164111217e-01 9.999974344746381805e-01 9.999984087581883507e-01 9.999946906387652268e-01 9.999930188694688971e-01 9.999970442091737910e-01 9.999978223509327080e-01 9.999961826962920908e-01
9.999926492198853989e-01 9.999981099856909417e-01 9.999865281657368543e-01 9.999917944730218888e-01 9.999963971061494039e-01 9.999902575912829050e-01 9.999936207722079917e-01 9.999942923613337475e-01 9.999934354635738876e-01 9.999982431366705171e-01
9.999968372383410964e-01 9.999976215722770068e-01 9.999958300289677471e-01 9.999986462265492149e-01 9.999954552447013478e-01 9.999968768505023142e-01 9.999970872790722165e-01 9.999965366383283261e-01 9.999976096638794054e-01 9.999965552833416371e-01
9.999971679869286145e-01 9.999971587663945005e-01 9.999973335220359028e-01 9.999909397413052625e-01 9.999962990828736853e-01 9.999984549571926395e-01 9.999954983009534670e-01 9.999926781702654921e-01 9.999935711837770747e-01 9.999985636283188484e-01
9.999964010664452729e-01 9.999979015340421107e-01 9.999856463557804664e-01 9.999968955466371767e-01 9.999941583632514508e-01 9.999878528639549735e-01 9.999984573041545977e-01 9.999976447984447736e-01 9.999952249429142626e-01 9.999969815789748750e-01
9.999966422020781787e-01 9.999927967738908574e-01 9.999977161120841007e-01 9.999977847742469450e-01 9.999963746065155812e-01 9.999965474381624642e-01 9.999929801767790671e-01 9.999866726883480661e-01 9.999948765588849708e-01 9.999971627046957412e-01
9.999887312376050108e-01 9.999881445856162454e-01 9.999937137756711447e-01 9.999957163743243838e-01 9.999968707706983206e-01 9.999945974869066667e-01 9.999911412936898225e-01 9.999957717930277878e-01 9.999946459929981435e-01 9.999945898928207511e-01
9.999942476061065566e-01 9.999965603567378958e-01 9.999958232132111213e-01 9.999975048967891800e-01 9.999941969772496719e-01 9.999982471117777605e-01 9.999963695925198071e-01 9.999985650575847762e-01 9.999979320935715732e-01 9.999932845813636062e-01
9.999960517496949697e-01 9.999963456749475510e-01 9.999961813768503127e-01 9.999970087231387916e-01 9.999971847779490774e-01 9.999905132011418507e-01 9.999971200333527266e-01 9.999908750476496078e-01 9.999977225537091119e-01 9.999974563239222292e-01
9.999969125372903944e-01 9.999978609621550385e-01 9.999967053462236466e-01 9.999860115168528463e-01 9.999963600946479847e-01 9.999963899890034202e-01 9.999871446146370024e-01 9.999936409334653220e-01 9.999970840338955336e-01 9.999951465146188490e-01
9.999842424439004951e-01 9.999950856162251878e-01 9.999925812465065844e-01 9.999961915340073171e-01 9.999986107547282899e-01 9.999974692777611196e-01 9.999943488299311012e-01 9.999953550013559456e-01 9.999946661197148812e-01 9.999979255573672177e-01
9.999979249592698682e-01 9.999707577326445440e-01 9.999980560529760920e-01 9.999983859156179600e-01 9.999915932935518059e-01 9.999953629335079919e-01 9.999968313828502264e-01 9.999946762703283420e-01 9.999958436357953007e-01 9.999965771435130879e-01
9.999928149789832910e-01 9.999980494615062776e-01 9.999964307449088485e-01 9.999982249151454505e-01 9.999949218393852091e-01 9.999962699368551977e-01 9.999965663542785821e-01 9.999831600432256273e-01 9.999976634812591803e-01 9.999909016759487290e-01
9.999975663180821206e-01 9.999946252713778350e-01 9.999975189957485133e-01 9.999937626825451398e-01 9.999966569889686685e-01 9.999982494191567151e-01 9.999900233027864127e-01 9.999979461222977539e-01 9.999935639106120044e-01 9.999983081948632391e-01
9.999968669743583005e-01 9.999969927898593181e-01 9.999964846341010682e-01 9.999952030731377173e-01 9.999956781151752017e-01 9.999983174991187163e-01 9.999932769973777225e-01 9.999872793722621722e-01 9.999934185665257935e-01 9.999981701328306549e-01
9.999955035779818369e-01 9.999968907216816305e-01 9.999942244592022744e-01 9.999966134109585791e-01 9.999952800494751326e-01 9.999986556940446691e-01 9.999979146146625864e-01 9.999969819406452354e-01 9.999964221026100830e-01 9.999973894393023865e-01
9.999985346528051933e-01 9.999947770169264061e-01 9.999916694326282940e-01 9.999970386726936278e-01 9.999964944313104453e-01 9.999973708618684620e-01 9.999962800637871574e-01 9.999958676038046557e-01 9.999951584856946463e-01 9.999953217456390986e-01
9.999980216591081161e-01 9.999973089853849695e-01 9.999912450267938180e-01 9.999953292737334687e-01 9.999986513345320294e-01 9.999949066140036980e-01 9.999888674566520530e-01 9.999937801174560992e-01 9.999961953073683851e-01 9.999933802311519182e-01
9.999961976099139838e-01 9.999950047825260091e-01 9.999916838290161536e-01 9.999944422451200188e-01 9.999959899824550913e-01 9.999990201606185902e-01 9.999963925784387531e-01 9.999981012640608569e-01 9.999988215713314643e-01 9.999962875390878692e-01
9.999986101777549319e-01 9.999949087119326396e-01 9.999934903963016986e-01 9.999823575499531270e-01 9.999968689119396181e-01 9.999913755068949861e-01 9.999902492609294979e-01 9.999976095347031801e-01 9.999954181618536664e-01 9.999936038966255047e-01
9.999948346678471101e-01 9.999962868270043659e-01 9.999955086989985586e-01 9.999944852504097925e-01 9.999831994486304554e-01 9.999924230736563224e-01 9.999774938052452544e-01 9.999894630565004938e-01 9.999964867150097358e-01 9.999981861622821988e-01
9.999940968234688476e-01 9.999934379148888164e-01 9.999986887602960728e-01 9.999915720099297189e-01 9.999975095343559550e-01 9.999934614585435089e-01 9.999962967166915462e-01 9.999970322488344054e-01 9.999907419320167579e-01 9.999969505249346469e-01
9.999949402989456448e-01 9.999858717519466422e-01 9.999970984459496393e-01 9.999967299031702339e-01 9.999545275379447817e-01 9.999975130690638148e-01 9.999978704697234377e-01 9.999969878140061441e-01 9.999939109130724368e-01 9.999953723524478422e-01
9.999970499355556042e-01 9.999952853368571093e-01 9.999977106110053970e-01 9.999806671574225092e-01 9.999963831831720773e-01 9.999914750131214669e-01 9.999902860512331904e-01 9.999975193030888887e-01 9.999966409458647121e-01 9.999925071131634535e-01
9.999967052317844107e-01 9.999969241004494913e-01 9.999978769255033484e-01 9.999984134500414790e-01 9.999968924545322713e-01 9.999894902949882924e-01 9.999879675286964531e-01 9.999944750728997356e-01 9.999971633206903299e-01 9.999982273477023842e-01
9.999962111318934088e-01 9.999964014339075558e-01 9.999942328114204138e-01 9.999973426319296310e-01 9.999971868710479939e-01 9.999978007256755674e-01 9.999983926551296864e-01 9.999974943297189611e-01 9.999912263013192026e-01 9.999947427242703579e-01
9.999986280961867813e-01 9.999986013548139985e-01 9.999981013899420512e-01 9.999904623031710127e-01 9.999982201502063406e-01 9.999927080579384953e-01 9.999976234589005308e-01 9.999966252634971964e-01 9.999929667749360984e-01 9.999953490647125465e-01
9.999909379811257049e-01 9.999966671584853417e-01 9.999947423054437179e-01 9.999972466806628102e-01 9.999907573280192308e-01 9.999971828106737348e-01 9.999908768141543280e-01 9.999970328203721115e-01 9.999973992908377518e-01 9.999938325113919557e-01
9.999968846873910078e-01 9.999974973629289776e-01 9.999965154871995887e-01 9.999972525192177830e-01 9.999984313273816428e-01 9.999977072605118478e-01 9.999913577453998226e-01 9.999970462495217927e-01 9.999976629211101420e-01 9.999955806949558657e-01
9.999934108537118505e-01 9.999905516541107708e-01 9.999916649638644905e-01 9.999878186203776664e-01 9.999970442053464081e-01 9.999928757567917437e-01 9.999969460461850534e-01 9.999964154506134628e-01 9.999981570296649913e-01 9.999966911726063667e-01
9.999945523126116953e-01 9.999951698840791048e-01 9.999947277370141441e-01 9.999949336762182783e-01 9.999957137474626556e-01 9.999948818093122860e-01 9.999946311259537701e-01 9.999960962092354633e-01 9.999972741832175993e-01 9.999983749307220782e-01
9.999959841025332086e-01 9.999964032755335186e-01 9.999873823820966123e-01 9.999941960872301694e-01 9.999974772016115843e-01 9.999975559321722107e-01 9.999955328204561678e-01 9.999978664064680389e-01 9.999975101282694290e-01 9.999964872069629918e-01
9.999957892303235063e-01 9.999963066990837923e-01 9.999970815310668115e-01 9.999832035923374995e-01 9.999932571046796781e-01 9.999969795484323631e-01 9.999973272084337061e-01 9.999649285923649655e-01 9.999975990320498775e-01 9.999953949949089704e-01
9.999934870449991298e-01 9.999936708369938643e-01 9.999880363235548186e-01 9.999973277883565936e-01 9.999969252235912931e-01 9.999969045167146353e-01 9.999920952918320838e-01 9.999966030005210671e-01 9.999946070565094436e-01 9.999857434639459752e-01
9.999948186731626443e-01 9.999978521259174080e-01 9.999981976446740140e-01 9.999984489618795047e-01 9.999957764579308073e-01 9.999950379037351178e-01 9.999985093829949490e-01 9.999979235944561617e-01 9.999955929535239152e-01 9.999940810206454644e-01
9.999937218543245576e-01 9.999950499497305412e-01 9.999976344251700899e-01 9.999963804783414956e-01 9.999899780370559155e-01 9.999980650058787335e-01 9.999940830486095944e-01 9.999989515893575875e-01 9.999977517468092714e-01 9.999976982365901268e-01
9.999955045361014205e-01 9.999984451283132625e-01 9.999981459631515079e-01 9.999957772374359344e-01 9.999893618916420035e-01 9.999872722033574801e-01 9.999945928040312459e-01 9.999902041565692512e-01 9.999955711387377155e-01 9.999952868587697052e-01
9.999968566936724423e-01 9.999972883052350436e-01 9.999956797314685231e-01 9.999965748593006021e-01 9.999954502022814218e-01 9.999985386397228782e-01 9.999946021220550429e-01 9.999859318412340770e-01 9.999972933250637075e-01 9.999981731655157580e-01
9.999968243835057891e-01 9.999901890621601952e-01 9.999967273055565542e-01 9.999957174727911458e-01 9.999951733130221232e-01 9.999951125773586247e-01 9.999947494829088956e-01 9.999982000295433160e-01 9.999972426526282376e-01 9.999914147280140053e-01
9.999959371875831726e-01 9.999948285839094231e-01 9.999974329236690496e-01 9.999955466822638694e-01 9.999952223707827548e-01 9.999973744290827637e-01 9.999962172920414671e-01 9.999984361131871724e-01 9.999967092694684867e-01 9.999953534032166580e-01
9.999989162836234735e-01 9.999953363626135072e-01 9.999926782126151714e-01 9.999936074847377565e-01 9.999944074126569937e-01 9.999966241344476758e-01 9.999978384038394896e-01 9.999914723385798787e-01 9.999967413646432268e-01 9.999973294783320865e-01
9.999897275611491221e-01 9.999899083832628488e-01 9.999941186315012276e-01 9.999936605229229336e-01 9.999915774050951445e-01 9.999950594848741048e-01 9.999918860602829973e-01 9.999961448816359066e-01 9.999938263068905986e-01 9.999916304148833701e-01
9.999933280491625220e-01 9.999944313053960032e-01 9.999941706425741206e-01 9.999934435588051507e-01 9.999984354960451682e-01 9.999967980334897311e-01 9.999980057427420022e-01 9.999800228214629216e-01 9.999983004939143605e-01 9.999972336841493892e-01
9.999965832650561381e-01 9.999971110245096106e-01 9.999969863367880185e-01 9.999965463595800186e-01 9.999927331867812796e-01 9.999966533460713514e-01 9.999979547659320067e-01 9.999970346277199384e-01 9.999951886551255997e-01 9.999955219801391904e-01
9.999972142895516836e-01 9.999988605331582292e-01 9.999965718896016709e-01 9.999956740592503834e-01 9.999966783459562913e-01 9.999985989552695465e-01 9.999964790212596544e-01 9.999889719165699908e-01 9.999934972775438302e-01 9.999965816871929647e-01
9.999961407772602895e-01 9.999934598313513501e-01 9.999965573971573152e-01 9.999965184781531846e-01 9.999963953244584980e-01 9.999958699021590514e-01 9.999960828250080702e-01 9.999970976344055851e-01 9.999963118319461497e-01 9.999956574372452778e-01
9.999983929905756908e-01 9.999962674937038498e-01 9.999984519048464859e-01 9.999971537699139379e-01 9.999966000037913139e-01 9.999970196282956802e-01 9.999981714770288521e-01 9.999952384564614327e-01 9.999965983107136358e-01 9.999972347959220631e-01
9.999962832543348723e-01 9.999924266715364274e-01 9.999968287894179797e-01 9.999953836963594300e-01 9.999941602539165197e-01 9.999964283103734974e-01 9.999982159799635228e-01 9.999949193823339799e-01 9.999948292231564118e-01 9.999975403642292759e-01
9.999943851217825141e-01 9.999979721311922365e-01 9.999974638900085422e-01 9.999908917530823116e-01 9.999918255871365069e-01 9.999946056549066098e-01 9.999956727130858702e-01 9.999912247401284704e-01 9.999970151755643855e-01 9.999954622760339751e-01
9.999973027158609584e-01 9.999971585523629303e-01 9.999912805074229194e-01 9.999946842422431370e-01 9.999975251024274536e-01 9.999876726885336131e-01 9.999794546143151441e-01 9.999969697636096333e-01 9.999921723542842811e-01 9.999915749068719606e-01
9.999899576320608885e-01 9.999947746825755823e-01 9.999947708969090243e-01 9.999953040097497858e-01 9.999935606050561754e-01 9.999979800865180790e-01 9.999942484127305464e-01 9.999957507845258498e-01 9.999955892955810777e-01 9.999966147404810712e-01
9.999982726547708145e-01 9.999957454858250383e-01 9.999972709533661019e-01 9.999977254426486439e-01 9.999165936353345829e-01 9.999950002940932725e-01 9.999973352661564174e-01 9.999963177733506292e-01 9.999955609925713640e-01 9.999944976263810403e-01
9.999959281357987395e-01 9.999925147482880972e-01 9.999970096253214535e-01 9.999983859451020418e-01 9.999909440281395945e-01 9.999986214575914412e-01 9.999967419700466209e-01 9.999961205283964816e-01 9.999981655973507744e-01 9.999962432937149481e-01
9.999974295646549827e-01 9.999950297911432973e-01 9.999963195465209065e-01 9.999955947591742111e-01 9.999971988533068457e-01 9.999972391886163825e-01 9.999953720803911317e-01 9.999971058946200975e-01 9.999982237792757189e-01 9.999969089715946557e-01
9.999939959242633014e-01 9.999928219806273333e-01 9.999946523571570101e-01 9.999966038338632401e-01 9.999984211673930146e-01 9.999958743078655177e-01 9.999879351375644543e-01 9.999988500535310632e-01 9.999936952343982943e-01 9.999976170762157057e-01
9.999973533810661008e-01 9.999976562450747508e-01 9.999970715182150416e-01 9.999917773219149097e-01 9.999966328639151580e-01 9.999980499517872046e-01 9.999974615188933491e-01 9.999976690929477385e-01 9.999959547954155870e-01 9.999962240853593753e-01
9.999954833866118165e-01 9.999979385822562739e-01 9.999972733049582452e-01 9.999930811018379329e-01 9.999979512143988281e-01 9.999939026972970435e-01 9.999982738574916263e-01 9.999956838725837516e-01 9.999975457494757469e-01 9.999961893645270550e-01
9.999973765442635720e-01 9.999908394877642381e-01 9.999976816872961916e-01 9.999972715889614561e-01 9.999948480794487171e-01 9.999861776619277665e-01 9.999973579120323697e-01 9.999958837973977888e-01 9.999947883886811661e-01 9.999932193006432213e-01
9.999952379809957659e-01 9.999978412980657927e-01 9.999974454604766416e-01 9.999967666754104867e-01 9.999964925608233468e-01 9.999957172615194789e-01 9.999922548166669811e-01 9.999896010116383627e-01 9.999939325433948589e-01 9.999958915036997187e-01
9.999981207552857132e-01 9.999923394083382044e-01 9.999975012101987026e-01 9.999978590735402184e-01 9.999966290683783843e-01 9.999971007404750978e-01 9.999947337741530440e-01 9.999976198551546736e-01 9.999952815214743218e-01 9.999963431525025204e-01
9.999970151592323386e-01 9.999979827386963338e-01 9.999923610406794561e-01 9.999976340529111996e-01 9.999952339750037833e-01 9.999960091182523714e-01 9.999932793866349590e-01 9.999978934464676117e-01 9.999928099490699163e-01 9.999968331350045370e-01
9.999939070436787425e-01 9.999982910361534527e-01 9.999896419211575793e-01 9.999965725534497585e-01 9.999943301369069726e-01 9.999973639474103448e-01 9.999964425642994259e-01 9.999930973118837940e-01 9.999973613407675543e-01 9.999928648308663570e-01
9.999944255856992870e-01 9.999977321971674771e-01 9.999884525582647399e-01 9.999944512560554610e-01 9.999928542979970025e-01 9.999929978503783179e-01 9.999905713235650584e-01 9.999973766875920322e-01 9.999938209658921773e-01 9.999977445394815367e-01
9.999974905195968544e-01 9.999942994037056554e-01 9.999962331650081859e-01 9.999953492925945930e-01 9.999925358801150521e-01 9.999880705050860907e-01 9.999968692810360382e-01 9.999977804244153390e-01 9.999962405256062059e-01 9.999957350275459067e-01
9.999967311268787018e-01 9.999947927713830342e-01 9.999944444728922077e-01 9.999913893301136669e-01 9.999872747327587241e-01 9.999918855535633311e-01 9.999981233828707516e-01 9.999980433790246481e-01 9.999956130666058929e-01 9.999876923536773488e-01
9.999967396847013745e-01 9.999988033356234096e-01 9.999971830730700617e-01 9.999981472144880978e-01 9.999912727218993602e-01 9.999964338789703033e-01 9.999931883169539404e-01 9.999953202204944214e-01 9.999895711907252904e-01 9.999946351607458261e-01
9.999966820795779254e-01 9.999954935694100877e-01 9.999988057502808836e-01 9.999965726822696022e-01 9.999976833533487097e-01 9.999972116017561419e-01 9.999975479958874702e-01 9.999957342225658241e-01 9.999965329632097832e-01 9.999966128051528402e-01
9.999922135080012708e-01 9.999970421546499066e-01 9.999980467814338914e-01 9.999991506356857851e-01 9.999966213749965638e-01 9.999904934483099250e-01 9.999959655310273199e-01 9.999948025449362232e-01 9.999935896294546156e-01 9.999905770327338628e-01
9.999971868472752323e-01 9.999979775378634583e-01 9.999945129541990552e-01 9.999886821168840756e-01 9.999963119470944850e-01 9.999939505893900016e-01 9.999985518339917778e-01 9.999948923866641692e-01 9.999959635216614240e-01 9.999954628961882364e-01
9.999985337950371145e-01 9.999975924024421259e-01 9.999956030680321462e-01 9.999968599822954829e-01 9.999968318250407329e-01 9.999988684121740024e-01 9.999963094967901922e-01 9.999915986605660834e-01 9.999917837545200250e-01 9.999962581736685507e-01
9.999971356059970118e-01 9.999953141639416065e-01 9.999980503629090078e-01 9.999967714815124475e-01 9.999952729928922590e-01 9.999950591913344677e-01 9.999977327534780303e-01 9.999967024530176385e-01 9.999934673911934357e-01 9.999910133979350579e-01
9.999959202520296575e-01 9.999958788833192003e-01 9.999926927102807950e-01 9.999921604738077896e-01 9.999973147276196572e-01 9.999949948171029668e-01 9.999922263310162540e-01 9.999937759217446542e-01 9.999938074081581307e-01 9.999941719313245603e-01
