9.999526510545584390e-01 9.999396160422061586e-01 9.999271904021307389e-01 9.998546238040690870e-01 9.998859406135424122e-01 9.999164655222212428e-01 9.999363356818306015e-01 9.998782832773018825e-01 9.999466325150647705e-01 9.999599692100683557e-01
9.999215265473071490e-01 9.999514789279235760e-01 9.998837018847743785e-01 9.998824533123106262e-01 9.999525992480771119e-01 9.999514666658932960e-01 9.999547926042869905e-01 9.999248106918843249e-01 9.998881676774067362e-01 9.999737623306517165e-01
9.999532873493431895e-01 9.997788146829993394e-01 9.999637047539581269e-01 9.999356320251936436e-01 9.999404486939740266e-01 9.998388990010300681e-01 9.999579949867870576e-01 9.999435830280890558e-01 9.999580745240004287e-01 9.999671648650613198e-01
9.999184039665924839e-01 9.998876519963966203e-01 9.999607261600100827e-01 9.999072496769692009e-01 9.999451521613160754e-01 9.999300172895749794e-01 9.999781293265804782e-01 9.999613694451576773e-01 9.999365711860473960e-01 9.999208220972981565e-01
9.999353025061376021e-01 9.996162752543151786e-01 9.999363075355692798e-01 9.999563046035782055e-01 9.999535252238882510e-01 9.999363468179254255e-01 9.999663031863419427e-01 9.998861019073191914e-01 9.999301369410660278e-01 9.999215722431060716e-01
9.999546558844268906e-01 9.998814402054324590e-01 9.999722687201455518e-01 9.999633344675582514e-01 9.998895006574050059e-01 9.999551368269209428e-01 9.999780073288836446e-01 9.998765083586947933e-01 9.999669371343403723e-01 9.999683358894868590e-01
9.999580426247516307e-01 9.999182157984954911e-01 9.999587282265344212e-01 9.996947494296446468e-01 9.999576146211586192e-01 9.999688453608776006e-01 9.999238146961533236e-01 9.999510768718885556e-01 9.999334530836366808e-01 9.999774088978682363e-01
9.998596166214213099e-01 9.999139396820747594e-01 9.999360470847262761e-01 9.998948815533820200e-01 9.999349178565175578e-01 9.999219497109935739e-01 9.998131745398532999e-01 9.998966871614195506e-01 9.999731369111692914e-01 9.998382518624406856e-01
9.999580115619604026e-01 9.999328632535189332e-01 9.996960093756277477e-01 9.998835249365457534e-01 9.999713576295186090e-01 9.999731222561669686e-01 9.999735585136091398e-01 9.999448631990855985e-01 9.999441599086470456e-01 9.999534104397627132e-01
9.999480529744565471e-01 9.998981833720901324e-01 9.999837773577360256e-01 9.999353895375272527e-01 9.999827223612143268e-01 9.999489371426389939e-01 9.999828796367691286e-01 9.999745040132342888e-01 9.999769172774883863e-01 9.998420490523699522e-01
9.998536004952447431e-01 9.998878247817646336e-01 9.999159659175862469e-01 9.999667361305366597e-01 9.999511192291512529e-01 9.999593201735902381e-01 9.999156095362861096e-01 9.999299385920403793e-01 9.999765153652097061e-01 9.998324091914297940e-01
9.998963434164699349e-01 9.999594819254943312e-01 9.998854818036299053e-01 9.999680492019424882e-01 9.999325749656544637e-01 9.998691493404930908e-01 9.999604480888119040e-01 9.999476307542480846e-01 9.999414480566134467e-01 9.999860388879598938e-01
9.998689471513314553e-01 9.998024607224467175e-01 9.999101694710456067e-01 9.993850356847964189e-01 9.997795312975253923e-01 9.999499008252598076e-01 9.999635572457927779e-01 9.999713377419821025e-01 9.999186162642034192e-01 9.999860897394610149e-01
9.999745518504928876e-01 9.999671396623469599e-01 9.999434342350834726e-01 9.998124703610752340e-01 9.999347916927420199e-01 9.997753438786782798e-01 9.998498805051027061e-01 9.994368360785679251e-01 9.998606361256914266e-01 9.999467351636723844e-01
9.999725599771175366e-01 9.999335509574865943e-01 9.999703823908761002e-01 9.999327711760529480e-01 9.999742831867030057e-01 9.999678935700777593e-01 9.998521926559279516e-01 9.999488525749060663e-01 9.999694494136427414e-01 9.999541430853834401e-01
9.999636730370951021e-01 9.999756002825624934e-01 9.999596231760130571e-01 9.999632311488836356e-01 9.999085016615699706e-01 9.999457291202291653e-01 9.999314176674721777e-01 9.998597197847238771e-01 9.999157172879313826e-01 9.999474806292906193e-01
9.999114198637790718e-01 9.998582309430225079e-01 9.999397418618581890e-01 9.999317660322514234e-01 9.999343179737890663e-01 9.999598006573410247e-01 9.999595809538108782e-01 9.998474602578202308e-01 9.999544439999760170e-01 9.999697363012088891e-01
9.999645136901108566e-01 9.999114737148337984e-01 9.999641397274163790e-01 9.999694093214631652e-01 9.999229065097080538e-01 9.999373780631771735e-01 9.998768772861975629e-01 9.999629561579282955e-01 9.998948704581186453e-01 9.999472287305609663e-01
9.999517243984441528e-01 9.998681667764859338e-01 9.998973254096429342e-01 9.999711763463353664e-01 9.999328412031794899e-01 9.999364744556070717e-01 9.998702310605706023e-01 9.998802147100207538e-01 9.999806803486741558e-01 9.998873704119968231e-01
9.997186063130026890e-01 9.999806376714234224e-01 9.998650733000684632e-01 9.999767855928852756e-01 9.999802341767879410e-01 9.999664575954583245e-01 9.999797124140760163e-01 9.999828245018353989e-01 9.998296086727876952e-01 9.999422782408673438e-01
9.999170344693750767e-01 9.997650714743038236e-01 9.997882782118561185e-01 9.998638501428420700e-01 9.999580793369337028e-01 9.998806936969218961e-01 9.999564116293263583e-01 9.999427419263025030e-01 9.999695114557046738e-01 9.999426832563093059e-01
9.999661497545380140e-01 9.999509932189427630e-01 9.999361262475480183e-01 9.999375243435403293e-01 9.999129835574818159e-01 9.999113152154043282e-01 9.999556800222914044e-01 9.996937804325940480e-01 9.999683177868463613e-01 9.999191928258476247e-01
9.998189198421173485e-01 9.999346705439564609e-01 9.999374488683964168e-01 9.999329676637096487e-01 9.999647602968929627e-01 9.998677297285818444e-01 9.999826706291460310e-01 9.999802278616656270e-01 9.999555802352733114e-01 9.999275840910484270e-01
9.999534187874812297e-01 9.999194925724517180e-01 9.999560101654840771e-01 9.998957948021377495e-01 9.999634805834423101e-01 9.999745927350461860e-01 9.998931148898843047e-01 9.999220694843450330e-01 9.999721116696793644e-01 9.999546118982164389e-01
9.998967365996807022e-01 9.998165073675654435e-01 9.999704616576589045e-01 9.999615823113154889e-01 9.998296859937700898e-01 9.998914580040286770e-01 9.999582947303360392e-01 9.999521738662958681e-01 9.996806334263080851e-01 9.999670472270207888e-01
9.999433180485968187e-01 9.999595741222810918e-01 9.999428174353761634e-01 9.999612220471509882e-01 9.999261531224109545e-01 9.999679248632425965e-01 9.999466593032669826e-01 9.998984552736892573e-01 9.999457671506017942e-01 9.999257767246819695e-01
9.999742719498520005e-01 9.999275726046414903e-01 9.999722436156378569e-01 9.999237066690133124e-01 9.998490797549206555e-01 9.999361996222998483e-01 9.999643408662518551e-01 9.996615589388029299e-01 9.997921310089702418e-01 9.999723718199710065e-01
9.999489898967350854e-01 9.998981729905908056e-01 9.998603871846841740e-01 9.999578657927347125e-01 9.998098793824413688e-01 9.999198268255825583e-01 9.998188083528525283e-01 9.999577195916763417e-01 9.998796668490123052e-01 9.999361378016936586e-01
9.999605823838372265e-01 9.999684138728380800e-01 9.999769728728934437e-01 9.999790903742414860e-01 9.999131779897214578e-01 9.999640428251133084e-01 9.998463443597318534e-01 9.998368437571173439e-01 9.998603450319395458e-01 9.998492786297349388e-01
9.999633969765958641e-01 9.999740632287605901e-01 9.999202567896618987e-01 9.999682550818849158e-01 9.999709310984287169e-01 9.999393621708725366e-01 9.998947975946846922e-01 9.999306975041233336e-01 9.999663649842021051e-01 9.999660641186540744e-01
9.999234160512051606e-01 9.999154572671307140e-01 9.999244577134882572e-01 9.998935225385211512e-01 9.999779617762369899e-01 9.999749977905875165e-01 9.999482422043641794e-01 9.999675850532251387e-01 9.999637522106692433e-01 9.999466983527262043e-01
9.999045476035564040e-01 9.999375716769102196e-01 9.999550031581071474e-01 9.999019356081382259e-01 9.999464002165765475e-01 9.999411238252138290e-01 9.999465547334273063e-01 9.999099147446939284e-01 9.999608554068512012e-01 9.999285281488086152e-01
9.998570574473497619e-01 9.999745329710211239e-01 9.999638214144801474e-01 9.997156517946691467e-01 9.999595184193297293e-01 9.999328667404099313e-01 9.999137197316232406e-01 9.999623477731905963e-01 9.999539085995878818e-01 9.999698162059434958e-01
9.999550162416614985e-01 9.999508294288350640e-01 9.999683661624841902e-01 9.999565054133368047e-01 9.999273887114946691e-01 9.999117106251510512e-01 9.999638581197773934e-01 9.999611833495029023e-01 9.999207757776497063e-01 9.999450284511268716e-01
9.999752878942321788e-01 9.999660192062608255e-01 9.999578162609144005e-01 9.999584812115410726e-01 9.999654163321171074e-01 9.999689565752065690e-01 9.999661326796553951e-01 9.999785668465882571e-01 9.999691849021020706e-01 9.999609136900488027e-01
9.999542938525451952e-01 9.999212202561874596e-01 9.997686499827002082e-01 9.999190471806169711e-01 9.999496564593125525e-01 9.999383770154685047e-01 9.999649930643992324e-01 9.998467881226967835e-01 9.999084345986126721e-01 9.999694726245612619e-01
9.999029632659390820e-01 9.999511617607251823e-01 9.999767842524610595e-01 9.999083569678490768e-01 9.999766699547864013e-01 9.999710398422702040e-01 9.999668833553935210e-01 9.999592540612555203e-01 9.998636939736391671e-01 9.998840536407217483e-01
9.999781000229740480e-01 9.993265222079771304e-01 9.999279815413969486e-01 9.999574465954415015e-01 9.999412060306077654e-01 9.996328922471359180e-01 9.999743913571706999e-01 9.998960479636032073e-01 9.998616815482384013e-01 9.999729419331629954e-01
9.998277681930589633e-01 9.999543436051951950e-01 9.999771685806991828e-01 9.998919338486030872e-01 9.998649001843561424e-01 9.994913934573986802e-01 9.999651915832361571e-01 9.999265180970485778e-01 9.998160591430603761e-01 9.999502863784237583e-01
9.999038109224590576e-01 9.999733318450807484e-01 9.998320450600023390e-01 9.999240658811917593e-01 9.999527821989798726e-01 9.998910237063077799e-01 9.999273685328132766e-01 9.997455889746738045e-01 9.999572357002245448e-01 9.999452365750101102e-01
9.999738914321731897e-01 9.999112017333198210e-01 9.999188322051921762e-01 9.998873489574228168e-01 9.999456791686577306e-01 9.997131970607809892e-01 9.998835260328873265e-01 9.999525630084800110e-01 9.998692853256508917e-01 9.999482557330873211e-01
9.999652366762699085e-01 9.999573006440503065e-01 9.999751394595937093e-01 9.999453791558589044e-01 9.999201241503840043e-01 9.999626439558776392e-01 9.999728471252244955e-01 9.999435823122565514e-01 9.999150451285029328e-01 9.999545676534985494e-01
9.998916176571693848e-01 9.999572144233178639e-01 9.999677681140812791e-01 9.998680244177149401e-01 9.995939650886355166e-01 9.999613269075909860e-01 9.999659360497766825e-01 9.999596984385600296e-01 9.999537420240539598e-01 9.999658451115571722e-01
9.999546042059083151e-01 9.999675236891596430e-01 9.999195280388221141e-01 9.998665097723398176e-01 9.999254035838081034e-01 9.999243423990885615e-01 9.999580538333414648e-01 9.999796260879011411e-01 9.999776699066393881e-01 9.999156832878378642e-01
9.999649923077240654e-01 9.999634645554407175e-01 9.999309315469320225e-01 9.999365623700238181e-01 9.999305352875652586e-01 9.999464227489325285e-01 9.999555139036131468e-01 9.999390675581950605e-01 9.999215816888225028e-01 9.999437863117432990e-01
9.999168109252962733e-01 9.998958009261619262e-01 9.998845217257232854e-01 9.998551532357549121e-01 9.999546611036951305e-01 9.999427113224155228e-01 9.999441725975495299e-01 9.999431953726952704e-01 9.999426960576404122e-01 9.999542010026872818e-01
9.998525928222010695e-01 9.999608997894282592e-01 9.999766192809328436e-01 9.999858105950102383e-01 9.999595842877765373e-01 9.999333024939559555e-01 9.999670643334133135e-01 9.999583010460483257e-01 9.999620033622912407e-01 9.999170849017592344e-01
9.999037520135011237e-01 9.999477128260541026e-01 9.999253775462130234e-01 9.997328627913691923e-01 9.999556128405230337e-01 9.999562426733468179e-01 9.999181529477575436e-01 9.999395506071353523e-01 9.987424136275417919e-01 9.999103620868203812e-01
9.999329934971941114e-01 9.999673401067438183e-01 9.999434394600897891e-01 9.999745428729858165e-01 9.999757367116896001e-01 9.999666630706102177e-01 9.999263751361007202e-01 9.999837378618553485e-01 9.999193823339654896e-01 9.999801721881493854e-01
9.999724486826809811e-01 9.999001933630983219e-01 9.999606084084179392e-01 9.999267980115126297e-01 9.999599076249732210e-01 9.998906132585158035e-01 9.998818527502791875e-01 9.999368217067712283e-01 9.999009590830932881e-01 9.999298500779492116e-01
9.998418751914844860e-01 9.999614650962950213e-01 9.999077025634030003e-01 9.999148605748541252e-01 9.998834416949682335e-01 9.999463422183503258e-01 9.998261619262358568e-01 9.999613959642326133e-01 9.999559221561793443e-01 9.999641389587378137e-01
9.999335962668814970e-01 9.999450802556621998e-01 9.999148752822699660e-01 9.999037339043150840e-01 9.998284351684351146e-01 9.999090739081734069e-01 9.999331808184926951e-01 9.999027375259107453e-01 9.999194325147319207e-01 9.999479840015150778e-01
9.999593982230438050e-01 9.999500776947087832e-01 9.998958767532155623e-01 9.999579200371941923e-01 9.996818792587734981e-01 9.993558315486217314e-01 9.999541159654551370e-01 9.999591789391554242e-01 9.997040963371979228e-01 9.999735731947327899e-01
9.999690531034913787e-01 9.999540644537041612e-01 9.999068438388302171e-01 9.999396586505776563e-01 9.999491895529003527e-01 9.998844771293857736e-01 9.999622827713779971e-01 9.999691226947967637e-01 9.996798289210528932e-01 9.999370649063155092e-01
9.999192060259095571e-01 9.999534638318036128e-01 9.999434238606642600e-01 9.999706402755023094e-01 9.999188621194303739e-01 9.999259482470949090e-01 9.999599018676861295e-01 9.999162066139031246e-01 9.999221612712241303e-01 9.999235028695049321e-01
9.999739703968969495e-01 9.999455046028887795e-01 9.999207573549145911e-01 9.999324353438078239e-01 9.999378617365195510e-01 9.999858313279489375e-01 9.997598425615128459e-01 9.996004165801625208e-01 9.999057283891812364e-01 9.999625691280572548e-01
9.999343793458292939e-01 9.999728691858449370e-01 9.999557253122699496e-01 9.999369478042151593e-01 9.999730855643926830e-01 9.999805265670886900e-01 9.999829782060415395e-01 9.999056531220762434e-01 9.999664619101577001e-01 9.996731255026705121e-01
9.998415564799981725e-01 9.999526116535000231e-01 9.998192334926385705e-01 9.998399134909237151e-01 9.999801117249145221e-01 9.998989713028012538e-01 9.999566622941497007e-01 9.999432729904650374e-01 9.999852520508784037e-01 9.999023918644107667e-01
9.999733862324760025e-01 9.999762817925664793e-01 9.999471666755972432e-01 9.999585001175467225e-01 9.999422948471154982e-01 9.999724669577121361e-01 9.998914979677295811e-01 9.999223194844580886e-01 9.999530227036030894e-01 9.999563955490250455e-01
9.998654927432377715e-01 9.999503663637332451e-01 9.999681805067491824e-01 9.999411956962377390e-01 9.999178727312125758e-01 9.999499790408853395e-01 9.999474022089533953e-01 9.999367127790846910e-01 9.999537031581304802e-01 9.998888503896457003e-01
9.999269005932989174e-01 9.999296126256826955e-01 9.999192742595041095e-01 9.999424234105570575e-01 9.999206716313329135e-01 9.999559161215136882e-01 9.999203540146656133e-01 9.999743356759878132e-01 9.999537763332790874e-01 9.998578106874470572e-01
9.998639604021563043e-01 9.999485468508466646e-01 9.999635383756997342e-01 9.999655157574595110e-01 9.999729657979115061e-01 9.999514535370797041e-01 9.999610818692258318e-01 9.998948577315841524e-01 9.999152708604764905e-01 9.999256262670679352e-01
9.998934498631638634e-01 9.997344274864466973e-01 9.998917049300213300e-01 9.998602015934138221e-01 9.998728278845097073e-01 9.999548307017783744e-01 9.999588135829644564e-01 9.999751113944239655e-01 9.999723603506428526e-01 9.999043061269214938e-01
9.999407159889922569e-01 9.999221299904047511e-01 9.999115611061840658e-01 9.999083957597603156e-01 9.999573433645342346e-01 9.999545938980695103e-01 9.999359898757622656e-01 9.998559602385581613e-01 9.999606945037562422e-01 9.999509425933561513e-01
9.999289316920304538e-01 9.998953202952588493e-01 9.999717997592502128e-01 9.999693006355905300e-01 9.999625189926912849e-01 9.999546169242002902e-01 9.999322869424557281e-01 9.999373088932457243e-01 9.998914791072460728e-01 9.999256361846284857e-01
9.999382625164296989e-01 9.999751889824898266e-01 9.999318288608168848e-01 9.999791476525540235e-01 9.999649625084980897e-01 9.999758955199586907e-01 9.999311483884772978e-01 9.999718208010419662e-01 9.999342400343923520e-01 9.999636286621471637e-01
9.999402362175258130e-01 9.999180348886186342e-01 9.999561364669294905e-01 9.999764616835558062e-01 9.999330073285096487e-01 9.999652046305645969e-01 9.999278666227138235e-01 9.999416843136827993e-01 9.999337729891818460e-01 9.999539920545372773e-01
9.999711293297034453e-01 9.999820679228914599e-01 9.999108852077396303e-01 9.999783307202064764e-01 9.999708365197103044e-01 9.999086681906476093e-01 9.999094500752844228e-01 9.999337700209903756e-01 9.999553664115320428e-01 9.997943325730460629e-01
9.999713983155636976e-01 9.999570806548965241e-01 9.999029936739751712e-01 9.999373404965099521e-01 9.999700908704435287e-01 9.999668732134399107e-01 9.999518304010266423e-01 9.999275034861843103e-01 9.998857203009990924e-01 9.998581461358018174e-01
9.999641007521914426e-01 9.999610401170109242e-01 9.997164050003656266e-01 9.998587150040757487e-01 9.999626496239696349e-01 9.999438567109765197e-01 9.999704783776198758e-01 9.999767628317849377e-01 9.999751096502891290e-01 9.998636053238860733e-01
9.999667336891311376e-01 9.999478136887324231e-01 9.999488737861589316e-01 9.999293592804725517e-01 9.999643194360897658e-01 9.998271457907738080e-01 9.998868597801915392e-01 9.999471960783494762e-01 9.999623315555453695e-01 9.999270631935451847e-01
9.999546491785357150e-01 9.997745926226032642e-01 9.999474006310866692e-01 9.999617811586968275e-01 9.999490870014589028e-01 9.998609679431884611e-01 9.999297687285193525e-01 9.998276322259034288e-01 9.999416462570281938e-01 9.999518303540380071e-01
9.999475887530273610e-01 9.999768151489953905e-01 9.995995162182160776e-01 9.998188142743040796e-01 9.999517914763726978e-01 9.999833610783455118e-01 9.999521360584340268e-01 9.998797135531219960e-01 9.999787483565478752e-01 9.998375636375973485e-01
9.999474839589543862e-01 9.999055630334598987e-01 9.999310561113958773e-01 9.998928312969066479e-01 9.998647997274767718e-01 9.999192963564385028e-01 9.999112371900749086e-01 9.999448070557185320e-01 9.999770098439539900e-01 9.999740940336140360e-01
9.999088096944117598e-01 9.999437528658583485e-01 9.998165317468244995e-01 9.998823249966382054e-01 9.997855166734396226e-01 9.999556920976661045e-01 9.999637961088936322e-01 9.999462280797196678e-01 9.999614745160793072e-01 9.999125391048470091e-01
9.999621532260183354e-01 9.998767882280208408e-01 9.999531693056006310e-01 9.999007911234772950e-01 9.999546947810739050e-01 9.999616220999848482e-01 9.999507210461426876e-01 9.999662969308459326e-01 9.999729719183151344e-01 9.999790637520888925e-01
9.999307265723030858e-01 9.999480263421708370e-01 9.999631691005103074e-01 9.999345911408729082e-01 9.999108211342002672e-01 9.999557748409130253e-01 9.999679757486699128e-01 9.999790329939299838e-01 9.997785217704758809e-01 9.999572048067756347e-01
9.998907490799089359e-01 9.999238138638540940e-01 9.999170689470938678e-01 9.999081091071622129e-01 9.999373296895956997e-01 9.999486111462281279e-01 9.998999109134412144e-01 9.998334266923384339e-01 9.999670617262336192e-01 9.999333871344618929e-01
9.999435120836507318e-01 9.999249626880768460e-01 9.999813057826256735e-01 9.999752019138650194e-01 9.999545479198956865e-01 9.999342364883695433e-01 9.998829802018057711e-01 9.998781858305462178e-01 9.998983368249299009e-01 9.999775390721633572e-01
9.999594686505184349e-01 9.999370161094244258e-01 9.999697319540539198e-01 9.999423002690271955e-01 9.999686907677689529e-01 9.999342727486477678e-01 9.995926016502578726e-01 9.999501928701937103e-01 9.996089297725844203e-01 9.999442266411435742e-01
9.999498312701144975e-01 9.999667757066702523e-01 9.999152012086012231e-01 9.999395388146848918e-01 9.999402193659163718e-01 9.999314704280818367e-01 9.999645486600078348e-01 9.999553787937097704e-01 9.999431471883372113e-01 9.996456519405458874e-01
9.999539359673256245e-01 9.999769168288786814e-01 9.999765825165570776e-01 9.999637189172478902e-01 9.999101318699149532e-01 9.998179194813293647e-01 9.999440666101477859e-01 9.999679816317867953e-01 9.998280405064972065e-01 9.999350420450735522e-01
9.999666024488501614e-01 9.998679396307447176e-01 9.999102720384568377e-01 9.998689651775461984e-01 9.999383238486400094e-01 9.999469616030722818e-01 9.999563951741730072e-01 9.998816523746563156e-01 9.998942840188057568e-01 9.999356736303813831e-01
9.999550172750942822e-01 9.998210401984017892e-01 9.999366271388754335e-01 9.999498002919764428e-01 9.999545367199934587e-01 9.999445644448714532e-01 9.999616329497618139e-01 9.999580910681554746e-01 9.998819935837567341e-01 9.998435614182111797e-01
9.999625410060680730e-01 9.999063576919592355e-01 9.999562727390572947e-01 9.999656293625890369e-01 9.999780517122073276e-01 9.999550622498674102e-01 9.999657612648527039e-01 9.998850357933575239e-01 9.999046918926425276e-01 9.998484294480181056e-01
9.999727687974130363e-01 9.998955179126356452e-01 9.999759969777263224e-01 9.999403671917194147e-01 9.997866839856909271e-01 9.999502576905715534e-01 9.999278467875841736e-01 9.999037376619231976e-01 9.999552700193922172e-01 9.999575141056809002e-01
9.999318632473259694e-01 9.999568047761964174e-01 9.999018523732120522e-01 9.999508745046614688e-01 9.998584917229633717e-01 9.999237125439437435e-01 9.998837377619160804e-01 9.999083663319533466e-01 9.999260179204720878e-01 9.999260966038325815e-01
9.999353102626552525e-01 9.999136614654284827e-01 9.998726454892165050e-01 9.998477325371499802e-01 9.998827051134846489e-01 9.999361968296694991e-01 9.999037039602770571e-01 9.998912841788448747e-01 9.999357415716767505e-01 9.998940613831647228e-01
9.999572870883347564e-01 9.999411402608968658e-01 9.999373391665659083e-01 9.999623444167471398e-01 9.999267112727455720e-01 9.999608047112105158e-01 9.999578142554689242e-01 9.998542307796506323e-01 9.999788407992262762e-01 9.999763559899680354e-01
9.999515032060291020e-01 9.998997084379263045e-01 9.998741812804310403e-01 9.999549590439777980e-01 9.999311647533899450e-01 9.999578258883413673e-01 9.999160050062377847e-01 9.999750059916889811e-01 9.999421890061450657e-01 9.999550353020748572e-01
9.996394389271821002e-01 9.998364107602353279e-01 9.999686237367941821e-01 9.999599872617418450e-01 9.998258455533809430e-01 9.999247372287005664e-01 9.999696658405317073e-01 9.999452842516973750e-01 9.999574237447351743e-01 9.999317529598912291e-01
9.998565217573626152e-01 9.998334218386540906e-01 9.999543038355430680e-01 9.997688358739102998e-01 9.999145494175093463e-01 9.999718600153482129e-01 9.999801786345080545e-01 9.999460081415003643e-01 9.999396070391407543e-01 9.999552351371269188e-01
9.998339679801662161e-01 9.999686045895845865e-01 9.998123289852655082e-01 9.998557961646186154e-01 9.999646917920639311e-01 9.999058178247042239e-01 9.998951567234356519e-01 9.999824747645720269e-01 9.998478134363633085e-01 9.999127081726161270e-01
9.999220339258120260e-01 9.999364006274056305e-01 9.998789645547765392e-01 9.999549161754994753e-01 9.999729416370118917e-01 9.999637668790146705e-01 9.999710783489137444e-01 9.999731980625186090e-01 9.999094709293115946e-01 9.998676538086204157e-01
9.998807837646509489e-01 9.999513509563421332e-01 9.997958142132080672e-01 9.999559905266712789e-01 9.997698437425821538e-01 9.999085299789577386e-01 9.999755843797591970e-01 9.999715795305584853e-01 9.999059173868886097e-01 9.998637051455391278e-01
9.998953417964452361e-01 9.998670863334613301e-01 9.998620824129523799e-01 9.998589915489652924e-01 9.999110424317063650e-01 9.998726206473960154e-01 9.999386885510177514e-01 9.999046449834407824e-01 9.999158265040984928e-01 9.998887351158030068e-01
9.998605087682616022e-01 9.999230107284869939e-01 9.999625242961530658e-01 9.999705146327755312e-01 9.999533103424597114e-01 9.998914779049020707e-01 9.998686594496100088e-01 9.999505349096086126e-01 9.999105557158661783e-01 9.998796638546714188e-01
9.999588499680029940e-01 9.998977618321173155e-01 9.999471502742185436e-01 9.999704690024722176e-01 9.999550676841264529e-01 9.998937749253543616e-01 9.999616581194339382e-01 9.999485991045610200e-01 9.999409892710420245e-01 9.999191903454702768e-01
9.999247544693348200e-01 9.990771086160790126e-01 9.997946824078656203e-01 9.993900498696991486e-01 9.999788935935270962e-01 9.997244234611581959e-01 9.999092594891613173e-01 9.996844948658384356e-01 9.999131327906721767e-01 9.999351486912642084e-01
9.999610238856655453e-01 9.999742934778911296e-01 9.999455141230270128e-01 9.998722499502765704e-01 9.999492581075121178e-01 9.999529872731937052e-01 9.999165447945147500e-01 9.998840094688107305e-01 9.999567268900655392e-01 9.999658193965969000e-01
