9.999761027390737800e-01 9.999877454163954571e-01 9.999878418299448235e-01 9.998992227089305018e-01 9.999044150939806475e-01 9.999141612986230943e-01 9.999792094402845111e-01 9.999602445974267173e-01 9.999599351472923114e-01 9.999867527925707655e-01
9.999414653659645102e-01 9.999517693251432915e-01 9.999780055069822371e-01 9.999903574489655833e-01 9.998561017769237447e-01 9.999920222695674044e-01 9.999576079492771274e-01 9.999045085543537548e-01 9.999048133405461503e-01 9.999367060096912008e-01
9.999455198163907932e-01 9.999854905361583723e-01 9.999855090166152038e-01 9.999405217783852162e-01 9.999547491438500746e-01 9.999667467959186817e-01 9.999696241061790669e-01 9.999885640609307291e-01 9.999441655399987638e-01 9.999746370389759331e-01
9.999680214244811571e-01 9.999738860919791250e-01 9.999662400200693968e-01 9.999476783556835446e-01 9.999733424486260125e-01 9.999687931380633055e-01 9.999907117989507155e-01 9.999822562486068156e-01 9.999412260960109933e-01 9.999028405905812100e-01
9.999546938936727525e-01 9.999602419147416432e-01 9.999084513965251775e-01 9.999635563704392105e-01 9.999883934267906893e-01 9.999205122660317357e-01 9.999773157054188122e-01 9.999942592937041130e-01 9.999639453744737505e-01 9.999495465856861331e-01
9.999634659142874193e-01 9.999735257756959816e-01 9.999748917924287106e-01 9.999890579431482962e-01 9.999895256203477079e-01 9.999893928900537299e-01 9.999688172175051903e-01 9.999719541498761632e-01 9.999721092986979532e-01 9.999817072771974846e-01
9.999882340075176845e-01 9.999362332428552991e-01 9.999147855277140673e-01 9.999753172253689204e-01 9.999098787143412270e-01 9.999827211445814212e-01 9.999460352577440592e-01 9.999667041187447758e-01 9.999789306736959205e-01 9.999518786908127010e-01
9.998557323139195541e-01 9.999057772026903601e-01 9.999784292841271682e-01 9.999701386482543475e-01 9.999167822886473322e-01 9.999916711177204709e-01 9.999230869100930175e-01 9.999581022118193552e-01 9.999112297536859595e-01 9.999835038531171838e-01
9.999869823047465855e-01 9.999796208572034883e-01 9.999928655136079980e-01 9.999344719527152314e-01 9.999544495991600224e-01 9.999673427180589824e-01 9.999804634898662448e-01 9.999591679833199631e-01 9.999622839657980045e-01 9.998695999030315917e-01
9.999760729952196225e-01 9.999852671326562303e-01 9.999816422435754415e-01 9.998851504478407648e-01 9.998835027100683170e-01 9.999788823667979942e-01 9.999823557377769401e-01 9.999852197495397998e-01 9.999843783942025111e-01 9.999213985857718923e-01
9.999486146102158912e-01 9.999028525102696685e-01 9.999844462896739783e-01 9.999718455428473485e-01 9.999783283683268964e-01 9.999849312946039737e-01 9.999673439855608637e-01 9.999436406830114477e-01 9.998756620063741218e-01 9.999598602923964741e-01
9.999497139856836636e-01 9.999764632649004170e-01 9.999819816148737273e-01 9.999532692091755992e-01 9.998297413557644120e-01 9.999268957413587344e-01 9.999633143739378172e-01 9.999751929086810875e-01 9.999002514998288627e-01 9.999700921998788683e-01
9.999554977179737625e-01 9.999290392056183752e-01 9.998738806789568834e-01 9.999509061149988165e-01 9.999838349614283972e-01 9.999819261747783239e-01 9.999695261543235514e-01 9.999362075024712526e-01 9.999587711106241450e-01 9.999821965126047818e-01
9.999547232461153401e-01 9.999683297934479631e-01 9.999743122557722685e-01 9.999405631309933318e-01 9.999860082522280535e-01 9.998371770716836249e-01 9.999749100726555984e-01 9.999842757451616881e-01 9.998713776883791926e-01 9.999899637114062489e-01
9.999600820869506412e-01 9.999195941796307219e-01 9.999553643303291661e-01 9.999346392863562860e-01 9.999688291507426996e-01 9.999740210177927580e-01 9.999793419415277107e-01 9.999683679462815222e-01 9.999468090882972504e-01 9.999403798684782796e-01
9.999228457177998797e-01 9.999045347110476767e-01 9.999701809952834530e-01 9.999359980005380066e-01 9.999685804237637976e-01 9.999637186441908687e-01 9.998759031710034995e-01 9.999825800268887788e-01 9.999845353261720415e-01 9.999629196327417535e-01
9.999883790403283346e-01 9.999545369300828490e-01 9.999072890023559257e-01 9.999328038181745093e-01 9.999695388470111190e-01 9.999155550112226454e-01 9.999530581100490867e-01 9.999567967705447202e-01 9.999747235427892678e-01 9.999633434713942615e-01
9.999576151840987581e-01 9.999406002130576399e-01 9.999795649907328166e-01 9.999592334342882749e-01 9.999799068566996851e-01 9.999668884335963792e-01 9.999853580471920189e-01 9.999085828664086018e-01 9.999405691887298664e-01 9.999282900939076013e-01
9.999670714740301891e-01 9.999712517408788637e-01 9.999723690469033421e-01 9.999832040621590146e-01 9.999589793564529483e-01 9.999915016191111006e-01 9.999825546551578404e-01 9.999588792173722540e-01 9.999526433341837661e-01 9.999483061610012768e-01
9.999782085221524675e-01 9.999508729012566155e-01 9.999824591662322959e-01 9.999756964140344984e-01 9.999531850384612008e-01 9.999457571583150184e-01 9.999227873348933704e-01 9.999062971685106493e-01 9.999540698504956193e-01 9.999626224683294540e-01
9.999897486031902316e-01 9.999869237510978781e-01 9.999500762185407066e-01 9.998898629321967269e-01 9.999280773444517711e-01 9.999214452578163437e-01 9.999704179064470289e-01 9.999678031175633919e-01 9.999640329908806580e-01 9.999159279243697851e-01
9.999449748684525741e-01 9.999196487241713838e-01 9.999125955470976601e-01 9.999079551485841044e-01 9.999660362011890680e-01 9.999634018913150513e-01 9.998942822782255213e-01 9.999550411634197111e-01 9.999863237794567317e-01 9.999641543249736531e-01
9.999301539787861515e-01 9.999310611130728388e-01 9.999704535246697334e-01 9.999842358997477199e-01 9.999403664025977578e-01 9.999683083796891969e-01 9.999720044591792201e-01 9.999874333241135504e-01 9.999759760932223074e-01 9.999891969492051835e-01
9.999921102264532902e-01 9.999110690923848077e-01 9.999689921677173965e-01 9.999329484773943344e-01 9.999420744762490543e-01 9.999612126171389948e-01 9.999820524038820491e-01 9.999514013386047173e-01 9.999527953879187026e-01 9.999324361783200610e-01
9.999783374767774458e-01 9.999526091269567152e-01 9.999504828793196465e-01 9.999567240423371528e-01 9.999878205449961310e-01 9.999739481224320103e-01 9.999696435437208653e-01 9.999694620561967451e-01 9.999919299789701288e-01 9.999284618122306068e-01
9.999908892034335972e-01 9.999423270986822487e-01 9.999814340090398268e-01 9.999555146719505405e-01 9.999588696565986368e-01 9.999349477001890918e-01 9.999640241474788693e-01 9.999711884582952459e-01 9.999877185345859010e-01 9.999638818266467499e-01
9.999860942527177832e-01 9.999374086756097624e-01 9.999418227945536808e-01 9.999877231828402380e-01 9.999889303155427012e-01 9.999802399733225267e-01 9.999863571899862968e-01 9.999828687116827375e-01 9.997865688883248447e-01 9.999482051918234804e-01
9.999797464947977055e-01 9.999529630117754975e-01 9.999683800640580822e-01 9.999864721872746554e-01 9.999539212688591805e-01 9.999647094870264263e-01 9.999359049699952928e-01 9.999190522290263283e-01 9.999170996458962568e-01 9.999700843839139930e-01
9.999738796268846652e-01 9.999556781288171381e-01 9.999825856529087620e-01 9.999499338486040889e-01 9.999716747650427839e-01 9.999693714383020016e-01 9.999566570418136902e-01 9.999826273145413502e-01 9.999509862463614729e-01 9.999803247111479498e-01
9.999693432139632465e-01 9.999357302621517674e-01 9.999499362148299708e-01 9.999698014056978002e-01 9.999353705201331488e-01 9.999469272842078649e-01 9.999764338557440846e-01 9.999811785100072292e-01 9.999759117825789412e-01 9.999511895754904511e-01
9.999755252804024552e-01 9.999439523950559572e-01 9.999273494397834527e-01 9.999768686058200240e-01 9.999575374580681464e-01 9.999723770038113635e-01 9.999643057077827191e-01 9.999873638809634313e-01 9.998870443929489538e-01 9.999844780042153047e-01
9.999755598274757684e-01 9.999971016176459893e-01 9.999864002197795809e-01 9.999529453095217235e-01 9.999880274363872612e-01 9.999680924905278712e-01 9.999601667854682852e-01 9.998573896082062484e-01 9.999481260972732377e-01 9.999841571715087918e-01
9.999637372096779053e-01 9.999810175893072417e-01 9.999722996163037392e-01 9.999835868771996816e-01 9.997650604878264291e-01 9.999420540568417781e-01 9.999675803797607454e-01 9.999834893244362588e-01 9.999747943554309071e-01 9.998537618301875929e-01
9.999538234608713605e-01 9.999545200505007836e-01 9.998980387318168184e-01 9.999216702755200359e-01 9.998629938573859732e-01 9.999829413563966485e-01 9.999719176283727862e-01 9.999140119596883203e-01 9.999176698699404620e-01 9.999337297324433216e-01
9.999778400801337952e-01 9.999470708734136126e-01 9.999479963035965424e-01 9.997914608812207282e-01 9.999490328746516443e-01 9.999026217542908990e-01 9.999849037101471438e-01 9.999585215020517781e-01 9.999517158478162804e-01 9.999626167652108100e-01
9.999471912159214604e-01 9.999588698269699094e-01 9.999863811275269132e-01 9.999841784329007721e-01 9.999723364928132519e-01 9.999428573577657797e-01 9.999553899325663853e-01 9.999607655408746520e-01 9.999622251760980074e-01 9.999414944800917304e-01
9.996726509572961827e-01 9.999449430586482279e-01 9.999425305637148487e-01 9.999740052649632727e-01 9.999555398307039544e-01 9.999715193394594914e-01 9.998819736197680497e-01 9.999759550373433781e-01 9.999569929179928929e-01 9.999760416842814470e-01
9.999606934789676549e-01 9.999668406650277230e-01 9.999447655898255904e-01 9.999167189311619630e-01 9.999513134649380408e-01 9.999147974210352841e-01 9.999876306117180258e-01 9.999134005488520271e-01 9.999308492686183047e-01 9.999908966059534166e-01
9.999908211496733035e-01 9.999439246976585816e-01 9.999814334244726544e-01 9.999594584716464674e-01 9.999335675421843206e-01 9.999619025042656428e-01 9.999731304837393697e-01 9.999484196039629680e-01 9.999705859257073115e-01 9.999355825850061441e-01
9.999581633790117774e-01 9.999775801217174465e-01 9.999680493584002239e-01 9.999530191271296387e-01 9.999601275672941325e-01 9.999640607633792921e-01 9.999954815997583735e-01 9.999459091157103519e-01 9.999231101724274096e-01 9.999649645325693337e-01
9.999700248202130215e-01 9.999842772503209076e-01 9.999715698198781144e-01 9.999420725091382467e-01 9.999755329260545667e-01 9.999049859567676890e-01 9.999624852556994181e-01 9.999771540086550559e-01 9.999519888759507147e-01 9.999577606842247057e-01
9.999614899283063574e-01 9.999891101928293224e-01 9.999789364698106198e-01 9.998972784531642288e-01 9.999543574363666254e-01 9.999445557898666292e-01 9.999103013712190569e-01 9.999451655996282051e-01 9.999820535241806807e-01 9.999892590603113307e-01
9.999198554367543235e-01 9.999177529357518024e-01 9.999952346403681025e-01 9.999718591538315771e-01 9.999584198658538758e-01 9.999713907062521834e-01 9.999572877679059335e-01 9.999638373929969903e-01 9.999523395282506888e-01 9.999716612834009810e-01
9.999755592063852561e-01 9.999621746049959237e-01 9.999567528925055182e-01 9.999309338678652459e-01 9.999884334990629675e-01 9.999780089944954042e-01 9.999844618041712208e-01 9.999743685801251170e-01 9.999556962727862430e-01 9.999777532002210867e-01
9.999283286828364314e-01 9.999529869338364962e-01 9.999746192093109665e-01 9.999816130748603316e-01 9.999694912830769944e-01 9.999860912115541289e-01 9.998895903890291370e-01 9.999337944878066153e-01 9.999289958886995455e-01 9.999897680950418088e-01
9.998598483100856749e-01 9.999612640736481595e-01 9.999645878956626710e-01 9.999785595173037445e-01 9.999965605761385046e-01 9.999779852047736561e-01 9.999789292714710287e-01 9.999746492277723497e-01 9.999754568281477018e-01 9.999331844324429452e-01
9.999627543738246471e-01 9.998798577045436842e-01 9.997442094016777414e-01 9.999825989654800296e-01 9.999487444103422051e-01 9.999475332568844577e-01 9.999630125085149368e-01 9.999864528805876285e-01 9.999095530060048143e-01 9.998533383142014230e-01
9.999963798320082864e-01 9.999880570272432490e-01 9.999539609212980684e-01 9.999778965821906063e-01 9.999354198573795482e-01 9.999891920181822602e-01 9.999589662453728378e-01 9.999699712811187524e-01 9.999889758156615960e-01 9.998709806371032238e-01
9.999876728577117291e-01 9.999626326820478806e-01 9.999525408862147691e-01 9.999843606521336969e-01 9.999791778463472669e-01 9.999553462616682653e-01 9.998680247287771161e-01 9.999124128714118598e-01 9.999703813098297367e-01 9.999320931328899986e-01
9.999417930737559690e-01 9.999552376632830919e-01 9.999831713712993286e-01 9.998833070576638171e-01 9.999590917665138745e-01 9.998860869057440981e-01 9.999806101853763174e-01 9.999494363103744732e-01 9.999506624627718665e-01 9.998414629158244304e-01
9.999365018152347462e-01 9.999382090742989782e-01 9.999135322292440620e-01 9.998611895811398975e-01 9.999473370160633090e-01 9.999844533910577926e-01 9.999864453917741702e-01 9.999192050092341466e-01 9.999435561774904224e-01 9.998795420092826403e-01
9.999672040648355242e-01 9.999831457855736794e-01 9.999875903459007898e-01 9.998813698806119366e-01 9.999606306824280200e-01 9.999479463489338027e-01 9.999691607259846293e-01 9.999448281882993284e-01 9.999624327681537750e-01 9.999630728620364506e-01
9.999833649049609807e-01 9.999577568156454710e-01 9.999840922540895738e-01 9.999854424596749114e-01 9.999686861709855545e-01 9.999880604173041476e-01 9.999239388222488367e-01 9.999600605186889091e-01 9.999497077234564824e-01 9.999682728105792062e-01
9.999582101982728011e-01 9.999651336404580260e-01 9.999739163834883149e-01 9.999829618875591963e-01 9.999270291907276231e-01 9.999846710361255386e-01 9.999181208966489987e-01 9.999957187008864379e-01 9.999696567891512844e-01 9.999639524161444415e-01
9.999931620684934241e-01 9.999411540874146853e-01 9.999587319408641539e-01 9.999564156246171232e-01 9.999197287936866241e-01 9.999477718490181744e-01 9.999733033230769896e-01 9.999800305019765911e-01 9.999873218352736126e-01 9.999500140343791088e-01
9.998480874361398429e-01 9.999540251873045849e-01 9.998651483140292839e-01 9.999797340836529269e-01 9.999215211475882548e-01 9.999374687620329327e-01 9.998308784518328274e-01 9.999294463125245613e-01 9.999411434849013736e-01 9.999599301398331974e-01
9.999566222700162488e-01 9.999923537813232288e-01 9.999647098668489331e-01 9.999455136631260066e-01 9.999712408913099537e-01 9.999829421141749330e-01 9.999333905185843197e-01 9.999682401116122277e-01 9.999528435905093993e-01 9.999815278254394757e-01
9.998472317001432241e-01 9.999467956878217434e-01 9.999628651336436302e-01 9.999883672833813630e-01 9.999698123132119143e-01 9.999691619163870726e-01 9.999925285037268852e-01 9.999895435470637084e-01 9.999766199920345766e-01 9.999062006663020918e-01
9.999223342091869693e-01 9.999461253748788137e-01 9.999398924295616053e-01 9.998771282779524983e-01 9.999687834990133029e-01 9.999166328652752123e-01 9.999132942494252108e-01 9.999352432208170605e-01 9.999147427699055513e-01 9.999882142785050387e-01
9.999706943647850288e-01 9.999647266466513695e-01 9.999172466292505224e-01 9.999001835975381836e-01 9.998211406577349747e-01 9.999545623524059845e-01 9.999338417544988422e-01 9.999583323329228612e-01 9.999737687892963356e-01 9.999492681279522621e-01
9.999475693997734727e-01 9.999603758445696489e-01 9.999631253655896224e-01 9.999707771840331549e-01 9.999352024384184912e-01 9.999952451887520466e-01 9.999625171835161419e-01 9.999575313730567627e-01 9.999670560260672802e-01 9.999152727255155026e-01
9.999839106490371332e-01 9.999701275897672215e-01 9.999689763548222921e-01 9.999873656594174820e-01 9.999483306721616005e-01 9.999668406768084106e-01 9.999859652178155756e-01 9.999225417150103823e-01 9.999686666983401695e-01 9.999592385082081147e-01
9.999694672397941853e-01 9.999669228524661335e-01 9.999124635842570052e-01 9.998979741156565071e-01 9.999740564723708092e-01 9.999789029543726393e-01 9.999831455274700298e-01 9.999658068217283091e-01 9.999291283351893211e-01 9.999539949880242862e-01
9.999769081306150165e-01 9.999897929722646461e-01 9.999114761775640403e-01 9.999652011555255626e-01 9.998335519709362629e-01 9.999973024813618716e-01 9.999818569692168202e-01 9.999814597341103450e-01 9.999457801005816604e-01 9.999617456215162958e-01
9.999419872304653456e-01 9.999507836413727979e-01 9.999736906311365026e-01 9.999426726200518756e-01 9.999723057253263603e-01 9.999799527628231433e-01 9.999671817840092292e-01 9.999542084899828431e-01 9.999802178903365313e-01 9.999417871383355916e-01
9.999630750888351960e-01 9.997912712174340522e-01 9.999813765374471197e-01 9.999700102266370072e-01 9.999154347956016320e-01 9.999426232086419120e-01 9.999484828356532962e-01 9.999765920866532376e-01 9.999447361828985859e-01 9.999654216122474404e-01
9.999722795669111486e-01 9.999164000072184866e-01 9.999818812693310743e-01 9.999106615612154414e-01 9.999898016095351005e-01 9.999663251990480450e-01 9.999374786293472317e-01 9.999428142134525466e-01 9.999704572500631716e-01 9.999599714226203862e-01
9.999541434937855300e-01 9.999355411485028045e-01 9.999734165361719995e-01 9.999347609289699346e-01 9.999235915227472349e-01 9.999797409732279485e-01 9.999737393464663837e-01 9.999662625541381189e-01 9.999714176588637704e-01 9.999875075366251309e-01
9.999808173174448145e-01 9.999909108434104077e-01 9.999501142026508971e-01 9.999441567944724607e-01 9.999576131381852084e-01 9.999156872857356548e-01 9.999424658809656918e-01 9.999346585564757861e-01 9.999563089526835036e-01 9.999876332942627677e-01
9.999435269513653468e-01 9.999436710217317614e-01 9.999646475828829484e-01 9.999447763398038314e-01 9.999733891644199124e-01 9.999471763599780960e-01 9.998630817021494366e-01 9.999505217020305814e-01 9.999408353123794280e-01 9.999647639375058850e-01
9.999451658765748929e-01 9.999792317245118634e-01 9.999684566095964344e-01 9.999787937236038760e-01 9.998876681794437449e-01 9.999848619701763308e-01 9.999604331168239213e-01 9.999476242727908248e-01 9.999778832498339431e-01 9.999653288252596806e-01
9.999757641460761404e-01 9.999479544251633767e-01 9.998898846216167646e-01 9.999720798392055521e-01 9.999564932862685662e-01 9.999537515688029510e-01 9.999739365122819468e-01 9.999743172476728281e-01 9.999755950289479500e-01 9.999564723118400389e-01
9.999924388768998140e-01 9.999431822219480015e-01 9.999638475604483157e-01 9.999355369128153370e-01 9.999577387825441255e-01 9.999847295838956152e-01 9.999126472072199512e-01 9.999811349749213596e-01 9.999565618818491153e-01 9.999807146134761515e-01
9.999769300154455198e-01 9.999487131878737056e-01 9.999566350918784874e-01 9.999679746626893850e-01 9.998907833979020499e-01 9.999633265986870301e-01 9.999180696088603160e-01 9.998634805257115010e-01 9.999776394293493631e-01 9.999580902568849794e-01
9.999675384295804159e-01 9.999925753504981252e-01 9.999140627664461212e-01 9.999805729628978845e-01 9.999351409978950445e-01 9.999790423364982583e-01 9.999403281082624995e-01 9.999659948096453199e-01 9.999374149808089030e-01 9.999455891236833649e-01
9.999820991866771314e-01 9.999385282085921922e-01 9.999861810000026940e-01 9.999613772426778624e-01 9.998937124813708222e-01 9.999193205060293854e-01 9.999817762758785866e-01 9.999116101398377587e-01 9.999596802050355615e-01 9.999488002733252223e-01
9.999464115887012339e-01 9.999783274235557462e-01 9.999535563137896821e-01 9.999639050766031545e-01 9.999623595186531988e-01 9.999667500099979067e-01 9.999506802947875084e-01 9.999236834381238781e-01 9.999603813882063097e-01 9.999350448725969898e-01
9.999193140925997092e-01 9.999796004958486639e-01 9.999956556340080516e-01 9.999560449661344386e-01 9.999576060728878613e-01 9.999656371172236380e-01 9.999187824687831849e-01 9.998843791850403617e-01 9.999918149108620868e-01 9.999255724145497126e-01
9.999692801254322916e-01 9.999873038896512911e-01 9.999039925232582338e-01 9.999417705166387949e-01 9.999777156461718830e-01 9.999892366133722454e-01 9.999707031731325246e-01 9.999132823161395178e-01 9.999856319646567293e-01 9.999795861739538827e-01
9.999660240817208612e-01 9.999802284011294340e-01 9.999923671232811007e-01 9.999801324023422922e-01 9.999900750036943009e-01 9.999475178388378405e-01 9.999765401838169865e-01 9.999628414780611374e-01 9.999669113536776566e-01 9.999782052825696432e-01
9.999153372011302388e-01 9.999876976516345328e-01 9.999694282334135043e-01 9.999478089773699008e-01 9.999581459699377062e-01 9.999718198405944669e-01 9.998962879841389872e-01 9.999777068159665383e-01 9.999478706442658238e-01 9.999334874365108927e-01
9.999249060947351664e-01 9.999838756781743720e-01 9.999806338510414117e-01 9.999774475866443080e-01 9.998685076146074380e-01 9.999639031390133992e-01 9.999328747074184287e-01 9.999701477979190400e-01 9.999516750119527009e-01 9.999551337468602918e-01
9.998841991072598967e-01 9.999688771499447570e-01 9.999856109912002022e-01 9.999863121145671219e-01 9.999733526090727187e-01 9.999493264122241154e-01 9.999772723811266584e-01 9.999882005907924087e-01 9.999786350098793797e-01 9.999443153402091111e-01
9.999786756715370872e-01 9.999902233135686824e-01 9.999135609199018004e-01 9.999530972609189661e-01 9.999486607124912219e-01 9.999759678233116622e-01 9.999811890337197973e-01 9.999145731806008408e-01 9.999719038516342584e-01 9.999763282095296413e-01
9.999803639824427215e-01 9.999361337191199350e-01 9.999241040900738176e-01 9.999725254317742840e-01 9.999596117532014716e-01 9.999985918151269582e-01 9.999366590070954963e-01 9.999655681166388366e-01 9.999507877386657473e-01 9.999803664192546959e-01
9.999895675632270997e-01 9.999682545612015305e-01 9.999646061770924854e-01 9.999751330265352900e-01 9.999104047249085525e-01 9.999821020126126170e-01 9.999822610121411604e-01 9.999926859185175321e-01 9.999164886815878894e-01 9.999413302773435541e-01
9.999942066152047726e-01 9.999624886665540169e-01 9.999594617536621266e-01 9.999403904080076400e-01 9.999647016817118095e-01 9.999252680809447291e-01 9.999157636815974026e-01 9.999617090540067199e-01 9.999526286090958394e-01 9.999703362559063669e-01
9.999694892086198328e-01 9.999881109203949681e-01 9.999879156992338425e-01 9.999346565326509007e-01 9.999641167387012253e-01 9.999925078377549514e-01 9.999932511882887454e-01 9.999315137403931297e-01 9.999868381197171141e-01 9.999670335076656924e-01
9.999139744352464332e-01 9.999394388991887928e-01 9.999493022410976817e-01 9.999532564892747999e-01 9.999164366889389255e-01 9.999855788545762847e-01 9.999708077102354986e-01 9.999679727343858682e-01 9.999692394252869265e-01 9.999426158556476985e-01
9.999720670336446071e-01 9.999549896553550088e-01 9.999575497934837243e-01 9.999856381462468580e-01 9.999801259442353540e-01 9.999710095037510627e-01 9.998745494278937773e-01 9.999811955059723090e-01 9.999736057173168602e-01 9.998965601991772756e-01
9.999500183174647727e-01 9.999701271835702565e-01 9.999726381856368640e-01 9.999673978842249511e-01 9.999522314790124655e-01 9.999299086565422989e-01 9.999675714281336392e-01 9.998642661069495619e-01 9.999467085631114083e-01 9.999766306726654008e-01
9.999933267376803769e-01 9.999576438808903678e-01 9.999423437086835120e-01 9.995852789619490419e-01 9.999725602858055007e-01 9.996871535355873473e-01 9.998622366639684511e-01 9.999663685519049050e-01 9.999615101272097961e-01 9.999479736453878997e-01
9.999876268236330690e-01 9.999550918898399976e-01 9.999514882327217302e-01 9.999327354611311502e-01 9.997972518624274052e-01 9.999918085140097057e-01 9.999470805956705011e-01 9.999185811113648903e-01 9.999411012110285268e-01 9.999777365150903652e-01
9.999751976485612426e-01 9.999318411063200518e-01 9.999677120613590375e-01 9.999556706552746865e-01 9.999903169799604363e-01 9.999646476124626204e-01 9.998777531177910349e-01 9.999557161714097697e-01 9.999706615977036472e-01 9.999641919626145459e-01
9.999630787243010133e-01 9.999258971051202538e-01 9.999723082617103520e-01 9.999720210174811719e-01 9.999250026596829821e-01 9.999814547002902065e-01 9.999396606529143972e-01 9.999460842778976621e-01 9.999513607221527378e-01 9.999788545755736724e-01
9.999518287490785085e-01 9.999754935548491597e-01 9.999697855445254246e-01 9.999350923928248536e-01 9.999525937220701266e-01 9.999794180423906553e-01 9.998704207003500377e-01 9.999512245894255358e-01 9.999531772029661703e-01 9.999807303334371511e-01
9.999742501525885618e-01 9.999681202620072096e-01 9.999699744176668847e-01 9.999763365415429428e-01 9.999647941828236908e-01 9.999476069621416885e-01 9.999796282737595243e-01 9.999813983096275116e-01 9.999703241716590973e-01 9.999660780593968568e-01
9.999656977870318153e-01 9.999864786494934155e-01 9.999321673249397247e-01 9.999728128702316532e-01 9.999901996766726864e-01 9.999763962886696333e-01 9.999608941706874532e-01 9.999699611591458259e-01 9.999863670187376652e-01 9.999687974662387902e-01
9.999967214608778132e-01 9.999736740506300903e-01 9.999579926934802909e-01 9.999771235836935057e-01 9.999710878811259862e-01 9.999888925338898948e-01 9.999665022688657423e-01 9.999460150300810701e-01 9.999813001440321925e-01 9.999694213456725711e-01
9.999424598386700280e-01 9.999170330142370666e-01 9.999747364043849451e-01 9.999733984386567354e-01 9.999712104005448188e-01 9.999784324554668036e-01 9.999114512827086410e-01 9.999305856163668293e-01 9.999857696925149586e-01 9.999905540000102455e-01
