9.996888125272320735e-01 9.994292630085975793e-01 9.994490964508444542e-01 9.995245337314774270e-01 9.994895012273469215e-01 9.995330272032852958e-01 9.993950670608333642e-01 9.994712964428212887e-01 9.996684386522118881e-01 9.995380456567753980e-01
9.993606529276871653e-01 9.996071461237965305e-01 9.996064568589864141e-01 9.994047103478753691e-01 9.995565868081492944e-01 9.996497565285916709e-01 9.994428528405540080e-01 9.995208285453232033e-01 9.994665296674156707e-01 9.995945860610047085e-01
9.995983233499772247e-01 9.995706694138870585e-01 9.993009973636722831e-01 9.995678058053953929e-01 9.996269713749553754e-01 9.994899785515976021e-01 9.996085844047589708e-01 9.996540187902843710e-01 9.993773679747964822e-01 9.995457145505630692e-01
9.990670510802467374e-01 9.995446427165871617e-01 9.994412637866955107e-01 9.995921708099658742e-01 9.995911377656178098e-01 9.995207968063382076e-01 9.995928357494670013e-01 9.995801402100341626e-01 9.996591166684855034e-01 9.994946221765109717e-01
9.995126441194336353e-01 9.994601196313772640e-01 9.996360175349495725e-01 9.996028610592440078e-01 9.996011236998467719e-01 9.994232155748519197e-01 9.994332488281395532e-01 9.993471118775654194e-01 9.995179373129100542e-01 9.994855536465047097e-01
9.995194854737324830e-01 9.997455278033429149e-01 9.996619191076797639e-01 9.995503070984234073e-01 9.995478549366746401e-01 9.995888104435604049e-01 9.996112098153625558e-01 9.996479168218792566e-01 9.995794816860266163e-01 9.993115167025035106e-01
9.997322223098493721e-01 9.995834859239040027e-01 9.995784405834666764e-01 9.994331440225983076e-01 9.995109896777161218e-01 9.995327679384501396e-01 9.995661578868609842e-01 9.994691993555130383e-01 9.996924681611494279e-01 9.995145040516578705e-01
9.995103336158832619e-01 9.995579639627882873e-01 9.995688033882892398e-01 9.993902352231832653e-01 9.996853061389756601e-01 9.996316015214903317e-01 9.995070258179356015e-01 9.996096070968863989e-01 9.996184308064334223e-01 9.993815863231737540e-01
9.994845165194182757e-01 9.995787212220262896e-01 9.994821972568403989e-01 9.994615943377203049e-01 9.995487854003501926e-01 9.994878320192897014e-01 9.996153272588272909e-01 9.994891289205395379e-01 9.993832352949766351e-01 9.992616849854724093e-01
9.996098626980038926e-01 9.996575558979842180e-01 9.996357391025666450e-01 9.995515592861110576e-01 9.995166151789978137e-01 9.997127673088913591e-01 9.995296093823038408e-01 9.993620600741879301e-01 9.995009074630826218e-01 9.996785590832188984e-01
9.996039243639188721e-01 9.996042124648778504e-01 9.994954071921842154e-01 9.995869724808257306e-01 9.994127696806421879e-01 9.996387358168042914e-01 9.996072101936008814e-01 9.995409870543402464e-01 9.995156015823399853e-01 9.995969857865880659e-01
9.995831369296885871e-01 9.996469018884978075e-01 9.994400201696378438e-01 9.996105935387051833e-01 9.996682183225800156e-01 9.997093473844764766e-01 9.995772212562279435e-01 9.996041255263543590e-01 9.992118941323441250e-01 9.995097726019570583e-01
9.995527745811128018e-01 9.996394098166078157e-01 9.994135109361617086e-01 9.995890807639575826e-01 9.995553509183785490e-01 9.995044368700510828e-01 9.996084889652862016e-01 9.996884810184407666e-01 9.995021954404534892e-01 9.995963927063116206e-01
9.995180860057157890e-01 9.996905420293018540e-01 9.996153505949436635e-01 9.995782535704060834e-01 9.996222270716110803e-01 9.994219689996689526e-01 9.995230305352382771e-01 9.997302261045040161e-01 9.996229508088646520e-01 9.993968495711594846e-01
9.995372235309246678e-01 9.995312647723365584e-01 9.994491914010900091e-01 9.996318331417840541e-01 9.995481553997401791e-01 9.995528082419850024e-01 9.993930304711128310e-01 9.995648668778599477e-01 9.996684283628997081e-01 9.996352699054098512e-01
9.995905642546442094e-01 9.996888190256122408e-01 9.992723202966816709e-01 9.995636320829321964e-01 9.997159682404118675e-01 9.996712248578749627e-01 9.996038869934484872e-01 9.996415421373578969e-01 9.994643685256160426e-01 9.994740798864258924e-01
9.995833401807924234e-01 9.996270762792832665e-01 9.994518869400838001e-01 9.996283115885082893e-01 9.995491173930802775e-01 9.995325108930029900e-01 9.996964774923005059e-01 9.995537911315467428e-01 9.997364730065122496e-01 9.994141255825054193e-01
9.995399400690707647e-01 9.996698384745416055e-01 9.996354249840643247e-01 9.994303743676673513e-01 9.996069333420989356e-01 9.995243716590548333e-01 9.995441760921265351e-01 5.850663509248960059e-01 9.995185419501809720e-01 9.995139755796078607e-01
9.995761238517181235e-01 9.994808472840729374e-01 9.993987082646098585e-01 9.995397967677013273e-01 9.993413103469472869e-01 9.992966644301223278e-01 9.995001954020070745e-01 9.995499355233941063e-01 9.996275659719848772e-01 9.993674421410331243e-01
9.996154944482223970e-01 9.995420208583659649e-01 9.995595695982123496e-01 9.995975118754358846e-01 9.995588813962034136e-01 9.996856911293164893e-01 9.994427140214161565e-01 9.994330815662083589e-01 9.996559617258775621e-01 9.996373441935593185e-01
9.995429355544892536e-01 9.996838046680213141e-01 9.995654795389989911e-01 9.996700584611392104e-01 9.995040515721203001e-01 9.995781512017118953e-01 9.995627603639358760e-01 9.993801738401582035e-01 9.993805183393582592e-01 9.995977886859532813e-01
9.995288674911241289e-01 9.995202341458744311e-01 9.995754082238414995e-01 9.995582659287564065e-01 9.994719240321791043e-01 9.994599502775071143e-01 9.996261548848044409e-01 9.994515376509254256e-01 9.994971311953610993e-01 9.995395726582178009e-01
9.995291914966495384e-01 9.995452529030519617e-01 9.996085562930332458e-01 9.995797813362523598e-01 9.995155225139629174e-01 9.995529322745867473e-01 9.995478314991462776e-01 9.995837951117981790e-01 9.996633821863619707e-01 9.996162449181199561e-01
9.993460507431626283e-01 9.994809036166147909e-01 9.996550028862890569e-01 9.996146754648130850e-01 9.995372048098704054e-01 9.993987140482364362e-01 9.996150506023868676e-01 9.994407181630597936e-01 9.993581027065956413e-01 9.994682951643476532e-01
9.995527211396020295e-01 9.993716217033788984e-01 9.990307268211451319e-01 9.993273406442535478e-01 9.995028561267803591e-01 9.995024713415581186e-01 9.995665606412702520e-01 9.994826594655482621e-01 9.996227403246623622e-01 9.995972386615461502e-01
9.994557886727322149e-01 9.996069053378664471e-01 9.995193664332809869e-01 9.995404085158727803e-01 9.995418030095080120e-01 9.995865694269437940e-01 9.996264713850590011e-01 9.994908459021536462e-01 9.993605954615298881e-01 9.996512775905274095e-01
9.993825738428845362e-01 9.995234693988411800e-01 9.994918335462320558e-01 9.995225577744181189e-01 9.994968966213749750e-01 9.995289818610719745e-01 9.993191244953678609e-01 9.995382457778512197e-01 9.995574950464389818e-01 9.995150819713836121e-01
9.997000187795620496e-01 9.995196407426275576e-01 9.995323131160820385e-01 9.996856109162393089e-01 9.995944667850419352e-01 9.995462935167976903e-01 9.995284498299163989e-01 9.995196075780699019e-01 9.994812232437058075e-01 9.993680181297809328e-01
9.996631182403655780e-01 9.995533156519824658e-01 9.996341408351413493e-01 9.995867920253829197e-01 9.994633201589987470e-01 9.995273495801507702e-01 9.994860296642397168e-01 9.996372752535849227e-01 9.996900106530528518e-01 9.995505012163073966e-01
9.994601774989059217e-01 9.995766437466092613e-01 9.995755589161795518e-01 9.993611672912551258e-01 9.995339625320738275e-01 9.995919536633274260e-01 9.996453305689042557e-01 9.994425407868005040e-01 9.996530082873633649e-01 9.995693094863261630e-01
9.996596894421407864e-01 9.995137323055637291e-01 9.995238064656140065e-01 9.994878295545454039e-01 9.993115739157519828e-01 9.996036678498874117e-01 9.996422966212402672e-01 9.995375394430721094e-01 9.995726631476496982e-01 9.994653796509822552e-01
9.996470604025670115e-01 9.995910843887577668e-01 9.995096642872909332e-01 9.995296088301233173e-01 9.995336555498572917e-01 9.994277996015569210e-01 9.996347812335040217e-01 9.994835388593175107e-01 9.994419183249882987e-01 9.995690879671819129e-01
9.996423991211760285e-01 9.996157990642071667e-01 9.995485007893701868e-01 9.995015054184787084e-01 9.994116835560443723e-01 9.995924374791712586e-01 9.994695308585134219e-01 9.996558490666093144e-01 9.995379436259995698e-01 9.995333966116525248e-01
9.995434393956726948e-01 9.995794347814354053e-01 9.995411098791525673e-01 9.995112694831395084e-01 9.995927583454219389e-01 9.995904737137746299e-01 9.996052898474167003e-01 9.995392519032848533e-01 9.995686333479156804e-01 9.995950572630750708e-01
9.995246635690346881e-01 9.996443561559646973e-01 9.995093851890104464e-01 9.996518127537313836e-01 9.995416363256161008e-01 9.993560269080105085e-01 9.994987229600375001e-01 9.996001601158426286e-01 9.996700125836885942e-01 9.996082691733284564e-01
9.994846593524993050e-01 9.995246545202338684e-01 9.993116752256782087e-01 9.995695681491760798e-01 9.994318778094362088e-01 9.995191260300598790e-01 9.996343851486806376e-01 9.995868995275215552e-01 9.996213366225026320e-01 9.993581911790926364e-01
9.996130727456572496e-01 9.994353386060033095e-01 9.995985258267880980e-01 9.995103501120436995e-01 9.996489285976054573e-01 9.996253123253781014e-01 9.996190343381735621e-01 9.995506627827837054e-01 9.994126202628829114e-01 9.995587154967411347e-01
9.994803858850832556e-01 9.992878104029666586e-01 9.996034640373566704e-01 9.995263447312069394e-01 9.995731931202260778e-01 9.996104608701176231e-01 9.993802388936650072e-01 9.996537785814090249e-01 9.994087286539278248e-01 9.996481921555738781e-01
9.994810398151705577e-01 9.995292297542959226e-01 9.995971345387028029e-01 9.995110231197039674e-01 9.995892629111955419e-01 9.993419228805757726e-01 9.996017435296061793e-01 9.994443055638621010e-01 9.995241934044341026e-01 9.995187540472606491e-01
9.995313193178221312e-01 9.995468329440544419e-01 9.995078259316140246e-01 9.995718783108127337e-01 9.992219027349368288e-01 9.994642013110507373e-01 9.993859650780388959e-01 9.996524106548397848e-01 9.996036653257255322e-01 9.995789176471913118e-01
9.994171196239868271e-01 9.995912335124522707e-01 9.995370094077495882e-01 9.997217934456031907e-01 9.996709903808439490e-01 9.995605602360516651e-01 9.993670093529101184e-01 9.995727315332886276e-01 9.995675091529926393e-01 9.996147156856881599e-01
9.996297109070951814e-01 9.995631365199483254e-01 9.994930299549602548e-01 9.994462460408469751e-01 9.995330109206898017e-01 9.996420011965834185e-01 9.996241003210573073e-01 9.992736118694629521e-01 9.996327582330469808e-01 9.995643878837842111e-01
9.996668582614788301e-01 9.995328313046685231e-01 9.994098370849604507e-01 9.996777824956546432e-01 9.996106605572248061e-01 9.996653006094069482e-01 9.996028558836400624e-01 9.994484319843749409e-01 9.994437904366310077e-01 9.995375956296526088e-01
9.995400216728405063e-01 9.995264440925174521e-01 9.996388892983034680e-01 9.996235028180553428e-01 9.994834862233251682e-01 9.994896426369331843e-01 9.994693339243060359e-01 9.996795568219638550e-01 9.994796135930555936e-01 9.995360436251203851e-01
9.995789112548915112e-01 9.997105053719549383e-01 9.994307242542245229e-01 9.996304021185026256e-01 9.995742451907715376e-01 9.994349615630022665e-01 9.996302525944747996e-01 9.996039404417983443e-01 9.995515589022168079e-01 9.995952064269236770e-01
9.995893171646603736e-01 9.996237631510126453e-01 9.993570963994075074e-01 9.994422143099268574e-01 9.996788423152264125e-01 9.995623380478894093e-01 9.995207865415615123e-01 9.995685072258367887e-01 9.995457144165130758e-01 9.995554699496154161e-01
9.994691364702052994e-01 9.995236731499376193e-01 9.995083593399910482e-01 9.994081552049403072e-01 9.995227916887517994e-01 9.995342980689744250e-01 9.995359180822865897e-01 9.995520436160558742e-01 9.995516289411124911e-01 9.995455276164431080e-01
9.995924647026730447e-01 9.993742706772867912e-01 9.995475919358997041e-01 9.992843236860704526e-01 9.996258064608304350e-01 9.995226367450350535e-01 9.996535094950157463e-01 9.995138653265140949e-01 9.995526816749519261e-01 9.995159830940506529e-01
9.997167032069085302e-01 9.993981403153221477e-01 9.995515159884593714e-01 9.992759113465172760e-01 9.996393495847243349e-01 9.995502883920499571e-01 9.995899170569819692e-01 9.996707219480480688e-01 9.996559372871920424e-01 9.992997356284368804e-01
9.994852331450305716e-01 9.995030556888645501e-01 9.995234764938910610e-01 9.996136987515645833e-01 9.995856314523483555e-01 9.995561331690443474e-01 9.994906828943347366e-01 9.993765564277561353e-01 9.996281115238515591e-01 9.995584038311109421e-01
9.995739605697808727e-01 9.994410300272510428e-01 9.996882415938792565e-01 9.995334009543104248e-01 9.993540632598182372e-01 9.995066906825668118e-01 9.996245307900955002e-01 9.995614330793538560e-01 9.995408127093057260e-01 9.997339256521253770e-01
9.994813426330976247e-01 9.996651546795932708e-01 9.996718633488270722e-01 9.995321197095294874e-01 9.995792947864393652e-01 9.995136089313387817e-01 9.995998851699409160e-01 9.996817804782778261e-01 9.995154350192562154e-01 9.995488212786167725e-01
9.996038147328349943e-01 9.995106974171015235e-01 9.995628815405744882e-01 9.994126817167995336e-01 9.997295282721553322e-01 9.996112719066806429e-01 9.996878928244300466e-01 9.995722540465893369e-01 9.995693418230900962e-01 9.994438390807764971e-01
9.996758972115603603e-01 9.994976635258675524e-01 9.996213167108017883e-01 9.995460357563940024e-01 9.995043338706116609e-01 9.994774811919495683e-01 9.994670634342434079e-01 9.995504470511286099e-01 9.994608776111031379e-01 9.990162333275161011e-01
9.995427331523880632e-01 9.995929144882178541e-01 9.996693078638696495e-01 9.996261547518757729e-01 9.993655308334712384e-01 9.995252257337262636e-01 9.995125802527238257e-01 9.995341439356942859e-01 9.997064832283026892e-01 9.994938979623164688e-01
9.994727387305792909e-01 9.995895209013545557e-01 9.994383678685606620e-01 9.995221074776444725e-01 9.994808382572484273e-01 9.996893934698796169e-01 9.996171613070062856e-01 9.994655250583354134e-01 9.994954346170065174e-01 9.995612577986795477e-01
9.995011051486362152e-01 9.994433373315505520e-01 9.995148806447595735e-01 9.996419922881248921e-01 9.992585800568501986e-01 9.993452455267237688e-01 9.995301960207845227e-01 9.995885373125582563e-01 9.994371153544004960e-01 9.996922092904128032e-01
9.996682232688683944e-01 9.995294616269601029e-01 9.995555155331727892e-01 9.994947037189267913e-01 9.995405852204993780e-01 9.995677002007228307e-01 9.996165836171257979e-01 9.996239389694809852e-01 9.995044867718076986e-01 9.993535563006894495e-01
9.993206665540639300e-01 9.994216848518912011e-01 9.995064824815483862e-01 9.996664692823394871e-01 9.996304182747330902e-01 9.995374727192070097e-01 9.995591097831524330e-01 9.995876504109524330e-01 9.995267641084183419e-01 9.995520712485400638e-01
9.996426676920459053e-01 9.997033831147188465e-01 9.994927132929394276e-01 9.994362671216915350e-01 9.994615401305239066e-01 9.995803921825942018e-01 9.996691227141325520e-01 9.995031992907751350e-01 9.995209203826525002e-01 9.995877235421958273e-01
9.996415811160198617e-01 9.996125614130736414e-01 9.994949419659274747e-01 9.995568454042362827e-01 9.996163150286554444e-01 9.994929731859980571e-01 9.995409711169634948e-01 9.995558074233635848e-01 9.994494452192098644e-01 9.995497296003881260e-01
9.996077379133677665e-01 9.996518569439393209e-01 9.996213106117457503e-01 9.995247435200373953e-01 9.995249881974596073e-01 9.995282785105127354e-01 9.994026045478870968e-01 9.994383759999325711e-01 9.996216365518983960e-01 9.994903457953218107e-01
9.996428419875069693e-01 9.995536496084105327e-01 9.996429361845233785e-01 9.995597490102929861e-01 9.995349804460395005e-01 9.995136158875269627e-01 9.992812123230520038e-01 9.995390475722902845e-01 9.996766212796008855e-01 9.995863087229568400e-01
9.995888260684805404e-01 9.995702281237793807e-01 9.996473177082719763e-01 9.996259702339663766e-01 9.996094438049160091e-01 9.995055143405168208e-01 9.996057743706008303e-01 9.995104129678549221e-01 9.996232188177305300e-01 9.996101329649332845e-01
9.995878104550830479e-01 9.996792787040746919e-01 9.995902660573946497e-01 9.995537719212055361e-01 9.996762654997528585e-01 9.995841665857516656e-01 9.995747288920644458e-01 9.994922214085351087e-01 9.995402525040157915e-01 9.996261867399829359e-01
9.996483467651210431e-01 9.995778586738699456e-01 9.994249531483222482e-01 9.996739120055792016e-01 9.995081208584026822e-01 9.993800097470467714e-01 9.995984895545561022e-01 9.993363264206654994e-01 9.995737879863341169e-01 9.995560547911090943e-01
9.994836840712256754e-01 9.995233277162984820e-01 9.994828730541553963e-01 9.991635889626958589e-01 9.994849199960169628e-01 9.995061243659919548e-01 9.996507592314515245e-01 9.996024847123515800e-01 9.996583860749193029e-01 9.995299116979369236e-01
9.995162598614866223e-01 9.995617090683945882e-01 9.995270363710886397e-01 9.995494740501660313e-01 9.997071606251755060e-01 9.995894179803872515e-01 9.995043016059388385e-01 9.995283547066341479e-01 9.995917950156363307e-01 9.995403255129480247e-01
9.990278043987411705e-01 9.995634992031072752e-01 9.995666669167434515e-01 9.995478633083691999e-01 9.995350882906799406e-01 9.995169614618081289e-01 9.995937462545418928e-01 9.996186157619343371e-01 9.996544487657583744e-01 9.994892461777797887e-01
9.996156594561025344e-01 9.996543796158288142e-01 9.995207381190756024e-01 9.995628226677514272e-01 9.995965290957413707e-01 9.994269097142276514e-01 9.996239077844873977e-01 9.995334726192036667e-01 9.993484324165131660e-01 9.996060588906400257e-01
9.995153456060620334e-01 9.996165513543067149e-01 9.995423325662816660e-01 9.996661789157604838e-01 9.995551095599413127e-01 9.996766013799541772e-01 9.995448067041939888e-01 9.995921337363584680e-01 9.996213882954277929e-01 9.996102114435480024e-01
9.995603757918176679e-01 9.995502742646182881e-01 9.995281553375496841e-01 9.997174927440358738e-01 9.995682314765125254e-01 9.995460798624674625e-01 9.995390491670677058e-01 9.995182507831602559e-01 9.996110165190542629e-01 9.996613839683510250e-01
9.997407948028671498e-01 9.995971486956811702e-01 9.996476496331476724e-01 9.994161939869394828e-01 9.995300042860157941e-01 9.993851530624026092e-01 9.994325670688725127e-01 9.995817182449373561e-01 9.994640079343929395e-01 9.996617191655665646e-01
9.995070377906736248e-01 9.996164725400742412e-01 9.995644308190276828e-01 9.993698574837269755e-01 9.995333265423794744e-01 9.994071596041390615e-01 9.994925779845175162e-01 9.995728223715737437e-01 9.994568792197382479e-01 9.995533562376738290e-01
9.995376147149717116e-01 9.995284651841743750e-01 9.996764576313764694e-01 9.995378612903257354e-01 9.995181259011566288e-01 9.995538417559384214e-01 9.994987063693401286e-01 9.995462284086457094e-01 9.994966340847750708e-01 9.995156701422062140e-01
9.995420568004929063e-01 9.995689271727383751e-01 9.994991520685335695e-01 9.995672910628518038e-01 9.995935954550337899e-01 9.996153344200063851e-01 9.995444030592964824e-01 9.994726831649072274e-01 9.995195807196143312e-01 9.996331676675344058e-01
9.995370975119339807e-01 9.995499689281143185e-01 9.994029992840867127e-01 9.995386818660045858e-01 9.995238550789841137e-01 9.994564793015187076e-01 9.994892513355989605e-01 9.995334802983738554e-01 9.996311710639028680e-01 9.993882257818368364e-01
9.994461348999909012e-01 9.996054171590319504e-01 9.996930135836369358e-01 9.995630318639019407e-01 9.995112024609644763e-01 9.994775587750055479e-01 9.996262777771198760e-01 9.995077329688912826e-01 9.996062942598619161e-01 9.994413600435355649e-01
9.996830891942520836e-01 9.996881588211643521e-01 9.996521085921385996e-01 9.995890730811356484e-01 9.995417813434576138e-01 9.994170001896477418e-01 9.995580792337046550e-01 9.994979848109232234e-01 9.996199646164184438e-01 9.996264830629025822e-01
9.994645613016663876e-01 9.996179661143956841e-01 9.994927472035307625e-01 9.996524688405193926e-01 9.995998395927411240e-01 9.994816908332416761e-01 9.995450071272559134e-01 9.994931978177087339e-01 9.996738005897124468e-01 9.995510536465641582e-01
9.995122498184210169e-01 9.996601571333139091e-01 9.995905301803300613e-01 9.994548325883139128e-01 9.995811444849124205e-01 9.997140361712684165e-01 9.993393690123036910e-01 9.993723621389287715e-01 9.994826809175063609e-01 9.995703681342094082e-01
9.996364974110160118e-01 9.996500418075733307e-01 9.995181722457500140e-01 9.994906784972480418e-01 9.993279245821132806e-01 9.996149368848284977e-01 9.995649483342231578e-01 9.996755966203879629e-01 9.996340194353122710e-01 9.996937431893466730e-01
9.996619995223425814e-01 9.994131599116499176e-01 9.995453342461371182e-01 9.995794827145952910e-01 9.995970357732435474e-01 9.994385466390917072e-01 9.995778596469422350e-01 9.996392781752102552e-01 9.996220512201646757e-01 9.996043231403675122e-01
9.996405873198788150e-01 9.994560795325488911e-01 9.996471598299869754e-01 9.997229844853089409e-01 9.995789989910032203e-01 9.995165294553199908e-01 9.994446840203949911e-01 9.995750533524592196e-01 9.996303957733667644e-01 9.995479127093803706e-01
9.995522527481480735e-01 9.996676854385717625e-01 9.996312930038929734e-01 9.995499286113546100e-01 9.995767627594163152e-01 9.996536768842155807e-01 9.995908756759920299e-01 9.995667794592941746e-01 9.996279463703083845e-01 9.995898260765428978e-01
9.994200290870822734e-01 9.997138985947519041e-01 9.995166176794799684e-01 9.995943115288424830e-01 9.996562095396155367e-01 9.995424469754504715e-01 9.996189414609671919e-01 9.994032285939408178e-01 9.994667127345213675e-01 9.996474272697052355e-01
9.995412590331235192e-01 9.996031237792882829e-01 9.993662337851419997e-01 9.994793072105476739e-01 9.996456957010232403e-01 9.996473796867025863e-01 9.995887467602873055e-01 9.995053941473749370e-01 9.996143828033210443e-01 9.996718137259148484e-01
9.996207277048736461e-01 9.995499558543470275e-01 9.997322922305523774e-01 9.996424460551363023e-01 9.994223629360267092e-01 9.995351366449606312e-01 9.997023753380424038e-01 9.995989691711725245e-01 9.994724042517967311e-01 9.994200846424030615e-01
9.995825319396980380e-01 9.995662484679090909e-01 9.996049971357775510e-01 9.996100687328335344e-01 9.996243660344446003e-01 9.996712764531942019e-01 9.991220819530863828e-01 9.995430797393581868e-01 9.996142943320008856e-01 9.995520253077282424e-01
9.995967279291705365e-01 9.996236364693307230e-01 9.995687760522797838e-01 9.995662291004960842e-01 9.996081260017685155e-01 9.994545907983588551e-01 9.994186108248978018e-01 9.995878094450658669e-01 9.994766544096422844e-01 9.996252553594813239e-01
9.994875304157647689e-01 9.995706741228256309e-01 9.996823707087594268e-01 9.996342004499996214e-01 9.996081883696660286e-01 9.995430200427799505e-01 9.995507207617804202e-01 9.995772500089321611e-01 9.995474381512809980e-01 9.995875982394278880e-01
9.995821113565176441e-01 9.995322268707124147e-01 9.994207846443269316e-01 9.994668019349920440e-01 9.995436082141595513e-01 9.994798500966277643e-01 9.996282458380265634e-01 9.996316340995670124e-01 9.994445187731206826e-01 9.996188512090664613e-01
9.993885043164190130e-01 9.996138947290795773e-01 9.995214608255895694e-01 9.994452237849488219e-01 9.994457101459481851e-01 9.994675689000824814e-01 9.994798382687180016e-01 9.995375012675207227e-01 9.995146579380631557e-01 9.996687408369335781e-01
9.994777576227156235e-01 9.996628312377727754e-01 9.994656449552600241e-01 9.995141557536511012e-01 9.995169258770988385e-01 9.994924810249657954e-01 9.996766605835768482e-01 9.994985306009116499e-01 9.996015721275057775e-01 9.996097959576663028e-01
9.993931764228919379e-01 9.995378088901435421e-01 9.995965544952332138e-01 9.995783336776303818e-01 9.996851363105969668e-01 9.994703810474601102e-01 9.996244663183009305e-01 9.994459505128000520e-01 9.995503573832915656e-01 9.994836127012953764e-01
9.995693495502860904e-01 9.995154529628961226e-01 9.993423533071332798e-01 9.996927944473522620e-01 9.994833286808992856e-01 9.996884681344659906e-01 9.993889332221508326e-01 9.995897858200408770e-01 9.995783897950982766e-01 9.996279370392624486e-01
9.995233927466580237e-01 9.995148297535105808e-01 9.995053486822637057e-01 9.995433383120391202e-01 9.996743224576910558e-01 9.992834707991025134e-01 9.996168023726146323e-01 9.992711790173253172e-01 9.995258237685314961e-01 9.996309774681442217e-01
9.992926187137457505e-01 9.995641434351553167e-01 9.996029407346407325e-01 9.996126297780282277e-01 9.996060739998940958e-01 9.995714258511316785e-01 9.996479626914728245e-01 9.996035141654185940e-01 9.995019958867363830e-01 9.996502823424990858e-01
9.994238255071109522e-01 9.995021685871674499e-01 9.995149434969898827e-01 9.996733190128216373e-01 9.994973266744631157e-01 9.995424872223259705e-01 9.994245906907175403e-01 9.996455091625153777e-01 9.996078456194446016e-01 9.995723314707175566e-01
9.996594903996388615e-01 9.993148309481025837e-01 9.994749604155435119e-01 9.995318768695184986e-01 9.995236375694291908e-01 9.994124240976948181e-01 9.996049387537010444e-01 9.994124370499044563e-01 9.994124095612425540e-01 9.994097211238047729e-01
