9.999986147602996089e-01 9.999992334308070996e-01 9.999985809935676428e-01 9.999980414030538167e-01 9.999992259217759250e-01 9.999992447607481960e-01 9.999989321694082722e-01 9.999991727708267275e-01 9.999987955577652743e-01 9.999993817703934917e-01
9.999985456418182261e-01 9.999989341579755830e-01 9.999990828194527115e-01 9.999986649588364918e-01 9.999993197952394830e-01 9.999991407682355948e-01 9.999990405035262819e-01 9.999989061707947879e-01 9.999990571516046423e-01 9.999992666543610076e-01
9.999987457134790203e-01 9.999991702156629803e-01 9.999981021627356581e-01 9.999969865068522035e-01 9.999991573433769654e-01 9.999986455539023877e-01 9.999989484614930646e-01 9.999986515669891940e-01 9.999992265079885589e-01 9.999993197356453756e-01
9.999989456432639701e-01 9.999990648236211088e-01 9.999987329265481728e-01 9.999983053999164095e-01 9.999989143335801245e-01 9.999989549435680525e-01 9.999989458467535286e-01 9.999993195390740608e-01 9.999988095677762034e-01 9.999986098011022229e-01
9.999985372976054609e-01 9.999987470333177031e-01 9.999992240799233656e-01 9.999987925175800596e-01 9.999985044373619347e-01 9.999993069110424404e-01 9.999989697735609528e-01 9.999987487058288327e-01 9.999983484814145562e-01 9.999989351052303022e-01
9.999993923532651818e-01 9.999993946215613994e-01 9.999992654346431253e-01 9.999994218525872780e-01 9.999985980373100602e-01 9.999994909219285244e-01 9.999973343569895645e-01 9.999989035707973484e-01 9.999991042988883860e-01 9.999990805312000131e-01
9.999991807386007237e-01 9.999987601336002285e-01 9.999986432384678769e-01 9.999982298505425415e-01 9.999990082097570676e-01 9.999987465088144845e-01 9.999986935870203153e-01 9.999989130027783224e-01 9.999991875549674170e-01 9.999983591911862923e-01
9.999989557390056572e-01 9.999997209902581341e-01 9.999985611729034218e-01 9.999981551715075856e-01 9.999990956819857502e-01 9.999992313760108775e-01 9.999986036548892399e-01 9.999991294644388073e-01 9.999990004139758248e-01 9.999992014690888276e-01
9.999984247063515852e-01 9.999989992356413948e-01 9.999983301550748882e-01 9.999992788542045874e-01 9.999983025759004995e-01 9.999990421632047877e-01 9.999984646648123476e-01 9.999992486349916776e-01 9.999988531592574059e-01 9.999990771890794328e-01
9.999986665888751514e-01 9.999980550076951191e-01 9.999990659142982130e-01 9.999991596060102683e-01 9.999991770374919708e-01 9.999995644605458311e-01 9.999991126594746094e-01 9.999990935899591982e-01 9.999984560518686560e-01 9.999992910771255961e-01
9.999993597520923094e-01 9.999995632527705069e-01 9.999991484397764419e-01 9.999988803464076037e-01 9.999990265123759325e-01 9.999991814615080132e-01 9.999988806576330935e-01 9.999992916107280916e-01 9.999994101949832848e-01 9.999995413142970246e-01
9.999985865352724046e-01 9.999987193007732200e-01 9.999984900503950946e-01 9.999992037526601596e-01 9.999987683362061563e-01 9.999994847571045398e-01 9.999995729612954909e-01 9.999986681436596747e-01 9.999980946828309625e-01 9.999978469800550052e-01
9.999986848381737792e-01 9.999984518413230772e-01 9.999991414842479553e-01 9.999986167168156692e-01 9.999990433419420066e-01 9.999989625553211692e-01 9.999990386752813931e-01 9.999994549465848204e-01 9.999992358681092375e-01 9.999986259475434069e-01
9.999994271994371298e-01 9.999981348285849059e-01 9.999983108520257291e-01 9.999983879141072229e-01 9.999990499588782278e-01 9.999986204710923365e-01 9.999992545711061664e-01 9.999992561208002062e-01 9.999984014140030908e-01 9.999991123209974742e-01
9.999987676048727181e-01 9.999993131305369154e-01 9.999989310174491886e-01 9.999985499017373103e-01 9.999990208898185129e-01 9.999982444255188785e-01 9.999991659977003344e-01 9.999991289170006015e-01 9.999989416705370449e-01 9.999987283173892294e-01
9.999985055617895968e-01 9.999985082780774581e-01 9.999992699436577315e-01 9.999978717147322005e-01 9.999985170858569639e-01 9.999979777811323078e-01 9.999986378785106211e-01 9.999989019602192331e-01 9.999990295131945262e-01 9.999983715988244315e-01
9.999989406912724865e-01 9.999991578107326751e-01 9.999986838066942108e-01 9.999991124758709216e-01 9.999983170097974661e-01 9.999990294626209808e-01 9.999994199323745114e-01 9.999989840864687007e-01 9.999994518800531251e-01 9.999989614307019936e-01
9.999994596483036124e-01 9.999990268024717688e-01 9.999993682110795978e-01 9.999990782334081674e-01 9.999990091295910544e-01 9.999975685002541193e-01 9.999987953760529624e-01 9.999992251852865000e-01 9.999983804379382057e-01 9.999977839809905955e-01
9.999983155966604143e-01 9.999986899261844586e-01 9.999991247939880035e-01 9.999989194979651552e-01 9.999992099858828754e-01 9.999993415861716528e-01 9.999990764532346033e-01 9.999988713268023188e-01 9.999989096594915639e-01 9.999985049457796871e-01
9.999990712753219491e-01 9.999985286380909111e-01 9.999988913417099390e-01 9.999979937655930629e-01 9.999990958364294302e-01 9.999983229704393350e-01 9.999990674851788608e-01 9.999989965504850753e-01 9.999980551667263518e-01 9.999993352518260492e-01
9.999977676135098914e-01 9.999988593524713476e-01 9.999983472247641059e-01 9.999984526795074880e-01 9.999980192506762178e-01 9.999995626476213539e-01 9.999990549830014563e-01 9.999992925654309639e-01 9.999994296669292293e-01 9.999979634148576935e-01
9.999993076633163502e-01 9.999986809676673083e-01 9.999993236740765123e-01 9.999993323685694158e-01 9.999986777888779654e-01 9.999988972989746205e-01 9.999991458995071136e-01 9.999984141401904170e-01 9.999993874995029008e-01 9.999994763395733122e-01
9.999980050657300001e-01 9.999989923591088292e-01 9.999976841594505617e-01 9.999989728779279385e-01 9.999990501259943265e-01 9.999989170068105393e-01 9.999994171815510535e-01 9.999994240829864767e-01 9.999989274980518594e-01 9.999988814208965460e-01
9.999988104583741322e-01 9.999992253580610724e-01 9.999985703608607057e-01 9.999991480312517833e-01 9.999986483211007471e-01 9.999983555495054466e-01 9.999990673943975894e-01 9.999989900629112638e-01 9.999994737548161261e-01 9.999984632224836467e-01
9.999980806166359759e-01 9.999986843635733091e-01 9.999985021227162374e-01 9.999988400337240790e-01 9.999995025037585750e-01 9.999993303143690504e-01 9.999984971395217137e-01 9.999989926813518393e-01 9.999994554558511162e-01 9.999995338861183969e-01
9.999988694305628201e-01 9.999994217541444685e-01 9.999992652798452841e-01 9.999996033671953999e-01 9.999990498186436261e-01 9.999993733823164810e-01 9.999994631746024210e-01 9.999989443986873061e-01 9.999990489236413316e-01 9.999988420349580354e-01
9.999988629796802142e-01 9.999991569871302666e-01 9.999985683936661873e-01 9.999980285940003322e-01 9.999986421845596940e-01 9.999987725413771456e-01 9.999990707477648400e-01 9.999985276928377020e-01 9.999992397648381770e-01 9.999988151213287102e-01
9.999976778960935064e-01 9.999989874508498078e-01 9.999992142258438133e-01 9.999988586021286707e-01 9.999991068557843032e-01 9.999984250813368503e-01 9.999989409218457137e-01 9.999982751328558850e-01 9.999995858127908033e-01 9.999983857331593562e-01
9.999991665139527086e-01 9.999988136609015976e-01 9.999991284449198936e-01 9.999993614829043587e-01 9.999993489511302958e-01 9.999984307953956320e-01 9.999987519067492503e-01 9.999989351381842750e-01 9.999983370618793499e-01 9.999988326920772330e-01
9.999993468188005385e-01 9.999993254544429222e-01 9.999984890764389567e-01 9.999989242899447461e-01 9.999993167766053626e-01 9.999978865598320166e-01 9.999989037259717772e-01 9.999979037315295249e-01 9.999979856504458420e-01 9.999991636920581017e-01
9.999989352567836276e-01 9.999989728347846718e-01 9.999992333297997860e-01 9.999989750265865229e-01 9.999990351356671248e-01 9.999991986021563584e-01 9.999993841008960604e-01 9.999985624624544434e-01 9.999989929964901991e-01 9.999990610415628867e-01
9.999988505568456754e-01 9.999992059922082621e-01 9.999987535794689908e-01 9.999985825132178263e-01 9.999985863624041293e-01 9.999995092743658720e-01 9.999981995934498213e-01 9.999988501929996110e-01 9.999984689685890160e-01 9.999994000208235478e-01
9.999991904580582958e-01 9.999995879048444447e-01 9.999982344995869132e-01 9.999992396582615406e-01 9.999973894117470952e-01 9.999992423773019778e-01 9.999990915020658955e-01 9.999992354599269717e-01 9.999986604360368014e-01 9.999984997274364851e-01
9.999980594672772671e-01 9.999985206172867791e-01 9.999990823921640626e-01 9.999994194501197198e-01 9.999988468757121662e-01 9.999988720914240181e-01 9.999984594040106645e-01 9.999987244644696904e-01 9.999988662138984408e-01 9.999985197314806840e-01
9.999991136883136233e-01 9.999988412760069112e-01 9.999979839873467391e-01 9.999987360491865429e-01 9.999983039313997679e-01 9.999988629160977416e-01 9.999979248821765365e-01 9.999996229405714310e-01 9.999990962932544525e-01 9.999991889757503527e-01
9.999991712224324258e-01 9.999993438204362040e-01 9.999982836169174494e-01 9.999990900256140458e-01 9.999991775146145345e-01 9.999991892777295721e-01 9.999988394789297574e-01 9.999989537070160805e-01 9.999990058949946858e-01 9.999982088822167992e-01
9.999987230437139551e-01 9.999992657239096250e-01 9.999985108928920452e-01 9.999987880074785451e-01 9.999990301942478510e-01 9.999966882649530264e-01 9.999991875062198554e-01 9.999989081058558993e-01 9.999987367770991620e-01 9.999986459530719740e-01
9.999988139293023437e-01 9.999992682335256955e-01 9.999994864252281790e-01 9.999990662974617139e-01 9.999987679423469888e-01 9.999993542031709870e-01 9.999991932208001089e-01 9.999984915155735177e-01 9.999988210323023097e-01 9.999986406083091195e-01
9.999986598352927913e-01 9.999975594969865433e-01 9.999989687888412027e-01 9.999991072349717625e-01 9.999993131451669903e-01 9.999993290451032468e-01 9.999991861616549516e-01 9.999983021157075047e-01 9.999981709372564032e-01 9.999990568528523971e-01
9.999995309684787115e-01 9.999989188827314024e-01 9.999993197911709597e-01 9.999991316191072510e-01 9.999977905606445283e-01 9.999987284521721920e-01 9.999985875652472878e-01 9.999992066950843528e-01 9.999987557110416869e-01 9.999988182268694237e-01
9.999986122754289664e-01 9.999990477741826922e-01 9.999987079956985658e-01 9.999991728523357493e-01 9.999983728611652189e-01 9.999993535596515271e-01 9.999991686934119883e-01 9.999987436875292790e-01 9.999992558740725679e-01 9.999983686627854640e-01
9.999988780338887606e-01 9.999981162376733179e-01 9.999991603656491757e-01 9.999982889937093500e-01 9.999988660437152399e-01 9.999992616766495424e-01 9.999994412190992277e-01 9.999989051007699414e-01 9.999974499735139188e-01 9.999988878807238857e-01
9.999989123816430681e-01 9.999986661539888022e-01 9.999984431069637303e-01 9.999991887286732162e-01 9.999992194489475406e-01 9.999986811100788353e-01 9.999979468777435709e-01 9.999986563857615751e-01 9.999988683467140316e-01 9.999992482431191432e-01
9.999982114763433794e-01 9.999992135023120232e-01 9.999987391256761615e-01 9.999983327038453051e-01 9.999985848919784592e-01 9.999994947353306740e-01 9.999994079864332752e-01 9.999989302637918298e-01 9.999988780452425674e-01 9.999988355959988917e-01
9.999991459189506715e-01 9.999985077232346198e-01 9.999984348532193756e-01 9.999991341014666801e-01 9.999992461807714061e-01 9.999992058337958678e-01 9.999994789708598342e-01 9.999991524906769458e-01 9.999989461103314659e-01 9.999978060124196100e-01
9.999992457352443465e-01 9.999989226126722031e-01 9.999989940460919380e-01 9.999991561061301049e-01 9.999996391959781183e-01 9.999985047037754926e-01 9.999978709756970341e-01 9.999994469552532239e-01 9.999989624328691207e-01 9.999989432840683534e-01
9.999984290857214519e-01 9.999986716340291126e-01 9.999988924354630271e-01 9.999995058710575702e-01 9.999988976988012368e-01 9.999994828412992476e-01 9.999991489235832143e-01 9.999993281903540865e-01 9.999995516835945564e-01 9.999989274639169423e-01
9.999991859577388453e-01 9.999989695681129609e-01 9.999991857879938495e-01 9.999980965836861024e-01 9.999986022381938122e-01 9.999977846281262739e-01 9.999980700062094385e-01 9.999989824467323540e-01 9.999980575757727586e-01 9.999988269442657840e-01
9.999990117932969769e-01 9.999991011721610645e-01 9.999985889841124242e-01 9.999987243947110471e-01 9.999985927352638138e-01 9.999987307261752889e-01 9.999985480542646910e-01 9.999979145568528294e-01 9.999987927250018060e-01 9.999992904159584750e-01
9.999984235560983592e-01 9.999991189925143686e-01 9.999992008128926191e-01 9.999991061064829045e-01 9.999995951456720489e-01 9.999994386637915955e-01 9.999990400456978401e-01 9.999991697366625854e-01 9.999988126071474026e-01 9.999986721583395965e-01
9.999983487563275375e-01 9.999987050548584389e-01 9.999987328800895581e-01 9.999991349092592907e-01 9.999984220235845767e-01 9.999993904260987554e-01 9.999991849299496582e-01 9.999993750278681759e-01 9.999986531811612123e-01 9.999979282635779176e-01
9.999979351817879225e-01 9.999988344364633130e-01 9.999991274759547633e-01 9.999976478127586832e-01 9.999990917479706365e-01 9.999989658503980472e-01 9.999979549002837587e-01 9.999996535132307240e-01 9.999990441059787294e-01 9.999983663300437975e-01
9.999987359034960832e-01 9.999990849254278835e-01 9.999988013027063527e-01 9.999990413566303138e-01 9.999992237783094096e-01 9.999981894872277399e-01 9.999991043052530726e-01 9.999990017496467321e-01 9.999987875450626618e-01 9.999994129485760830e-01
9.999987392314114709e-01 9.999991325504153927e-01 9.999993624391084746e-01 9.999989165872552599e-01 9.999985582186697863e-01 9.999988456011362770e-01 9.999995015829928890e-01 9.999993698284896926e-01 9.999995055882116013e-01 9.999984737869721529e-01
9.999994827667937347e-01 9.999996748413519931e-01 9.999993165001117568e-01 9.999987745319562915e-01 9.999987986007801144e-01 9.999979060028416633e-01 9.999992674102445855e-01 9.999990673983056855e-01 9.999989287506165780e-01 9.999992245956177417e-01
9.999990214942975353e-01 9.999987948015006678e-01 9.999988794066656528e-01 9.999993231921088244e-01 9.999991081510383184e-01 9.999991536055560237e-01 9.999988669944354092e-01 9.999990598119312679e-01 9.999991783733821471e-01 9.999994154997190465e-01
9.999994960438254310e-01 9.999986180982181061e-01 9.999982918518681707e-01 9.999983019036661203e-01 9.999989822683967855e-01 9.999990569264899376e-01 9.999990200459536460e-01 9.999987423412430854e-01 9.999991227434815722e-01 9.999977459926561174e-01
9.999983797244280659e-01 9.999990212681882928e-01 9.999982478289214383e-01 9.999991806911237013e-01 9.999985949027994092e-01 9.999992716899954726e-01 9.999988649140451047e-01 9.999992403015907083e-01 9.999994199308499532e-01 9.999984715245208156e-01
9.999989261266143403e-01 9.999986983656120598e-01 9.999988334876854790e-01 9.999994494575886739e-01 9.999994114174335369e-01 9.999987060128106009e-01 9.999976539305279744e-01 9.999985643562804283e-01 9.999988958922650939e-01 9.999991947613613430e-01
9.999989783066888238e-01 9.999985326798253027e-01 9.999991514455338626e-01 9.999981788589966669e-01 9.999986409362094930e-01 9.999994048362030874e-01 9.999989683144606678e-01 9.999993661295875080e-01 9.999992028720335879e-01 9.999993159014577415e-01
9.999989016339242420e-01 9.999986028210057221e-01 9.999991875000121544e-01 9.999989368730800576e-01 9.999973500713961183e-01 9.999991375612627964e-01 9.999985326695235432e-01 9.999991665838598998e-01 9.999991755512277480e-01 9.999985832834439314e-01
9.999988797489769432e-01 9.999983877457111481e-01 9.999989187895348408e-01 9.999994012411871358e-01 9.999990603974631131e-01 9.999984883621274578e-01 9.999990900394776228e-01 9.999989207214204923e-01 9.999994863862236016e-01 9.999989172921823766e-01
9.999992209827607281e-01 9.999992944594114919e-01 9.999994286739229965e-01 9.999992244055563306e-01 9.999980765571926389e-01 9.999991000335874958e-01 9.999987213119578833e-01 9.999988125902005143e-01 9.999991306916815592e-01 9.999989156430364456e-01
9.999990771813893620e-01 9.999991653779717327e-01 9.999993468204447788e-01 9.999990320933778154e-01 9.999981410366487466e-01 9.999991770797785895e-01 9.999976536998465004e-01 9.999991407380176556e-01 9.999991719385852296e-01 9.999993848658532691e-01
9.999989550101197056e-01 9.999993718533466414e-01 9.999991547225562938e-01 9.999992971090404525e-01 9.999989112957704540e-01 9.999990086331010941e-01 9.999983194109545170e-01 9.999984500538887655e-01 9.999993049899642550e-01 9.999980314439809170e-01
9.999994068408071257e-01 9.999995841310796996e-01 9.999990612115935429e-01 9.999985301783834712e-01 9.999982882487448155e-01 9.999994558112074161e-01 9.999997551674030261e-01 9.999991766348287348e-01 9.999991447579802406e-01 9.999988917916945441e-01
9.999990725745825371e-01 9.999990283676953862e-01 9.999985763955909768e-01 9.999990268767282586e-01 9.999984883411192627e-01 9.999982644853067093e-01 9.999986358712351642e-01 9.999993733836824994e-01 9.999991564161538893e-01 9.999990941367935537e-01
9.999991035674098416e-01 9.999982622249021791e-01 9.999989620405533852e-01 9.999991444910372174e-01 9.999987868113340284e-01 9.999993338878300220e-01 9.999990149331096090e-01 9.999992608207446398e-01 9.999984895707497712e-01 9.999984824623078250e-01
9.999995268289731953e-01 9.999984294150193742e-01 9.999984507560152336e-01 9.999992120253609063e-01 9.999983661515777777e-01 9.999983393367575246e-01 9.999992201447859275e-01 9.999986279813896095e-01 9.999993362281509590e-01 9.999992555701382457e-01
9.999989304327883133e-01 9.999987445342762848e-01 9.999986325066606563e-01 9.999971195593323481e-01 9.999993877942174869e-01 9.999992911741354407e-01 9.999993478518613976e-01 9.999985417539227761e-01 9.999991284174366557e-01 9.999981400853770186e-01
9.999992225959529746e-01 9.999980417053427884e-01 9.999985161921993715e-01 9.999988880698789107e-01 9.999994937435970899e-01 9.999991899682660890e-01 9.999987494716185976e-01 9.999985480396779147e-01 9.999995373210339711e-01 9.999986746180231645e-01
9.999992865625357830e-01 9.999988560175386842e-01 9.999990541628061003e-01 9.999992572141489511e-01 9.999975131512310877e-01 9.999990837532599652e-01 9.999991390335644104e-01 9.999989882170620126e-01 9.999993057642032612e-01 9.999983708501870572e-01
9.999991049162755274e-01 9.999994564882698223e-01 9.999991470622271450e-01 9.999985527141316277e-01 9.999986310101192100e-01 9.999996525755530108e-01 9.999986147880784992e-01 9.999987604676254804e-01 9.999986569769139244e-01 9.999984789054037204e-01
9.999991693251848446e-01 9.999984324302374494e-01 9.999993611252152581e-01 9.999986132383054116e-01 9.999993636987520862e-01 9.999989478377554475e-01 9.999988734887981234e-01 9.999995018172301853e-01 9.999991315391973945e-01 9.999982895965060514e-01
9.999991568685308030e-01 9.999989857963604845e-01 9.999991603555093977e-01 9.999986065050537887e-01 9.999986927014601346e-01 9.999991822739355829e-01 9.999991217460074688e-01 9.999995690479863697e-01 9.999987599121634707e-01 9.999986231904919309e-01
9.999989105073553430e-01 9.999986602867450003e-01 9.999986444150437137e-01 9.999984446521351655e-01 9.999985567498124173e-01 9.999985616180938619e-01 9.999996671300850348e-01 9.999987530435755501e-01 9.999984685119103212e-01 9.999991522998474824e-01
9.999987577542960304e-01 9.999995719761310964e-01 9.999993448537690677e-01 9.999981052397255432e-01 9.999987777801624400e-01 9.999988786582397760e-01 9.999989018299535459e-01 9.999994339363855733e-01 9.999988342421106680e-01 9.999990608616815546e-01
9.999988146743286066e-01 9.999993865057223985e-01 9.999990578602849789e-01 9.999986989481493005e-01 9.999990916418060038e-01 9.999994265577873964e-01 9.999992364993893768e-01 9.999996702434920115e-01 9.999982810913740083e-01 9.999983333036318589e-01
9.999976044166917211e-01 9.999988227510608896e-01 9.999981128540306186e-01 9.999977880929856733e-01 9.999985823267245610e-01 9.999992636345514940e-01 9.999989874040092763e-01 9.999980126335750175e-01 9.999989473959424169e-01 9.999983523990408907e-01
9.999992224467754154e-01 9.999986763458904582e-01 9.999991139212178748e-01 9.999989765490769900e-01 9.999989866317819942e-01 9.999990234838976866e-01 9.999991653067376030e-01 9.999991547287340188e-01 9.999977999048554889e-01 9.999991405833926761e-01
9.999986254611763492e-01 9.999989706524647914e-01 9.999992083986283253e-01 9.999995217770006883e-01 9.999990396830632511e-01 9.999993902413354396e-01 9.999991827514742582e-01 9.999992529863687141e-01 9.999995008835472765e-01 9.999989993638355168e-01
9.999988397461360146e-01 9.999983502311436956e-01 9.999987432637758022e-01 9.999988928479590644e-01 9.999993132166358212e-01 9.999985637027520857e-01 9.999995773020318168e-01 9.999987168333317467e-01 9.999985492432553746e-01 9.999987436495609838e-01
9.999988831114888788e-01 9.999984211956111091e-01 9.999991445703548809e-01 9.999983924614409547e-01 9.999990808874268389e-01 9.999990357069137303e-01 9.999974861421234706e-01 9.999995307022304658e-01 9.999985458862371557e-01 9.999990400081194553e-01
9.999987998685598845e-01 9.999991215790291488e-01 9.999993001151338268e-01 9.999991116174148376e-01 9.999991592762003112e-01 9.999993004903053873e-01 9.999991518052173678e-01 9.999989717050320470e-01 9.999979186913865448e-01 9.999989037991428020e-01
9.999984925774810796e-01 9.999993364793734463e-01 9.999990872806598929e-01 9.999987413939689374e-01 9.999993319067762565e-01 9.999995886414506652e-01 9.999992693801276200e-01 9.999975439344338524e-01 9.999995488423700785e-01 9.999990877612183748e-01
9.999989017670829483e-01 9.999989795167579798e-01 9.999992698847763872e-01 9.999991814990897288e-01 9.999984433400957995e-01 9.999995099856441305e-01 9.999992663313708174e-01 9.999984034051709880e-01 9.999990446575220959e-01 9.999983268511232204e-01
9.999987505256530129e-01 9.999992206763725910e-01 9.999995912423891298e-01 9.999989512336805442e-01 9.999991657324444061e-01 9.999987215276034958e-01 9.999985551177502652e-01 9.999986808030126850e-01 9.999976134592066801e-01 9.999988661157125369e-01
9.999993019887526424e-01 9.999989747953749175e-01 9.999992644606077175e-01 9.999995563091662598e-01 9.999989846039805119e-01 9.999985583192798622e-01 9.999990179813433855e-01 9.999991734893158846e-01 9.999989656260274140e-01 9.999991050920234992e-01
9.999991886865144952e-01 9.999992000546410464e-01 9.999984202357683483e-01 9.999991812707317296e-01 9.999984016305899504e-01 9.999988250078369889e-01 9.999991542199392347e-01 9.999992917994379171e-01 9.999978773832806089e-01 9.999993057626449522e-01
9.999994288847520174e-01 9.999993715495844038e-01 9.999987456740438985e-01 9.999989689481496580e-01 9.999988881831423093e-01 9.999992470323112448e-01 9.999985959081784115e-01 9.999989993724952564e-01 9.999993383063294772e-01 9.999976272622056461e-01
9.999981515356399786e-01 9.999996001864150941e-01 9.999989838849806523e-01 9.999982175344990232e-01 9.999990413837481773e-01 9.999978517056800076e-01 9.999990218877978787e-01 9.999986987930481463e-01 9.999989062172236487e-01 9.999991193431287950e-01
9.999993250166345771e-01 9.999990443079579405e-01 9.999994125350278873e-01 9.999990186705579598e-01 9.999982386204993023e-01 9.999966287289138167e-01 9.999987595139480101e-01 9.999987628707645015e-01 9.999986214179596988e-01 9.999990467596229227e-01
9.999991592723491696e-01 9.999986164577345793e-01 9.999993416514487699e-01 9.999985002375101351e-01 9.999986769682882581e-01 9.999994231445626935e-01 9.999992529704470057e-01 9.999990804538767541e-01 9.999989936574424920e-01 9.999981916509421698e-01
9.999988015900405092e-01 9.999994018092603909e-01 9.999987463245715302e-01 9.999989493047316547e-01 9.999986858687123226e-01 9.999989833675327899e-01 9.999989628070093950e-01 9.999990806900312945e-01 9.999972419066385232e-01 9.999988515854378868e-01
9.999985810897726868e-01 9.999989956070483021e-01 9.999987863385445541e-01 9.999989106313644793e-01 9.999992084635002110e-01 9.999994579876243517e-01 9.999987793101533518e-01 9.999987535986707421e-01 9.999989985781276847e-01 9.999987575168218790e-01
9.999989513662650431e-01 9.999996125353440846e-01 9.999990007852639362e-01 9.999995637428956696e-01 9.999991599538115006e-01 9.999991627927400373e-01 9.999985269045130742e-01 9.999987733476038976e-01 9.999990029175068740e-01 9.999989586280717546e-01
9.999992383976004096e-01 9.999992113969691232e-01 9.999991787905616603e-01 9.999974766327295317e-01 9.999984179039484999e-01 9.999991219407589060e-01 9.999992609430250479e-01 9.999980500956193730e-01 9.999987094954789768e-01 9.999989112711477057e-01
9.999992254426820493e-01 9.999991095758949955e-01 9.999989969059812633e-01 9.999988852643026949e-01 9.999986847866150219e-01 9.999992959980965601e-01 9.999986749042109047e-01 9.999990674975014482e-01 9.999989436083555061e-01 9.999985498525906236e-01
9.999993881310212940e-01 9.999993967324189992e-01 9.999986792748720710e-01 9.999989120577194024e-01 9.999992350180819667e-01 9.999986870162602681e-01 9.999991324921063685e-01 9.999991035685598106e-01 9.999979991894486497e-01 9.999981810718789887e-01
9.999987074073928284e-01 9.999991193496566844e-01 9.999980146072953158e-01 9.999984611337607854e-01 9.999992594349141894e-01 9.999991392142550950e-01 9.999989770997745886e-01 9.999991614221565017e-01 9.999987770163878409e-01 9.999985097592617445e-01
