9.999817212577756242e-01 9.999870112936724009e-01 9.999905765392327339e-01 9.999887817652417521e-01 9.999881793390100748e-01 9.999912548928046041e-01 9.999818335612448150e-01 9.999809573988599487e-01 9.999849935675148016e-01 9.999863463267988362e-01
9.999840433822670960e-01 9.999858638074491379e-01 9.999876540206494857e-01 9.999848490086151731e-01 9.999881964393926292e-01 9.999889094767655529e-01 9.999845417647907908e-01 9.999860176858549332e-01 9.999822747270802337e-01 9.999856003568449170e-01
9.999903686798711222e-01 9.999899552912986378e-01 9.999869889376299392e-01 9.999857753729641807e-01 9.999820728527197833e-01 9.999912998505081640e-01 9.999869726982703044e-01 9.999873201111422194e-01 9.999879651830886340e-01 9.999846223361846809e-01
9.999850508894964074e-01 9.999862166459432267e-01 9.999901078120581044e-01 9.999858782180917061e-01 9.999840582077993423e-01 9.999840280930026859e-01 9.999806275872608063e-01 9.999889017810944525e-01 9.999880520955044538e-01 9.999862718034914222e-01
9.999833239076686420e-01 9.999849880612174946e-01 9.999794600733207250e-01 9.999850452322225358e-01 9.999834190361914787e-01 9.999879696648142913e-01 9.999844945057155821e-01 9.999910886988107039e-01 9.999883349213160022e-01 9.999850248693009647e-01
9.999857142064342286e-01 9.999874226791207743e-01 9.999777726785371579e-01 9.999855648757557391e-01 9.999880161071975637e-01 9.999866488644135742e-01 9.999854493323044879e-01 9.999872158471303507e-01 9.999913156559608884e-01 9.999849529360694822e-01
9.999865908897329625e-01 9.999873224569051366e-01 9.999809588908364910e-01 9.999877809059001255e-01 9.999850826522328484e-01 9.999860114631190511e-01 9.999816615315317847e-01 9.999870780450196284e-01 9.999866605517306883e-01 9.999860847074700798e-01
9.999906873336983359e-01 9.999882526757811751e-01 9.999866427865762297e-01 9.999837965229628756e-01 9.999873502300264949e-01 9.999876288539438773e-01 9.999789673770069776e-01 9.999858767904480361e-01 9.999889242860166005e-01 9.999845462486244285e-01
9.999844739901244672e-01 9.999877981924053527e-01 9.999869921352849689e-01 9.999865658927552525e-01 9.999841278708929693e-01 9.999874213767856457e-01 9.999919872910405516e-01 9.999858586705119290e-01 9.999831961513264700e-01 9.999861965891805315e-01
9.999872814035342117e-01 9.999869653076989273e-01 9.999886618170217290e-01 9.999875454819602272e-01 9.999910065467546572e-01 9.999854644797548930e-01 9.999845654609208490e-01 9.999863337174307309e-01 9.999850928263817051e-01 9.999883885752628432e-01
9.999888211320944187e-01 9.999846532544993671e-01 9.999902495485814002e-01 9.999837917701173140e-01 9.999844860446638339e-01 9.999872652334307332e-01 9.999856236153190636e-01 9.999814447726826927e-01 9.999867220885578778e-01 9.999839812566232444e-01
9.999848532840421855e-01 9.999856288320289055e-01 9.999857545594396102e-01 9.999828244461352877e-01 9.999860035167094097e-01 9.999843813881118537e-01 9.999873303784385659e-01 9.999906685110224736e-01 9.999818134644822276e-01 9.999895422783343646e-01
9.999863128391218714e-01 9.999905224969513062e-01 9.999807493538405145e-01 9.999801574017185279e-01 9.999860473104071890e-01 9.999827072965593588e-01 9.999876043873070497e-01 9.999867654701706243e-01 9.999772587963365877e-01 9.999920572097009686e-01
9.999848055709019690e-01 9.999871063825267470e-01 9.999837760681478116e-01 9.999858503012016842e-01 9.999854014768239097e-01 9.999828894624451792e-01 9.999860193977920808e-01 9.999788475257554987e-01 9.999874032736169038e-01 9.999888905001296235e-01
9.999882180248366170e-01 9.999851357834176335e-01 9.999866048579783007e-01 9.999887507093835337e-01 9.999846977100743661e-01 9.999892859000623080e-01 9.999870022138021008e-01 9.999873916943303742e-01 9.999920728438599360e-01 9.999857405922306652e-01
9.999898966318119253e-01 9.999883358988479465e-01 9.999820259925225052e-01 9.999826978068619976e-01 9.999851343828322081e-01 9.999869389919825435e-01 9.999825135643393148e-01 9.999885738242700883e-01 9.999842539227675742e-01 9.999902161351046370e-01
9.999868430252966123e-01 9.999859349909876460e-01 9.999855978162508485e-01 9.999907466727891991e-01 9.999871647738790559e-01 9.999916572718092755e-01 9.999854941289074706e-01 9.999869144228151763e-01 9.999872474408861844e-01 9.999881697761391353e-01
9.999878852918664407e-01 9.999860187947007262e-01 9.999851619029385130e-01 9.999834773610652983e-01 9.999880837709482773e-01 9.999861017749054337e-01 9.999907223879157536e-01 9.999814063842887846e-01 9.999895301520662638e-01 9.999849245422572919e-01
9.999861003304956197e-01 9.999872740463208176e-01 9.999822964403510817e-01 9.999895953369157819e-01 9.999863966763476997e-01 9.999913628054373227e-01 9.999812278108485275e-01 9.999888511506581645e-01 9.999854910873019476e-01 9.999850268058507741e-01
9.999853950019423898e-01 9.999885712269068749e-01 9.999872562698995937e-01 9.999913482993576519e-01 9.999884476256121202e-01 9.999827503641359749e-01 9.999824018617440302e-01 9.999847553872278638e-01 9.999856132228969186e-01 9.999888980131000915e-01
9.999867408156777326e-01 9.999878594037350243e-01 9.999879293627356169e-01 9.999900443655759252e-01 9.999884005559204203e-01 9.999865422758330569e-01 9.999871189625286760e-01 9.999887033468852771e-01 9.999842494225401612e-01 9.999855860405026942e-01
9.999882963189697938e-01 9.999867638238955081e-01 9.999904399927664889e-01 9.999847238239953917e-01 9.999880855254305034e-01 9.999841262801161257e-01 9.999856377121976170e-01 9.999871517371284879e-01 9.999864180827454652e-01 9.999881367794593023e-01
9.999812672189860585e-01 9.999834882741328590e-01 9.999857567544605530e-01 9.999856571895521240e-01 9.999830400160205635e-01 9.999897416747486334e-01 9.999797551643335725e-01 9.999874677871318784e-01 9.999859088968491294e-01 9.999886099572806719e-01
9.999772254515580938e-01 9.999793873211382245e-01 9.999841742968789138e-01 9.999835853175287337e-01 9.999826735433714475e-01 9.999845507773628128e-01 9.999867488966591722e-01 9.999840543530077452e-01 9.999783831570787651e-01 9.999846460618720956e-01
9.999861419350237757e-01 9.999902019255354491e-01 9.999863629798619868e-01 9.999835563358281387e-01 9.999771546568303471e-01 9.999887712226035452e-01 9.999813063741443964e-01 9.999919641783504565e-01 9.999856795090067418e-01 9.999843279246691807e-01
9.999820749711375578e-01 9.999831857128730350e-01 9.999835953236049235e-01 9.999864397935502858e-01 9.999856981223783636e-01 9.999863712296674922e-01 9.999858767905741574e-01 9.999893998654636462e-01 9.999790722319561453e-01 9.999863005737485988e-01
9.999868515381125089e-01 9.999881568423696354e-01 9.999872954665203206e-01 9.999851089245089808e-01 9.999818410302740990e-01 9.999792988932304505e-01 9.999892878767691062e-01 9.999853398989141384e-01 9.999874878976182657e-01 9.999857103493954291e-01
9.999828797519313417e-01 9.999850616158768579e-01 9.999908032737121477e-01 9.999862313490930354e-01 9.999857878599595074e-01 9.999863311767254181e-01 9.999886559480286596e-01 9.999903442831959977e-01 9.999840040326567481e-01 9.999874626135829558e-01
9.999852704591333241e-01 9.999838936909574150e-01 9.999877271015352731e-01 9.999849984759037191e-01 9.999827925045011723e-01 9.999880819765909479e-01 9.999796107809468815e-01 9.999874440430990274e-01 9.999842312841533687e-01 9.999851751762236507e-01
9.999863742074289741e-01 9.999824405405641770e-01 9.999836968192764575e-01 9.999876562093817922e-01 9.999861699587980768e-01 9.999857199611060787e-01 9.999895243217976626e-01 9.999808665142444486e-01 9.999926283839731811e-01 9.999836822554081239e-01
9.999834725253339274e-01 9.999877834866055526e-01 9.999821124427653585e-01 9.999862890911447311e-01 9.999812376530404778e-01 9.999800008262839102e-01 9.999880008196516679e-01 9.999855931417428456e-01 9.999886253833953909e-01 9.999871560726389941e-01
9.999857726341903064e-01 9.999858270364198054e-01 9.999863100952534056e-01 9.999828077275205729e-01 9.999904116630421447e-01 9.999845394544630839e-01 9.999895375466389957e-01 9.999833569120700760e-01 9.999870100285943586e-01 9.999871150964887434e-01
9.999850501003033632e-01 9.999865159569232276e-01 9.999863762947341916e-01 9.999888521788429241e-01 9.999895972414348799e-01 9.999839895547459889e-01 9.999865322266625611e-01 9.999875340350997677e-01 9.999850341038653001e-01 9.999882721826112153e-01
9.999876578096400515e-01 9.999834894324918233e-01 9.999842247600819745e-01 9.999858754861364885e-01 9.999811234680585637e-01 9.999881988301336788e-01 9.999893238306295506e-01 9.999878034720007802e-01 9.999896281272722121e-01 9.999844610129957623e-01
9.999862614857996101e-01 9.999894830132791679e-01 9.999748471652131210e-01 9.999886180716870410e-01 9.999859492145604101e-01 9.999909325889001499e-01 9.999875198514430741e-01 9.999819234234831322e-01 9.999843591932889852e-01 9.999875874642273343e-01
9.999856390132493278e-01 9.999928016533377040e-01 9.999840755395176251e-01 9.999837678373535432e-01 9.999860359718860670e-01 9.999890398204658304e-01 9.999857473987989742e-01 9.999778598289257303e-01 9.999881758479535199e-01 9.999903698737818702e-01
9.999858995204693457e-01 9.999845101564130978e-01 9.999853420064210852e-01 9.999867173405021514e-01 9.999878902865522168e-01 9.999879219510930950e-01 9.999871013928343100e-01 9.999847184752206353e-01 9.999844025116315649e-01 9.999878097542653776e-01
9.999886422603709857e-01 9.999859255253056300e-01 9.999865890764331189e-01 9.999865176993316673e-01 9.999870399532752030e-01 9.999905732660004931e-01 9.999867026107828183e-01 9.999880406002891187e-01 9.999871342568936727e-01 9.999880441537586373e-01
9.999781310662385625e-01 9.999854521044050371e-01 9.999823103543844516e-01 9.999800276610210092e-01 9.999779173077765204e-01 9.999876526991076098e-01 9.999843060173349008e-01 9.999893647899112947e-01 9.999875110216680518e-01 9.999789002818122441e-01
9.999888189898040736e-01 9.999872393587956321e-01 9.999770223842339156e-01 9.999861869902294531e-01 9.999885177388334601e-01 9.999871447215459286e-01 9.999874518372795507e-01 9.999889695942463241e-01 9.999879876490048725e-01 9.999846036635108293e-01
9.999849657220488686e-01 9.999840555617715010e-01 9.999873885066139501e-01 9.999894957985199229e-01 9.999872301715913014e-01 9.999857127440988647e-01 9.999851761225612146e-01 9.999806153499691819e-01 9.999834933759088607e-01 9.999853264689624321e-01
9.999845359602352879e-01 9.999845541832289575e-01 9.999849652320165205e-01 9.999878385145534176e-01 9.999866457079109594e-01 9.999867063294514136e-01 9.999877123660021461e-01 9.999856345808219027e-01 9.999872319096714257e-01 9.999833470570557159e-01
9.999834830522282836e-01 9.999869822790282692e-01 9.999857593429399838e-01 9.999836049917540937e-01 9.999882216507086641e-01 9.999832610368999397e-01 9.999803887721526729e-01 9.999867388657107670e-01 9.999865611390723608e-01 9.999876513378811449e-01
9.999845376068013936e-01 9.999904071562633057e-01 9.999866422988198389e-01 9.999881468525070316e-01 9.999878211770006908e-01 9.999832275605320397e-01 9.999818162234643815e-01 9.999838689677653658e-01 9.999833114263821932e-01 9.999875533385738091e-01
9.999873655106186199e-01 9.999868067662525117e-01 9.999886268143324264e-01 9.999828622229948172e-01 9.999873708262428940e-01 9.999844177451546745e-01 9.999831267735466156e-01 9.999889178205074725e-01 9.999898177746596728e-01 9.999910395064267599e-01
9.999760965488800890e-01 9.999817031063633621e-01 9.999881966273678202e-01 9.999896865868010964e-01 9.999806145661137569e-01 9.999891519477399626e-01 9.999888747153869994e-01 9.999849175041702898e-01 9.999859985209228475e-01 9.999883442617721885e-01
9.999871141908820427e-01 9.999878819099686789e-01 9.999889447735881287e-01 9.999900809652689793e-01 9.999825028962189277e-01 9.999885224008865370e-01 9.999904795793889134e-01 9.999870047315659871e-01 9.999876237249033517e-01 9.999854092417517215e-01
9.999811964726954550e-01 9.999857265214572299e-01 9.999900048623926452e-01 9.999850155525759066e-01 9.999878325937910928e-01 9.999859313403467453e-01 9.999834659371028556e-01 9.999859847124976664e-01 9.999863816323532051e-01 9.999861926399221668e-01
9.999884431681368424e-01 9.999886070096517532e-01 9.999848595566772635e-01 9.999850225677145987e-01 9.999877757350779106e-01 9.999835853038049338e-01 9.999885105586399092e-01 9.999898877067115999e-01 9.999891421949220760e-01 9.999851460798168112e-01
9.999876741713175088e-01 9.999894633549322176e-01 9.999850363986816371e-01 9.999862120980527180e-01 9.999829485248238337e-01 9.999865181793302638e-01 9.999890642386677353e-01 9.999859869580746130e-01 9.999840818201007897e-01 9.999860297428523337e-01
9.999873279856767994e-01 9.999877366953212610e-01 9.999858038038292873e-01 9.999861091051095441e-01 9.999847882988462944e-01 9.999838224886883342e-01 9.999854161349878146e-01 9.999898248034124748e-01 9.999876405938352697e-01 9.999873565178067913e-01
9.999880395433931035e-01 9.999844438659289958e-01 9.999868060571113215e-01 9.999872580664693755e-01 9.999867030551318203e-01 9.999853285751360010e-01 9.999898198791949966e-01 9.999859322128308303e-01 9.999878530423023104e-01 9.999866655510352142e-01
9.999778249944522024e-01 9.999849196317650568e-01 9.999884726325879436e-01 9.999915921116724338e-01 9.999843439794035005e-01 9.999821750901690676e-01 9.999833091863951084e-01 9.999840432712361338e-01 9.999811255544325261e-01 9.999789317469536254e-01
9.999812909955214657e-01 9.999878390285815710e-01 9.999857817432959983e-01 9.999883172820139832e-01 9.999827344131291262e-01 9.999839876375909986e-01 9.999865700730756757e-01 9.999860052862207249e-01 9.999881095317014745e-01 9.999866471737333118e-01
9.999875256115899891e-01 9.999881096676593861e-01 9.999855076153786326e-01 9.999867486461823107e-01 9.999901852535192370e-01 9.999904404298270988e-01 9.999884272414947262e-01 9.999873126020969449e-01 9.999853321130022232e-01 9.999866928914381559e-01
9.999877599914919202e-01 9.999874582258749811e-01 9.999876337884675559e-01 9.999885670178750852e-01 9.999804453976383067e-01 9.999889884618849978e-01 9.999883859389996354e-01 9.999826115917777036e-01 9.999869721456066118e-01 9.999825140752703900e-01
9.999851881210923832e-01 9.999840182941233113e-01 9.999808184860248250e-01 9.999879817232819601e-01 9.999854292122851707e-01 9.999857514472576536e-01 9.999886579960877153e-01 9.999903299634376186e-01 9.999821472496066566e-01 9.999833231781123377e-01
9.999894585941651037e-01 9.999828594757130817e-01 9.999839378676526058e-01 9.999881844564045830e-01 9.999870827079715419e-01 9.999883876011026462e-01 9.999865640804277422e-01 9.999856879477935223e-01 9.999876942831555926e-01 9.999836929511894956e-01
9.999823135765660842e-01 9.999882664090448126e-01 9.999880543131447475e-01 9.999842227555300056e-01 9.999860181671168524e-01 9.999859427518281718e-01 9.999866522409363023e-01 9.999813873822412935e-01 9.999901032253697419e-01 9.999841627437091596e-01
9.999861377306219490e-01 9.999885542977641206e-01 9.999921392642023843e-01 9.999887675205505477e-01 9.999833561715498753e-01 9.999861888648229336e-01 9.999865935351459623e-01 9.999812006292647659e-01 9.999836002229872678e-01 9.999884437416709515e-01
9.999841570648574374e-01 9.999809932280466773e-01 9.999832422132514109e-01 9.999800973378659696e-01 9.999849339963314820e-01 9.999839141629315309e-01 9.999910682766817160e-01 9.999866810065642930e-01 9.999794607522285439e-01 9.999780639646894675e-01
9.999874602609747365e-01 9.999859501282211127e-01 9.999857299712522352e-01 9.999893301835477422e-01 9.999875262025039735e-01 9.999891455247829075e-01 9.999849856829476913e-01 9.999825685275290921e-01 9.999852761468889240e-01 9.999833493796780326e-01
9.999846188509606826e-01 9.999896524008689003e-01 9.999888006274089136e-01 9.999867685129866235e-01 9.999853932460819328e-01 9.999877883980552440e-01 9.999887150804386282e-01 9.999863838092466484e-01 9.999901761303974235e-01 9.999837289380691940e-01
9.999835817423985418e-01 9.999870681104213732e-01 9.999872758256828087e-01 9.999888058549990522e-01 9.999854669046355227e-01 9.999881763159361725e-01 9.999896385385524944e-01 9.999833777355467967e-01 9.999850967299389604e-01 9.999848555038740594e-01
9.999854015263899276e-01 9.999856401561562080e-01 9.999873803136072326e-01 9.999863505096314720e-01 9.999831362443090121e-01 9.999832788652762705e-01 9.999842351667171947e-01 9.999848441609381355e-01 9.999869481258396586e-01 9.999842743516200727e-01
9.999811767098748527e-01 9.999879347054166923e-01 9.999854754157661008e-01 9.999832390748262245e-01 9.999848984203236757e-01 9.999831345661005511e-01 9.999874707865372692e-01 9.999855224461084990e-01 9.999885948882205611e-01 9.999837226891262754e-01
9.999879161805299566e-01 9.999842197484326567e-01 9.999878462076761121e-01 9.999801384577354790e-01 9.999836215649690052e-01 9.999906469267267894e-01 9.999805983823163436e-01 9.999866823801137894e-01 9.999871803044261265e-01 9.999877713807721058e-01
9.999855512394861812e-01 9.999831260485211315e-01 9.999786187093450129e-01 9.999875203745702823e-01 9.999884018730922364e-01 9.999812317292134933e-01 9.999897230546457294e-01 9.999893305485310080e-01 9.999841085424430176e-01 9.999908040192008185e-01
9.999843340999148289e-01 9.999874280058961284e-01 9.999845761571999336e-01 9.999881379886196298e-01 9.999892213832979326e-01 9.999848142632783432e-01 9.999852198698577777e-01 9.999882957404643280e-01 9.999843637158158938e-01 9.999726821840684288e-01
9.999803458333937911e-01 9.999844147864320743e-01 9.999811931834313716e-01 9.999849853607325478e-01 9.999855101201307050e-01 9.999890384651092257e-01 9.999842751892455972e-01 9.999840020946222374e-01 9.999890471876621278e-01 9.999875924012163741e-01
9.999843330170707922e-01 9.999842092631326951e-01 9.999859947678366723e-01 9.999865587101557374e-01 9.999851866524216426e-01 9.999859285700180012e-01 9.999886627524360305e-01 9.999871009702296920e-01 9.999880534581924163e-01 9.999891732524286425e-01
9.999860879839830297e-01 9.999793497713477253e-01 9.999874405094429930e-01 9.999844343309186590e-01 9.999871717597555998e-01 9.999907878578099263e-01 9.999859115686359212e-01 9.999811770490385499e-01 9.999866805447932272e-01 9.999872078669043152e-01
9.999886913428633894e-01 9.999872323528123941e-01 9.999820840605430083e-01 9.999888329547104160e-01 9.999876391664793696e-01 9.999846652263281177e-01 9.999786801441399309e-01 9.999854080925710820e-01 9.999854473606548666e-01 9.999890145592618129e-01
9.999866379541691996e-01 9.999868978667485475e-01 9.999864047983850757e-01 9.999876189665847237e-01 9.999888571059614151e-01 9.999861323911967137e-01 9.999903928038211820e-01 9.999865366209339523e-01 9.999872684355305408e-01 9.999838174861508389e-01
9.999856318308663061e-01 9.999860746203106387e-01 9.999847492143969507e-01 9.999868565518287289e-01 9.999859628685461299e-01 9.999840529104483400e-01 9.999813276098643566e-01 9.999830606009594280e-01 9.999839429892104503e-01 9.999865918144577037e-01
9.999849443190577114e-01 9.999869553938262046e-01 9.999900261731355933e-01 9.999786772799849066e-01 9.999847094923952628e-01 9.999833951023214818e-01 9.999831998934535227e-01 9.999802862639909362e-01 9.999874598209269605e-01 9.999860321519226103e-01
9.999830080736358262e-01 9.999834136208068935e-01 9.999886518046476880e-01 9.999817901847891655e-01 9.999882262685424461e-01 9.999837274012797206e-01 9.999884105774150544e-01 9.999856745839468264e-01 9.999825383572962245e-01 9.999887076069527980e-01
9.999843228841760467e-01 9.999876843382938807e-01 9.999820183373582250e-01 9.999808183633587255e-01 9.999859944015675461e-01 9.999871609716050047e-01 9.999869944292213431e-01 9.999840500698869983e-01 9.999851513517139523e-01 9.999845003943341748e-01
9.999839067651504765e-01 9.999811537194919220e-01 9.999903872289180873e-01 9.999881239386034792e-01 9.999860081696853031e-01 9.999861824312903380e-01 9.999894182426988243e-01 9.999903182501634902e-01 9.999877259764838877e-01 9.999869239796677078e-01
9.999880257173007214e-01 9.999867355495765109e-01 9.999814868565551906e-01 9.999856232241373100e-01 9.999813006217527223e-01 9.999829613208144341e-01 9.999822591841291963e-01 9.999869326783750179e-01 9.999870499687323333e-01 9.999898388273149585e-01
9.999811181360422907e-01 9.999848270319354748e-01 9.999808907407361502e-01 9.999857150590659716e-01 9.999890982368484504e-01 9.999857443438624482e-01 9.999889712403429165e-01 9.999850143769488664e-01 9.999813308245076859e-01 9.999835213995400540e-01
9.999858938955971110e-01 9.999857485229923793e-01 9.999813457135029449e-01 9.999840702726273678e-01 9.999864596059214739e-01 9.999773651028459609e-01 9.999881582408105540e-01 9.999906267789135939e-01 9.999893311138389196e-01 9.999883474371160652e-01
9.999848680757859043e-01 9.999866373960679677e-01 9.999872554265561986e-01 9.999880120322718335e-01 9.999858983942199187e-01 9.999863552305259251e-01 9.999858414643227889e-01 9.999864575715774473e-01 9.999832744610994695e-01 9.999841965880390537e-01
9.999860906953363937e-01 9.999843907863630310e-01 9.999845589564601012e-01 9.999864605401960205e-01 9.999844027605828689e-01 9.999857674275565156e-01 9.999864484312813717e-01 9.999861449249499712e-01 9.999866474979021147e-01 9.999855319895791794e-01
9.999818443634481691e-01 9.999822128439105340e-01 9.999855191232789320e-01 9.999828769361964742e-01 9.999846177701677830e-01 9.999858444058861151e-01 9.999865952968189919e-01 9.999896200634884602e-01 9.999869132359465729e-01 9.999886709105185734e-01
9.999861628736765873e-01 9.999852628921422903e-01 9.999888735592318278e-01 9.999885316060144191e-01 9.999884134415539805e-01 9.999880117239372534e-01 9.999867372790065545e-01 9.999850084904552405e-01 9.999830538699436833e-01 9.999858256625724362e-01
9.999841236318837145e-01 9.999878961177375292e-01 9.999849246707004369e-01 9.999842558921059332e-01 9.999831640804797139e-01 9.999837210734061621e-01 9.999921146461042687e-01 9.999846729208682339e-01 9.999881475751485338e-01 9.999871130225521654e-01
9.999829864227005594e-01 9.999901705705583899e-01 9.999842046914755311e-01 9.999845836564088541e-01 9.999888730912586121e-01 9.999907283513086442e-01 9.999842913422650748e-01 9.999877079069728891e-01 9.999868930584310256e-01 9.999777836026296773e-01
9.999834012157597929e-01 9.999829997333966602e-01 9.999852627051647458e-01 9.999867131505957296e-01 9.999842560024490012e-01 9.999891129737520368e-01 9.999883957655647526e-01 9.999869706396262714e-01 9.999861590800228628e-01 9.999899191303496249e-01
9.999893319214712140e-01 9.999839316945657863e-01 9.999848809208701228e-01 9.999816754256899420e-01 9.999854246380099898e-01 9.999840443493759334e-01 9.999911402951371375e-01 9.999864810393871428e-01 9.999853253665093034e-01 9.999844512377693562e-01
9.999845174952977089e-01 9.999865410924774212e-01 9.999882466106326806e-01 9.999775074044383594e-01 9.999861220361391245e-01 9.999847293306508567e-01 9.999903253910841228e-01 9.999883034885329591e-01 9.999831499385475331e-01 9.999868192945207124e-01
9.999823168987074240e-01 9.999883576942678598e-01 9.999859516748674793e-01 9.999905713832281107e-01 9.999864607529261873e-01 9.999880136148471266e-01 9.999850208067395663e-01 9.999860920592310576e-01 9.999838032505425911e-01 9.999866751967262379e-01
9.999812182981940856e-01 9.999900738265551370e-01 9.999862747909962213e-01 9.999826689174048377e-01 9.999856317934535666e-01 9.999876366142806949e-01 9.999805841806448381e-01 9.999822142935707037e-01 9.999857324326907326e-01 9.999851355570191780e-01
9.999880544529272663e-01 9.999851687571020831e-01 9.999852810742381193e-01 9.999890138341407386e-01 9.999826988628979230e-01 9.999862773437788732e-01 9.999850278767098422e-01 9.999876499414250830e-01 9.999879348170802595e-01 9.999868572056623828e-01
9.999868260750588433e-01 9.999840409143129216e-01 9.999864645137219732e-01 9.999854366272866724e-01 9.999876392389240864e-01 9.999832466725039337e-01 9.999850456421885969e-01 9.999891216842846653e-01 9.999871278152558940e-01 9.999808997813959266e-01
9.999894378114573268e-01 9.999824063016089504e-01 9.999857925135028358e-01 9.999820299041783933e-01 9.999867948646257165e-01 9.999896373239681724e-01 9.999892559329015551e-01 9.999850891632927619e-01 9.999870408456758009e-01 9.999882295774672469e-01
9.999887796088896552e-01 9.999894628059937673e-01 9.999894338880301881e-01 9.999870647381674527e-01 9.999816306308733083e-01 9.999832893633553432e-01 9.999875385165616359e-01 9.999855977803550067e-01 9.999809813911958445e-01 9.999794664043292203e-01
9.999895000212594143e-01 9.999844851588119976e-01 9.999880842607317133e-01 9.999808361745334828e-01 9.999846385116634151e-01 9.999877561994955366e-01 9.999897404945854440e-01 9.999841464423754323e-01 9.999836582501506754e-01 9.999820554891916125e-01
9.999875442932996128e-01 9.999849285783081188e-01 9.999859004135253082e-01 9.999828742594689679e-01 9.999719665421548109e-01 9.999885365460758901e-01 9.999849671730033362e-01 9.999869462547441579e-01 9.999771347361796625e-01 9.999851982651948301e-01
9.999881353379400650e-01 9.999845739395560873e-01 9.999840344669648218e-01 9.999882963986619355e-01 9.999889376793108520e-01 9.999852279374247255e-01 9.999883164430717342e-01 9.999859392176831951e-01 9.999897949150358123e-01 9.999880299416034068e-01
