9.999910372038851580e-01 9.999916716886291246e-01 9.999914395001129330e-01 9.999925443278249171e-01 9.999919638652613463e-01 9.999906738355142100e-01 9.999921433290754891e-01 9.999922642568326303e-01 9.999915169337414422e-01 9.999919252553172155e-01
9.999905565878106639e-01 9.999908449654456577e-01 9.999932626927408030e-01 9.999928708883223383e-01 9.999925899845493182e-01 9.999916191827807888e-01 9.999910798749557239e-01 9.999907097687987800e-01 9.999919693701037060e-01 9.999918181405338391e-01
9.999918072410292069e-01 9.999895273058126977e-01 9.999932621083049700e-01 9.999929407548058258e-01 9.999918324322645269e-01 9.999898557916252484e-01 9.999914971278819342e-01 9.999895489890636702e-01 9.999916786876635877e-01 9.999916351820793414e-01
9.999918274539790763e-01 9.999918114266572733e-01 9.999910259026669745e-01 9.999899797036413407e-01 9.999915937091712337e-01 9.999911511831189870e-01 9.999888094419063789e-01 9.999887034812054987e-01 9.999918817550293992e-01 9.999921443556913925e-01
9.999911615792387298e-01 9.999910247541431429e-01 9.999917657628206724e-01 9.999926592583385787e-01 9.999909939920199609e-01 9.999917782608500616e-01 9.999918246224728247e-01 9.999920875906068707e-01 9.999922706117573279e-01 9.999926964489693759e-01
9.999934620789194817e-01 9.999912284033620757e-01 9.999926497029820727e-01 9.999914395792157684e-01 9.999938436775839268e-01 9.999921591373915897e-01 9.999907166691521798e-01 9.999922676932455623e-01 9.999925325929943654e-01 9.999919422378427125e-01
9.999931792476131065e-01 9.999907301755982525e-01 9.999906023860883897e-01 9.999909210180808472e-01 9.999918832753695863e-01 9.999921353356068243e-01 9.999929943728960158e-01 9.999901543549490901e-01 9.999917763802069759e-01 9.999921093020859297e-01
9.999899011965317497e-01 9.999913107825771919e-01 9.999932234085755489e-01 9.999897597633495838e-01 9.999922489408346049e-01 9.999913214550233409e-01 9.999922245875634275e-01 9.999931691299782655e-01 9.999935497620247027e-01 9.999913485690372639e-01
9.999905605896419747e-01 9.999910336246318199e-01 9.999916042060968957e-01 9.999920812932105996e-01 9.999912813184865801e-01 9.999897053058391938e-01 9.999915041162681373e-01 9.999913391498150839e-01 9.999915342769336579e-01 9.999893248373890042e-01
9.999908333799621962e-01 9.999906335324374451e-01 9.999908066676778118e-01 9.999916957532724027e-01 9.999898198645155167e-01 9.999897804266477674e-01 9.999934490369867257e-01 9.999921165355281083e-01 9.999919255468155965e-01 9.999938174050522210e-01
9.999926762594272267e-01 9.999919729221019571e-01 9.999895893408782266e-01 9.999927707954269218e-01 9.999903625788415518e-01 9.999911941431531837e-01 9.999904829745657198e-01 9.999909780804425719e-01 9.999916382776440349e-01 9.999904190477422183e-01
9.999907534337161286e-01 9.999905885739690525e-01 9.999911979607393198e-01 9.999915081851957765e-01 9.999916227368005339e-01 9.999917689850027491e-01 9.999893102595220906e-01 9.999912647318314196e-01 9.999913116409269165e-01 9.999903159623033666e-01
9.999909708309199230e-01 9.999896202831052294e-01 9.999920307476832804e-01 9.999914962879493663e-01 9.999915781032305828e-01 9.999913221984072509e-01 9.999930401944864267e-01 9.999929194904649821e-01 9.999925293333348231e-01 9.999926491947287444e-01
9.999917328426664032e-01 9.999907108417757096e-01 9.999907615802032801e-01 9.999918459030733286e-01 9.999925955043375003e-01 9.999915037144181396e-01 9.999932595173718353e-01 9.999897980708670753e-01 9.999915541334476465e-01 9.999904541923119172e-01
9.999896936189108798e-01 9.999913134207865095e-01 9.999917104254767430e-01 9.999926913801528983e-01 9.999907685438719218e-01 9.999931799711241354e-01 9.999918836885560713e-01 9.999903736826394329e-01 9.999923178903147303e-01 9.999904535045420761e-01
9.999899940571067569e-01 9.999900122020852766e-01 9.999910929762595435e-01 9.999909418181869292e-01 9.999909195244253146e-01 9.999900856191108467e-01 9.999927985654055718e-01 9.999917036133449955e-01 9.999918453871863289e-01 9.999925656905642724e-01
9.999913731331697697e-01 9.999918533867786508e-01 9.999920732381638588e-01 9.999914708206485425e-01 9.999898105556281891e-01 9.999917572895992146e-01 9.999892816200017798e-01 9.999915560240220103e-01 9.999921818987308475e-01 9.999917990855703431e-01
9.999923071460636859e-01 9.999915924694006142e-01 9.999920062326553838e-01 9.999911885197155792e-01 9.999918419736304465e-01 9.999912440864594521e-01 9.999893517905082962e-01 9.999914371628852994e-01 9.999903423243809986e-01 9.999895430734913049e-01
9.999914433674259584e-01 9.999927374811132808e-01 9.999900897951524703e-01 9.999891142070663763e-01 9.999892431712913421e-01 9.999895971359258340e-01 9.999928235468559246e-01 9.999909643153950256e-01 9.999927330312549101e-01 9.999925285466977343e-01
9.999917173347332433e-01 9.999911468024030858e-01 9.999901061928109236e-01 9.999906450624606036e-01 9.999919924372659974e-01 9.999899101594543760e-01 9.999934543514965579e-01 9.999932524290979785e-01 9.999908740326619583e-01 9.999907007607026221e-01
9.999913013320441690e-01 9.999915305129846166e-01 9.999892563366050702e-01 9.999902079756495255e-01 9.999908245812116903e-01 9.999894462133871453e-01 9.999926532876031171e-01 9.999891454087400655e-01 9.999923307049293220e-01 9.999933205305694406e-01
9.999916905508944298e-01 9.999922522499192779e-01 9.999896535638956863e-01 9.999927170331763815e-01 9.999935964518325004e-01 9.999911709760127554e-01 9.999914819565277613e-01 9.999923243872995693e-01 9.999914370666646013e-01 9.999923386003863879e-01
9.999887667981645079e-01 9.999922763701778461e-01 9.999921104141772377e-01 9.999914928602794406e-01 9.999908271392980996e-01 9.999903498450032346e-01 9.999908617295880653e-01 9.999902192399419132e-01 9.999888768547433582e-01 9.999913317548168035e-01
9.999937448122754313e-01 9.999913142812699718e-01 9.999928560433040126e-01 9.999902998936198717e-01 9.999900102163025162e-01 9.999921942499256922e-01 9.999907680025289514e-01 9.999911415412355842e-01 9.999916821306062964e-01 9.999896428609386101e-01
9.999909924343529655e-01 9.999925386005299455e-01 9.999917566630067700e-01 9.999904770450188662e-01 9.999928887227077512e-01 9.999896533532716125e-01 9.999909859486754149e-01 9.999919528712043482e-01 9.999931693490202722e-01 9.999903722932317329e-01
9.999926034711411615e-01 9.999906029294660659e-01 9.999918769162654542e-01 9.999907550227308262e-01 9.999917901631715234e-01 9.999918484258819573e-01 9.999910567231028446e-01 9.999909310134198481e-01 9.999916675219802098e-01 9.999905249994618384e-01
9.999919032920266959e-01 9.999902325090038735e-01 9.999895811788113154e-01 9.999905968866473760e-01 9.999913883591206032e-01 9.999925102216823403e-01 9.999926425265066587e-01 9.999887499111428379e-01 9.999911164125120377e-01 9.999907298101026187e-01
9.999896266846095561e-01 9.999903656281170505e-01 9.999928508262080351e-01 9.999901433037431397e-01 9.999899996178698292e-01 9.999914669187341953e-01 9.999921032225217443e-01 9.999918866566490649e-01 9.999896447612930395e-01 9.999917374185165464e-01
9.999933612807166972e-01 9.999919375379501263e-01 9.999907183828395940e-01 9.999932952493365557e-01 9.999895802220312158e-01 9.999919915630968159e-01 9.999913761620511377e-01 9.999907892974136958e-01 9.999922048150876597e-01 9.999916229562662018e-01
9.999916401711193004e-01 9.999878604550795913e-01 9.999900336183529248e-01 9.999905845514706071e-01 9.999910945586456545e-01 9.999908433618548420e-01 9.999936111371338088e-01 9.999912910431675295e-01 9.999900737112328297e-01 9.999921520230784511e-01
9.999915347752666994e-01 9.999893692152984626e-01 9.999942606861507155e-01 9.999917609598382162e-01 9.999916440449925226e-01 9.999935816398930477e-01 9.999908603189391343e-01 9.999914471358909429e-01 9.999907763168642827e-01 9.999898247736747070e-01
9.999914805014492591e-01 9.999925880602226202e-01 9.999883195499800204e-01 9.999941359600966750e-01 9.999902635938866524e-01 9.999925036340538975e-01 9.999905343017151393e-01 9.999901037936683723e-01 9.999913490313423470e-01 9.999916542053475244e-01
9.999921572105746614e-01 9.999923501853783536e-01 9.999902264875042412e-01 9.999901881180931484e-01 9.999901980710531602e-01 9.999900717296157371e-01 9.999908455875820001e-01 9.999908005371634934e-01 9.999908010622237109e-01 9.999900598012216868e-01
9.999888154750516955e-01 9.999915657309675909e-01 9.999920745812035383e-01 9.999916356050173594e-01 9.999895279478498988e-01 9.999909403061817414e-01 9.999885100339677146e-01 9.999897214185602401e-01 9.999906364447170848e-01 9.999902970561905802e-01
9.999923139439826913e-01 9.999937398329148408e-01 9.999912722208970095e-01 9.999923565050056196e-01 9.999882971075521043e-01 9.999911011791816629e-01 9.999899343294573750e-01 9.999903670938101730e-01 9.999916166623501468e-01 9.999903777230826352e-01
9.999908250100524310e-01 9.999933756171913712e-01 9.999895940476019041e-01 9.999924614559901892e-01 9.999915822906109142e-01 9.999926176288733704e-01 9.999911680365006772e-01 9.999901420022464515e-01 9.999937108812169129e-01 9.999948543805190493e-01
9.999911901621889587e-01 9.999909946759644175e-01 9.999921364111986621e-01 9.999906211104431231e-01 9.999922848871338754e-01 9.999912906630661347e-01 9.999892798802689775e-01 9.999929178264204133e-01 9.999916883309309945e-01 9.999924477727004657e-01
9.999921279275962860e-01 9.999931502919040538e-01 9.999913887225916342e-01 9.999919322951694722e-01 9.999912719657988447e-01 9.999927094610845391e-01 9.999940357765014776e-01 9.999931993312132228e-01 9.999932186906532738e-01 9.999918129158066327e-01
9.999915260996432576e-01 9.999914069024423702e-01 9.999908785653299770e-01 9.999911717712491876e-01 9.999908581666000496e-01 9.999911277466176918e-01 9.999935343050322389e-01 9.999912484008904867e-01 9.999880367701085015e-01 9.999909818312227028e-01
9.999924404332158900e-01 9.999905054639830482e-01 9.999929089228043466e-01 9.999887139203895714e-01 9.999916184429079591e-01 9.999917791865001737e-01 9.999919240729322478e-01 9.999928135125930595e-01 9.999928378690766673e-01 9.999907215007373118e-01
9.999893262294832219e-01 9.999902183169422365e-01 9.999907833159823456e-01 9.999916203581113994e-01 9.999887914541151224e-01 9.999931365641058223e-01 9.999894202530925646e-01 9.999916507495678619e-01 9.999912023115146154e-01 9.999914500192301769e-01
9.999894424825326311e-01 9.999901095467010892e-01 9.999927824823306999e-01 9.999904957339862399e-01 9.999919516632332916e-01 9.999923879596815945e-01 9.999905572918150742e-01 9.999914778305888374e-01 9.999902720695955649e-01 9.999923359102004250e-01
9.999917517952802148e-01 9.999920058756019969e-01 9.999900063952970042e-01 9.999923877187039123e-01 9.999912650177568141e-01 9.999903538197318920e-01 9.999922660145755815e-01 9.999899856565055423e-01 9.999920137910865980e-01 9.999908652947887555e-01
9.999908292520628406e-01 9.999907043410732888e-01 9.999897451553801941e-01 9.999911721109097096e-01 9.999919707021754922e-01 9.999921608596440414e-01 9.999910911938038049e-01 9.999920786985097010e-01 9.999925924185737447e-01 9.999919700084320962e-01
9.999909417203982631e-01 9.999918020834023258e-01 9.999903833670137354e-01 9.999917468346491978e-01 9.999904512106360110e-01 9.999924114565307276e-01 9.999913979774974759e-01 9.999913278218682811e-01 9.999906472920202516e-01 9.999906111828577027e-01
9.999907511972451202e-01 9.999912583593538740e-01 9.999904243567220297e-01 9.999914817315146420e-01 9.999923481896706434e-01 9.999925236144939777e-01 9.999911879341766285e-01 9.999926055281377346e-01 9.999920139615302572e-01 9.999917392051552723e-01
9.999903746666785054e-01 9.999927691504169047e-01 9.999913754885624284e-01 9.999919373675397738e-01 9.999913607309505181e-01 9.999909881349238194e-01 9.999906005212004789e-01 9.999903921669996976e-01 9.999900088525318642e-01 9.999918943589106712e-01
9.999923098463165960e-01 9.999906922943835319e-01 9.999932579605692595e-01 9.999902987564687207e-01 9.999921795742778841e-01 9.999906557564698373e-01 9.999913003872806794e-01 9.999907676421357916e-01 9.999913207019345274e-01 9.999910969127341342e-01
9.999887173517090222e-01 9.999933368674143175e-01 9.999916697479762639e-01 9.999922367814239044e-01 9.999905688543814231e-01 9.999914361585222622e-01 9.999898995237154198e-01 9.999926589836815038e-01 9.999915543302555498e-01 9.999922787091556353e-01
9.999920578226739742e-01 9.999905301066285279e-01 9.999914323622886014e-01 9.999904612365424494e-01 9.999911568172858978e-01 9.999891072954230076e-01 9.999915979788269738e-01 9.999930295295462734e-01 9.999919280577710401e-01 9.999922803933595228e-01
9.999920399701333062e-01 9.999920496252193702e-01 9.999901341525745391e-01 9.999916950927961734e-01 9.999940041121275769e-01 9.999931460848331399e-01 9.999916059281651615e-01 9.999903821419802163e-01 9.999894005437630629e-01 9.999909447360634251e-01
9.999909616901755394e-01 9.999922878374680746e-01 9.999912738528003997e-01 9.999921141288287130e-01 9.999921062768755142e-01 9.999924202025622932e-01 9.999913433881348901e-01 9.999910020860407478e-01 9.999908873214899963e-01 9.999911462001197515e-01
9.999889112354620746e-01 9.999917886827669466e-01 9.999912450014633025e-01 9.999909211524246055e-01 9.999902620988463386e-01 9.999915811763983031e-01 9.999889816684335297e-01 9.999909140398474117e-01 9.999921660964519177e-01 9.999902511996743293e-01
9.999918144148178811e-01 9.999904807356106984e-01 9.999920233962409366e-01 9.999923628410239962e-01 9.999904997376013460e-01 9.999913295586945194e-01 9.999913315475890130e-01 9.999911303467439172e-01 9.999909055751885489e-01 9.999910944861164497e-01
9.999928033933296323e-01 9.999908972715207955e-01 9.999928823986238280e-01 9.999931162109175764e-01 9.999917973514603764e-01 9.999907559780036870e-01 9.999919375721708636e-01 9.999906768391026990e-01 9.999917852530856299e-01 9.999907101171006119e-01
9.999919337736946634e-01 9.999921945720046113e-01 9.999915821472635802e-01 9.999896581507077276e-01 9.999913401780257116e-01 9.999911874315295934e-01 9.999917128471024208e-01 9.999931261203471866e-01 9.999905559986771442e-01 9.999918175498023754e-01
9.999928065244072517e-01 9.999918150299550446e-01 9.999921366239777898e-01 9.999908031418914822e-01 9.999921333264210066e-01 9.999937288027292981e-01 9.999888089334693086e-01 9.999901868673211069e-01 9.999915135084503914e-01 9.999941356423028838e-01
9.999932236591915213e-01 9.999892550014261028e-01 9.999931396753801716e-01 9.999923401612581531e-01 9.999911783638620877e-01 9.999893624934120817e-01 9.999904961642154255e-01 9.999895484502068221e-01 9.999913603214081181e-01 9.999887644871613412e-01
9.999919231986740265e-01 9.999904760441562512e-01 9.999924194398792654e-01 9.999914259238614767e-01 9.999930112420225559e-01 9.999928210620561142e-01 9.999928156306397975e-01 9.999923088087345757e-01 9.999908412547338088e-01 9.999913590504339034e-01
9.999913011233442228e-01 9.999902103167405132e-01 9.999898678877614522e-01 9.999918615433521785e-01 9.999915605377547312e-01 9.999914653044608137e-01 9.999892444804345804e-01 9.999927417461851320e-01 9.999914033215407949e-01 9.999913039211179022e-01
9.999919243395524182e-01 9.999911632815989826e-01 9.999911650613704239e-01 9.999914305359395295e-01 9.999890784092239082e-01 9.999912402399843137e-01 9.999907951446256327e-01 9.999894678500208522e-01 9.999907545797113162e-01 9.999915988654674015e-01
9.999910164588639017e-01 9.999913350925054845e-01 9.999911592071012434e-01 9.999912503306179756e-01 9.999920209829312734e-01 9.999924004798452781e-01 9.999927707558720069e-01 9.999910903018552899e-01 9.999898653226245715e-01 9.999899934151053049e-01
9.999914548101278555e-01 9.999925534912563752e-01 9.999902375007687638e-01 9.999933878451252589e-01 9.999927605233210892e-01 9.999907562208339984e-01 9.999902505904624261e-01 9.999911019141857205e-01 9.999912138024837915e-01 9.999906008939294377e-01
9.999915972510784457e-01 9.999889885932028433e-01 9.999919282883565907e-01 9.999914577153821149e-01 9.999914334453244846e-01 9.999906967742675512e-01 9.999925353981301557e-01 9.999892221449296903e-01 9.999906471502938432e-01 9.999908155378018915e-01
9.999905509284853222e-01 9.999915328046369289e-01 9.999921124454481669e-01 9.999916846620152677e-01 9.999905702900253601e-01 9.999919085366388849e-01 9.999900716206878704e-01 9.999911839898117938e-01 9.999919318345980024e-01 9.999928716832883202e-01
9.999919807068062827e-01 9.999898935923813292e-01 9.999916203228318423e-01 9.999909744904829090e-01 9.999905360108674035e-01 9.999912083154470777e-01 9.999908999842633817e-01 9.999912734251910074e-01 9.999924723076810684e-01 9.999909317519467544e-01
9.999912303954641146e-01 9.999922857106395835e-01 9.999929530668262290e-01 9.999912781049278276e-01 9.999910202068857945e-01 9.999925186781266628e-01 9.999918770439533144e-01 9.999904813639641787e-01 9.999910112429201137e-01 9.999912733235958306e-01
9.999911207653670031e-01 9.999921392793732489e-01 9.999879669404103666e-01 9.999915029269640376e-01 9.999912679440448038e-01 9.999917811025207381e-01 9.999913197236418583e-01 9.999899381524796071e-01 9.999918669379719294e-01 9.999912066358797036e-01
9.999888077893966942e-01 9.999899830445494464e-01 9.999909897280793158e-01 9.999912405799640247e-01 9.999915564714317862e-01 9.999929238624967187e-01 9.999910435270212838e-01 9.999889591502145736e-01 9.999902848251998044e-01 9.999921418999316858e-01
9.999921552066117769e-01 9.999917573650118907e-01 9.999910278682134779e-01 9.999923576618088283e-01 9.999925172039538790e-01 9.999907970459789297e-01 9.999898309149237718e-01 9.999910972382798358e-01 9.999918944105633534e-01 9.999924138141780272e-01
9.999928553522359209e-01 9.999895423137189487e-01 9.999914360119168677e-01 9.999908362071654455e-01 9.999896646690313862e-01 9.999910896580163078e-01 9.999928273958543778e-01 9.999937130994717149e-01 9.999903496214778142e-01 9.999897009698004435e-01
9.999921315816111544e-01 9.999875572573992955e-01 9.999919982102896121e-01 9.999918368154657733e-01 9.999897152385639476e-01 9.999928597825545884e-01 9.999909024767094090e-01 9.999934068232236850e-01 9.999899567416925539e-01 9.999910354936282220e-01
9.999883378140251855e-01 9.999897571120658357e-01 9.999914557615422472e-01 9.999924368646215811e-01 9.999922422076344963e-01 9.999933575389473583e-01 9.999908725575376023e-01 9.999895643037056692e-01 9.999903407030106273e-01 9.999925076151477965e-01
9.999891777051072017e-01 9.999929263142264269e-01 9.999924734980533136e-01 9.999900381178519204e-01 9.999902478584293819e-01 9.999917077580448010e-01 9.999908432591019247e-01 9.999902767814734528e-01 9.999912066421180468e-01 9.999902245161885750e-01
9.999920333651657334e-01 9.999897614965763681e-01 9.999902040571903017e-01 9.999920415311603916e-01 9.999922762702597723e-01 9.999927873927200173e-01 9.999909887469510261e-01 9.999919669733219330e-01 9.999912378644167932e-01 9.999926737361564122e-01
9.999905793037365820e-01 9.999912028020937482e-01 9.999896752314024750e-01 9.999925559144050569e-01 9.999921183455752205e-01 9.999914399648450747e-01 9.999906504534599172e-01 9.999908908867436441e-01 9.999921770499035079e-01 9.999902282188581903e-01
9.999920698836183286e-01 9.999913349267264273e-01 9.999894017533870194e-01 9.999909154941450939e-01 9.999912647079688410e-01 9.999946563403359079e-01 9.999914066837559679e-01 9.999928481685250725e-01 9.999939105368299552e-01 9.999909273593311498e-01
9.999902969601883740e-01 9.999924584672309491e-01 9.999907662126394925e-01 9.999911459879656794e-01 9.999920372463498852e-01 9.999907742792382148e-01 9.999908625612554669e-01 9.999927466937831300e-01 9.999910178205208000e-01 9.999916606526878526e-01
9.999915832281930372e-01 9.999926652202909549e-01 9.999907524784447110e-01 9.999913631831237604e-01 9.999923128442685938e-01 9.999915054476568033e-01 9.999907862981473050e-01 9.999920633960904803e-01 9.999919071979338492e-01 9.999903192308943201e-01
9.999911492066638763e-01 9.999939207294624710e-01 9.999915012638510570e-01 9.999911140697093082e-01 9.999935424552515162e-01 9.999925140983456640e-01 9.999936182846294042e-01 9.999915215937136281e-01 9.999928380403412254e-01 9.999917367306522253e-01
9.999917804022431245e-01 9.999898947306277153e-01 9.999917193713747654e-01 9.999904016978194976e-01 9.999912620446151923e-01 9.999932938573502517e-01 9.999907461328512159e-01 9.999904128518821711e-01 9.999905784968589062e-01 9.999918601850982247e-01
9.999900295140311535e-01 9.999915179274219135e-01 9.999936078067644951e-01 9.999884987319445084e-01 9.999902580867880975e-01 9.999904471180055543e-01 9.999904435568660599e-01 9.999896525863644081e-01 9.999894468229718614e-01 9.999905903712600352e-01
9.999940510629937718e-01 9.999921422316248032e-01 9.999910687473009263e-01 9.999898293569489116e-01 9.999915978085512913e-01 9.999923120217283357e-01 9.999915917039903235e-01 9.999905135080773277e-01 9.999934366411401543e-01 9.999898442061920800e-01
9.999903956014523088e-01 9.999925806860736621e-01 9.999920864685026833e-01 9.999909806414633007e-01 9.999924579964157845e-01 9.999910353099914495e-01 9.999907540014867369e-01 9.999918870289731254e-01 9.999915611207681465e-01 9.999899960512125263e-01
9.999916772961928713e-01 9.999911213446394109e-01 9.999913603252208461e-01 9.999913411518132067e-01 9.999921731171417250e-01 9.999903067705605553e-01 9.999901103609618591e-01 9.999925858087332919e-01 9.999923325075760205e-01 9.999913076527029432e-01
9.999919366770899654e-01 9.999908493497315920e-01 9.999908808623252376e-01 9.999915469928709610e-01 9.999919751492579723e-01 9.999903892571573305e-01 9.999906222562972014e-01 9.999925962937313839e-01 9.999921437454665218e-01 9.999912665402302947e-01
9.999916458607273073e-01 9.999919596653551457e-01 9.999900655759307311e-01 9.999920806073467894e-01 9.999909074442222545e-01 9.999908856910565413e-01 9.999914728038987732e-01 9.999881462197032223e-01 9.999912350945558970e-01 9.999918236719621545e-01
9.999903252821384925e-01 9.999927202378775526e-01 9.999918264518534716e-01 9.999909541570105587e-01 9.999890864432317006e-01 9.999897359712007772e-01 9.999913351946402296e-01 9.999915613509643419e-01 9.999912518599153310e-01 9.999925504977733581e-01
9.999925594551017927e-01 9.999920966124560273e-01 9.999916562151238697e-01 9.999897963462669459e-01 9.999935339697773040e-01 9.999914810727023040e-01 9.999928363223454797e-01 9.999889225287844630e-01 9.999901760869128742e-01 9.999902523416117628e-01
9.999926095230966538e-01 9.999907176181199731e-01 9.999909043575840872e-01 9.999901994285492757e-01 9.999911291999702412e-01 9.999915995442901773e-01 9.999903223778960903e-01 9.999922028328528389e-01 9.999903332910992093e-01 9.999910186153179170e-01
9.999913703975729096e-01 9.999896245872421652e-01 9.999904133560018060e-01 9.999903123632588597e-01 9.999921260790888278e-01 9.999900924493240195e-01 9.999917435420631051e-01 9.999899975273383035e-01 9.999918549870698836e-01 9.999922160891364653e-01
9.999926676332796527e-01 9.999895207832005806e-01 9.999916508112435265e-01 9.999916873491954128e-01 9.999906214294804752e-01 9.999941432252014151e-01 9.999913103237770828e-01 9.999926275969323042e-01 9.999903676279718878e-01 9.999909778730867727e-01
9.999915900877290875e-01 9.999928211058826122e-01 9.999929207255287000e-01 9.999927071247042276e-01 9.999890291264110775e-01 9.999906686848228921e-01 9.999914695291907130e-01 9.999903353233233760e-01 9.999909207286594715e-01 9.999913502846767832e-01
9.999901249772653600e-01 9.999920114627874890e-01 9.999915714691799407e-01 9.999932168078357053e-01 9.999921827890302373e-01 9.999912696707189408e-01 9.999924337243047967e-01 9.999917860387881330e-01 9.999926178774278807e-01 9.999915996420490893e-01
9.999935059503511914e-01 9.999928942905635942e-01 9.999909264277612175e-01 9.999920322645439175e-01 9.999910089175528816e-01 9.999880523687399991e-01 9.999927829280479408e-01 9.999903788072526112e-01 9.999897135828251793e-01 9.999906996184321217e-01
9.999894984329043002e-01 9.999915657281502890e-01 9.999899272352534840e-01 9.999913801235899014e-01 9.999890514667528763e-01 9.999924516961654630e-01 9.999924085751067393e-01 9.999918311413014127e-01 9.999923379011926849e-01 9.999894538048426096e-01
9.999914252781831880e-01 9.999917141546206256e-01 9.999923665927847871e-01 9.999922979977405868e-01 9.999904690262645390e-01 9.999920294640900487e-01 9.999940252242692784e-01 9.999925318253255480e-01 9.999914975627940406e-01 9.999908636792580463e-01
9.999935535414623544e-01 9.999922837430694766e-01 9.999902972750982499e-01 9.999923111920645535e-01 9.999908702422757312e-01 9.999893169971296736e-01 9.999922042229882901e-01 9.999912235146862782e-01 9.999903008268281601e-01 9.999911334986271161e-01
9.999923138873075823e-01 9.999913859240531222e-01 9.999901108521407345e-01 9.999902749885630771e-01 9.999912444940733947e-01 9.999925377953305938e-01 9.999914728312550016e-01 9.999930527922830104e-01 9.999894672895274228e-01 9.999897478929016259e-01
9.999898406335292478e-01 9.999939594697326850e-01 9.999899834836118995e-01 9.999931305364375689e-01 9.999922464017548807e-01 9.999925804381004646e-01 9.999906839639852718e-01 9.999905777604459756e-01 9.999907184930810766e-01 9.999914478984637256e-01
