9.983850774202500666e-01 9.960200031197676829e-01 9.933720232437306397e-01 9.986482176967420576e-01 9.986972057078032927e-01 9.988927827943139270e-01 9.991851891935561447e-01 9.981202797580192021e-01 9.957797689870964142e-01 9.988698492319768585e-01
9.990086140785483515e-01 9.963710384403741127e-01 9.977369520684047366e-01 9.968499443986928998e-01 9.989523932318569166e-01 9.990343476656941002e-01 9.923984715369663645e-01 9.989654044280630307e-01 9.984812188855024528e-01 9.988713456847494454e-01
9.987472738463145649e-01 9.993853892450962340e-01 9.953883933008523810e-01 9.991065536576958506e-01 9.987075267370894016e-01 9.988404683600153877e-01 9.971724066168453637e-01 9.970087751067069348e-01 9.991615367411372794e-01 9.992281912644151998e-01
9.974083364058048407e-01 9.995005102390528418e-01 9.987988494754355129e-01 9.990892007166914945e-01 9.992993055669567859e-01 9.995079819351033734e-01 9.994956614256808036e-01 9.970516241245267475e-01 9.990589055214459391e-01 9.991789743971422055e-01
9.960438988850428554e-01 9.986762590803660578e-01 9.987526545144113088e-01 9.973379123629005916e-01 9.977959071631948840e-01 9.981409935917291421e-01 9.960309471681390026e-01 9.987434440518196954e-01 9.987373863116884021e-01 9.978357300298186239e-01
9.966994037701434328e-01 9.914116471788668727e-01 9.993809201087120453e-01 9.989711644536101165e-01 9.983351573045046168e-01 9.959822385958235769e-01 9.970001098284811958e-01 9.989141233557209398e-01 9.991119028119908041e-01 9.991176318171554049e-01
9.896184600583416424e-01 9.992879062610254826e-01 9.982282810735041423e-01 9.994374871733585630e-01 9.965840084997467097e-01 9.980846945869882303e-01 9.989977188326116808e-01 9.971216859763061269e-01 9.955942147869331071e-01 9.981015463105380459e-01
9.982300492931379665e-01 9.983477032197398682e-01 9.972769210179129873e-01 9.964784630951345479e-01 9.980742387046516173e-01 9.988033754908162143e-01 9.993043002170812761e-01 9.991145672254808652e-01 9.987301617223689476e-01 9.980672890414404863e-01
9.947820742717586873e-01 9.976413539032227273e-01 9.970457469811274676e-01 9.564020399358994506e-01 9.949032641301611690e-01 9.990195418034343300e-01 9.978961323726885935e-01 9.987967880088537420e-01 9.990406713849041553e-01 9.985582366577503421e-01
9.965333879229394398e-01 9.969535192615947006e-01 9.986569141952382767e-01 9.914556570170154348e-01 9.985318340363997791e-01 9.985019898537866867e-01 9.979875655485285213e-01 9.992683598047683580e-01 9.992991274995869366e-01 9.993964932947458912e-01
9.976605436001237948e-01 9.946576333507363143e-01 9.986944051384595289e-01 9.989729410039163149e-01 9.988815801595093413e-01 9.990393012193836686e-01 9.983833699457003164e-01 9.985583303963632140e-01 9.986943626686762832e-01 9.978578953271336482e-01
9.988670798316602317e-01 9.989511964339256034e-01 9.982560852500000914e-01 9.988682911769648509e-01 9.987147657624516617e-01 9.980141476772180775e-01 9.990279464311510038e-01 9.985195190080468075e-01 9.967380223822001062e-01 9.992918553224612310e-01
9.974008294466932822e-01 9.990318497833083899e-01 9.991741775794655833e-01 9.969321773557100475e-01 9.949612448418339028e-01 9.983842641006956953e-01 9.989612574011874635e-01 9.944241796167796466e-01 9.990517781626165883e-01 9.992047385336016996e-01
9.982525177811600869e-01 9.971364795384893842e-01 9.993156125990525496e-01 9.966117043542408460e-01 9.994849604218005723e-01 9.910372974810444102e-01 9.983482080787277058e-01 9.966458750381187448e-01 9.987378281352369269e-01 9.987232979768526642e-01
9.971955120337114842e-01 9.984882769223057952e-01 9.962677759532115873e-01 9.982179052644281070e-01 9.990478878920389105e-01 9.966776178378004003e-01 9.985623280306653582e-01 9.958171872611820685e-01 9.975375421247860697e-01 9.987485462729044361e-01
9.991116228238853259e-01 9.990592286764717889e-01 9.970478422669694085e-01 9.979237435759104047e-01 9.994563395707306563e-01 9.992482816772507714e-01 9.985643808274554667e-01 9.987557688869090899e-01 9.976050905360124288e-01 9.939979994624541515e-01
9.989769610124046295e-01 9.981193057342475639e-01 9.989434628000684047e-01 9.987403249525284021e-01 9.982263143461049815e-01 9.992238279722083227e-01 9.985618756766353465e-01 9.988051052050179734e-01 9.986445678736967091e-01 9.993715066017230253e-01
9.982083687837177699e-01 9.993773501409309867e-01 9.941436822933016337e-01 9.989314508553933658e-01 9.976232529132758042e-01 9.994733993369210312e-01 9.989596107287637139e-01 9.982360283874111007e-01 9.979170702924473613e-01 9.976304822418803342e-01
9.993018885188968969e-01 9.968965014669157743e-01 9.992040627063890623e-01 9.990065374208351168e-01 9.989985852114442455e-01 9.986605123515704951e-01 9.978809021135519597e-01 9.993513452078365278e-01 9.983631728429849250e-01 9.982416920253865955e-01
9.988475143297914638e-01 9.969141547270005121e-01 9.994527646342243887e-01 9.970490897896525651e-01 9.986601407908766159e-01 9.989705384127012255e-01 9.972189819720208570e-01 9.977019289887266718e-01 9.967440938470272238e-01 9.965996239479797403e-01
9.964638303601529579e-01 9.981484927238546412e-01 9.991178580160250400e-01 9.991819998517583734e-01 9.982031488700928712e-01 9.970227225909029656e-01 9.979348313012725846e-01 9.985351733509539862e-01 9.991661429602920474e-01 9.982670354484279862e-01
9.977911422189197355e-01 9.995856336452048074e-01 9.991606442776104213e-01 9.945184511138391859e-01 9.992952700881029271e-01 9.945905632861178347e-01 9.974692417047954507e-01 9.973874524211819859e-01 9.986102516101882376e-01 9.993686342011325330e-01
9.965711447166701875e-01 9.979490581680985350e-01 9.970424491069075357e-01 9.978320494448466027e-01 9.963372468720876896e-01 9.960983128775200424e-01 9.994513309639786458e-01 9.926736448421050740e-01 9.949833768883342699e-01 9.968083865590258164e-01
9.992582120281626734e-01 9.989546674413155580e-01 9.983584571878423297e-01 9.993276466280123227e-01 9.928658518739634786e-01 9.959399589489091875e-01 9.982062392700574716e-01 9.974829729100396225e-01 9.985624592686763723e-01 9.982463564312968884e-01
9.991670297320166538e-01 9.994983253701459347e-01 9.965010374001547211e-01 9.980422715108057119e-01 9.990925335485605352e-01 9.980877534823091590e-01 9.975707736012335847e-01 9.989963466693698724e-01 9.993239370896592755e-01 9.990324846078502130e-01
9.984022139118775563e-01 9.982288699381255404e-01 9.959739133386321663e-01 9.982075019242249159e-01 9.983560618519710106e-01 9.988451279872055943e-01 9.989155723592862968e-01 9.993375790187314367e-01 9.987964424693441812e-01 9.982346427827859525e-01
9.983596672696368746e-01 9.967066498312023848e-01 9.992185354840067424e-01 9.995726062258507572e-01 9.983736643201188699e-01 9.992448570178789069e-01 9.939239181555432623e-01 9.995666198249906209e-01 9.985174904084830327e-01 9.992491991435641374e-01
9.975915144717351080e-01 9.951612958388421637e-01 9.990457191648479673e-01 9.976600774931048132e-01 9.984939001766677258e-01 9.961908604756402053e-01 9.984056004254863170e-01 9.983152028972019920e-01 9.979562840174641680e-01 9.882072540358869395e-01
9.988673298241009801e-01 9.981070943731261691e-01 9.995128261184889062e-01 9.992303518822085451e-01 9.978205300965715674e-01 9.992393968337630605e-01 9.989436014230359540e-01 9.982970364970250587e-01 9.974511049226826298e-01 9.993161301921470452e-01
9.949976727567682033e-01 9.988263970310472528e-01 9.962921243669308202e-01 9.990624562842272960e-01 9.988410639695296522e-01 9.991258374814421250e-01 9.982215968914859294e-01 9.991679242062900812e-01 9.972713609178308625e-01 9.952525773267090203e-01
9.988059676462208714e-01 9.952488922451330211e-01 9.944348411352011974e-01 9.989521856517977749e-01 9.949966937324581373e-01 9.993147123374046537e-01 9.964760706955577696e-01 9.986999154493837461e-01 9.963685841797336185e-01 9.965662877907489614e-01
9.986014382712100623e-01 9.989874835752825533e-01 9.985768753252216579e-01 9.978822096236331651e-01 9.993527857336550468e-01 9.973555469745273294e-01 9.993410991201149285e-01 9.992992111467648986e-01 9.976660360479967515e-01 9.969915097607024990e-01
9.992600720912448997e-01 9.961683961526953679e-01 9.923598858596814898e-01 9.960575687349506602e-01 9.958113875772587331e-01 9.975931256434640293e-01 9.977570249040033090e-01 9.989196583489733383e-01 9.963907391449610129e-01 9.929633801238300084e-01
9.975859970273730504e-01 9.985286856299260272e-01 9.970678849589291737e-01 9.995083245190484744e-01 9.973471877132445984e-01 9.991765027316198422e-01 9.972152521271111514e-01 9.989747568532263422e-01 9.991629662687592228e-01 9.946243865867030465e-01
9.995099081039565680e-01 9.988547856632966626e-01 9.989113271047167508e-01 9.990899862729902825e-01 9.970728384412322898e-01 9.991092179578546784e-01 9.983092775967733479e-01 9.970555397482856463e-01 9.944590086176623434e-01 9.991043291804647675e-01
9.969202431065534720e-01 9.982324569813194604e-01 9.962309217219716961e-01 9.981172508884554873e-01 9.985239440389769294e-01 9.982285389020474353e-01 9.977006152586811449e-01 9.988497270170872966e-01 9.985440085369111651e-01 9.978730086368431396e-01
9.989932903596429048e-01 9.993691339814733121e-01 9.986647954014459261e-01 9.991195654974506235e-01 9.989594434986620586e-01 9.981727968213256474e-01 9.993252860917984925e-01 9.991579591170092201e-01 9.954756170468304077e-01 9.987263898002446405e-01
9.976430444215290683e-01 9.987179956056717600e-01 9.825922087676703942e-01 9.994708364214652807e-01 9.987764113929686882e-01 9.990358959343451639e-01 9.979893347336763476e-01 9.991034824647438972e-01 9.922035192119306179e-01 9.976404819422765025e-01
9.990931580655934008e-01 9.986644111892594156e-01 9.916404835284553521e-01 9.994693475087591539e-01 9.979034137770844692e-01 9.979507162390809372e-01 9.979727176341659511e-01 9.883570487786152992e-01 9.990876153024745854e-01 9.989410171528252391e-01
9.986106609768072850e-01 9.983047986047645095e-01 9.971036790365257474e-01 9.989713262131750815e-01 9.973411750278273757e-01 9.990227957271583525e-01 9.984589288117420303e-01 9.951599554857769592e-01 9.988942738110844211e-01 9.992519375530666270e-01
9.978024774140358266e-01 9.974969157102184791e-01 9.985279075300518281e-01 9.993387926671923882e-01 9.975080129970864684e-01 9.989377269550036020e-01 9.977693535200170549e-01 9.983794451043481732e-01 9.989811085908396615e-01 9.987946242594550883e-01
9.990042419251891070e-01 9.988419190551326432e-01 9.933696999372646497e-01 9.995304231809959417e-01 9.990852913842239724e-01 9.991338578295376749e-01 9.989758133253735517e-01 9.954724118650377651e-01 9.972212397133628503e-01 9.985043835199692852e-01
9.962829528445703575e-01 9.992553101799921400e-01 9.905488753308089311e-01 9.993943520642776246e-01 9.986222443301638885e-01 9.988656420577282091e-01 9.994361899754857781e-01 9.926669567017109008e-01 9.987737278066946001e-01 9.994637385642389793e-01
9.982490799027639028e-01 9.987890860841617258e-01 9.982782969167398601e-01 9.983903313522872747e-01 9.969252499605573137e-01 9.996223548460522190e-01 9.981901689147012480e-01 9.981769004626714903e-01 9.984747389839332410e-01 9.782057964739248046e-01
9.975876883405712103e-01 9.975965350878427396e-01 9.945818216392811051e-01 9.992645261816076596e-01 9.958457198829461232e-01 9.994010672681892249e-01 9.993778168977810461e-01 9.994354629695764158e-01 9.993157704029658195e-01 9.979830482822471538e-01
9.983282841792170403e-01 9.976032788410742480e-01 9.981969143616474804e-01 9.988520464060570703e-01 9.967522198963905122e-01 9.992002195678647558e-01 9.965836756849514311e-01 9.972069960141085598e-01 9.993238351957605126e-01 9.987887292098137637e-01
9.985505411195515491e-01 9.991308431241535670e-01 9.979396952307963975e-01 9.981522276491628931e-01 9.984238031751270226e-01 9.991312977399644524e-01 9.988333918766160169e-01 9.983051178140560644e-01 9.989441999560443319e-01 9.972695798367726683e-01
9.988490208256763925e-01 9.985201525618820906e-01 9.991824430812660252e-01 9.958036059114975247e-01 9.992124305677647644e-01 9.985999931394720086e-01 9.986612172724764758e-01 9.986277104164289486e-01 9.977743958156352067e-01 9.991013477751724547e-01
9.987616007237557492e-01 9.992508205181479530e-01 9.994939104953152187e-01 9.990036849081234127e-01 9.960969441543718883e-01 9.987559930388071328e-01 9.987621908102276569e-01 9.986929101230338501e-01 9.993904220034898200e-01 9.966535472962689823e-01
9.967502042900511228e-01 9.978617509692145893e-01 9.978065385386553077e-01 9.980295247917533308e-01 9.990414041059965111e-01 9.979008362939818522e-01 9.992481097011136626e-01 9.966396139281884503e-01 9.984558080311993766e-01 9.986765304390394782e-01
9.947801735642338716e-01 9.978592578713196826e-01 9.985800124519952359e-01 9.939524969659012665e-01 9.993276199329187426e-01 9.960967296374585445e-01 9.952949682636403894e-01 9.983885913927127431e-01 9.989986412187203957e-01 9.994765278850932244e-01
9.973592794549271945e-01 9.980245188099199360e-01 9.982246599324081648e-01 9.983491192426970917e-01 9.990688150906423814e-01 9.942382407874552630e-01 9.989953940286898648e-01 9.991303120286215700e-01 9.978964921083016693e-01 9.980216505477499389e-01
9.973160137531675851e-01 9.994676546356205948e-01 9.973838663756444678e-01 9.993104925421819607e-01 9.970937936964127113e-01 9.989323877639559868e-01 9.991914515268482955e-01 9.976351846849699223e-01 9.968805721736037073e-01 9.935155142456427724e-01
9.972877672675720673e-01 9.980106443258505156e-01 9.964944589910740280e-01 9.982910668695512690e-01 9.990532125789232110e-01 9.973304734884326228e-01 9.986218344281823089e-01 9.993812235800405563e-01 9.986984018456909196e-01 9.980882709952075826e-01
9.963094493196316126e-01 9.986730671543723181e-01 9.992644760882877231e-01 9.992265197336723803e-01 9.982199129493605216e-01 9.993172535786379873e-01 9.996626454144248441e-01 9.987135657061926297e-01 9.960442626429852897e-01 9.982050369419239733e-01
9.991976428000051147e-01 9.983061558347231523e-01 9.988357915915055951e-01 9.938398998938227091e-01 9.963219948388416514e-01 9.962924863054174462e-01 9.992713212372403841e-01 9.994229921327417721e-01 9.981277397353361946e-01 9.972346973592708386e-01
9.984935447605823855e-01 9.986668419977855482e-01 9.939425976398231777e-01 9.988137927304613362e-01 9.951592404718881957e-01 9.983627391011939967e-01 9.982503507064693915e-01 9.989002264837607559e-01 9.981958574132292483e-01 9.973156065178423457e-01
9.944165460897683717e-01 9.985297779666145734e-01 9.976759322933732577e-01 9.993079792899699498e-01 9.985136183852202363e-01 9.991277901095436675e-01 9.989524880984946842e-01 9.971701004585716843e-01 9.975294885862280303e-01 9.990635764728993395e-01
9.994943232437217828e-01 9.992416821929441806e-01 9.985378354926490729e-01 9.986018507054837956e-01 9.977640544404482448e-01 9.991136655508607856e-01 9.989320840489941400e-01 9.988199416531053920e-01 9.990687729654573745e-01 9.989614133300834808e-01
9.971963808746832081e-01 9.988800592036294335e-01 9.965949429965470507e-01 9.976064946460594385e-01 9.991496155536858659e-01 9.989776963041261393e-01 9.986829906369755205e-01 9.985708542994914394e-01 9.976879382851672196e-01 9.955686473063869446e-01
9.968854713238707310e-01 9.991083853982742902e-01 9.988961031111236455e-01 9.993974058486386758e-01 9.969403788163322400e-01 9.959563608495096698e-01 9.993456026154874383e-01 9.986362661069247970e-01 9.993649940481019733e-01 9.993358373193287347e-01
9.990777178767857869e-01 9.981596473368328226e-01 9.989775507167423241e-01 9.985834211863486853e-01 9.986965231814101118e-01 9.986393328898440780e-01 9.986797062367324118e-01 9.985851831507450704e-01 9.968918852880005455e-01 9.982106650488772326e-01
9.988568347153379268e-01 9.988772382991469856e-01 9.986603112881760058e-01 9.990884434865553443e-01 9.945165579224753971e-01 9.953738150763566939e-01 9.981039013334965793e-01 9.980573458621259109e-01 9.979676934240258035e-01 9.972482687479075070e-01
9.995937974437618667e-01 9.957290739941102586e-01 9.973482112486776741e-01 9.993663430929966562e-01 9.990488765703692264e-01 9.956132811410493000e-01 9.994927316371963189e-01 9.994063948326569191e-01 9.994731639591449834e-01 9.942920421773006057e-01
9.956962029357648847e-01 9.993242515859408481e-01 9.984490706261266446e-01 9.982301028873835635e-01 9.946252603896996725e-01 9.975787047581409217e-01 9.988527381635770030e-01 9.986009981452173001e-01 9.987032916045821551e-01 9.982665570282656109e-01
9.993138971766543088e-01 9.915417954933949396e-01 9.989741186996713429e-01 9.991469470070846182e-01 9.937624865670148244e-01 9.992101533112566214e-01 9.984367452277397303e-01 9.990590313128732136e-01 9.983753928108126674e-01 9.994943751620275485e-01
9.989967407921507281e-01 9.984610780548621722e-01 9.990079467463184315e-01 9.989372008072813225e-01 9.985756166647832277e-01 9.983314326280038342e-01 9.979527436472597213e-01 9.992877518457591313e-01 9.986090419700272003e-01 9.995821741999949550e-01
9.975682991705134839e-01 9.973086757139710823e-01 9.984899418059901555e-01 9.987403040310696145e-01 9.992492384019602270e-01 9.979008750637459180e-01 9.989312217340076128e-01 9.980880181003911611e-01 9.942086408466912495e-01 9.986118885109965815e-01
9.988253892267093814e-01 9.989368521324346606e-01 9.970960333463909642e-01 9.967937569702155498e-01 9.984584549747392845e-01 9.962199518463493719e-01 9.944303269145406965e-01 9.989422108698796654e-01 9.977314669392094437e-01 9.963005206207996567e-01
9.994413499787411226e-01 9.987372398916841698e-01 9.982335853380915891e-01 9.988400848563682155e-01 9.990869798192224538e-01 9.978781708067138156e-01 9.991037538497277160e-01 9.967123644114590508e-01 9.952352192183422375e-01 9.977809822194660949e-01
9.944496453008684345e-01 9.973396462065634571e-01 9.988294735176804773e-01 9.986888090077924440e-01 9.983826198524743400e-01 9.978016762956334329e-01 9.979630227174154378e-01 9.952739580887848270e-01 9.961249840524156740e-01 9.968179981577238724e-01
9.992052406973749301e-01 9.984835179548219308e-01 9.993036287282749397e-01 9.991730548534717427e-01 9.985852212838302044e-01 9.966566879320315486e-01 9.990487105921023181e-01 9.990095520949401342e-01 9.984809152970713919e-01 9.986355864963871731e-01
9.981548244476564635e-01 9.987010653551855466e-01 9.952559582604532107e-01 9.980963614590190325e-01 9.978625592976717584e-01 9.974905447671749137e-01 9.979828815686991872e-01 9.987576602813732496e-01 9.982659493480028345e-01 9.984580634305214586e-01
9.975434246850799491e-01 9.977339889196911171e-01 9.990289415956616903e-01 9.983096334079466505e-01 9.990095774917402416e-01 9.935878884663436050e-01 9.982028456230336300e-01 9.972517532079855362e-01 9.991884002748854243e-01 9.983694128366796816e-01
9.985135368777738885e-01 9.989559307373556685e-01 9.978424533137707497e-01 9.984646496031395202e-01 9.971918919098151646e-01 9.988248593458443070e-01 9.968852573006977691e-01 9.988914370129418074e-01 9.981647670491635704e-01 9.923141597248713586e-01
9.991890017720881367e-01 9.978529259284121267e-01 9.986755585091160459e-01 9.983481295800469280e-01 9.951008057060530820e-01 9.968981980828881539e-01 9.992821186019754665e-01 9.969217921269336591e-01 9.996303957077713465e-01 9.745923229807489374e-01
9.990443668590821558e-01 9.990375138767823016e-01 9.991697671175560069e-01 9.973871867805242930e-01 9.986814547059004177e-01 9.990514941028264539e-01 9.983724891244700750e-01 9.985956760443737146e-01 9.992364148073279440e-01 9.957595357059599861e-01
9.990947504575856675e-01 9.991237357969012800e-01 9.949313886774292515e-01 9.989926753557127892e-01 9.964602586289135200e-01 9.993721783166491512e-01 9.977734853549186100e-01 9.988932082048233019e-01 9.986148540474997226e-01 9.962555237981860490e-01
9.655603675608106506e-01 9.985636030824746046e-01 9.943130199667019609e-01 9.991899634025184218e-01 9.981547311274054923e-01 9.988595943215118345e-01 9.994374898004042551e-01 9.962165207248958598e-01 9.969434843149855840e-01 9.974063909263678473e-01
9.972023029438595865e-01 9.990921778964553246e-01 9.980840815286404766e-01 9.954130957020457249e-01 9.991506733637541826e-01 9.969294387511513644e-01 9.976077533051019852e-01 9.990397520616127736e-01 9.986815442454368696e-01 9.989206565853776532e-01
9.988998478643323908e-01 9.988443729168250407e-01 9.980546541684225392e-01 9.980854516599482196e-01 9.980900528863699828e-01 9.987119974671050393e-01 9.946891678777710633e-01 9.986427713699386199e-01 9.961149653614147503e-01 9.979977147454996977e-01
9.977818398397098054e-01 9.977999835372637349e-01 9.990838970323990820e-01 9.983407122038361337e-01 9.984402770038955932e-01 9.976037339210106492e-01 9.976375437586831874e-01 9.991080287890633516e-01 9.985892337086056392e-01 9.986091985113219049e-01
9.982620757636132547e-01 9.960806066477045917e-01 9.971043045993258636e-01 9.977475888601773368e-01 9.912891607318683462e-01 9.960593825524201028e-01 9.949844316351624807e-01 9.991864143306843360e-01 9.937968998624818751e-01 9.987855403556331613e-01
9.992355558848398100e-01 9.991003050251755502e-01 9.983020606152152032e-01 9.991126774771698082e-01 9.966192676164394859e-01 9.961694845566609890e-01 9.993369580877945468e-01 9.993952292147757488e-01 9.984184480033985176e-01 9.984714315878620017e-01
9.992942821830848033e-01 9.951686485292426942e-01 9.984208240352973052e-01 9.970553874383749626e-01 9.983895136451998997e-01 9.970179049923060255e-01 9.987954339569498075e-01 9.989809872181631967e-01 9.984948315264201568e-01 9.988292029091240254e-01
9.992895808892122700e-01 9.989207692775392555e-01 9.962568270330566245e-01 9.964664217696522774e-01 9.987586369825965926e-01 9.990087793232841351e-01 9.993894016703723793e-01 9.984659859560374162e-01 9.985845620843746273e-01 9.985018900779090156e-01
9.986485917283434155e-01 9.986576968149230016e-01 9.983617841270238102e-01 9.972935329964911499e-01 9.984013563511394684e-01 9.968818590561039361e-01 9.971531894584467759e-01 9.950081208718375425e-01 9.986855170486639288e-01 9.970849751587848031e-01
9.980857986407247751e-01 9.964228228275463506e-01 9.990215496308167964e-01 9.990984615179567818e-01 9.975065248058571088e-01 9.993023477921059161e-01 9.981497215706202075e-01 9.961589323441030208e-01 9.993113377958269261e-01 9.988356271960235899e-01
9.975883739149592477e-01 9.909890824959806110e-01 9.988901538306661498e-01 9.954659154543457067e-01 9.992053762445343157e-01 9.991852022563434410e-01 9.991861451177089792e-01 9.994006510966998436e-01 9.993831736827712975e-01 9.993544157750428036e-01
9.990009466721350151e-01 9.987244080625745646e-01 9.990938490775675973e-01 9.957138507186025222e-01 9.971877263466498720e-01 9.985180468806953424e-01 9.988714653782074793e-01 9.992212702031123550e-01 9.992832013939191294e-01 9.990387045368505081e-01
9.983565478796414538e-01 9.995466531991962222e-01 9.912708487577394090e-01 9.886292651695615108e-01 9.962743778949222362e-01 9.983137105305378567e-01 9.962345607163662908e-01 9.993994342634534567e-01 9.986943439627479213e-01 9.994688913469532698e-01
9.989190447120915861e-01 9.912329180697879716e-01 9.990373718617026055e-01 9.990417143817782453e-01 9.981283892151870951e-01 9.981364209385311659e-01 9.978479358875780303e-01 9.972122988290444967e-01 9.974160683440331798e-01 9.981458686929959301e-01
9.992452664490847347e-01 9.983518463983204194e-01 9.991442837445936309e-01 9.981560900975339212e-01 9.973198726855052598e-01 9.976861014066830124e-01 9.973779720208648669e-01 9.994351361185624949e-01 9.982759315708247261e-01 9.984655483491094996e-01
9.980794342812125963e-01 9.956345577277011527e-01 9.984791349489078316e-01 9.991226490393630977e-01 9.964371705402156332e-01 9.994008785966749242e-01 9.986922006799522356e-01 9.969305246048681957e-01 9.986654885189738540e-01 9.989163110316792160e-01
9.984346448332350743e-01 9.986796484327745693e-01 9.991498179136545366e-01 9.983016319878944556e-01 9.987601245568259456e-01 9.980273509570390944e-01 9.982596209025906830e-01 9.978725333294041766e-01 9.975835144202926941e-01 9.986692103933838549e-01
9.992364017096336815e-01 9.991647435356706408e-01 9.986393687889693060e-01 9.968250041975567077e-01 9.978792487071423967e-01 9.991511907255892222e-01 9.962526984052889611e-01 9.986192522417824957e-01 9.982358855269859443e-01 9.982068535248282970e-01
9.982265594345911541e-01 9.974182416756406377e-01 9.992911823822500095e-01 9.991273780616655165e-01 9.986645668978699764e-01 9.968141574860982512e-01 9.969079355865372305e-01 9.968203333928565835e-01 9.983405915430586530e-01 9.970836825269301373e-01
9.977424791034934515e-01 9.980097398892958660e-01 9.975076093480955697e-01 9.966686251500148641e-01 9.981349667687767768e-01 9.985979072912549714e-01 9.990677205386168103e-01 9.991290955024203502e-01 9.985635610592232814e-01 9.991128947000044169e-01
9.957674812900814132e-01 9.969615132067377594e-01 9.956135024333003791e-01 9.983738855945842872e-01 9.947241493644656263e-01 9.990671261313526230e-01 9.958725808484660824e-01 9.977695748104803419e-01 9.985319835350262574e-01 9.931884252283597059e-01
9.993179226360733303e-01 9.992231315109658674e-01 9.990932459065267057e-01 9.986350521920603907e-01 9.994400262753093678e-01 9.980059535444998353e-01 9.989924709006035020e-01 9.992240374891179222e-01 9.993140600546313035e-01 9.986896107585692128e-01
