9.996256513545874745e-01 9.994932179512591164e-01 9.999365540170739308e-01 9.998985709017526036e-01 9.997743864724217833e-01 9.998810855195067182e-01 9.998273207205895519e-01 9.998710317556235294e-01 9.996378292995864445e-01 9.996861172600600698e-01
9.997071054966610859e-01 9.996644706070352271e-01 9.998688733876194279e-01 9.998091004345311950e-01 9.999559967451127074e-01 9.997527540491664144e-01 9.999192756018443484e-01 9.998131661786220370e-01 9.998206322180256400e-01 9.997953296938655310e-01
9.994345551573255992e-01 9.998565330809504603e-01 9.998566414002535430e-01 9.999001337342764417e-01 9.997815019967205563e-01 9.995744314819058340e-01 9.998622883034473663e-01 9.998330656420161278e-01 9.998341754106389034e-01 9.998585471689396265e-01
9.994929108748614732e-01 9.999072429394805228e-01 9.993514471087878714e-01 9.998606602027593215e-01 9.998465160962747289e-01 9.994049152346812237e-01 9.998303301360234041e-01 9.997701888000577464e-01 9.999053005988358667e-01 9.999317703833785487e-01
9.996066465501657339e-01 9.998892359227494753e-01 9.980877927680682493e-01 9.996240600315046132e-01 9.997776684501653577e-01 9.984976966659105946e-01 9.998412680705881517e-01 9.998977752287236953e-01 9.998642255946899038e-01 9.996873975290649916e-01
9.996335947889712914e-01 9.998455960079272176e-01 9.998561464560413725e-01 9.999138651084343854e-01 9.993330763139662842e-01 9.998772570685975358e-01 9.999137268192179739e-01 9.999253326202587333e-01 9.997185150364714668e-01 9.994595997457697001e-01
9.998707855161429459e-01 9.995611140446745146e-01 9.998002904640103106e-01 9.997302124319428218e-01 9.998403280791533509e-01 9.994896542288069785e-01 9.998284242152603030e-01 9.997564721230679519e-01 9.998374883252607592e-01 9.998274987430414429e-01
9.994843699026511041e-01 9.997931384266491861e-01 9.997338806264900457e-01 9.997619555113883560e-01 9.999135089879168659e-01 9.996516165809086196e-01 9.997506932456019513e-01 9.998548732065419831e-01 9.997374043838501700e-01 9.995447947694628965e-01
9.996630468735514530e-01 9.998014496837797083e-01 9.998770891950320427e-01 9.996243738723987748e-01 9.998536775391680953e-01 9.999326644785605511e-01 9.999371444397527897e-01 9.995248760733359550e-01 9.998461338815642918e-01 9.997639942048728301e-01
9.994568673840695805e-01 9.992059757923160701e-01 9.997597871886318988e-01 9.998819013194666372e-01 9.997986566609863290e-01 9.999101406334203190e-01 9.995679870753767515e-01 9.997419245002591159e-01 9.987790718771257792e-01 9.998007557280670365e-01
9.998166235436438676e-01 9.996928492790223553e-01 9.998733534615901197e-01 9.999020488692369479e-01 9.998280441654310291e-01 9.998175421455082201e-01 9.998041732656529623e-01 9.992797603654365313e-01 9.998730535553506105e-01 9.990201798629742003e-01
9.999105674932240451e-01 9.999239348845527786e-01 9.996767192014711645e-01 9.998492472811307819e-01 9.999131932473935835e-01 9.998413220159284576e-01 9.999417255264186899e-01 9.997922909111705003e-01 9.997207738340158079e-01 9.995602464086773553e-01
9.991967744950943642e-01 9.978275070815557646e-01 9.998857294591396716e-01 9.998594875878444865e-01 9.999060639030480369e-01 9.995490973864246120e-01 9.995508391347265320e-01 9.989673683575222007e-01 9.997702287203281690e-01 9.993552874257395358e-01
9.997693346498325306e-01 9.999117917187014815e-01 9.998798778858090097e-01 9.997129522769228060e-01 9.995873315002988813e-01 9.998967628704825694e-01 9.997668748114445503e-01 9.997480554404035713e-01 9.999369863094018651e-01 9.999211329605008913e-01
9.999013012967556957e-01 9.998214373042065839e-01 9.998427555206815809e-01 9.998353294855217843e-01 9.996260054629542147e-01 9.997371931002734247e-01 9.998059156792017399e-01 9.993057820386956891e-01 9.996911535117886105e-01 9.998669065987816351e-01
9.996921323508726198e-01 9.997592654395059952e-01 9.999331705855665220e-01 9.995054593866989912e-01 9.998080514490770287e-01 9.999551422595759353e-01 9.995129565051640297e-01 9.998578780649498565e-01 9.995612254147397957e-01 9.998813129549314338e-01
9.994990905489605781e-01 9.998622696000019072e-01 9.996638357984513057e-01 9.996919661064354035e-01 9.999166171515367907e-01 9.995482917349104435e-01 9.998700500400413693e-01 9.998742886645802797e-01 9.999093657980022698e-01 9.998047145535878810e-01
9.998699673573203661e-01 9.998107183016486932e-01 9.998922243280866651e-01 9.998020122749700089e-01 9.997437006732975417e-01 9.998468965763455119e-01 9.998434751843154888e-01 9.997417051445779412e-01 9.997975760084562014e-01 9.998543543679372370e-01
9.995482343019107541e-01 9.999202022003842449e-01 9.997637887945567403e-01 9.998077079548959301e-01 9.995711983900303910e-01 9.994951514671734927e-01 9.998967434946700594e-01 9.999356426311358792e-01 9.995691597328273392e-01 9.998165821532328801e-01
9.991115417525395781e-01 9.996268506982437518e-01 9.999070918048663659e-01 9.951706213270595791e-01 9.998997167994945201e-01 9.995069140779094807e-01 9.998702395672119936e-01 9.988799647249251290e-01 9.999048112875408290e-01 9.999204755489417007e-01
9.998979628509896411e-01 9.997467716851247133e-01 9.998422399497898239e-01 9.998916847282757203e-01 9.998563127722505106e-01 9.997731854099001225e-01 9.997468899998477321e-01 9.998379477701049289e-01 9.996962559209520149e-01 9.992421869447808414e-01
9.998214449284285044e-01 9.996600757830785833e-01 9.998471003977682514e-01 9.998308641878597136e-01 9.996740539867292608e-01 9.998853512014059808e-01 9.996961064275329267e-01 9.997024031646110087e-01 9.994179763256246796e-01 9.997864697389973188e-01
9.999000582753784228e-01 9.999131461876542559e-01 9.999053338588822504e-01 9.998017393206429793e-01 9.995134711988792331e-01 9.990396917451619396e-01 9.985677720471601848e-01 9.998883776626374953e-01 9.999203331390538185e-01 9.998716978250150600e-01
9.983567859094871766e-01 9.993858833319475554e-01 9.998321946836697949e-01 9.998501014632062978e-01 9.998466643856729341e-01 9.998534466971876755e-01 9.998450542932564300e-01 9.998286284543748126e-01 9.990601520372077715e-01 9.997625219223417181e-01
9.995835081457317139e-01 9.987155797727750306e-01 9.999281875533710950e-01 9.998551856451545206e-01 9.997394274435047468e-01 9.996636407187570184e-01 9.999142123083125666e-01 9.999407457352809114e-01 9.998290279261471403e-01 9.996211308305468224e-01
9.998567464848268083e-01 9.998194503884455520e-01 9.999176296664609165e-01 9.997998026053381837e-01 9.998807201240060838e-01 9.992355591233692547e-01 9.998060660338682348e-01 9.999252377440189798e-01 9.998604310319084698e-01 9.995228224181487153e-01
9.996478808817694794e-01 9.995727063025920955e-01 9.997747154267897507e-01 9.997549160561177706e-01 9.997445453776182545e-01 9.998770467451337796e-01 9.997257856604205850e-01 9.999438411416253780e-01 9.999020565466705257e-01 9.999006870193267726e-01
9.998301970502482261e-01 9.999228425593410519e-01 9.995462529281043951e-01 9.997139345529960641e-01 9.997245845505976503e-01 9.993722689917479141e-01 9.996895004602412982e-01 9.998748678428209802e-01 9.993514939332267533e-01 9.998639231608762445e-01
9.998316462650864711e-01 9.995861476148992786e-01 9.998284370680238231e-01 9.995236462478721551e-01 9.993063502014302157e-01 9.996035890481898001e-01 9.996830141249892776e-01 9.995154067729566938e-01 9.995569000972465146e-01 9.998023129693863753e-01
9.998693576572488251e-01 9.995749438132687237e-01 9.996208782426968531e-01 9.995988270582629731e-01 9.997283138681511971e-01 9.998795006310394751e-01 9.999229210396058942e-01 9.997019608988310102e-01 9.992108079342918447e-01 9.991717093651988346e-01
9.998473538101217972e-01 9.997174979168723663e-01 9.996051902403063627e-01 9.996668274652785735e-01 9.988953478701411148e-01 9.995283361150228973e-01 9.998725113433991618e-01 9.999081099175282095e-01 9.998864424217350777e-01 9.997710985136696316e-01
9.998779146447965838e-01 9.997495248223472464e-01 9.998897590533418755e-01 9.997999852456332937e-01 9.996954696301066923e-01 9.998683504559500168e-01 9.998885226765648060e-01 9.998112057311848710e-01 9.996328540520917905e-01 9.998479719553025058e-01
9.995579188780790991e-01 9.998359406978731823e-01 9.997743440549574645e-01 9.993644977153597342e-01 9.998485475742090456e-01 9.997435064691083673e-01 9.996092482354340669e-01 9.995310790134320778e-01 9.998693026036503673e-01 9.991382023812187541e-01
9.998177159285270843e-01 9.997826731262167144e-01 9.996417377357540435e-01 9.997136470353436000e-01 9.998295878966932948e-01 9.992686153965247842e-01 9.995601192754185460e-01 9.998180628659495417e-01 9.993564527864238212e-01 9.993663365058332859e-01
9.998902330786126891e-01 9.998431654992674389e-01 9.998724394463626153e-01 9.991109007732634772e-01 9.998064239792641139e-01 9.997836936531147023e-01 9.998924374735861376e-01 9.997543504060107944e-01 9.998748126048713214e-01 9.998588854755869892e-01
9.998585723938777647e-01 9.994103550121193891e-01 9.997927773407427887e-01 9.998508871093200190e-01 9.998889608712276944e-01 9.998147015531061443e-01 9.997645949214296612e-01 9.998670534257869669e-01 9.994502008586858555e-01 9.995689425643660142e-01
9.993114532343437828e-01 9.988933928418676222e-01 9.996426675483088831e-01 9.997585798036060512e-01 9.996553999108948041e-01 9.991252721224246347e-01 9.997282888137052348e-01 9.998058668466507370e-01 9.997708524454383960e-01 9.983847987095565424e-01
9.999557877221185720e-01 9.997571025575642256e-01 9.998231685807429381e-01 9.997846322552726983e-01 9.995655705546528935e-01 9.998034820316191729e-01 9.995919294922588350e-01 9.993491457511142206e-01 9.997290806371078586e-01 9.997541188641471122e-01
9.997481782832082775e-01 9.998789428769683241e-01 9.996872391654006984e-01 9.996580343525957035e-01 9.997021825120474547e-01 9.998479180281500955e-01 9.998198045590795946e-01 9.997818827228900362e-01 9.994698234010445104e-01 9.997951451083307850e-01
9.996484084908143775e-01 9.998202024641935637e-01 9.990636656910781843e-01 9.998619643823887237e-01 9.991506619824227498e-01 9.994500309171393537e-01 9.997484365507393056e-01 9.998422771279316112e-01 9.997598806241116964e-01 9.997214501523200569e-01
9.997280935835058946e-01 9.997390980101517055e-01 9.998556925415647001e-01 9.999224348156671160e-01 9.998865364062905492e-01 9.998658528552093472e-01 9.997959851478105398e-01 9.988515856817591354e-01 9.996138024795503396e-01 9.998374128252497384e-01
9.997149439612824651e-01 9.997775513139250947e-01 9.998401279817289433e-01 9.997722485660259784e-01 9.997897795067008930e-01 9.997622568074953087e-01 9.998313301257175656e-01 9.997481274780473104e-01 9.998623902576259104e-01 9.997427168854813306e-01
9.997594019637794371e-01 9.998434861482616842e-01 9.998036782531661837e-01 9.996155025470661037e-01 9.984244735619832722e-01 9.995093152531805414e-01 9.998711497529843006e-01 9.998060295770971884e-01 9.992675712530069143e-01 9.998722431771297492e-01
9.998258355566119748e-01 9.995875273792828031e-01 9.997853585321865300e-01 9.997724816491472266e-01 9.997917990418834222e-01 9.997961087776574551e-01 9.997522715589340914e-01 9.998872923773907129e-01 9.999216157802228722e-01 9.999260168592385423e-01
9.999003265483258351e-01 9.995972911428866459e-01 9.999045777230356480e-01 9.998398324733815956e-01 9.995125213532674024e-01 9.998059424829682795e-01 9.994818336457813590e-01 9.997146128901827078e-01 9.999096880483449024e-01 9.997124559520187415e-01
9.998677187598673521e-01 9.998332041096283929e-01 9.998749385960010727e-01 9.997837260836046624e-01 9.998193968224330375e-01 9.991585164853065137e-01 9.998288262485351963e-01 9.997619208582994021e-01 9.998234310620346399e-01 9.995481127154044465e-01
9.996980976060698687e-01 9.999151990673079693e-01 9.996718194814425695e-01 9.997904430294320965e-01 9.998902672046323659e-01 9.998193096052486739e-01 9.998349044527330420e-01 9.995768143604680800e-01 9.998363606690090499e-01 9.998053311140836508e-01
9.996500211319986340e-01 9.999174222454130234e-01 9.998332852692444206e-01 9.999381914246486813e-01 9.998740964953677368e-01 9.998669977770329176e-01 9.998216923497714737e-01 9.999397339645621496e-01 9.980665987455070720e-01 9.999161061857001487e-01
9.995407760644974271e-01 9.996528246105654825e-01 9.999047465132234747e-01 9.999163351420451429e-01 9.997429123396677220e-01 9.996754028681421600e-01 9.998617320587519508e-01 9.998946459805129194e-01 9.998060388425135114e-01 9.998382074790811425e-01
9.986065739301069888e-01 9.989411290439634827e-01 9.997285958749974055e-01 9.995962672865750243e-01 9.995542145978414394e-01 9.995163754493787689e-01 9.998172991735392312e-01 9.996853297117989090e-01 9.995480177577072967e-01 9.997317522982583915e-01
9.997906881221364506e-01 9.996523594751739461e-01 9.998523549424769286e-01 9.998545965743582675e-01 9.998897090145810740e-01 9.998505685876338811e-01 9.998140139568683082e-01 9.998776826018683783e-01 9.996746720011965293e-01 9.996847600238237819e-01
9.999177522391113904e-01 9.997008663063764455e-01 9.998386491984080360e-01 9.998063995470932719e-01 9.998796685344107926e-01 9.998818718063201549e-01 9.998059035942239436e-01 9.992635652016792491e-01 9.998536623398035506e-01 9.995167789080632303e-01
9.998961254096436768e-01 9.996424605604989910e-01 9.994734718197764156e-01 9.999066097634797812e-01 9.999044350459682651e-01 9.997467453807865612e-01 9.999355017679164570e-01 9.998188869677824275e-01 9.992531980044376816e-01 9.996026716111875432e-01
9.996368778383123432e-01 9.994890285330451096e-01 9.999084851810001728e-01 9.999034798132960811e-01 9.999019304539781272e-01 9.997583649602741485e-01 9.998954771158725663e-01 9.996835785937532304e-01 9.999075752829522656e-01 9.992157555639827882e-01
9.997177617188403032e-01 9.997775750699668951e-01 9.998693306118534574e-01 9.991003906760996811e-01 9.993824736115101137e-01 9.997179458952835107e-01 9.996204776704599171e-01 9.997191355573001870e-01 9.996590207189155475e-01 9.997424896511535319e-01
9.988356601931254186e-01 9.997814147476380420e-01 9.996039413109975014e-01 9.997602170841461966e-01 9.998644939164784695e-01 9.997459328222646491e-01 9.997703428714906915e-01 9.998282356469205823e-01 9.998005426003329088e-01 9.998374303201356117e-01
9.997913745823661102e-01 9.998426851041503083e-01 9.998786749225283543e-01 9.993362160812191419e-01 9.996617153084741414e-01 9.998221346463505022e-01 9.990156129938227991e-01 9.996915997363585715e-01 9.997368586975752258e-01 9.998237127645186462e-01
9.998818191278492362e-01 9.996284354486657531e-01 9.994784251123981500e-01 9.999156754702365202e-01 9.998584982915981190e-01 9.998265025860527677e-01 9.998356211638751434e-01 9.998673946515902466e-01 9.999091279756529005e-01 9.996357312297670106e-01
9.998860681500477687e-01 9.997526948387315260e-01 9.998603040651163898e-01 9.998721195883465418e-01 9.987533095327361110e-01 9.998782772861374291e-01 9.997131702841763889e-01 9.997452207288980430e-01 9.998447963443714004e-01 9.999267099714568285e-01
9.996894666280083941e-01 9.998933045076662252e-01 9.989786185899968141e-01 9.997463021307255726e-01 9.997662145242558474e-01 9.996864696754750312e-01 9.997599144423187090e-01 9.997089804796632784e-01 9.992855946255757571e-01 9.997009278761056494e-01
9.998157030414460689e-01 9.997318926648915971e-01 9.997459806256834280e-01 9.998731091427888185e-01 9.997478286259323665e-01 9.979310075516050205e-01 9.998619397618314641e-01 9.993936207750714340e-01 9.998807930581240511e-01 9.998420595300162583e-01
9.997065735349036641e-01 9.998556639260877121e-01 9.989591938575158592e-01 9.998699272428381857e-01 9.995290648716498305e-01 9.998465801554740073e-01 9.997252560093622398e-01 9.998277399423275424e-01 9.998021832377740337e-01 9.997026898830438935e-01
9.998251588870320505e-01 9.998001975024455312e-01 9.996188915739783187e-01 9.998637882705774249e-01 9.995338865248565297e-01 9.998526709967173742e-01 9.996535151211921599e-01 9.996919582040560970e-01 9.998822960972458818e-01 9.998080151251291792e-01
9.989982574940509119e-01 9.998307073336698547e-01 9.979879269959524013e-01 9.998835574761127942e-01 9.999046012285450757e-01 9.997656559993312042e-01 9.992789548744790418e-01 9.998941380704492454e-01 9.991179255571985829e-01 9.992604980331906139e-01
9.997972900276811403e-01 9.998377067537841389e-01 9.998036673485035664e-01 9.997810119581993504e-01 9.998980510810425715e-01 9.998601612424937723e-01 9.998018594459414654e-01 9.998617229292472430e-01 9.998643850611501627e-01 9.998400456652508650e-01
9.998635812779108623e-01 9.997532047415598200e-01 9.997918160034360291e-01 9.998249047475828988e-01 9.998422540254526814e-01 9.996454114874618879e-01 9.999337766055317323e-01 9.998997744636054508e-01 9.995531660232940263e-01 9.990851889571495947e-01
9.996248475143673096e-01 9.998710146479634631e-01 9.998111711431215687e-01 9.997705372033155458e-01 9.998968166230151056e-01 9.999198959554715938e-01 9.998066569618886401e-01 9.999458312625794099e-01 9.999288563629069593e-01 9.994452613769029270e-01
9.998138280710228143e-01 9.997442327830455833e-01 9.998509874492742533e-01 9.998832023412689285e-01 9.995187868500529094e-01 9.998590803131779392e-01 9.999333575136131191e-01 9.996542572640800817e-01 9.992186316421300951e-01 9.992563316974973908e-01
9.997556618067514611e-01 9.998804265494413146e-01 9.997842131345942018e-01 9.998887466045535133e-01 9.999033771990096797e-01 9.997985570223587581e-01 9.992911981217537098e-01 9.999008134679385762e-01 9.998951807657640023e-01 9.996964585858811869e-01
9.997621263695467553e-01 9.999247705070168912e-01 9.997592064125931932e-01 9.999443456131241748e-01 9.978716708316761608e-01 9.996397551430812323e-01 9.998920684840556516e-01 9.999424310940121519e-01 9.997308829557961518e-01 9.999567115733691836e-01
9.997822073959830025e-01 9.999361039296157383e-01 9.998787536241593443e-01 9.999049288094942201e-01 9.997798451936285025e-01 9.997972270113610893e-01 9.997164026128365633e-01 9.998886244127730416e-01 9.997812103554019059e-01 9.998348546665821734e-01
9.998409580283811326e-01 9.996987316463760154e-01 9.998832013886599368e-01 9.998715668405840917e-01 9.994357502117078296e-01 9.999113352449030545e-01 9.980986305382477664e-01 9.997840444448872210e-01 9.998507119161637036e-01 9.997026389752057263e-01
9.992875369126550389e-01 9.998699723021908792e-01 9.998503994121861194e-01 9.999474114295894278e-01 9.999299651256244870e-01 9.995087838560271498e-01 9.996282975327043241e-01 9.982458850277885487e-01 9.998479381200280347e-01 9.998754960860436469e-01
9.997219342425693878e-01 9.998365398125128589e-01 9.998880497293783920e-01 9.997672845009748510e-01 9.999022959010757106e-01 9.998517244290561212e-01 9.999132514761480683e-01 9.998961724826140873e-01 9.997486495290464070e-01 9.996714839074959391e-01
9.997616017578742076e-01 9.996980529921033476e-01 9.997983647339117041e-01 9.997720013009396833e-01 9.998932601756523875e-01 9.996873539759517646e-01 9.997957919229970569e-01 9.997354234507920268e-01 9.997744216386841298e-01 9.997215138424506709e-01
9.998715881400001004e-01 9.999008019380016821e-01 9.998689857317241136e-01 9.996766696327504809e-01 9.994398716235460833e-01 9.998059586722756187e-01 9.999061734637976206e-01 9.998536522129332083e-01 9.998663163544022625e-01 9.999016855896858402e-01
9.998007710446660257e-01 9.998475391870556006e-01 9.996059433035602293e-01 9.998668983712223346e-01 9.998577835247031143e-01 9.998245416614069958e-01 9.997519501399267927e-01 9.995683792488383457e-01 9.998336657022198759e-01 9.997288481165711449e-01
9.983965353152569611e-01 9.999336083601163550e-01 9.994889578637873306e-01 9.998224504240553756e-01 9.996943286693819042e-01 9.998969814343541263e-01 9.982417658451008258e-01 9.984343373960754553e-01 9.998860790014502120e-01 9.999165312395285055e-01
9.995702009769312779e-01 9.998140025593431623e-01 9.999213043898941278e-01 9.997304573906635738e-01 9.998057103436582826e-01 9.994006823898000658e-01 9.998955684795018950e-01 9.997690631963299657e-01 9.996441512155632703e-01 9.999423279238013329e-01
9.998901143017745463e-01 9.999285035073655070e-01 9.998554433852296919e-01 9.998257406308166395e-01 9.997519134241589223e-01 9.997039324695207174e-01 9.997747365661988628e-01 9.998162435770880929e-01 9.998921040898482993e-01 9.998346421413200069e-01
9.997403748144951807e-01 9.997685729256281517e-01 9.994143200443550423e-01 9.998594915579076536e-01 9.997944029949586975e-01 9.991750876558040950e-01 9.999423142170579260e-01 9.995102175885116624e-01 9.993935238194247006e-01 9.998756315700088049e-01
9.999262949495704156e-01 9.999108858774875541e-01 9.999231694453826202e-01 9.998778375279014918e-01 9.998166240921712022e-01 9.998399918247004026e-01 9.998581168731818236e-01 9.998429416337166753e-01 9.998470560049127487e-01 9.994813643780304790e-01
9.969008082561447992e-01 9.999487865045459944e-01 9.996420203733041854e-01 9.997580448122367347e-01 9.999485500675638905e-01 9.992339447284762644e-01 9.999470612223047006e-01 9.998890007500522703e-01 9.999499668823741416e-01 9.999483839580945999e-01
9.997196814988108526e-01 9.998152968939472141e-01 9.997695394784640310e-01 9.998272293865433369e-01 9.998466743517654409e-01 9.998507967697860543e-01 9.998816562200958380e-01 9.997771728157595073e-01 9.997578513893522478e-01 9.998035754834575517e-01
9.997642673223466891e-01 9.997860418867032806e-01 9.996216239267212700e-01 9.998181931071280504e-01 9.998754570267947006e-01 9.999068563176567448e-01 9.997760007582213726e-01 9.996490162467143170e-01 9.998687100955295781e-01 9.995753554413308040e-01
9.997491283815167495e-01 9.999165664752452942e-01 9.999305507068758647e-01 9.997063710776860068e-01 9.998501099432384187e-01 9.997827368596325925e-01 9.997024621603572969e-01 9.998401440154520703e-01 9.997704431696458061e-01 9.999104115167094520e-01
9.999014589637544859e-01 9.998302792268116690e-01 9.989466074261946771e-01 9.997708578247768152e-01 9.998430318120097304e-01 9.997800413644667428e-01 9.998387415078801022e-01 9.994702740719100253e-01 9.994028194505516494e-01 9.991492246099761276e-01
9.998686241158435406e-01 9.999065787953652640e-01 9.997252132746041742e-01 9.998238861186722337e-01 9.999358095178154660e-01 9.997996193332460146e-01 9.992945834699780150e-01 9.999303219814701382e-01 9.995804988015178916e-01 9.996553992249690435e-01
9.998751738002981115e-01 9.997813312971489674e-01 9.998164489486377482e-01 9.998867516854551551e-01 9.998102687971260893e-01 9.998070522483557543e-01 9.999019783261126060e-01 9.997322890185625921e-01 9.997894403930013274e-01 9.995630725459150323e-01
9.994186985808167778e-01 9.997457357611801987e-01 9.997960511675121342e-01 9.999123741839680557e-01 9.998232777447113584e-01 9.998999482673724959e-01 9.997739531216065512e-01 9.990079050670404026e-01 9.997725515228216286e-01 9.995748659981595896e-01
9.997357069332122315e-01 9.998135170738697841e-01 9.999063445019220620e-01 9.998184578473120476e-01 9.997282772702724696e-01 9.999242061540903892e-01 9.998830715714487338e-01 9.999271680957830810e-01 9.997956938028019769e-01 9.998426679105607562e-01
9.997685728029409580e-01 9.998991191638045839e-01 9.998228813800577042e-01 9.997944782337635505e-01 9.997165691366375340e-01 9.998571776469441508e-01 9.997969964291254508e-01 9.999334651924310924e-01 9.998996615419802891e-01 9.998360441846269042e-01
9.997179422225946910e-01 9.998569489831634627e-01 9.998338655980798517e-01 9.997061832225728750e-01 9.998577580804572928e-01 9.997400746305548092e-01 9.998380385687428706e-01 9.900050344118425105e-01 9.998676444025674792e-01 9.996945485322253910e-01
9.998534291831694398e-01 9.999006783405168797e-01 9.998224572407935495e-01 9.998637202536900803e-01 9.995539661512780061e-01 9.997844278766854220e-01 9.998844537077320460e-01 9.999512347721369876e-01 9.998231465184637123e-01 9.996603439583026107e-01
9.997400381031715799e-01 9.998525438625597284e-01 9.998777372851839207e-01 9.997544672669350652e-01 9.997207722384660045e-01 9.997074835343324750e-01 9.998091928208358015e-01 9.993042795338596962e-01 9.995086708388188912e-01 9.998504080755944434e-01
9.997281461339034836e-01 9.998091137039065712e-01 9.998136650751441312e-01 9.996492847429165884e-01 9.996505278114078408e-01 9.997996958876975704e-01 9.996392178257695882e-01 9.996661631758920752e-01 9.997234071137603983e-01 9.998468522321758423e-01
9.995032691932902447e-01 9.997388491839734881e-01 9.994421785012445048e-01 9.997716834221097582e-01 9.996794035518421495e-01 9.998460749770577971e-01 9.998663386306608780e-01 9.999435793229110025e-01 9.997885580180447818e-01 9.995943607982601398e-01
9.995414444989915159e-01 9.999053692862729381e-01 9.997914778070171593e-01 9.997449880235997899e-01 9.998784726292156977e-01 9.998768792905847747e-01 9.997396485746665729e-01 9.988431969353135376e-01 9.998090051883470331e-01 9.998992333811924649e-01
9.995303493831891872e-01 9.991830749053440819e-01 9.994738381194451238e-01 9.994076490329293350e-01 9.998373481870186374e-01 9.999530737296877803e-01 9.997974638042379514e-01 9.998987487953044928e-01 9.998796657661443987e-01 9.998785694582004169e-01
9.996387827797102998e-01 9.996026620980874577e-01 9.997137035195956534e-01 9.998940395012666515e-01 9.997475107773283742e-01 9.997940884537744877e-01 9.998940482234819349e-01 9.998859828963903018e-01 9.997025376045439726e-01 9.997225420759365822e-01
