9.982010980274704792e-01 9.984464604391140030e-01 9.966215189708890199e-01 9.986122318112869989e-01 9.959380505180253085e-01 9.986553293906685891e-01 9.986244797234735682e-01 9.982554303004451679e-01 9.984124960692349893e-01 9.984778336711351843e-01
9.991265335599597286e-01 9.981632541629577027e-01 9.990460687247573190e-01 9.943513244464976530e-01 9.982183838013759525e-01 9.972357918966097134e-01 9.966687912712637321e-01 9.963786942018940662e-01 9.992838924971406689e-01 9.986704700797247591e-01
9.973486249373253454e-01 9.986122233398757597e-01 9.989072731705778141e-01 9.931604549369532631e-01 9.990939175474219391e-01 9.881801815943813683e-01 9.981435106047834571e-01 9.986683413280228461e-01 9.982649262581321237e-01 9.928989598821313933e-01
9.991121997573657598e-01 9.989746484106474256e-01 9.978771222327055268e-01 9.904530430018692044e-01 9.992761640056404548e-01 9.946261849315125581e-01 9.963961727209496022e-01 9.938423302738671472e-01 9.979780755079735721e-01 9.989748703560515919e-01
9.992727630340706435e-01 9.990385182556487109e-01 9.983368272490961148e-01 9.944884572171283077e-01 9.989467038563724088e-01 9.989132565906081451e-01 9.989571286782054083e-01 9.986570197461123177e-01 9.986342276154113184e-01 9.962107996154423439e-01
9.989284030751341970e-01 9.965909946315393286e-01 9.976906151254856248e-01 9.981950869562070672e-01 9.989280292543474271e-01 9.981575784520959616e-01 9.983629387994129578e-01 9.960114506300037363e-01 9.964239508666512535e-01 9.964731128031576457e-01
9.993125292914315505e-01 9.935673852103471537e-01 9.991912373902546163e-01 9.963197918361670347e-01 9.991136422609449008e-01 9.981393379626442020e-01 9.974749671486800029e-01 9.983800923178282050e-01 9.965293858449146835e-01 9.975931627171523708e-01
9.994375279755457475e-01 9.955647829127324266e-01 9.979083483527750875e-01 9.981272253297864827e-01 9.964566569382564687e-01 9.978529864396967763e-01 9.994706735134046838e-01 9.990856519336839270e-01 9.987489663558539732e-01 9.975750223456988364e-01
9.853057207459811062e-01 9.978915456307254628e-01 9.994173948220649306e-01 9.994094109091068434e-01 9.990132230959001269e-01 9.979848825576579374e-01 9.971784033297215188e-01 9.995214087625259314e-01 9.993504375599485678e-01 9.992438063686595040e-01
9.977388918183621724e-01 9.974182131380896488e-01 9.980352368874717550e-01 9.990485180859413061e-01 9.984488371347249869e-01 9.979326317513691480e-01 9.994009857098296035e-01 9.986510211342852772e-01 9.991767057297348265e-01 9.985367867332829439e-01
9.963424027409314432e-01 9.985909232960304971e-01 9.914968889347443026e-01 9.984991850715598805e-01 9.978999602834999205e-01 9.992683718880169819e-01 9.989623543513191928e-01 9.978689340048927381e-01 9.964050020093131455e-01 9.917405539856848362e-01
9.989290075894926568e-01 9.967409774292828040e-01 9.978819161009607752e-01 9.985012467570417716e-01 9.967240290636689704e-01 9.976709391597450294e-01 9.988786324067923106e-01 9.953458573517459662e-01 9.983994438328727128e-01 9.962683458326881958e-01
9.994137043355322270e-01 9.991086947119673933e-01 9.991889685732786575e-01 9.954427431373416013e-01 9.994250629251968387e-01 9.978647367970683302e-01 9.987348224927392604e-01 9.973300062944582267e-01 9.989431576515037658e-01 9.949565932876776042e-01
9.992553453231798333e-01 9.973544155363446295e-01 9.989887322223460764e-01 9.943715718784534863e-01 9.990160887564377701e-01 9.986238503847800763e-01 9.974100872652063021e-01 9.976785094253014519e-01 9.969667999592471963e-01 9.990086389850150184e-01
9.960811933721473999e-01 9.978131862892263282e-01 9.820589446485811225e-01 9.975240175897396311e-01 9.984324902797570012e-01 9.973324055765028229e-01 9.989522883298316280e-01 9.949687840462413391e-01 9.987310219904542707e-01 9.927857823986109276e-01
9.982362983335784090e-01 9.970276934445353456e-01 9.984437093593219181e-01 9.995439716985141665e-01 9.992479010427123276e-01 9.991700108781454981e-01 9.973834495702894598e-01 9.933998556889587217e-01 9.986952065031332593e-01 9.935995643374467834e-01
9.986682095169048257e-01 9.992205789707175878e-01 9.991657405582280438e-01 9.981167629506777494e-01 9.988522703771294253e-01 9.935996677820031486e-01 9.946222185678198491e-01 9.978413408546694674e-01 9.982671199290855668e-01 9.990462952438707855e-01
9.979098974157032398e-01 9.973179951601494064e-01 9.979649066516804723e-01 9.986361151528323488e-01 9.959980241074615215e-01 9.942708481237552132e-01 9.983414646388338864e-01 9.981581126228390444e-01 9.976383647573513480e-01 9.976750257446455050e-01
9.968971642311247328e-01 9.968277007574614101e-01 9.985510748152197635e-01 9.990924523126522017e-01 9.977697159424882001e-01 9.966799468550794350e-01 9.966069265781385411e-01 9.970293134301433380e-01 9.972229071170840564e-01 9.984731632051785377e-01
9.992401767853682504e-01 9.982831706753156897e-01 9.970293530098149892e-01 9.983966717368727428e-01 9.980848718326826852e-01 9.922191581326893495e-01 9.973034660340539537e-01 9.912648748026284817e-01 9.903179347083088668e-01 9.985319734074755704e-01
9.985954216413290840e-01 9.976102109789409811e-01 9.974166518981953944e-01 9.985159408305601669e-01 9.979915569392170394e-01 9.976786886295172518e-01 9.985804277507950300e-01 9.982669487284027143e-01 9.984521294509790534e-01 9.988903390790527803e-01
9.978594127000801617e-01 9.941715203788036304e-01 9.986241499847092751e-01 9.984198378557802567e-01 9.983757843105257601e-01 9.968173860260916008e-01 9.966888926601410459e-01 9.971938004518091647e-01 9.966048562441321979e-01 9.944958421794310999e-01
9.970929572395671459e-01 9.994679747746015863e-01 9.989536229397161238e-01 9.992753290960145751e-01 9.976152081939086980e-01 9.542507296441349318e-01 9.973776796454590921e-01 9.969314609545441019e-01 9.966281389575024630e-01 9.944722415227227330e-01
9.989013221297472489e-01 9.740815285999550044e-01 9.994025415489222741e-01 9.991342174878813376e-01 9.972792636982257264e-01 9.971975979982681260e-01 9.979156499356255372e-01 9.981395106667101391e-01 9.970725073827971796e-01 9.971812540410163184e-01
9.985605465118241320e-01 9.968902071965470846e-01 9.978331530085002843e-01 9.989305327933137857e-01 9.980976339234209904e-01 9.983964366053055262e-01 9.988304074016258749e-01 9.935756449666929280e-01 9.992194987867710765e-01 9.985704450411383437e-01
9.988877164177293322e-01 9.969652471428296359e-01 9.993392122123110344e-01 9.990238882256446962e-01 9.966253182136263211e-01 9.992746900891069650e-01 9.938763080458770105e-01 9.990794330103337506e-01 9.987040801609406993e-01 9.986551897926981836e-01
9.953823244345391119e-01 9.977749164951550398e-01 9.962208643648223783e-01 9.951278093370932165e-01 9.978660776016226031e-01 9.969079934123813436e-01 9.988823189395167335e-01 9.960253228796808189e-01 9.964288567019065068e-01 9.981764015761513953e-01
9.983308924370987159e-01 9.986512422827185098e-01 9.968128319840208196e-01 9.988312304687555487e-01 9.976521961106823433e-01 9.977486835161910594e-01 9.983351315877952992e-01 9.973846070976755129e-01 9.973716858840311339e-01 9.972964729053328536e-01
9.960319582480402500e-01 9.968202499965925778e-01 9.985073549986185348e-01 9.984492086310570169e-01 9.992823102154546611e-01 9.977383045017697016e-01 9.965651831289791263e-01 9.989721804649293047e-01 9.988970204716894896e-01 9.955669230641129852e-01
9.994176126481172373e-01 9.991370051305340505e-01 9.969743090493839999e-01 9.981439039573689609e-01 9.983244714940170406e-01 9.859795005653716471e-01 9.979483469399275108e-01 9.989836517619787859e-01 9.995753563007362397e-01 9.995147492164294656e-01
9.982847554596586681e-01 9.978228682627864332e-01 9.967421709487580550e-01 9.980196592976764425e-01 9.985393244679976466e-01 9.984540397308503401e-01 9.956216808439536381e-01 9.974916661271159279e-01 9.991083339562932819e-01 9.989937565686507481e-01
9.986699419673497058e-01 9.991289883576240927e-01 9.989841168000971328e-01 9.973504950752840603e-01 9.995178161204011369e-01 9.987815522811694935e-01 9.977237189774184056e-01 9.989796182527755919e-01 9.979656100620079018e-01 9.966308688490634893e-01
9.978659404583618553e-01 9.981573010518491884e-01 9.988447506132277498e-01 9.988841570300351913e-01 9.901632717879679246e-01 9.985192273418496134e-01 9.983662271747150152e-01 9.964264538963450990e-01 9.976499978115704881e-01 9.981560586996859330e-01
9.982624700968814047e-01 9.981216985325896962e-01 9.969128270094141930e-01 9.991992314614563941e-01 9.987747033254080753e-01 9.971503821693256109e-01 9.990239384060096706e-01 9.991941967295570048e-01 9.984920628955148425e-01 9.971079156211121175e-01
9.982701487621162828e-01 9.983994700534393196e-01 9.983444617004827437e-01 9.979432357832749290e-01 9.982146011807246921e-01 9.957821220212662583e-01 9.955173531499583728e-01 9.984277401395814655e-01 9.968455438693584192e-01 9.979612429697811704e-01
9.988545463824202164e-01 9.964363952183963313e-01 9.970562956933487486e-01 9.964270206250183115e-01 9.990595289708912308e-01 9.974346117000266743e-01 9.982788416674130971e-01 9.970930502904750137e-01 9.980419300545494421e-01 9.979630375509118689e-01
9.954053067363002327e-01 9.965318238155174146e-01 9.967556263859329579e-01 9.982247932410569513e-01 9.909483410551392923e-01 9.979330020637122711e-01 9.972319486373234509e-01 9.965805803673796204e-01 9.971875141493250494e-01 9.990953645341754674e-01
9.989556069742476785e-01 9.983264636624651356e-01 9.950237972960268573e-01 9.985917572225877503e-01 9.966744561273338521e-01 9.766314544666754305e-01 9.963720238572260079e-01 9.979566377730164639e-01 9.986647052197927810e-01 9.966925369292966019e-01
9.989692364701346916e-01 9.949634735598937851e-01 9.978838885409927473e-01 9.973532968198608462e-01 9.969408807343314027e-01 9.964938519566554076e-01 9.977137549228735081e-01 9.946985539610952998e-01 9.992538345709830461e-01 9.995504662746872437e-01
9.988011540698312762e-01 9.985079428561630666e-01 9.965422016598454169e-01 9.943859291170095149e-01 9.991627389892544508e-01 9.970936112223226511e-01 9.984543241261050195e-01 9.985752546890153125e-01 9.972818747361834602e-01 9.987875364870594241e-01
9.982850006729063752e-01 9.976468140656669092e-01 9.986973264431106001e-01 9.900930835633336979e-01 9.972653554991036673e-01 9.992654458209974111e-01 9.980302220724095452e-01 9.975542877722703983e-01 9.980085211646707588e-01 9.949650309318009977e-01
9.993182039858227173e-01 9.983666693963662020e-01 9.982154463296556424e-01 9.992936710923983057e-01 9.949275295958116549e-01 9.989937017724299650e-01 9.973060233188069112e-01 9.981547755368352925e-01 9.960065149514755189e-01 9.986221512565854885e-01
9.987573258912392227e-01 9.973597070729361969e-01 9.953437463462321277e-01 9.971299010521854633e-01 9.984303334612376624e-01 9.982551885682235948e-01 9.986745599267792262e-01 9.992009267534562866e-01 9.979599976774611303e-01 9.985460631108895591e-01
9.986620042890329563e-01 9.969054924799993778e-01 9.990617184293545394e-01 9.608340466384363010e-01 9.989813891782486355e-01 9.991468882174735500e-01 9.975939109103807434e-01 9.989379645062276269e-01 9.983729590105264728e-01 9.925917678176978676e-01
9.983663372253657187e-01 9.966601660667860907e-01 9.973749586666852407e-01 9.982274642272390697e-01 9.989334453050183749e-01 9.986515597505088992e-01 9.984205925980624841e-01 9.954042300258910680e-01 9.984856450185979337e-01 9.990895022496371070e-01
9.992633635057449615e-01 9.978879055028029299e-01 9.984170260371635353e-01 9.974443811237423407e-01 9.972771486660400031e-01 9.991611800254444065e-01 9.987036723088940082e-01 9.919361716639033544e-01 9.990656143513885201e-01 9.988321001954776346e-01
9.988249320554032362e-01 9.976539265832240488e-01 9.981765676598829407e-01 9.990286482990575756e-01 9.985548598020865807e-01 9.970958358969252977e-01 9.945146975808953904e-01 9.981669626584533939e-01 9.974188593602143493e-01 9.989437314263542866e-01
9.975893413029830459e-01 9.983764679754772997e-01 9.984591770318204107e-01 9.921544907998817164e-01 9.989523024907018822e-01 9.957056039650382662e-01 9.980416583858774393e-01 9.984192948135983681e-01 9.962072402171671115e-01 9.971242268269060460e-01
9.939166229193152624e-01 9.984781170733890709e-01 9.984494204942814255e-01 9.968802111277103029e-01 9.989188398071585651e-01 9.988492750977741030e-01 9.989019646303178845e-01 9.916382278496912450e-01 9.992195619974068022e-01 9.965814703564488397e-01
9.990272702772634572e-01 9.979109798235610285e-01 9.990252816064391084e-01 9.985920572073069268e-01 9.977083968050435292e-01 9.983361942820732082e-01 9.991871835872287999e-01 9.984122291898794854e-01 9.971663172372030592e-01 9.983730853301648889e-01
9.987494707182137388e-01 9.992402400907538507e-01 9.985461010608466248e-01 9.968141252691964382e-01 9.990886710485311628e-01 9.949901015633296764e-01 9.953093553598907350e-01 9.986189207010806035e-01 9.989038181608453915e-01 9.977967741506927890e-01
9.980416340430304789e-01 9.921915415476816325e-01 9.985269389215513103e-01 9.968113832338518776e-01 9.980710333320222949e-01 9.949322174546749720e-01 9.978660208618468364e-01 9.960675787716601892e-01 9.990958244775590691e-01 9.983504197539627700e-01
9.990504252380190131e-01 9.985960566181856235e-01 9.991560415329029388e-01 9.988506685068408997e-01 9.991441861311411987e-01 9.984916111018595775e-01 9.980375759168045313e-01 9.983413060972368136e-01 9.983508821678267475e-01 9.980736263882066250e-01
9.891104821540531722e-01 9.987592564702618692e-01 9.953754768317971680e-01 9.968849971003131971e-01 9.991129799153267710e-01 9.910832276102878868e-01 9.980764943568043446e-01 9.974907347596481122e-01 9.992751945647249112e-01 9.975845940090697361e-01
9.988290508527035705e-01 9.929448304475730902e-01 9.955849243222205658e-01 9.988301829902420659e-01 9.989917892686440704e-01 9.979441249065307273e-01 9.984906276417322424e-01 9.963831420988428222e-01 9.964586533407064906e-01 9.981096735768086869e-01
9.982890449795236432e-01 9.992164445233873149e-01 9.993463243848792477e-01 9.980642735619394967e-01 9.984140379135444388e-01 9.995602090069390933e-01 9.985280346575512445e-01 9.987714280049795335e-01 9.988992842060181454e-01 9.978138240215274068e-01
9.995199982918814285e-01 9.973896778135586949e-01 9.992369969128276352e-01 9.977111009928268937e-01 9.989786431083140794e-01 9.980587619314554848e-01 9.967743003024278625e-01 9.977214712988777823e-01 9.986484963790072111e-01 9.991096326987606302e-01
9.939065198191677775e-01 9.960932504753672312e-01 9.979968366633180654e-01 9.983706877895012211e-01 9.989079790459369779e-01 9.985177151054650535e-01 9.989719944572359456e-01 9.983845987126253041e-01 9.966003475831758385e-01 9.986719290714189956e-01
9.987244454842966190e-01 9.979525049725855856e-01 9.985498356096376149e-01 9.978500616343590757e-01 9.975583469498214839e-01 9.985976473211369830e-01 9.980073046058108854e-01 9.991753771633536951e-01 9.984643711434942892e-01 9.936592197464547693e-01
9.972643379559671395e-01 9.982467107916433990e-01 9.973190922494156174e-01 9.974452402761715408e-01 9.985755290107630744e-01 9.982733322934499443e-01 9.986945057007086124e-01 9.990557562336562780e-01 9.988445540555163094e-01 9.984687893025718797e-01
9.990937074036737586e-01 9.978817743239026816e-01 9.989065090999872387e-01 9.984568727047412606e-01 9.975968646905857273e-01 9.992381709190025774e-01 9.984052982157920475e-01 9.936673885751582391e-01 9.849799766676956558e-01 9.993197611546570380e-01
9.980796371265565625e-01 9.987753574909676857e-01 9.983970393879707528e-01 9.958983517200549196e-01 9.991903102121428848e-01 9.957610248561380439e-01 9.965954806732710836e-01 9.969372917220414854e-01 9.983512738307029899e-01 9.989995839741729888e-01
9.993747231399835451e-01 9.984166230236476425e-01 9.984384675213274773e-01 9.991462760250652275e-01 9.986879409613704794e-01 9.985910742543413487e-01 9.989014915024352348e-01 9.988525822556367784e-01 9.991174254104188135e-01 9.968518691566989887e-01
9.934946662391237471e-01 9.974456032779124293e-01 9.985015970726541790e-01 9.987465260866998928e-01 9.966316554448724219e-01 9.964726067008834454e-01 9.992805407013891639e-01 9.944188628165132604e-01 9.992459211061763824e-01 9.994924250700402135e-01
9.975814731295213900e-01 9.980398563168881854e-01 9.981717103535503455e-01 9.981212024079210154e-01 9.985825033183738375e-01 9.986803255758273101e-01 9.985183049431277658e-01 9.960231276747620877e-01 9.991608502153774829e-01 9.987115902509724474e-01
9.990756330594218193e-01 9.980693280893471186e-01 9.971016553006314398e-01 9.984256382089851112e-01 9.952521828883738042e-01 9.969645165754090765e-01 9.977067343143436462e-01 9.918797075754908210e-01 9.896582233914733573e-01 9.989427818831633221e-01
9.965716160170640103e-01 9.980434699748075289e-01 9.986476748202505194e-01 9.980165467257545719e-01 9.987123156838875193e-01 9.971929386855942212e-01 9.986459327241412609e-01 9.907355904530796842e-01 9.981512723310766999e-01 9.972733738905245060e-01
9.991167774588233241e-01 9.981933372265288096e-01 9.956117700433739781e-01 9.979116897742784653e-01 9.991705191875387415e-01 9.994086104477589716e-01 9.990002063127290111e-01 9.976201663550069432e-01 9.949320373781139759e-01 9.990758533307302347e-01
9.988042251390493176e-01 9.968411163187699264e-01 9.984599382722082472e-01 9.990197444421397011e-01 9.979213915148378300e-01 9.977293378272025226e-01 9.970701181936119095e-01 9.978527271632178230e-01 9.942327361081936266e-01 9.988027195466075980e-01
9.970202327605901527e-01 9.983081650475503777e-01 9.989255735665028002e-01 9.933511340027191272e-01 9.972075467852348218e-01 9.971154110145291627e-01 9.985325920176484349e-01 9.992427853498364598e-01 9.960626853764386057e-01 9.962723072016453907e-01
9.987966734684357029e-01 9.960235326040691728e-01 9.986531062769276046e-01 9.970795497783003780e-01 9.991349832161958711e-01 9.987115811208362448e-01 9.989516760851429034e-01 9.987743979839661668e-01 9.988974638003220718e-01 9.977933947014379079e-01
9.991168415048771179e-01 9.992150306442589835e-01 9.991026297578408100e-01 9.980713457754905038e-01 9.989169577691690005e-01 9.988777860540712927e-01 9.993608899004947643e-01 9.987822985937186981e-01 9.991140197209263940e-01 9.967870274241390494e-01
9.955663252116058182e-01 9.979929518693296808e-01 9.897260786991258774e-01 9.990182856422639146e-01 9.991814712488362726e-01 9.990536086893700984e-01 9.972370667383695375e-01 9.990694252549479071e-01 9.969463415354662406e-01 9.985001143932554779e-01
9.976457925973544194e-01 9.992435172537342813e-01 9.972092364502692652e-01 9.989899618625225353e-01 9.992988381272392973e-01 9.983660598983437051e-01 9.991834772130583353e-01 9.990787751079505119e-01 9.986455195547240260e-01 9.989495792446457800e-01
9.991595783421484134e-01 9.948403828766062551e-01 9.973277306690023769e-01 9.872282777122561859e-01 9.987708246370780030e-01 9.968862537778672150e-01 9.988990011230217680e-01 9.978961334973681652e-01 9.992676205438602022e-01 9.985280591461709321e-01
9.975521719434156109e-01 9.971329558550313665e-01 9.987952845453280659e-01 9.986014191466617840e-01 9.986943348256982489e-01 9.978821651145632909e-01 9.952974883072863710e-01 9.980692450498535040e-01 9.987854595347350761e-01 9.978711404705205013e-01
9.983521434438462627e-01 9.988164925322150500e-01 9.975398014769417676e-01 9.984515343469103632e-01 9.985219377427870802e-01 9.927933450610366695e-01 9.988604749997748167e-01 9.935976170572996535e-01 9.980868388696065852e-01 9.988703641515578324e-01
9.963596906962636224e-01 9.991322871260049920e-01 9.992998237699657338e-01 9.993911589913941906e-01 9.993833546233985565e-01 9.992339376075268786e-01 9.994300431262881368e-01 9.988854337570420849e-01 9.967064709530771838e-01 9.912841579067471764e-01
9.976670437160342075e-01 9.981769954757893082e-01 9.979164775312904245e-01 9.991334608727391320e-01 9.938918357558242933e-01 9.980773924256085561e-01 9.952846558364638607e-01 9.942325034251925375e-01 9.960800426600522339e-01 9.985898627116199799e-01
9.975650730756197015e-01 9.964944785184528531e-01 9.984028871569180508e-01 9.985939889278943049e-01 9.988741023217623249e-01 9.987832087502858114e-01 9.984799648626129231e-01 9.974822043650055647e-01 9.986957793891453328e-01 9.965430751050395886e-01
9.976806823842456762e-01 9.942754349202495012e-01 9.957991582493347371e-01 9.970658974122037499e-01 9.970103640474377027e-01 9.988308436737267648e-01 9.981465784395304741e-01 9.986147778433087652e-01 9.971365834468822742e-01 9.993638843064033273e-01
9.985275869837265672e-01 9.966490618073658991e-01 9.984191234268195991e-01 9.988161270048622198e-01 9.964661978020726840e-01 9.993406382481796468e-01 9.990458306550543677e-01 9.988418182917224719e-01 9.991513872349805370e-01 9.986830369812801367e-01
9.981847878773607574e-01 9.984736085247346571e-01 9.985044109914841259e-01 9.993735870795352749e-01 9.985504823317685741e-01 9.927544788636053497e-01 9.968518144383503587e-01 9.979129408280427160e-01 9.971642437462174824e-01 9.962510821266871153e-01
9.809271654307155641e-01 9.972415522220334783e-01 9.961235494740926510e-01 9.921313123897111952e-01 9.986302071113467571e-01 9.984635217120976236e-01 9.980447877605754803e-01 9.969591635162132759e-01 9.957735440633179724e-01 9.978627656604509566e-01
9.970868420999341453e-01 9.901066145711154842e-01 9.981775855510650608e-01 9.982692646393258595e-01 9.979665181542242136e-01 9.981115524082421198e-01 9.979936678522322024e-01 9.979564196506779394e-01 9.988199549550993428e-01 9.983915068551308947e-01
9.988349589748140023e-01 9.988624816267295259e-01 9.988770024035342754e-01 9.977712892203882689e-01 9.961705897867459969e-01 9.984330910738109521e-01 9.993819265231472793e-01 9.974567407347885162e-01 9.963314586228956271e-01 9.982435287252301448e-01
9.944101853943988489e-01 9.978093164697522388e-01 9.991592804499426217e-01 9.859633036965959052e-01 9.983212089408898260e-01 9.960700801995965303e-01 9.988010087701971740e-01 9.969297852259680903e-01 9.989208596157909126e-01 9.985151472732989308e-01
9.984605225762462899e-01 9.980205413108044210e-01 9.964673267297395887e-01 9.956948196412365171e-01 9.977405964191896626e-01 9.975683737722040867e-01 9.980570712654045495e-01 9.985167049267428263e-01 9.965605308921275940e-01 9.988703654773335439e-01
9.979615589963192201e-01 9.991398930170071191e-01 9.985695039189348421e-01 9.970399556718421152e-01 9.992161728715174274e-01 9.981134184823512445e-01 9.940936323703166710e-01 9.980481736975980178e-01 9.984799287782365473e-01 9.927768701451610278e-01
9.957369623477290155e-01 9.979836490720236375e-01 9.989858409395979688e-01 9.991018117114605079e-01 9.990765559995273826e-01 9.986226925072063665e-01 9.989630466393201180e-01 9.931492351060479118e-01 9.974754347004239907e-01 9.978713545397442930e-01
9.986972862718414001e-01 9.981651141573790742e-01 9.986552284726187834e-01 9.984948371802607747e-01 9.967949247814754665e-01 9.985732052486465671e-01 9.987752183509517323e-01 9.984583428980156050e-01 9.915374342609034608e-01 9.988823617860326243e-01
9.988088712333709207e-01 9.959663015720989776e-01 9.965450493775305230e-01 9.986663913463518227e-01 9.943752238742357141e-01 9.950738136925169064e-01 9.989318358467982328e-01 9.954013436720841046e-01 9.991904917998843949e-01 9.981588880762485294e-01
9.957939508309971988e-01 9.989557993851047035e-01 9.990258824056248432e-01 9.979551465868556903e-01 9.971486687941594207e-01 9.953049604004360340e-01 9.963022314535109336e-01 9.968312314086175130e-01 9.982004529165561246e-01 9.982861181128482864e-01
9.976612048399711163e-01 9.948226159083592979e-01 9.974694913057038370e-01 9.981582294433684055e-01 9.969155769484341345e-01 9.958948846696085155e-01 9.982430428959511159e-01 9.983635378631466883e-01 9.945907837537487639e-01 9.976765104973213116e-01
9.975822415521716779e-01 9.971126255842471808e-01 9.983751006031807984e-01 9.967087703129010601e-01 9.983142681022583176e-01 9.979437281352463440e-01 9.980301633288679586e-01 9.990493658378668540e-01 9.986914918583112977e-01 9.991239730921491757e-01
9.988866516891005132e-01 9.994509016237274057e-01 9.992917979174976706e-01 9.980215907505368689e-01 9.953758613548230327e-01 9.977581070454412115e-01 9.947945149606413073e-01 9.992566278664506418e-01 9.967260581766574923e-01 9.878610235853406696e-01
9.991087552724984278e-01 9.985587363787273851e-01 9.961892292635574631e-01 9.976300173400924898e-01 9.983686528334547727e-01 9.981955558765142067e-01 9.974889279990409863e-01 9.981663504170790180e-01 9.976604910216709809e-01 9.986767688229594153e-01
9.990165419162498894e-01 9.974581152437250742e-01 9.934691270929978391e-01 9.980331997085313267e-01 9.980090321441867918e-01 9.989769915767402475e-01 9.991443690754741036e-01 9.965391998817554331e-01 9.879605784347510467e-01 9.965012522212065571e-01
9.964768240819540379e-01 9.986578895180103776e-01 9.980101943441063161e-01 9.918427434655054942e-01 9.984230361031976031e-01 9.986763930310078585e-01 9.984923783500956329e-01 9.987769128931728302e-01 9.938097010197308734e-01 9.979998735673409893e-01
9.990249385923926084e-01 9.980329426570944129e-01 9.972901759957637502e-01 9.966579763626733923e-01 9.939709931200176873e-01 9.987178277374968438e-01 9.970017286856206473e-01 9.989710952956677437e-01 9.990664687142954969e-01 9.987600977442402383e-01
