9.999687203140863456e-01 9.999718440896526728e-01 9.999652170443604771e-01 9.999659102953367684e-01 9.999738439053215133e-01 9.999708776366984520e-01 9.999743239969136610e-01 9.999734100291907124e-01 9.999759497032634226e-01 9.999708855974984711e-01
9.999762697862345506e-01 9.999790522698673856e-01 9.999673214087648754e-01 9.999732361687696525e-01 9.999756406027435762e-01 9.999689630263919327e-01 9.999770741465352497e-01 9.999766864133285971e-01 9.999748515835468199e-01 9.999750073022923846e-01
9.999745287327728160e-01 9.999750664399291722e-01 9.999712889901982704e-01 9.999726436139656505e-01 9.999655881387861101e-01 9.999723334692208754e-01 9.999651760411659707e-01 9.999695975817617377e-01 9.999690202757011148e-01 9.999778533021060900e-01
9.999738285422383743e-01 9.999751536720812295e-01 9.999715367259962573e-01 9.999714618114249332e-01 9.999719312038508612e-01 9.999714219474490351e-01 9.999714855210318776e-01 9.999726588596670185e-01 9.999699462994220411e-01 9.999733611359571395e-01
9.999760397883995511e-01 9.999693811056140635e-01 9.999696211789148581e-01 9.999682784485398601e-01 9.999713791884909941e-01 9.999707041731572543e-01 9.999725474736134156e-01 9.999590720124419407e-01 9.999729867423367002e-01 9.999715278042328181e-01
9.999618180794224154e-01 9.999763592916723898e-01 9.999735700130581995e-01 9.999709397246205889e-01 9.999762043916147203e-01 9.999744172979280199e-01 9.999760889388246143e-01 9.999788833908490604e-01 9.999776640514733694e-01 9.999759478295148218e-01
9.999718792588481175e-01 9.999712725302329908e-01 9.999697484905851752e-01 9.999736506733865049e-01 9.999725239251792130e-01 9.999673918619490509e-01 9.999646018765415700e-01 9.999706900523236408e-01 9.999739852383265903e-01 9.999722740178824676e-01
9.999705835016933220e-01 9.999712681137137293e-01 9.999671304441171138e-01 9.999740101141001425e-01 9.999701764578013963e-01 9.999659534683636997e-01 9.999793786418096353e-01 9.999758637055957688e-01 9.999632680089534098e-01 9.999704966319643562e-01
9.999729857358433671e-01 9.999676955397956979e-01 9.999689639353891435e-01 9.999711121635841415e-01 9.999790498657785687e-01 9.999750322426429472e-01 9.999720136922118918e-01 9.999707010190049816e-01 9.999690813480400786e-01 9.999712930985762416e-01
9.999802902046984743e-01 9.999752360174722909e-01 9.999732242725061226e-01 9.999722136634997538e-01 9.999760579248403447e-01 9.999734219961996518e-01 9.999735924640104079e-01 9.999639225297550782e-01 9.999656468063896630e-01 9.999706717542214962e-01
9.999734876362583735e-01 9.999719393289628888e-01 9.999709127398171971e-01 9.999802054966688836e-01 9.999647017527446557e-01 9.999746479674380684e-01 9.999732867803644565e-01 9.999677953628405280e-01 9.999698803832495209e-01 9.999667015692782490e-01
9.999769147945709591e-01 9.999727396670675672e-01 9.999680554817628186e-01 9.999753413516286882e-01 9.999735924185367830e-01 9.999758731046537452e-01 9.999634131073347199e-01 9.999712161937301946e-01 9.999745527044717752e-01 9.999725579892558835e-01
9.999728180742665229e-01 9.999740923706018636e-01 9.999769833465596003e-01 9.999741931860240962e-01 9.999763221857022044e-01 9.999634917839259618e-01 9.999731107268680086e-01 9.999727970934648713e-01 9.999735887144106661e-01 9.999722444472490812e-01
9.999734513424534121e-01 9.999748109809444285e-01 9.999727314703257264e-01 9.999733306275826461e-01 9.999655318197641085e-01 9.999674148249817485e-01 9.999713215099128583e-01 9.999739073041966630e-01 9.999699716833667651e-01 9.999746286199902023e-01
9.999766991381249248e-01 9.999732585792477924e-01 9.999739618679571729e-01 9.999772185091603260e-01 9.999578760092583396e-01 9.999684132364358158e-01 9.999663520656042470e-01 9.999755837255733804e-01 9.999700733104482930e-01 9.999711467789694774e-01
9.999702127891991754e-01 9.999755107144129296e-01 9.999731285675401704e-01 9.999747837685666330e-01 9.999707038528657943e-01 9.999733593834760903e-01 9.999720000430705191e-01 9.999704485553925215e-01 9.999783931558080541e-01 9.999760058174282928e-01
9.999693256016669585e-01 9.999752239542230026e-01 9.999732561500460637e-01 9.999710838612845265e-01 9.999661546993328098e-01 9.999732890683377118e-01 9.999675467652529015e-01 9.999667169793930999e-01 9.999704523950925239e-01 9.999805591728991860e-01
9.999721738840510188e-01 9.999728018180373823e-01 9.999772477258966896e-01 9.999721567164391312e-01 9.999793629842358422e-01 9.999762933064307857e-01 9.999800850988658230e-01 9.999741895083843479e-01 9.999746283719521678e-01 9.999711371968799112e-01
9.999705625660963992e-01 9.999712873557848880e-01 9.999704701500360393e-01 9.999660872338873574e-01 9.999692945728058113e-01 9.999759102425926915e-01 9.999649996794299778e-01 9.999723787439827039e-01 9.999747721443259518e-01 9.999705822604465499e-01
9.999688052291128004e-01 9.999714324723911751e-01 9.999786720017256325e-01 9.999729617404919946e-01 9.999711200765665220e-01 9.999792219572075647e-01 9.999759368124477854e-01 9.999664950201807567e-01 9.999709218233004959e-01 9.999759319338534791e-01
9.999687302534483457e-01 9.999799378787513904e-01 9.999766550238686769e-01 9.999739037051208479e-01 9.999723742850935571e-01 9.999765778516654935e-01 9.999702250642534818e-01 9.999679055426712315e-01 9.999731216771816644e-01 9.999751747117628931e-01
9.999733732556603805e-01 9.999695392682736994e-01 9.999677873213578261e-01 9.999710228384098842e-01 9.999752074789188816e-01 9.999695826334945581e-01 9.999732604562279192e-01 9.999772013521130987e-01 9.999647842204643089e-01 9.999724162418275331e-01
9.999682490986256944e-01 9.999708965261777660e-01 9.999727245122604913e-01 9.999718847530737476e-01 9.999665646889843718e-01 9.999635988121777785e-01 9.999717455400896071e-01 9.999780240086753036e-01 9.999693033609001747e-01 9.999690822311995131e-01
9.999725266592426332e-01 9.999776788960351714e-01 9.999769171489688580e-01 9.999723415017023331e-01 9.999726179120355107e-01 9.999668229319914614e-01 9.999751488484677209e-01 9.999692970114048007e-01 9.999670598244779773e-01 9.999757352809771627e-01
9.999741588397725867e-01 9.999721234786235202e-01 9.999678477895015405e-01 9.999734281905804378e-01 9.999687040889342349e-01 9.999732596172151711e-01 9.999617631543852303e-01 9.999730378735263159e-01 9.999734577135950264e-01 9.999758259473363609e-01
9.999748910029072624e-01 9.999634224237433644e-01 9.999787725697391050e-01 9.999701966930345520e-01 9.999791843118405188e-01 9.999755857672638637e-01 9.999706919892515922e-01 9.999705247073633618e-01 9.999751387771150801e-01 9.999696590999233026e-01
9.999660679877561131e-01 9.999724047461918675e-01 9.999744596818761488e-01 9.999720102292317669e-01 9.999732344705603015e-01 9.999745276295330942e-01 9.999738544023840658e-01 9.999740750410985868e-01 9.999725621823711830e-01 9.999741339440589849e-01
9.999754777800577976e-01 9.999769512045395548e-01 9.999703816645563181e-01 9.999712171322701071e-01 9.999738734409224783e-01 9.999722626604795606e-01 9.999737871187392990e-01 9.999787559621632349e-01 9.999725840227765561e-01 9.999672443502439778e-01
9.999726986223735903e-01 9.999730256881289581e-01 9.999735078128541010e-01 9.999664786196572619e-01 9.999720032198518016e-01 9.999698085027726169e-01 9.999753111036001618e-01 9.999680214416212243e-01 9.999728337446341930e-01 9.999765964472036028e-01
9.999731138386575013e-01 9.999726415338577867e-01 9.999733708187263925e-01 9.999766416383444323e-01 9.999662543874464626e-01 9.999728126010519746e-01 9.999655120270943831e-01 9.999769425590828709e-01 9.999714120178436749e-01 9.999723621670383311e-01
9.999737016099236042e-01 9.999715461480378487e-01 9.999713392941886880e-01 9.999709702536772049e-01 9.999802455932090828e-01 9.999775578371726814e-01 9.999738866572697171e-01 9.999736938912975326e-01 9.999697831321568975e-01 9.999732217572497861e-01
9.999674624023847658e-01 9.999750731249971158e-01 9.999721092177511483e-01 9.999742775400629613e-01 9.999701828098792600e-01 9.999730573992424709e-01 9.999731416042665355e-01 9.999738439633100162e-01 9.999762256335870125e-01 9.999688166521875088e-01
9.999798406214366331e-01 9.999721614506703604e-01 9.999673442978792570e-01 9.999711518212170969e-01 9.999684634104654135e-01 9.999692321953176366e-01 9.999752865037033756e-01 9.999723909149693668e-01 9.999708565642903002e-01 9.999641208298356565e-01
9.999693541162479882e-01 9.999715917677131083e-01 9.999692824638602984e-01 9.999767040824848463e-01 9.999745073811727725e-01 9.999722125944340290e-01 9.999709935711399433e-01 9.999746706959578013e-01 9.999786181096291804e-01 9.999767633031264591e-01
9.999778620840994448e-01 9.999695931411569649e-01 9.999795715461651247e-01 9.999698452035729046e-01 9.999743958511752018e-01 9.999697414058830169e-01 9.999780746340746207e-01 9.999711415266525627e-01 9.999713729986539068e-01 9.999764782569634525e-01
9.999700424281312561e-01 9.999750485163266811e-01 9.999711800573142240e-01 9.999785044932106848e-01 9.999743754033207921e-01 9.999729592134540823e-01 9.999727306981455177e-01 9.999714312281720030e-01 9.999707909862138866e-01 9.999726852428545421e-01
9.999722875775244324e-01 9.999751234004191636e-01 9.999716249404974056e-01 9.999779815949479955e-01 9.999783442563369151e-01 9.999745451970095678e-01 9.999722285995726878e-01 9.999787838534237583e-01 9.999679485672510193e-01 9.999767109304903423e-01
9.999715936162385521e-01 9.999781575710290360e-01 9.999785810370684924e-01 9.999758258648986375e-01 9.999694394270722819e-01 9.999664217736742300e-01 9.999746579708601590e-01 9.999683304614415125e-01 9.999756406669667586e-01 9.999719018626028744e-01
9.999752744058045817e-01 9.999745724668450686e-01 9.999745853356891701e-01 9.999672353299342564e-01 9.999741120217847667e-01 9.999740872654429014e-01 9.999704506779629742e-01 9.999740502904689299e-01 9.999756042445491211e-01 9.999741306729932333e-01
9.999719853019402027e-01 9.999695297391972826e-01 9.999772750326364479e-01 9.999717649727259960e-01 9.999638481559072201e-01 9.999724177245754575e-01 9.999746934434305956e-01 9.999742591918180379e-01 9.999666878664239533e-01 9.999760801131686305e-01
9.999709094950868238e-01 9.999673035646455821e-01 9.999712822502678788e-01 9.999750061502266085e-01 9.999705012848268959e-01 9.999742836566619664e-01 9.999637416346637275e-01 9.999701768801743107e-01 9.999780083860732027e-01 9.999704613336686254e-01
9.999716357315735493e-01 9.999730740441371557e-01 9.999718344584590524e-01 9.999672327832793695e-01 9.999725427915643339e-01 9.999705864935971578e-01 9.999690648590290332e-01 9.999688028578911370e-01 9.999714434243437422e-01 9.999735216694980444e-01
9.999697069408187700e-01 9.999708972201654111e-01 9.999755748164250724e-01 9.999764434426356985e-01 9.999736648702777231e-01 9.999759741767758614e-01 9.999755893166533127e-01 9.999719214810852685e-01 9.999674679510770492e-01 9.999705285070623617e-01
9.999761383241789758e-01 9.999771066078344539e-01 9.999699746465172678e-01 9.999759273307838869e-01 9.999742072707976659e-01 9.999791304391136837e-01 9.999675890487413898e-01 9.999773901066871806e-01 9.999784232410601215e-01 9.999758345880788157e-01
9.999732116852797503e-01 9.999774295923198331e-01 9.999724778936638359e-01 9.999728451648182137e-01 9.999762857850971187e-01 9.999730940450815009e-01 9.999763732202043842e-01 9.999709052627806516e-01 9.999796672755627558e-01 9.999765646599342306e-01
9.999717001887858947e-01 9.999756307582341464e-01 9.999705478372779011e-01 9.999674860464727866e-01 9.999694418057141210e-01 9.999719788690063504e-01 9.999713288281520951e-01 9.999698974645201410e-01 9.999721102611948131e-01 9.999699773412257242e-01
9.999715603249006435e-01 9.999692429470216082e-01 9.999789603091673307e-01 9.999769858656837318e-01 9.999631098554644382e-01 9.999713443562902038e-01 9.999688058340950869e-01 9.999745978899207133e-01 9.999691393923311189e-01 9.999770003447809863e-01
9.999737260586184506e-01 9.999672374873944669e-01 9.999789958758678043e-01 9.999673725692085346e-01 9.999697503009237209e-01 9.999778262484692037e-01 9.999719376783934299e-01 9.999703885235293743e-01 9.999706823458582861e-01 9.999746947645090644e-01
9.999692201029747318e-01 9.999713537645648076e-01 9.999769302463255016e-01 9.999732820612013962e-01 9.999751384030072243e-01 9.999779906960152287e-01 9.999719697935937068e-01 9.999699363179035405e-01 9.999781957356064233e-01 9.999746223490286745e-01
9.999718375028846529e-01 9.999719557267018333e-01 9.999780299306331166e-01 9.999783599945835100e-01 9.999738245736152775e-01 9.999696997762920203e-01 9.999731427062145128e-01 9.999691365879882499e-01 9.999728643774034031e-01 9.999739961732528881e-01
9.999727128894562167e-01 9.999723952302594920e-01 9.999720105926670488e-01 9.999679370992784477e-01 9.999717524028536308e-01 9.999718010639734311e-01 9.999706106754352453e-01 9.999662832098920040e-01 9.999702132139293154e-01 9.999720320100610182e-01
9.999764520846133875e-01 9.999722808612194758e-01 9.999739350713797714e-01 9.999740158862092665e-01 9.999790356888320630e-01 9.999753856483077907e-01 9.999686769596328739e-01 9.999721682559195024e-01 9.999714938130840336e-01 9.999715904150290324e-01
9.999717086103148134e-01 9.999755120948953246e-01 9.999758964554794627e-01 9.999788822178589109e-01 9.999724328225575443e-01 9.999707749818937952e-01 9.999755196923966194e-01 9.999721002259460700e-01 9.999718518556307556e-01 9.999731612346208776e-01
9.999740798184206803e-01 9.999735396230240436e-01 9.999738410269953803e-01 9.999717230775259091e-01 9.999729629111585583e-01 9.999687192035120464e-01 9.999754623653583918e-01 9.999788885117588677e-01 9.999704861513705190e-01 9.999726739721168656e-01
9.999715404703750643e-01 9.999721610083009971e-01 9.999703788914514613e-01 9.999773284007608121e-01 9.999670749555044091e-01 9.999733626421413168e-01 9.999714269731330152e-01 9.999727803165552320e-01 9.999752452676430314e-01 9.999719232901465027e-01
9.999647073429255295e-01 9.999636916129189812e-01 9.999765828627574793e-01 9.999711095151747609e-01 9.999622717230858271e-01 9.999727064300047985e-01 9.999769941397155248e-01 9.999788628334899121e-01 9.999733928112990444e-01 9.999725686715924544e-01
9.999707936139946574e-01 9.999721809027580788e-01 9.999724800062195218e-01 9.999718213358088637e-01 9.999713803679712854e-01 9.999791618000083426e-01 9.999787655019176658e-01 9.999729178799930951e-01 9.999656718866496430e-01 9.999721595371416916e-01
9.999703702374163061e-01 9.999788927056652010e-01 9.999779796534171705e-01 9.999706999214026393e-01 9.999749372016628612e-01 9.999737101815060480e-01 9.999766682822568420e-01 9.999761152334477599e-01 9.999730163818943973e-01 9.999665166628967095e-01
9.999665240941023603e-01 9.999733904515720750e-01 9.999758504549068894e-01 9.999694030857679827e-01 9.999755766741647012e-01 9.999713579594231572e-01 9.999784591063914929e-01 9.999741691856673942e-01 9.999684783887740069e-01 9.999787100227052195e-01
9.999711048041930450e-01 9.999755728247117226e-01 9.999656375231985583e-01 9.999666140232311706e-01 9.999674972414065444e-01 9.999731724321746507e-01 9.999718005459988790e-01 9.999796964395636367e-01 9.999714351920212518e-01 9.999741328137932150e-01
9.999677098868036129e-01 9.999732673628212165e-01 9.999716779592047189e-01 9.999742313903041691e-01 9.999760920487792415e-01 9.999777090971296856e-01 9.999799845022335765e-01 9.999738319160007549e-01 9.999662826123739690e-01 9.999726664323587144e-01
9.999682395845578275e-01 9.999716125376039155e-01 9.999731575558999941e-01 9.999730271222802003e-01 9.999753577016112782e-01 9.999727894981710330e-01 9.999749163528603990e-01 9.999647905744772913e-01 9.999785456113039483e-01 9.999736917958792493e-01
9.999734155352748566e-01 9.999689066611370247e-01 9.999753216504632114e-01 9.999697486933366575e-01 9.999634262313392696e-01 9.999713786791437631e-01 9.999697336772018774e-01 9.999699036104929828e-01 9.999733758784805637e-01 9.999732882713454618e-01
9.999733891203304026e-01 9.999729975340603261e-01 9.999624468982815095e-01 9.999761667361247719e-01 9.999806508293800356e-01 9.999649479294848708e-01 9.999725998890141021e-01 9.999719868194703043e-01 9.999733638545729164e-01 9.999710926896129282e-01
9.999736766604370164e-01 9.999757813862081290e-01 9.999714802155971194e-01 9.999723939132448836e-01 9.999748864767107337e-01 9.999673414424324891e-01 9.999799638598861895e-01 9.999679889734783833e-01 9.999721892489780162e-01 9.999739037970840627e-01
9.999721290248529959e-01 9.999703403062178975e-01 9.999736383145146901e-01 9.999680375185042713e-01 9.999646989330024383e-01 9.999686393586620925e-01 9.999750759380615639e-01 9.999747608710572999e-01 9.999741759248230721e-01 9.999720109975599458e-01
9.999747970060089974e-01 9.999692448142658563e-01 9.999765120698036469e-01 9.999679261706972966e-01 9.999738905034857295e-01 9.999757041982155759e-01 9.999708354840516344e-01 9.999772268948351472e-01 9.999802065233051040e-01 9.999689798136646157e-01
9.999753187431589252e-01 9.999755508481388278e-01 9.999763385386737369e-01 9.999737510740269730e-01 9.999739864372895193e-01 9.999730841756684363e-01 9.999761096377067782e-01 9.999750597677040664e-01 9.999626231607776639e-01 9.999746800417459447e-01
9.999695681546939552e-01 9.999758560015767905e-01 9.999757313783603774e-01 9.999670534746255557e-01 9.999726288091471682e-01 9.999710736068012640e-01 9.999715387624004137e-01 9.999748441806469712e-01 9.999745384947069660e-01 9.999730578412877602e-01
9.999719963701381165e-01 9.999672778050610056e-01 9.999719073705801708e-01 9.999653222166640099e-01 9.999729347404301416e-01 9.999754224509351808e-01 9.999689966585680878e-01 9.999693741343327336e-01 9.999768545801063224e-01 9.999687355645028308e-01
9.999723389115592331e-01 9.999710992899749629e-01 9.999723876375565812e-01 9.999744989754654201e-01 9.999706997886119719e-01 9.999752353384865344e-01 9.999766022967715440e-01 9.999745448565789951e-01 9.999778039841137334e-01 9.999764473045511526e-01
9.999710876611308530e-01 9.999690981931437239e-01 9.999755482300592968e-01 9.999717022828603641e-01 9.999726217637658898e-01 9.999786913799791899e-01 9.999672913788755224e-01 9.999720483514162872e-01 9.999783661048969874e-01 9.999731693478568495e-01
9.999800048533007413e-01 9.999688502469600282e-01 9.999670892067487049e-01 9.999688469464718121e-01 9.999656765191140551e-01 9.999744496454769926e-01 9.999713554475206934e-01 9.999735623087491199e-01 9.999733838896432969e-01 9.999726527824955857e-01
9.999727388784993565e-01 9.999752419487951682e-01 9.999776474372724655e-01 9.999789609252182077e-01 9.999732892051310662e-01 9.999777412433348278e-01 9.999727532787850981e-01 9.999702739356245429e-01 9.999774772637151088e-01 9.999655087825253252e-01
9.999759289957748098e-01 9.999703661668061239e-01 9.999702893395590042e-01 9.999769851563327094e-01 9.999758477717825000e-01 9.999744702432870058e-01 9.999732599371491393e-01 9.999710085530812975e-01 9.999725766154551332e-01 9.999760701241700023e-01
9.999719142349854373e-01 9.999715575715446558e-01 9.999765238339790585e-01 9.999774745358458450e-01 9.999782419485663265e-01 9.999680515710411832e-01 9.999682285551847460e-01 9.999734589040503163e-01 9.999726311267665979e-01 9.999753513527044335e-01
9.999776544724355842e-01 9.999688392177480400e-01 9.999675236983055493e-01 9.999771709502296435e-01 9.999751146338927699e-01 9.999642260554456596e-01 9.999779900134374566e-01 9.999795153173772766e-01 9.999770564635981351e-01 9.999779814207302442e-01
9.999731666049278545e-01 9.999646337385142969e-01 9.999711546192283640e-01 9.999741820970433626e-01 9.999687454354282412e-01 9.999686489636007147e-01 9.999800554372051398e-01 9.999768255521517268e-01 9.999800809249961286e-01 9.999714558310002221e-01
9.999715466574484735e-01 9.999748418900965552e-01 9.999712738118684552e-01 9.999666782371762208e-01 9.999724705648557199e-01 9.999720791203797754e-01 9.999748683030513785e-01 9.999726268991587785e-01 9.999698468948209351e-01 9.999719494971817113e-01
9.999763827043155473e-01 9.999684861333736352e-01 9.999727132868907464e-01 9.999710927451185283e-01 9.999743118701017730e-01 9.999652909306462334e-01 9.999710466682362187e-01 9.999677376890973024e-01 9.999694432270271882e-01 9.999660594004778913e-01
9.999708437528164184e-01 9.999595149617747092e-01 9.999710479955421505e-01 9.999753396487265356e-01 9.999708800734080638e-01 9.999760098209699022e-01 9.999700704410066088e-01 9.999692918150034915e-01 9.999761793611261496e-01 9.999738772318831348e-01
9.999760579350633893e-01 9.999770995232496462e-01 9.999690628062870568e-01 9.999748444495480948e-01 9.999698991226070310e-01 9.999689753888393318e-01 9.999670524714219244e-01 9.999746713783475016e-01 9.999773423183163645e-01 9.999616420402651640e-01
9.999733166445703425e-01 9.999752553823791912e-01 9.999765661514972148e-01 9.999707014543099959e-01 9.999726664896270156e-01 9.999713264560627923e-01 9.999769751471714319e-01 9.999707503723714863e-01 9.999703719465398155e-01 9.999721425446379541e-01
9.999721099963827520e-01 9.999718779850752526e-01 9.999723146726441358e-01 9.999750377420240088e-01 9.999732649228774140e-01 9.999745869172304014e-01 9.999705695594055532e-01 9.999689512307677886e-01 9.999675798111243852e-01 9.999755425520571173e-01
9.999614523632884833e-01 9.999721161687785687e-01 9.999688275238654001e-01 9.999591228755477790e-01 9.999799227519983180e-01 9.999664166795895204e-01 9.999749301615740160e-01 9.999698986035042703e-01 9.999708673663174618e-01 9.999808616195950961e-01
9.999703498332325191e-01 9.999757217432022616e-01 9.999762844759476632e-01 9.999666432994761545e-01 9.999730924828438283e-01 9.999715768891946910e-01 9.999739026209139015e-01 9.999764228293197554e-01 9.999743811094806700e-01 9.999723958367696675e-01
9.999712767005035641e-01 9.999764282135110705e-01 9.999764246840291415e-01 9.999696344174545670e-01 9.999744466940430065e-01 9.999697062390685565e-01 9.999710715286287410e-01 9.999669980489007681e-01 9.999657216053804420e-01 9.999707055709051717e-01
9.999747122798527954e-01 9.999722939035724512e-01 9.999785708476028878e-01 9.999702565937871324e-01 9.999710200195511822e-01 9.999739177499705756e-01 9.999738451330818512e-01 9.999729043772987991e-01 9.999719331575777082e-01 9.999711663133243889e-01
9.999726806925088862e-01 9.999797726959788191e-01 9.999746070401636100e-01 9.999706227672934267e-01 9.999726181697102811e-01 9.999685750844451437e-01 9.999723120939004728e-01 9.999681735705573393e-01 9.999757434915699239e-01 9.999757202577460591e-01
9.999709938603350556e-01 9.999746858278275585e-01 9.999710509947817849e-01 9.999706407171903288e-01 9.999685942618484757e-01 9.999678893681067660e-01 9.999726148586399743e-01 9.999650576396011958e-01 9.999705829265588264e-01 9.999723622403184908e-01
9.999777995529370855e-01 9.999689601497134817e-01 9.999761735520834582e-01 9.999686936501174239e-01 9.999738288179756962e-01 9.999614816982703713e-01 9.999701346223319742e-01 9.999742651111530600e-01 9.999705638082975190e-01 9.999699100586268985e-01
9.999736541385949584e-01 9.999699371816944682e-01 9.999722186123827239e-01 9.999685624231687830e-01 9.999744490097967065e-01 9.999727138380405389e-01 9.999731696838976003e-01 9.999686849369895381e-01 9.999747818298434510e-01 9.999709561837761829e-01
9.999711127631887297e-01 9.999806850423746951e-01 9.999697822054717244e-01 9.999770526219832201e-01 9.999665840680048712e-01 9.999749646534067393e-01 9.999703992894107829e-01 9.999745347121884453e-01 9.999650299735238779e-01 9.999716499356625654e-01
9.999712586716472673e-01 9.999695230354577191e-01 9.999748725566179886e-01 9.999710291103983684e-01 9.999691519087476888e-01 9.999787035885947528e-01 9.999715993711189022e-01 9.999732446369787864e-01 9.999708652148175947e-01 9.999719164097954360e-01
9.999691491072160154e-01 9.999707751152374646e-01 9.999665125028690538e-01 9.999722958627754732e-01 9.999715029287871149e-01 9.999638670550281550e-01 9.999747510169718634e-01 9.999705165696181064e-01 9.999740893380227869e-01 9.999683274081259121e-01
9.999708351759387659e-01 9.999726360444095574e-01 9.999764370712369566e-01 9.999683008147796093e-01 9.999743956147548740e-01 9.999672260143140923e-01 9.999760425509313100e-01 9.999736600277024934e-01 9.999775579497289790e-01 9.999709308461774970e-01
9.999706089366074968e-01 9.999738175945931395e-01 9.999689778110962823e-01 9.999721943254518131e-01 9.999732912167150767e-01 9.999710587313455079e-01 9.999717517183923654e-01 9.999648716577834717e-01 9.999698788125827020e-01 9.999738903312552774e-01
9.999736423689637999e-01 9.999697042721796825e-01 9.999733514563177161e-01 9.999730237400307198e-01 9.999719048310992120e-01 9.999759504103744590e-01 9.999733431572537246e-01 9.999755834985739611e-01 9.999766077645073636e-01 9.999720616024840858e-01
9.999770105730295677e-01 9.999771892045035138e-01 9.999721801812310185e-01 9.999751357688501097e-01 9.999756357174556243e-01 9.999777583754180244e-01 9.999792305102032097e-01 9.999710949544051708e-01 9.999734336326444595e-01 9.999732280526021366e-01
9.999773552770930829e-01 9.999740836879115191e-01 9.999692545790306308e-01 9.999730480685318224e-01 9.999760910329188457e-01 9.999710330036134520e-01 9.999707912568870372e-01 9.999718226568583557e-01 9.999732241963589230e-01 9.999704913446278987e-01
