9.283869870703350680e-01 9.233609336891340780e-01 9.680676159307760598e-01 9.888555461246920641e-01 9.614494275591506378e-01 9.248556190489438666e-01 9.653410867688555497e-01 9.546183471256749486e-01 9.893426889888539133e-01 9.560816602313384482e-01
9.866876490485413376e-01 9.822097198936530216e-01 9.829724474565619818e-01 9.895719867097519939e-01 9.843911426954152777e-01 9.760121370022588616e-01 9.751442802527553466e-01 9.745695899333818302e-01 9.813966287150067691e-01 9.689220424230977624e-01
9.905682021774695478e-01 9.843625480446943632e-01 9.739466854373681759e-01 9.842964769313233830e-01 9.609769512211417952e-01 9.666702493571230903e-01 9.580214047941736366e-01 9.557591666894817983e-01 9.778125613570577412e-01 9.693523170556196389e-01
9.285435175041407696e-01 9.851182237862536883e-01 9.830407901044276864e-01 9.736224113497383703e-01 9.570246791562712074e-01 8.779294259019335689e-01 9.677925567864464895e-01 9.376053714312340137e-01 9.774821573795405838e-01 9.893576675675980203e-01
9.826262511859782389e-01 9.925136287914241295e-01 9.856052968943734838e-01 9.503446112471722884e-01 9.635869171180836412e-01 9.763210574016832899e-01 9.839015618580889688e-01 9.711702108463700078e-01 9.521014356823882530e-01 9.913679632996984514e-01
9.692873328357309859e-01 9.491420125611225167e-01 9.837132112182148669e-01 9.910341894540285468e-01 9.750077740983524865e-01 9.638701078922176091e-01 9.813392131612239666e-01 9.854261280037169835e-01 9.613865073098210035e-01 9.726396416518520160e-01
9.406928512265647635e-01 9.843986573562034659e-01 9.763784576776536328e-01 8.797594149609260228e-01 9.934134950494692973e-01 9.467084327236229280e-01 9.640776767182773765e-01 9.888736210973513296e-01 9.911882503229487718e-01 9.800774399644776036e-01
9.867542582687980346e-01 9.573126773472192541e-01 9.934580293700476794e-01 9.798825828775340474e-01 9.637113275662739786e-01 9.909958873871239637e-01 9.708607050980166964e-01 9.664714050283870206e-01 9.516438761163165116e-01 9.872625842374818106e-01
9.803475615045108560e-01 9.678102608768270887e-01 9.901000352357498535e-01 7.504351759282079648e-01 9.878877623202019231e-01 9.724785989136928155e-01 9.639248447825079502e-01 9.125024470687702616e-01 9.772264320964157980e-01 9.872543819566059753e-01
9.761729310350444333e-01 9.674636320226911446e-01 8.520025627094837128e-01 9.687873866516517607e-01 9.277187461809777158e-01 9.822415593267003198e-01 9.612887545944148737e-01 9.738297921514791344e-01 9.784584257716938405e-01 9.742773178977713888e-01
9.695729187237327462e-01 9.691984768914108095e-01 9.883853674301696923e-01 9.883664652489052571e-01 9.608812560209829545e-01 9.600818790626406418e-01 9.916226772063554407e-01 9.196167665531542745e-01 8.423225616082206102e-01 9.750655066965968620e-01
9.751368293311816204e-01 9.748891612033581122e-01 9.101698850385989692e-01 9.711511615900044747e-01 8.055102839471917076e-01 9.813313369947134213e-01 9.596294469597435040e-01 6.885497102918258783e-01 9.499133795223333454e-01 9.728740086575985435e-01
9.853402255142573729e-01 9.872516691300203817e-01 9.617934455053192000e-01 9.883857017886599206e-01 9.812780543112729070e-01 9.917730651065269631e-01 9.757480435523976370e-01 6.838410290049780071e-01 9.708858899418949528e-01 9.419376514416911705e-01
9.867082767051491565e-01 9.654080095170974873e-01 9.611868915157625315e-01 9.817526969729380992e-01 9.873872280795854550e-01 8.896033318699909653e-01 9.605971102975262577e-01 9.670336510193860979e-01 9.500678164150394567e-01 9.896272061002304721e-01
9.575404075346940491e-01 9.702665461165256300e-01 9.921601027549578067e-01 9.269364889771356530e-01 9.739789775108074199e-01 9.650335833764553950e-01 9.692481899716665072e-01 9.777118906435872114e-01 9.805959110827245917e-01 9.491369139481533601e-01
9.879978733457475126e-01 9.806120713388852828e-01 9.698934394722064090e-01 9.170101407396054061e-01 9.640588720283829183e-01 9.858726094832476194e-01 9.789579609203188371e-01 9.791360879212125390e-01 9.835671388483040456e-01 9.802763345446080523e-01
9.808461301467983340e-01 9.717377455663883667e-01 9.144463878126811718e-01 9.818598455112721446e-01 9.724476913562838387e-01 9.825226926348359369e-01 9.865581713380201512e-01 9.817032620789342134e-01 9.751226493663168737e-01 9.808544781344687991e-01
9.402342025902402645e-01 9.440390930153245153e-01 9.832324573566649795e-01 9.753382548896754045e-01 9.802567524221769135e-01 9.666217574183328942e-01 8.794019609891711164e-01 9.808128291755986439e-01 9.735976147383930135e-01 9.722347234133189575e-01
9.585123303178504361e-01 9.445310948623878433e-01 8.517658109468219108e-01 9.712385512499795981e-01 9.696611741019429687e-01 9.598505904591518867e-01 9.773008255083277529e-01 9.454972982219116417e-01 9.329120577742427978e-01 8.864331987939637614e-01
9.737437355887005319e-01 9.489612467850834232e-01 9.168047843476238024e-01 9.840871551941628992e-01 9.778221653675973624e-01 9.601650998911691604e-01 9.883881247649224377e-01 8.684900305289823264e-01 9.265018006871045264e-01 9.790288326755406390e-01
9.921939323951948220e-01 9.729170217167765200e-01 9.794332884642734660e-01 9.742058899101381231e-01 9.888445732723029069e-01 9.502404816276706079e-01 9.576568336361899192e-01 9.629060020159575517e-01 9.696653478745737020e-01 9.738505420779365318e-01
9.846736641519892030e-01 9.468381972763593168e-01 8.578399826607331358e-01 9.593232366859268945e-01 9.830321833303461432e-01 9.844664259986245503e-01 9.511645961521236758e-01 9.376884119529583783e-01 5.787597169525182661e-01 9.829110727906863465e-01
9.504033581755853000e-01 9.438071172352729965e-01 9.848251715700140352e-01 8.895957803555483157e-01 9.383013873113706937e-01 8.830265141018418529e-01 9.637235533641232976e-01 9.206634796304932200e-01 8.660241451995447370e-01 9.111513431987279255e-01
9.773300538020606165e-01 9.588744412284897489e-01 9.239946314778900716e-01 9.843693958448779258e-01 9.798956522408491798e-01 9.872574313464934637e-01 9.862619959789573620e-01 9.745175430302195352e-01 9.817512666997378901e-01 8.212452257066134020e-01
9.303425823104655157e-01 9.574013792420750235e-01 9.861759493802235710e-01 9.457519957114433051e-01 9.810853730146307239e-01 8.655835002441032433e-01 9.525904221999542676e-01 9.745731436824978111e-01 9.861302420672114488e-01 9.754287432782963174e-01
9.740007246653831219e-01 9.260032051949097509e-01 9.266506726336894983e-01 9.317896027609765541e-01 9.886906942204353177e-01 9.379523151069875109e-01 9.795615948274605245e-01 9.920926071712401484e-01 9.640118833821667010e-01 9.729799027854796334e-01
9.890958107709106883e-01 9.851562626546943591e-01 9.739851480492347502e-01 9.856649612735375321e-01 9.741529526189458554e-01 9.593414661130297283e-01 9.586355666622529137e-01 9.839713500715989714e-01 9.821755655602177892e-01 9.868109322522431448e-01
9.617980095926281781e-01 9.563769282898961777e-01 9.603872980598766596e-01 9.376890645123564516e-01 9.162214258525420707e-01 9.811949782329434377e-01 9.827960402402926565e-01 9.622851985347299353e-01 9.416647055304199210e-01 9.657986489479184478e-01
9.695085094678004278e-01 5.624044626219483201e-01 9.169627802296982377e-01 9.718285864263402907e-01 7.396354909432192315e-01 9.561907668012504802e-01 9.760257455688368111e-01 9.282673897931800200e-01 9.789588858920744707e-01 9.619665450489052194e-01
9.609642415164135754e-01 9.826216901384192681e-01 9.689060681069581182e-01 9.837610919428667611e-01 9.811877067107748207e-01 9.620593933284602439e-01 9.873555001036002921e-01 9.662008738843851363e-01 9.634972503326232340e-01 9.174297962277495611e-01
9.820089811262012747e-01 9.907301700318803528e-01 9.148003444295206288e-01 9.820499397775519501e-01 9.851830383761078780e-01 9.721357701063179091e-01 9.825997266415253950e-01 9.393979478971326014e-01 9.849404758996564979e-01 9.823357047176606294e-01
9.880933089255361512e-01 9.941948102304055679e-01 9.709014050559021669e-01 9.706067264276992956e-01 9.797027897810901553e-01 9.811312545707633337e-01 9.864325924408324786e-01 9.909859192475373169e-01 9.738414028475819162e-01 9.753195386557136359e-01
9.929052358502457043e-01 9.757743947440505883e-01 9.533574951298630085e-01 9.761225613658733868e-01 9.596573598857782716e-01 9.570249031788552463e-01 9.755237201642269484e-01 9.632491200617886440e-01 9.267196849101545508e-01 9.810601180179291392e-01
9.839886348003741290e-01 9.829342337724681355e-01 9.877724673965433411e-01 9.696639033612338698e-01 8.991555678190451539e-01 9.921831845151862783e-01 9.843664592427080473e-01 9.833081974527393410e-01 9.883372196363564566e-01 9.859754408026293326e-01
9.242248594312501009e-01 9.927376120514967983e-01 9.876548400505267278e-01 9.899260590269899351e-01 9.828579476074646992e-01 9.568387887996384622e-01 9.894526292213954299e-01 9.895263395862806677e-01 9.549945561976542763e-01 9.864052728582716201e-01
9.754115372820056917e-01 9.633769649069913177e-01 9.678853871956295540e-01 9.867839438755388048e-01 9.580385699254799770e-01 9.820158131486061981e-01 9.447341720397655074e-01 9.866570412350087471e-01 9.597216089245101944e-01 9.700766720010365329e-01
9.710082565208568717e-01 9.901264382075729564e-01 9.921966457852134935e-01 9.870301911664959293e-01 9.855411282755587310e-01 9.790593376206654375e-01 9.853284226604402951e-01 9.894682211563373686e-01 9.760948635632333836e-01 9.920510620800420121e-01
9.736292909937197537e-01 9.164834835785111711e-01 9.801049367159232473e-01 9.872231291853007518e-01 9.815445519313278355e-01 9.765783910209927532e-01 9.705573478423520362e-01 9.931483988932542362e-01 9.487825519727364210e-01 9.931645603330930827e-01
9.630577057097499116e-01 9.929580269379356672e-01 9.608992498833225371e-01 9.820314979131294919e-01 9.919399691590369272e-01 9.904706543805906760e-01 9.609050893242254698e-01 9.890075189704545799e-01 9.541851139039212448e-01 9.900476874266177507e-01
9.242507454238146902e-01 9.523453396150649564e-01 9.801414002620810750e-01 9.795309385123162071e-01 9.558983417937630955e-01 9.786956876546712980e-01 9.523766529796426905e-01 9.816363196667647895e-01 9.725985259799567739e-01 9.863887609176525961e-01
9.839694688062140537e-01 9.621607673700766084e-01 9.735422987278098406e-01 9.830919617733046012e-01 9.723643040806033699e-01 9.578023853008146293e-01 9.794841892827288454e-01 9.687654632853046621e-01 9.692613677830289598e-01 9.101474762987116218e-01
9.540213254040808000e-01 9.737989740170239772e-01 9.671049090876303600e-01 9.601035934176940234e-01 9.923606223682494010e-01 9.554034220761098428e-01 9.568226366807378591e-01 9.555563054329946349e-01 9.940846369318012687e-01 9.141127501177229719e-01
9.707912405068024331e-01 9.607600978166673800e-01 9.823453303682558868e-01 9.861330158757387609e-01 9.445557981762223720e-01 9.617422931347455739e-01 9.551171052632955183e-01 9.732385465224764332e-01 9.840656236127844902e-01 9.715338301943469146e-01
9.652531639834242005e-01 9.159580210673364808e-01 9.874849506930178933e-01 9.725144359372842606e-01 9.495847615547504672e-01 9.824216612350402666e-01 9.915929835489685207e-01 9.889127492992224600e-01 9.653595591051382652e-01 9.854978763383805962e-01
9.515756212221303523e-01 9.727591346680216633e-01 9.170927008055733687e-01 9.574001853543299134e-01 9.756446424475667678e-01 9.876341878094527793e-01 9.691435992133564659e-01 9.874960041487633733e-01 9.695525891622529535e-01 8.574325829810900412e-01
9.754620705066018305e-01 9.736262931416185262e-01 9.432029258648084724e-01 9.719825520543595720e-01 9.888439441872133306e-01 9.816462001870480680e-01 9.908488253352005781e-01 9.825058997525701887e-01 9.259730832266769296e-01 9.388980775347530727e-01
9.906893857271968917e-01 9.751993634309760184e-01 9.838236067279487740e-01 9.739460725937925112e-01 9.411239613394425385e-01 9.683263548064918735e-01 9.789665225278589844e-01 9.794636221931115605e-01 9.600319625795148415e-01 9.743240296963449065e-01
9.760794472381956188e-01 9.820680126714916858e-01 9.645156519198390122e-01 9.796507668009980518e-01 9.803247016855771712e-01 9.612196490981229635e-01 9.535438749467847197e-01 9.461330290875870075e-01 9.532542457746445708e-01 9.724570333126724142e-01
9.770811432032019406e-01 9.671486315521382604e-01 9.902716078119061516e-01 9.381334312683212717e-01 9.816214185008241833e-01 9.820780888851552426e-01 9.005609414236934729e-01 8.732499415295731371e-01 9.127808465323739018e-01 9.920069763144255814e-01
9.636910029641588826e-01 9.825541619804676330e-01 9.869058064893794224e-01 9.751605103447098521e-01 9.799592855001429959e-01 9.192010609379254182e-01 9.573570434779994365e-01 9.849554425278053138e-01 9.666532717674960473e-01 9.898116612155688498e-01
9.581073753075033395e-01 9.885812535117634026e-01 9.748635069300368716e-01 9.895702989843275788e-01 8.879245639893225128e-01 9.708487692567404626e-01 9.714688649172125157e-01 9.799628806657684210e-01 9.875891055734037360e-01 9.700089706398810074e-01
9.862175188455319930e-01 9.873380808234438755e-01 9.851781593126213155e-01 9.827866465264273321e-01 8.908390490948483453e-01 9.210909717711577294e-01 9.808509196172477962e-01 9.574604481899978703e-01 7.611566797963691400e-01 9.836725029491554251e-01
9.735324625570009882e-01 9.859084634663429769e-01 9.739713253630674084e-01 9.754849686738493730e-01 9.757763672777085562e-01 9.766791989301530919e-01 9.743327180291340150e-01 9.868484388699271248e-01 9.848998830990050024e-01 9.864054855252960552e-01
9.631370204953421110e-01 9.928806518790039837e-01 9.793323624987326781e-01 9.627673374912190107e-01 9.898896026354712108e-01 9.857147630922307169e-01 9.778963377526949108e-01 9.684204641812768077e-01 9.826050305079816471e-01 9.909436950192965776e-01
9.859004540031759412e-01 9.719104262471183198e-01 9.094975001527683123e-01 9.377987326553423042e-01 9.714469226418281922e-01 9.919480976920671544e-01 9.695089983633700115e-01 9.460316587142008071e-01 9.438448767815383889e-01 9.619720094547878908e-01
9.857287617302500360e-01 9.698709298981734728e-01 9.274780891382579107e-01 9.346548919402059008e-01 9.496184526078998989e-01 9.917932117633364575e-01 9.636913316308566291e-01 9.828811627750114743e-01 9.734546158753041301e-01 9.828862846921421204e-01
9.939049129840563657e-01 9.393768723815962840e-01 9.768728842756703168e-01 9.290513130256847774e-01 9.853602112877316577e-01 9.835746067965448480e-01 9.782663139006481101e-01 9.817375977646631835e-01 9.878281898964601515e-01 9.669941171438776184e-01
9.630178275299384749e-01 6.843051321705747592e-01 9.725925580505627721e-01 9.383025930837504136e-01 9.739526412053860494e-01 9.884810879572416553e-01 9.880523192233119367e-01 9.767564704779255758e-01 9.809706096910143502e-01 9.850425079086984059e-01
9.929209592047918420e-01 9.738735467189553185e-01 9.607341020715819413e-01 8.951585087771773974e-01 9.897749179858397195e-01 9.605842336119534419e-01 8.868559367633823687e-01 9.703541731664482306e-01 9.932416569594404443e-01 9.649116049325293654e-01
9.821010387332695935e-01 9.766651476217248495e-01 9.443403798094530677e-01 9.810922050305284081e-01 9.561508277049142190e-01 9.858812246979684613e-01 9.756958885539770421e-01 9.877725108686197242e-01 9.885200348569527229e-01 9.782649568262765660e-01
9.790057637762059617e-01 9.666175515582565714e-01 9.731417723884052684e-01 9.693454153325790079e-01 9.319671804336701060e-01 9.594430641142428495e-01 7.686426951473331881e-01 9.916485654002589190e-01 9.857761215706891678e-01 9.826760693632727861e-01
9.692296754584005525e-01 9.744547908395959634e-01 8.206104586792881683e-01 9.709087240623488491e-01 9.570871515066152746e-01 9.849738859355844367e-01 9.757369887391484919e-01 9.571312574606810619e-01 9.898912409796895018e-01 9.845897138844800223e-01
9.877489074845201555e-01 9.897213536525633071e-01 9.722799429814247274e-01 9.360187154430829048e-01 9.864056670103048541e-01 9.793453842012586064e-01 9.792487546627803852e-01 9.694040602300832976e-01 9.891231284219709208e-01 9.639864477166508738e-01
9.920849428746614240e-01 9.137800665437929570e-01 9.158141405366112542e-01 9.866230055318213621e-01 9.946755359242308581e-01 9.030329928073428380e-01 9.858894052691119514e-01 9.871228956273850885e-01 9.696868618766349979e-01 9.803883359813033715e-01
8.204782672112863606e-01 9.816428066973090782e-01 9.445000180736141671e-01 9.849556652982469629e-01 9.731157322960950484e-01 9.724603829826468093e-01 9.439506377918153168e-01 9.681734109499010588e-01 9.560144867397109003e-01 9.884320014787809638e-01
9.431998652157083107e-01 9.890910352251410798e-01 7.317519572142573425e-01 9.875633548550794005e-01 9.614415079476242854e-01 9.697092727742508966e-01 9.839337366078142466e-01 8.922403911832963441e-01 8.752295532064580108e-01 9.671512970028690592e-01
9.338106903416134585e-01 9.774976752614591424e-01 9.884393629014388560e-01 9.600248515310785269e-01 9.750553957997916132e-01 9.739558673462800353e-01 9.692569858257376048e-01 9.891800947335672722e-01 9.771181612902968272e-01 9.781896493476455179e-01
9.336134797131646623e-01 8.952678273329812697e-01 9.039064875541943378e-01 9.822798384225001067e-01 5.298826773426817960e-01 9.896429456130466651e-01 9.825468349027276505e-01 9.524908138477871100e-01 9.491856537774411295e-01 5.618449996435190830e-01
9.801045608714322732e-01 9.831123879798382426e-01 9.837739216758062399e-01 9.458516478238885306e-01 9.805661404984381546e-01 9.785149789745404281e-01 9.497330141140374327e-01 9.520832272754091719e-01 9.888717059307665647e-01 9.204063129733784931e-01
9.684076283908417127e-01 9.850144459688445764e-01 9.764560855302848452e-01 9.497490246025597216e-01 8.318809086679059828e-01 9.099022317927251136e-01 9.864466950829541281e-01 9.719018127921750239e-01 9.319713646907943350e-01 9.812164834199206265e-01
8.921170152727797564e-01 9.805300145362815245e-01 9.388904212029640650e-01 9.714749618024599576e-01 9.526455549597805383e-01 9.769320074655404307e-01 9.487891246311381810e-01 9.655909066172603250e-01 9.505186551460201860e-01 8.260268766817505659e-01
9.733716442715297790e-01 9.814779162806716029e-01 9.906906010967759801e-01 9.857132588473117574e-01 9.745787704266556384e-01 9.606815573586394708e-01 9.840530078519611479e-01 9.759347280567476357e-01 9.844953113626407903e-01 9.508678147361814270e-01
8.652542849599342833e-01 9.849861995469595399e-01 9.611636159954930481e-01 9.909516983257689038e-01 9.822162161543287473e-01 9.431681727797424086e-01 8.285339232482384908e-01 9.693351270480363713e-01 9.535523054963446210e-01 8.426092024967216654e-01
9.917048156843042417e-01 8.695150523282862975e-01 9.702884594225301695e-01 9.506799825633559520e-01 9.586784803889216722e-01 9.303750116644087242e-01 9.769608386177525139e-01 9.755571881584428340e-01 9.727117058783172343e-01 9.751832218689706622e-01
8.284874948011448081e-01 9.719763550598300439e-01 9.847534497852470370e-01 9.854491940682542639e-01 9.844494757260983109e-01 9.528157199151979784e-01 9.779060477822154596e-01 9.510588675361800748e-01 8.672045149484635118e-01 9.021822473675095155e-01
9.712055809826893871e-01 7.364882052978920512e-01 9.761886102443956270e-01 9.819651773862125843e-01 9.705444906587264997e-01 9.707660952701536727e-01 9.872411154633227159e-01 9.759095850758097157e-01 6.093263365571633949e-01 9.885841506328789663e-01
9.909037339521233889e-01 9.854250373917873285e-01 9.849320277523970768e-01 9.528417241449460562e-01 9.866624282626154097e-01 9.936832617213752217e-01 9.675853820851705311e-01 9.763875980315105396e-01 9.818274062717866624e-01 9.831553915058572901e-01
9.682427539666212946e-01 9.831674365050647735e-01 9.839127381124209704e-01 9.920545254122088430e-01 9.710832921213523594e-01 9.766531386690749938e-01 9.786677390634814788e-01 8.357195978292818461e-01 9.834132512495977751e-01 9.838009909946354714e-01
9.689455327801166362e-01 9.788113329540245600e-01 9.830914353688471330e-01 9.857623145076405136e-01 9.919510240192355166e-01 9.698038414754172054e-01 9.366336586463136493e-01 9.759572979168882334e-01 9.753574877605808435e-01 9.735476602369576016e-01
9.613355460024167742e-01 9.821529838423280756e-01 9.881871479191429719e-01 9.755005049932478078e-01 9.654744748738842697e-01 9.595174407670526984e-01 9.862024130739754924e-01 9.833974624435173340e-01 9.822804569173110290e-01 9.728109721138626931e-01
9.124892048362476249e-01 9.892064551845658471e-01 9.873424664842314069e-01 9.871922875722355384e-01 9.534014249891803461e-01 9.868221177942454458e-01 9.868485378310057898e-01 9.846133229809691523e-01 9.320942894942527701e-01 9.793747609683999267e-01
9.515110456448682141e-01 9.873418847728898662e-01 8.845807536273628813e-01 9.807165214851516488e-01 9.913998371111477637e-01 9.841449140321117950e-01 9.714555836841370917e-01 6.993946362000826866e-01 2.928370479273658677e-01 9.844163432419353876e-01
9.754796080544073655e-01 9.693945313389187302e-01 9.684777098184873534e-01 9.817306085937769211e-01 9.870797191150483263e-01 9.678355537351617244e-01 9.738027035003804510e-01 9.641079887240678881e-01 9.873380026478981719e-01 9.664274227766855851e-01
9.670111048245482177e-01 9.818481426825181879e-01 9.863909130144267179e-01 9.725724594878950580e-01 9.754292269453487263e-01 9.676437754787392542e-01 9.477795597200496802e-01 8.514269284943324356e-01 9.528036200236172926e-01 9.688345645238202186e-01
9.396919219258279554e-01 9.889453172473745557e-01 9.419060988803790169e-01 9.814791368253584780e-01 9.928434232979872487e-01 9.801255421545056468e-01 8.149991230362423345e-01 9.916221712006599853e-01 9.807381958730954086e-01 9.785284478474781666e-01
9.849264318472348290e-01 9.484512165178017318e-01 9.618494083359060420e-01 9.509130015902604871e-01 9.856981130805350100e-01 9.745564235784713869e-01 9.635221789886209143e-01 9.648847818329265857e-01 9.656341493981114299e-01 9.757527868894940726e-01
9.847755210625477318e-01 9.793102692117081620e-01 9.625968244540547003e-01 9.832787681908435884e-01 9.860547207423083771e-01 9.883545586055050292e-01 9.873512518818613470e-01 9.831071075150368266e-01 9.788507481266909283e-01 9.935701131730566571e-01
9.878771516736180036e-01 9.583915528811363105e-01 9.864208188805365651e-01 9.619875543738238832e-01 9.448203911177085468e-01 9.887083419653647232e-01 9.831726517047921776e-01 9.889676759270259465e-01 3.994862222698669640e-01 9.874318742377689029e-01
9.548155627970166259e-01 9.477683545726024450e-01 9.801721892298389527e-01 9.735419411695692693e-01 9.361586736557365729e-01 9.910826990328959196e-01 9.664130860229520614e-01 9.785468325896171660e-01 9.848531864153160509e-01 9.784465837486691075e-01
9.940838802691182030e-01 9.218391132328234150e-01 9.897134772787418155e-01 9.574911504283263319e-01 9.919292675975951434e-01 9.642312700826096705e-01 9.921131062470855966e-01 9.673136408323959046e-01 9.940520985427571121e-01 9.039504390195001182e-01
9.867848346692049688e-01 9.363485292509357016e-01 9.878317512435610404e-01 9.838253514210885120e-01 9.839642065858991149e-01 9.679106097342210502e-01 9.411773063762605140e-01 9.649457257687865663e-01 9.552617540257034578e-01 9.846265413849956127e-01
9.568958284053977748e-01 9.850126889269539276e-01 9.493735348453039569e-01 9.735564162242422714e-01 9.823581747640576234e-01 9.783269955704364529e-01 4.881054782414491755e-01 9.633226271819460562e-01 9.799776421792251169e-01 9.786649058308710680e-01
9.213402870469941108e-01 9.082095021744586161e-01 9.801957093380621044e-01 9.671762985233449683e-01 9.679596319783001501e-01 9.826986264901214074e-01 9.613686077675634989e-01 9.534755671400538812e-01 9.801662892786440207e-01 9.398418545114831657e-01
9.605308873012184945e-01 9.770370928807695643e-01 9.662810223451704372e-01 9.686079522476886972e-01 9.653128565412764095e-01 9.426960613861177229e-01 8.382016600766285519e-01 9.640131050888368636e-01 9.478385121261994062e-01 9.818617418977155786e-01
9.779211684759460121e-01 9.754971662059270798e-01 9.792997446799865946e-01 9.414054668274961513e-01 6.227002902416569619e-01 8.900609188233966629e-01 9.791414117550455432e-01 9.739118413623876203e-01 9.794687749481481021e-01 9.797325071408297115e-01
9.541629606156429855e-01 9.117519798209189341e-01 9.836046779788369943e-01 9.747673272737704675e-01 9.833226838221593713e-01 9.707567242307563182e-01 9.637900598297585164e-01 9.729877337815493465e-01 9.291297170258132621e-01 8.188359735319860055e-01
9.827486598843873100e-01 9.886517646320084340e-01 9.793030883193274416e-01 9.405333180560415673e-01 9.937333008426060266e-01 9.880282337242488611e-01 9.594628093490117360e-01 9.616976605584059978e-01 9.681172748555234575e-01 9.932891715906693175e-01
9.855061974449996764e-01 9.163338104921776583e-01 9.729482326606306852e-01 9.805913483243383633e-01 9.737606603667874339e-01 9.689467108111681215e-01 9.804009520962312374e-01 9.531363376546346800e-01 9.530444598886528285e-01 9.841293414497609415e-01
9.758377933781003932e-01 9.572985898718235909e-01 9.703736639749986903e-01 9.492869245112803833e-01 9.488158746940104082e-01 9.644896099394307809e-01 9.857215437550055359e-01 9.834372609905625007e-01 9.661192982285706776e-01 9.834619645186731818e-01
9.310415282636955725e-01 9.669348015664092078e-01 9.778615609777451256e-01 9.847917682956360830e-01 8.232353749236404061e-01 9.904725004806448352e-01 9.762256666441190278e-01 9.773335812497302433e-01 9.694302939008562214e-01 9.810186377391182377e-01
