9.998779315507910770e-01 9.999478225459458303e-01 9.999282163804102952e-01 9.999674578903774425e-01 9.999270092938541410e-01 9.999701870533073134e-01 9.999682601566656226e-01 9.999790277973864550e-01 9.999716601708544816e-01 9.999500211034720865e-01
9.999890043764313452e-01 9.999549348021066209e-01 9.999118129631022756e-01 9.999542488676417262e-01 9.999767408208741770e-01 9.999657572227939051e-01 9.999744604023074190e-01 9.999521358078327093e-01 9.999020989723250707e-01 9.999801021569080239e-01
9.999705236619321758e-01 9.999224385120630831e-01 9.999821652167557584e-01 9.999567038796433049e-01 9.999420147215379862e-01 9.999692017544811184e-01 9.999696670760223061e-01 9.999785874850677381e-01 9.999123538717301640e-01 9.999595630925541823e-01
9.999613632266015628e-01 9.999228360843498420e-01 9.999739332891677268e-01 9.999566148394554155e-01 9.999750608942205021e-01 9.999760840550299124e-01 9.999730333315832720e-01 9.999437722835062825e-01 9.998937699670570334e-01 9.999650617810610376e-01
9.999802392822011443e-01 9.999664024334209422e-01 9.999333595268089514e-01 9.999599844958423356e-01 9.998312361900432155e-01 9.999460278117390244e-01 9.999705263227700591e-01 9.999420607622540036e-01 9.999716347636689040e-01 9.999754555093628428e-01
9.999073437753637217e-01 9.999306729441129749e-01 9.999662442235093263e-01 9.999440534617017873e-01 9.999580935025732531e-01 9.999611506906335157e-01 9.998222539392316310e-01 9.999448214838436710e-01 9.999438944316342281e-01 9.999605461759302205e-01
9.999517594453951608e-01 9.999550037566282690e-01 9.999814211452324741e-01 9.999397740347322205e-01 9.999116424486746979e-01 9.999550697098429364e-01 9.999625981299101740e-01 9.999782779290362633e-01 9.999711065291466694e-01 9.999679035703028518e-01
9.999698982948378445e-01 9.999555032508236074e-01 9.999489538750900852e-01 9.999370518328964952e-01 9.999651879347228878e-01 9.998494624444798085e-01 9.999527552293792088e-01 9.998803790201185038e-01 9.999660985738496599e-01 9.999708677180302319e-01
9.999230057853930598e-01 9.999704141229908139e-01 9.999061198424260555e-01 9.999276790106239599e-01 9.999592359846586342e-01 9.999731353470738826e-01 9.999683138959567508e-01 9.999577849735010737e-01 9.999629988761520316e-01 9.999540581315553567e-01
9.999810363700698534e-01 9.999113851823070442e-01 9.995809155556744097e-01 9.999521034995068058e-01 9.999719295269646757e-01 9.999622074223745161e-01 9.999831620727306358e-01 9.999729301714939123e-01 9.999801922151306810e-01 9.999761028217357683e-01
9.999185676605105710e-01 9.999848000464882647e-01 9.999701445339067574e-01 9.999711390448211557e-01 9.998573740359075757e-01 9.999823159594044553e-01 9.998760876159556998e-01 9.999775988843333518e-01 9.999889186354352644e-01 9.999749354064441098e-01
9.999260278451270745e-01 9.999782096485201333e-01 9.999732395146015973e-01 9.999306116620916285e-01 9.998716866963351935e-01 9.999675488652400857e-01 9.999159344200591049e-01 9.999528017455120432e-01 9.999520530772388893e-01 9.999792030453191760e-01
9.999139398212054664e-01 9.999883924438078830e-01 9.999954774463312157e-01 9.999244840053618244e-01 9.999628710050150193e-01 9.999723467596411952e-01 9.999310233306692997e-01 9.999600420322070082e-01 9.999634709951198408e-01 9.999463406234336826e-01
9.999231033429833992e-01 9.999335365450536806e-01 9.999601239292562616e-01 9.999662202310463099e-01 9.999609041584164304e-01 9.999918813347031810e-01 9.999611839678036462e-01 9.999532320789790152e-01 9.999291630029547573e-01 9.999571221432191903e-01
9.998718588367704330e-01 9.999603728375605627e-01 9.999206003652711949e-01 9.999789318629638268e-01 9.999612506450828997e-01 9.999466549348278166e-01 9.999526642195478709e-01 9.994812196495673762e-01 9.999610352087014986e-01 9.999589789925505956e-01
9.999439760433802560e-01 9.999403992982929257e-01 9.999697761951449326e-01 9.998196792183847714e-01 9.998456994127387087e-01 9.999504248002905049e-01 9.999670013116028766e-01 9.999678968265327539e-01 9.999272566246326654e-01 9.999364877829948206e-01
9.999648500033320175e-01 9.999214307107229249e-01 9.997680439045708578e-01 9.999701163894491041e-01 9.999285629488136040e-01 9.999273018541917635e-01 9.998555305093694834e-01 9.998836637508603520e-01 9.999686964049444571e-01 9.999125120407670320e-01
9.999699089637966720e-01 9.999607347813027625e-01 9.999488489552212922e-01 9.999247646868578698e-01 9.999617413439600977e-01 9.999645280279638726e-01 9.999728392711163538e-01 9.999808615326094552e-01 9.999831124320879283e-01 9.999663619426685246e-01
9.998621153603858280e-01 9.999504267772886257e-01 9.999749888102397177e-01 9.999879990132929386e-01 9.999506304701152315e-01 9.999816556072472773e-01 9.999445330739631377e-01 9.999672552426408512e-01 9.999010810906368008e-01 9.999312899047483327e-01
9.999705119288121447e-01 9.999712530932522991e-01 9.999642555247912901e-01 9.999372967334985152e-01 9.999759264874621412e-01 9.999342469786556276e-01 9.999727048626666503e-01 9.999628290928701535e-01 9.999787187553823564e-01 9.999075114275960408e-01
9.999811329116647940e-01 9.999411876767877461e-01 9.999245284658061506e-01 9.999846564904582014e-01 9.999233755772276577e-01 9.999245764366968547e-01 9.999793632130613563e-01 9.999015489652353095e-01 9.998955372370904593e-01 9.999696734297078837e-01
9.999667774616007865e-01 9.999792553570079345e-01 9.999710639464063355e-01 9.999106325205148194e-01 9.999692420968872009e-01 9.999567399101984000e-01 9.999739589990125355e-01 9.999060101062184902e-01 9.999886176885137701e-01 9.999718353178772556e-01
9.999735759210416353e-01 9.999215725503970420e-01 9.999610571937818104e-01 9.999672209482578511e-01 9.999554325042018244e-01 9.998920116535275904e-01 9.998891074773671450e-01 9.999675694254187563e-01 9.999387731332292084e-01 9.999840016738484882e-01
9.999562225902307588e-01 9.999805349138857213e-01 9.999558658447720294e-01 9.999583487264380732e-01 9.999295218263549723e-01 9.999796527598301399e-01 9.999832678694492438e-01 9.999830616158636998e-01 9.999642461954624251e-01 9.999811667691596018e-01
9.999712085378495985e-01 9.998675614803498313e-01 9.999616582181892754e-01 9.998521854779673923e-01 9.999372268402221264e-01 9.998544971677886251e-01 9.999743492767159125e-01 9.999860568109263381e-01 9.999723848030246387e-01 9.999702051576242479e-01
9.999269650454081226e-01 9.999681222555676374e-01 9.999727896831138718e-01 9.999606505735028072e-01 9.999697622889217596e-01 9.998614249292491207e-01 9.998591600533079937e-01 9.999275935477232036e-01 9.999726228383644111e-01 9.999616568272001738e-01
9.999731412088026516e-01 9.999465006816765644e-01 9.999612995798144999e-01 9.999359650143195832e-01 9.999774284970621707e-01 9.999296745096745154e-01 9.999590338316309834e-01 9.999715832040423358e-01 9.999617361679906669e-01 9.999686012601746166e-01
9.999682489347027081e-01 9.999735756218205429e-01 9.998958734099456791e-01 9.999423431031093656e-01 9.999453219428987572e-01 9.999630627442290809e-01 9.999453725011807625e-01 9.999720401671392533e-01 9.999572186783831640e-01 9.999081810156652539e-01
9.999711505252726340e-01 9.999750229978989768e-01 9.999286387704898749e-01 9.999769907400871682e-01 9.999132683535915112e-01 9.999560334152653995e-01 9.999637041488540490e-01 9.999846172212437656e-01 9.999582956992740801e-01 9.999695348355204239e-01
9.999330160462472916e-01 9.998963256705820646e-01 9.999824247708504199e-01 9.999826862700605945e-01 9.999687125514576946e-01 9.998568008167613153e-01 9.999652309382460746e-01 9.999067533597145729e-01 9.999743764523340017e-01 9.999116105568501833e-01
9.999297920524110594e-01 9.999329088358193118e-01 9.999361485910776004e-01 9.999597334157207529e-01 9.999763364078121386e-01 9.999764313510223213e-01 9.999506008019098946e-01 9.999559737698155981e-01 9.999771900664332636e-01 9.999598332082997310e-01
9.999789780367556169e-01 9.999235843441626193e-01 9.999384943751676857e-01 9.999760657403995445e-01 9.999484021567390801e-01 9.999202167812525355e-01 9.999635829005332210e-01 9.999270650131359961e-01 9.999732264030675166e-01 9.999650154439824190e-01
9.999767253650284626e-01 9.999754453575001589e-01 9.997799481835510926e-01 9.999679648031251089e-01 9.999163528708839843e-01 9.999309771578586137e-01 9.999796946670708175e-01 9.999394029021000385e-01 9.996652824239801172e-01 9.999816454349146344e-01
9.999570567422946255e-01 9.998649909616470488e-01 9.998687726873426440e-01 9.999671578317596010e-01 9.999503126750814985e-01 9.999769792405056590e-01 9.999653115891664612e-01 9.998079255357866790e-01 9.999720275044198248e-01 9.999585671884799742e-01
9.999835509960872670e-01 9.999496416605896387e-01 9.999433244577633495e-01 9.999229302713041889e-01 9.999456854774686487e-01 9.999509787949307782e-01 9.999770976391689770e-01 9.999851346268432417e-01 9.999500070405952235e-01 9.999793543570228982e-01
9.999289941567492956e-01 9.998584242692220014e-01 9.998710548582819824e-01 9.999544085653333525e-01 9.999575779953427945e-01 9.999442822063248082e-01 9.999595876221905044e-01 9.999703275221345500e-01 9.999694556772055209e-01 9.999093537789482955e-01
9.987688199675346379e-01 9.999832956810591478e-01 9.999395588798887236e-01 9.999709003520427242e-01 9.999649709479361270e-01 9.999683605211752147e-01 9.999715641573955205e-01 9.999348492183817161e-01 9.999714342630137143e-01 9.999564406705869768e-01
9.999524750498777204e-01 9.999377818587246169e-01 9.999861257029944994e-01 9.998965190370380229e-01 9.998902196067458448e-01 9.999858069771387914e-01 9.999665151996823820e-01 9.999471096351977284e-01 9.999040065412730938e-01 9.999704213066246128e-01
9.999410706070166466e-01 9.999307670115884505e-01 9.999732058902133236e-01 9.999639707990278792e-01 9.999664368421367078e-01 9.999421859372710220e-01 9.999040562412045974e-01 9.999841529613506808e-01 9.999599312365541337e-01 9.999594223324517195e-01
9.999484108694661755e-01 9.999407531028234875e-01 9.999250962819471455e-01 9.999798265121487839e-01 9.999635070685158889e-01 9.999578236806387910e-01 9.999696919520352223e-01 9.999733768645432397e-01 9.999478918817918949e-01 9.999699399304902148e-01
9.999810733304111965e-01 9.999732088171915390e-01 9.999661817377223372e-01 9.999718591382256161e-01 9.999768059041045376e-01 9.999713128783936922e-01 9.999784175307588896e-01 9.999641835018217018e-01 9.999790012556494245e-01 9.998927499183362100e-01
9.999709614548174530e-01 9.999541680324581794e-01 9.999804602537504250e-01 9.999848842721393849e-01 9.999266941416091736e-01 9.999585666039287890e-01 9.997322651483268041e-01 9.996469176574906967e-01 9.999887713444971515e-01 9.999325926703843681e-01
9.999461146104743348e-01 9.999504776337542200e-01 9.999445171249562447e-01 9.999441214307426273e-01 9.999486174164816665e-01 9.999738337774674024e-01 9.999502095895700382e-01 9.999752542524812382e-01 9.999748303461989396e-01 9.999686679439138137e-01
9.999795173469283593e-01 9.999629826491777118e-01 9.999493090774104198e-01 9.999322823288490092e-01 9.999505548824655365e-01 9.999761003143521343e-01 9.999716464863324106e-01 9.999768361666400152e-01 9.999827733040156374e-01 9.999382805531145113e-01
9.999402186047202656e-01 9.999545239875358149e-01 9.999693776361487929e-01 9.999427483738220213e-01 9.999015946718899928e-01 9.998852345833211253e-01 9.999554794670675317e-01 9.999570037281194645e-01 9.999784810356756592e-01 9.999550278971011119e-01
9.989236104591302512e-01 9.999352575860654957e-01 9.999782422903521484e-01 9.999454255535944469e-01 9.999275347036417072e-01 9.999623658770743218e-01 9.999148473852780272e-01 9.999504487671860842e-01 9.999702586988734598e-01 9.999825362425991404e-01
9.999542084192546421e-01 9.999836574223243124e-01 9.999931465482790882e-01 9.999544300614469083e-01 9.999839982632742208e-01 9.999589257384478014e-01 9.999468281827764704e-01 9.999534012797133276e-01 9.999722305575050596e-01 9.999544064727599046e-01
9.998562660110189571e-01 9.999850797910806444e-01 9.998813912196057307e-01 9.999681447204651352e-01 9.999811187721308059e-01 9.999612260024429711e-01 9.999450639364696469e-01 9.999812253334543488e-01 9.999687370658147945e-01 9.999908602727183293e-01
9.999844633749256362e-01 9.999654522900077724e-01 9.999477835578785001e-01 9.999718312740085713e-01 9.999789699380837726e-01 9.999657689933216798e-01 9.998392620161690170e-01 9.999889187511176170e-01 9.999351170376085118e-01 9.999747069472105787e-01
9.999191126074206126e-01 9.999678043393349647e-01 9.999450787346937375e-01 9.999633648106990291e-01 9.999683281244852173e-01 9.999790512659213482e-01 9.999671999536722256e-01 9.999812371992852222e-01 9.999737653496015843e-01 9.999521171334453395e-01
9.999904246882075354e-01 9.999611543086908139e-01 9.999715002250688656e-01 9.999086110430235319e-01 9.999760450335853923e-01 9.999827644853478414e-01 9.999347384991540411e-01 9.999639844693382074e-01 9.999624829485552757e-01 9.999464919924609951e-01
9.998790646137343252e-01 9.999258329729088235e-01 9.998488192362408045e-01 9.999476937080061800e-01 9.999877997880828318e-01 9.998648781630001814e-01 9.999818138229477071e-01 9.998871281570067548e-01 9.999755857424083016e-01 9.999207333346701310e-01
9.999627841085236835e-01 9.999067846504600121e-01 9.999110397749455537e-01 9.999565567344229633e-01 9.998998854782172874e-01 9.999761231034562936e-01 9.999776797946837714e-01 9.999720815366323068e-01 9.999739331416793719e-01 9.999762041137045809e-01
9.999600187017382291e-01 9.998928256757019239e-01 9.999741805198150146e-01 9.999185188123616008e-01 9.999821187162345471e-01 9.999535204358495077e-01 9.999592566591173348e-01 9.998928689856058094e-01 9.999432673929969928e-01 9.998886971467489948e-01
9.999733353230733091e-01 9.999736819679401201e-01 9.999559353075324619e-01 9.999720307499702088e-01 9.999587887532866981e-01 9.999565741487544956e-01 9.999579140129835064e-01 9.999423167752361508e-01 9.999578370822860274e-01 9.999581613402024338e-01
9.999709812571933032e-01 9.999616221106885083e-01 9.999654025030796367e-01 9.998630708329884209e-01 9.999634433189383831e-01 9.999665894840188418e-01 9.999758304481234372e-01 9.999794388748906027e-01 9.999287470764837149e-01 9.999772646702453915e-01
9.999524986005879912e-01 9.999468239171791506e-01 9.999750485336075245e-01 9.999638106184179920e-01 9.999640021894309339e-01 9.999566205823353648e-01 9.999586675559294369e-01 9.999641274149696502e-01 9.999120335033347962e-01 9.999563588402154979e-01
9.999665076747018544e-01 9.999418659984523616e-01 9.999365511819746644e-01 9.999513426435058250e-01 9.999507168953808423e-01 9.999662925063880214e-01 9.999805605528147012e-01 9.999814345277600047e-01 9.999811511976649525e-01 9.999771198516759219e-01
9.999597065084748770e-01 9.999061168516780729e-01 9.999657316712838862e-01 9.999756980692299235e-01 9.999662236227110368e-01 9.999584903363788468e-01 9.998772319081798976e-01 9.999761560186343212e-01 9.998916470317649186e-01 9.999835402051509003e-01
9.999550669646297685e-01 9.998611022481782573e-01 9.999566935072895513e-01 9.999694518858311953e-01 9.999721731137017899e-01 9.999788153200627194e-01 9.999809733660165456e-01 9.999718325583641931e-01 9.999322274336349681e-01 9.999638136618319573e-01
9.999668824210186102e-01 9.999484431163002673e-01 9.999152318358295322e-01 9.999711265287480888e-01 9.999485293604706282e-01 9.999615724550389162e-01 9.999772818825800602e-01 9.999769649124438109e-01 9.998656328199101440e-01 9.999657873716631951e-01
9.999534170508035391e-01 9.999498120406553614e-01 9.999683666512032554e-01 9.999357123036543005e-01 9.999574377289401905e-01 9.998788754966806414e-01 9.999343314827521256e-01 9.999465828497734465e-01 9.999447447223149821e-01 9.999767785236621798e-01
9.998774180421955426e-01 9.999297559081001818e-01 9.999715442864729464e-01 9.999394991932409882e-01 9.999793973071079423e-01 9.999739712024813265e-01 9.998019252295174963e-01 9.999396799605034802e-01 9.999726429130765260e-01 9.999617133332086016e-01
9.999305107314887531e-01 9.999260815539250391e-01 9.999696341004121747e-01 9.999626342152458935e-01 9.999480234798386880e-01 9.999615033764240879e-01 9.999774912817596118e-01 9.999434142034122619e-01 9.999201296762387781e-01 9.999430746189713615e-01
9.999499362493761145e-01 9.999748849715117682e-01 9.999784062848835475e-01 9.999469879245683757e-01 9.999371020898658591e-01 9.999782178556394507e-01 9.999061016110247779e-01 9.998827312787702537e-01 9.999758231564109812e-01 9.999877653352807760e-01
9.999792282305020041e-01 9.999678526183434224e-01 9.999369189352543819e-01 9.999402063708239252e-01 9.999608879477317469e-01 9.999545919294926533e-01 9.999423594988076092e-01 9.998447292129577502e-01 9.999669277956865221e-01 9.999726741941267205e-01
9.998689348813073474e-01 9.999491932356572299e-01 9.999304912868216544e-01 9.999557340603395517e-01 9.999682789841397579e-01 9.999210376626186392e-01 9.999510997615346231e-01 9.999641066073927664e-01 9.999647150482918745e-01 9.999608683698597567e-01
9.999703787949441036e-01 9.999916652363952663e-01 9.999690533995213571e-01 9.999305918907519519e-01 9.999681258328204647e-01 9.999706639380379070e-01 9.999763006246402686e-01 9.998831732288687713e-01 9.999434795573316492e-01 9.999598205156843278e-01
9.999717386974523725e-01 9.999742118608259123e-01 9.999589679754766758e-01 9.999713632502899019e-01 9.999922311710188749e-01 9.999740981975169252e-01 9.999483635624895062e-01 9.999670447691609843e-01 9.999319069579145625e-01 9.999589948969639375e-01
9.998986950385182482e-01 9.999762405620878924e-01 9.999647946548578803e-01 9.999367977531413709e-01 9.999767236723285935e-01 9.999510737020468332e-01 9.998762024483449640e-01 9.999705404443748336e-01 9.999826270016106688e-01 9.999665788437973601e-01
9.999617204985254970e-01 9.998333655074037596e-01 9.999697294771572320e-01 9.999700982891779333e-01 9.998528361030856182e-01 9.999776114238623226e-01 9.999741632332675989e-01 9.999761092593472123e-01 9.999371510941298391e-01 9.999697314522915104e-01
9.999673870497804984e-01 9.999698691344063306e-01 9.997938368908901863e-01 9.999558602007767583e-01 9.998963846195213501e-01 9.999256631930746320e-01 9.999742162716754867e-01 9.999483813124445675e-01 9.999589696074494549e-01 9.999814405260259997e-01
9.999240415933327020e-01 9.999739309970075984e-01 9.999641532914265163e-01 9.999836015731623506e-01 9.999753433175174733e-01 9.999738430409982337e-01 9.999704850322107541e-01 9.999628205237628409e-01 9.999449133424058722e-01 9.999737984971471816e-01
9.999457747042085343e-01 9.999617036717890484e-01 9.999641001665667828e-01 9.999877890471018382e-01 9.997393717478163522e-01 9.999516431223336443e-01 9.999543512066678685e-01 9.998394481400787459e-01 9.999651918386265326e-01 9.999828451030919885e-01
9.999578113475403596e-01 9.999608802236740202e-01 9.999498723891789842e-01 9.999573914792734275e-01 9.999742762346721658e-01 9.999590050093505322e-01 9.999419078485499712e-01 9.999313302412090598e-01 9.999720519256658502e-01 9.999480452662341534e-01
9.999268754518108038e-01 9.996543546153396909e-01 9.999581954745112577e-01 9.998862125245008281e-01 9.999677999843066267e-01 9.999026862975626262e-01 9.999744317106368241e-01 9.999586253713774742e-01 9.999804542981101108e-01 9.999798343072699991e-01
9.999483056707403339e-01 9.999438579074843014e-01 9.999595380898219643e-01 9.999437717475690990e-01 9.999651309222521434e-01 9.999788897503664176e-01 9.999488681255064293e-01 9.999139675001738059e-01 9.999307474021356112e-01 9.999527213639534118e-01
9.999867151783342623e-01 9.999739995830952966e-01 9.999904036403042262e-01 9.999728997016658072e-01 9.999477701715621114e-01 9.999636455509435251e-01 9.999748531032988108e-01 9.999547960897096077e-01 9.999642641623532890e-01 9.999312333170192746e-01
9.999337327487742844e-01 9.999029955681015824e-01 9.999556121323150970e-01 9.999733521067614150e-01 9.999006456821597499e-01 9.999365264237979334e-01 9.999702930391899391e-01 9.998598036711652259e-01 9.999150418699125353e-01 9.999627283671800315e-01
9.999792381329786206e-01 9.999362098773956209e-01 9.999758307809459845e-01 9.999606294133741580e-01 9.999602460316054930e-01 9.999407567567036859e-01 9.999654307984982005e-01 9.999727831732043715e-01 9.999566150767404960e-01 9.998210716294981815e-01
9.999148589064316139e-01 9.999651645857958737e-01 9.997936245692603530e-01 9.997727413146584308e-01 9.999663757584604795e-01 9.999666085483482902e-01 9.996981338330668265e-01 9.998806009391536520e-01 9.999645229720636186e-01 9.999832324586848120e-01
9.999606024547035288e-01 9.999657570227082903e-01 9.999805126744131245e-01 9.999668542526374271e-01 9.999234010547525253e-01 9.999688734147940128e-01 9.999730432546828363e-01 9.999514017862695114e-01 9.999736479528903432e-01 9.999472196800669455e-01
9.999704821195805060e-01 9.999848312867380962e-01 9.999795913919355961e-01 9.999744300673962805e-01 9.999642238231579716e-01 9.998082611575734857e-01 9.999705339054314468e-01 9.999596424233722081e-01 9.999721803869086045e-01 9.999797358630593269e-01
9.999685119671948286e-01 9.999822904677769797e-01 9.999026044441862160e-01 9.999521235273299835e-01 9.999745866378385584e-01 9.999291742277455208e-01 9.999797269441834668e-01 9.999652104701741706e-01 9.999825067702725612e-01 9.999754196716438281e-01
9.999525483529393410e-01 9.999436970936309566e-01 9.999541531904461156e-01 9.999358713933318432e-01 9.999441553241126268e-01 9.999836243021164028e-01 9.999179370485776763e-01 9.999665888086178844e-01 9.999363525220618110e-01 9.999604231627623463e-01
9.999551026694303291e-01 9.999580055572040438e-01 9.999530292550999899e-01 9.999552040652043283e-01 9.999707952586918136e-01 9.998968701628875300e-01 9.999575952133947787e-01 9.999864033973813182e-01 9.999494742173470341e-01 9.999545829631942828e-01
9.999378561230171103e-01 9.999384622597609074e-01 9.998136846041077996e-01 9.999322763347786580e-01 9.999626475894236588e-01 9.999614955533846494e-01 9.999537092194283883e-01 9.999596332528684073e-01 9.998594973510671613e-01 9.999505095462061233e-01
9.999419208163097261e-01 9.999803127471390551e-01 9.999589637158767808e-01 9.999344041720442666e-01 9.999630736546940568e-01 9.999411711181782625e-01 9.999670378352115696e-01 9.998280557258300005e-01 9.999601801244404342e-01 9.999685905061834745e-01
9.999360077477834619e-01 9.999289112680507241e-01 9.999737864957172206e-01 9.999764253630122335e-01 9.999411362984882423e-01 9.999502891772212854e-01 9.999627364497999382e-01 9.999687386528502975e-01 9.999513357764083787e-01 9.999672871402128793e-01
9.999804608680179507e-01 9.999647715891096800e-01 9.999231585340776496e-01 9.999631492245445452e-01 9.999132428535293382e-01 9.999692356971715546e-01 9.997948345873852727e-01 9.999329218402023267e-01 9.999748384719806538e-01 9.999732781944508098e-01
9.999457534777633771e-01 9.999691253432688720e-01 9.999493680626493353e-01 9.999482908135863823e-01 9.999766300365743321e-01 9.999740103331401508e-01 9.999605194769340955e-01 9.999761355455550893e-01 9.999774792909026377e-01 9.999534413805891697e-01
9.999602134007403720e-01 9.999770984847009547e-01 9.999841792869864632e-01 9.999828818795052365e-01 9.999573524690645865e-01 9.999833359054550730e-01 9.999571212862290448e-01 9.999772216958273674e-01 9.999776689608237401e-01 9.999684208226802262e-01
9.999809482293385843e-01 9.999129596615272675e-01 9.999437290125823274e-01 9.999712336432663440e-01 9.999569138206385599e-01 9.999849172544013065e-01 9.999680816597933397e-01 9.999838758296690777e-01 9.999025499427067754e-01 9.996860025895518698e-01
9.999757297072267015e-01 9.999474132028922657e-01 9.999432672348821383e-01 9.999526116299425338e-01 9.999817611855106314e-01 9.999618753314007957e-01 9.999502566156992511e-01 9.999749569475617772e-01 9.998401715255429423e-01 9.999633637789271390e-01
9.999439068844939715e-01 9.999832423635164336e-01 9.999631276592769735e-01 9.999556922745180820e-01 9.999535086093122027e-01 9.999671778296777003e-01 9.999560978180150883e-01 9.999789693541457636e-01 9.999661895185681937e-01 9.999457675766052489e-01
9.999616648378106820e-01 9.999795709215455464e-01 9.999603948675888088e-01 9.999692223571019500e-01 9.999586374082115592e-01 9.999564668034827131e-01 9.999522482561258307e-01 9.999204092025860691e-01 9.999572818126727380e-01 9.999387171364427784e-01
9.999636360158772330e-01 9.999427911627765120e-01 9.999189629129421331e-01 9.999810768981277631e-01 9.999850552004047044e-01 9.999575812239382966e-01 9.999405254409926558e-01 9.999817124449837946e-01 9.999386460588348680e-01 9.999431723922137527e-01
9.999810593674075543e-01 9.999707413770908548e-01 9.999632459114099481e-01 9.999485270820349658e-01 9.999762517283654617e-01 9.999570804681536806e-01 9.999768165201260439e-01 9.999693361005926873e-01 9.998053800661429458e-01 9.999447740243015970e-01
9.998977299699448595e-01 9.999554355091979652e-01 9.998531314132207415e-01 9.999830924819703704e-01 9.999089035537102044e-01 9.999112084297697711e-01 9.999859760796466768e-01 9.999748028615906836e-01 9.999760261993873023e-01 9.999811465883843287e-01
9.999380911590566301e-01 9.999163283074643527e-01 9.998685365460188157e-01 9.998822255531467640e-01 9.998629450475948754e-01 9.999477445425223321e-01 9.999624843354334436e-01 9.999122530168134126e-01 9.999814268400147865e-01 9.999021420630149759e-01
