9.999110440009043588e-01 9.997667564551689923e-01 9.998212970269302335e-01 9.998392022052169370e-01 9.999647627783888604e-01 9.998556719907015777e-01 9.997676696105949334e-01 9.998330201306389053e-01 9.999191908870322942e-01 9.997794414914450423e-01
9.997595000377728081e-01 9.998634888588503467e-01 9.999107216753884142e-01 9.994728257563960661e-01 9.996640439121250443e-01 9.998171766781978054e-01 9.999421172397993107e-01 9.998573560657804116e-01 9.999246178517492423e-01 9.999285454038043808e-01
9.998383845702324413e-01 9.999481411917868767e-01 9.998835548260543993e-01 9.998333874089619933e-01 9.998106848387398049e-01 9.999637103937978333e-01 9.999114374347114476e-01 9.999233241999263555e-01 9.998087963682410484e-01 9.997653811956377368e-01
9.997764804671402938e-01 9.998530292940878139e-01 9.998570787652354408e-01 9.998158110472837867e-01 9.999683523977647148e-01 9.999704014806812813e-01 9.999141383965247654e-01 9.999111935733463463e-01 9.999671982967488493e-01 9.998233650085752711e-01
9.998708502143837107e-01 9.998441660898912398e-01 9.998149452327069753e-01 9.999702785749240430e-01 9.998870981917991063e-01 9.999358872036309132e-01 9.998596665220915725e-01 9.999015204394645639e-01 9.997804534337191296e-01 9.999133469731067425e-01
9.998863498406765915e-01 9.998567771995628961e-01 9.997639240206741551e-01 9.998408864271888241e-01 9.998403534270571269e-01 9.999380288548397333e-01 9.998676592515991501e-01 9.999703253457555840e-01 9.998945154534838453e-01 9.998520870255075410e-01
9.997710890389991389e-01 9.999030634436365528e-01 9.996972335685274658e-01 9.999243718944096360e-01 9.999232959131325593e-01 9.996347790487167817e-01 9.999019334826489969e-01 9.998944857077706194e-01 9.996842823463797378e-01 9.995655196140130760e-01
9.999440816103182250e-01 9.999210808934320127e-01 9.999744637511517320e-01 9.998830309327616517e-01 9.998398755339992228e-01 9.997626153118523984e-01 9.999563074798758500e-01 9.998635343936332909e-01 9.996643372468303479e-01 9.999404001879160786e-01
9.999729255000466832e-01 9.998881983718432842e-01 9.996498661442900779e-01 9.995790783653001332e-01 9.998499364662243316e-01 9.997981404167154418e-01 9.998893077521139316e-01 9.999507248799485160e-01 9.998158640909219352e-01 9.997670932523076148e-01
9.999899235022625676e-01 9.997899485216328319e-01 9.999699410161250190e-01 9.999427387448582838e-01 9.997595971287532857e-01 9.998256291761895564e-01 9.996791618178633154e-01 9.999316450619515351e-01 9.999428756590357237e-01 9.998290022568627755e-01
9.998960183141496483e-01 9.997844550086955051e-01 9.994664782541631265e-01 9.998685501608732817e-01 9.999588771584200231e-01 9.996794070379561026e-01 9.999386705681280185e-01 9.998155125504154528e-01 9.998798834762576693e-01 9.999371384365312032e-01
9.998694166273913719e-01 9.997094210257049252e-01 9.998708058314330627e-01 9.998684416451517620e-01 9.999538960624380080e-01 9.998545798092445258e-01 9.998505801234166546e-01 9.996433927371622952e-01 9.999678042549485779e-01 9.998291298890111811e-01
9.999032089732535766e-01 9.997941267714488545e-01 9.999191724460853026e-01 9.998316490761797182e-01 9.999462299532292375e-01 9.998089996607383290e-01 9.997321683313412644e-01 9.998312687012643751e-01 9.997616344486052187e-01 9.999836728150336418e-01
9.998090867712559060e-01 9.999741588608340725e-01 9.999630681907176744e-01 9.998913360967617292e-01 9.999538472883784390e-01 9.997788662559399242e-01 9.996607362301622723e-01 9.999241949106844052e-01 9.999145813803991256e-01 9.998921304085500728e-01
9.999478955865245267e-01 9.997717930465340741e-01 9.999154426555671993e-01 9.996438783098073877e-01 9.996714707465230720e-01 9.999790258077806415e-01 9.999143230313692898e-01 9.999627462537561406e-01 9.991032571384587113e-01 9.997729910612180859e-01
9.999518201518104998e-01 9.999206976468991703e-01 9.997657128337242849e-01 9.998632285515030027e-01 9.999143270098220793e-01 9.999064205959489193e-01 9.998772316832775786e-01 9.999730850221197898e-01 9.998656837124541008e-01 9.997561318237326855e-01
9.999625412637882516e-01 9.998611836180931745e-01 9.999717933318630347e-01 9.999104408442043290e-01 9.998652495531688000e-01 9.996986917834785880e-01 9.997291773669162440e-01 9.997945546088000679e-01 9.999293056097430243e-01 9.999479781143232326e-01
9.999267863705699755e-01 9.998432136571920870e-01 9.999286531453924765e-01 9.998818936214105557e-01 9.999103069576946723e-01 9.998447753102772673e-01 9.997640707624548817e-01 9.997669804992722620e-01 9.993287944215817342e-01 9.999201702540259085e-01
9.998440357323205019e-01 9.997997762456338755e-01 9.998441443087646707e-01 9.998590539213042527e-01 9.997599003322031885e-01 9.999206055777196678e-01 9.996330814522855768e-01 9.998953889064193801e-01 9.998818815244864266e-01 9.999676536715957909e-01
9.999378763949096083e-01 9.995193982539729571e-01 9.999239276588733905e-01 9.998831485421626475e-01 9.997607390755588463e-01 9.994059310452558798e-01 9.998881283564015066e-01 9.998741869536414972e-01 9.998247808121001334e-01 9.997553070048632584e-01
9.998614414402798856e-01 9.999227375008534757e-01 9.999533005784323469e-01 9.998897008646813189e-01 9.999122812555181206e-01 9.999747402710399413e-01 9.999693220917234004e-01 9.998715284897389255e-01 9.999420438228924235e-01 9.999133933910718808e-01
9.998185238286458887e-01 9.999182479857431360e-01 9.999246040014597714e-01 9.998028062328037091e-01 9.999158768017140098e-01 9.998896203308821340e-01 9.997841940208099798e-01 9.998216586764809843e-01 9.999604138717280710e-01 9.998467361080657367e-01
9.999113794886603790e-01 9.998839341499694555e-01 9.998945824483671529e-01 9.998540348168116765e-01 9.996872161988752392e-01 9.999324293777513972e-01 9.997506205546756730e-01 9.997999809260152970e-01 9.999475524340490917e-01 9.997541573674229021e-01
9.998425294944098818e-01 9.998421283002423277e-01 9.998752681819713661e-01 9.999234833725237914e-01 9.998384766719298211e-01 9.998474940031922831e-01 9.998897618892382821e-01 9.998949504475813654e-01 9.999539199975048254e-01 9.999028464249132275e-01
9.998716983687052640e-01 9.998554585463814703e-01 9.998613060616291515e-01 9.999702286070778490e-01 9.999252854045452832e-01 9.998307098644623192e-01 9.999899986908993288e-01 9.997484289451148420e-01 9.998722642400577065e-01 9.999337651096058543e-01
9.998852893082903481e-01 9.998540952869329201e-01 9.999805947547268925e-01 9.996814760731356220e-01 9.998601787035089616e-01 9.999048083137908050e-01 9.999375595336998934e-01 9.999297081958038458e-01 9.999208943561672669e-01 9.997157265119568370e-01
9.999258404425458435e-01 9.998752695352939313e-01 9.997295922319070494e-01 9.998931682067666582e-01 9.998849413627981519e-01 9.997379299227308058e-01 9.998177887592274438e-01 9.998756833164135216e-01 9.998944614652730545e-01 9.997993429315751301e-01
9.998662213672564469e-01 9.999131342584385296e-01 9.999578050234488868e-01 9.999451405285335603e-01 9.999665397177615045e-01 9.999011350842942347e-01 9.999306278759878541e-01 9.995516506316515226e-01 9.999548417657363464e-01 9.999573699333905719e-01
9.999552332505675656e-01 9.999255866231738787e-01 9.997559858352081941e-01 9.997074466125575043e-01 9.998097482786458823e-01 9.998577177053643572e-01 9.999206038627596049e-01 9.998900213325488950e-01 9.999568788370108985e-01 9.998964323407956156e-01
9.998143330400888207e-01 9.999137516714834417e-01 9.997957510563173500e-01 9.997742734227580419e-01 9.998415176521764369e-01 9.995878895698099287e-01 9.999738714207702106e-01 9.996932111038649982e-01 9.998023390038660585e-01 9.994890295897750354e-01
9.996538253049059852e-01 9.999543987368803011e-01 9.998867532037974959e-01 9.999767587012655667e-01 9.999003671176642793e-01 9.999631932561451331e-01 9.998128161187939122e-01 9.999496164601497927e-01 9.998572877863131092e-01 9.998505823000786163e-01
9.999113448809239246e-01 9.998533020171824770e-01 9.999145998960299320e-01 9.998681967127529546e-01 9.998619664735703960e-01 9.997188741863570760e-01 9.998530984615011663e-01 9.999311435860012143e-01 9.998820059357718115e-01 9.999598523760279134e-01
9.995646882181655757e-01 9.998381459790285364e-01 9.999495265187288151e-01 9.998243175565670882e-01 9.998379830858206141e-01 9.998750728289775846e-01 9.998170124306714479e-01 9.997888844063099745e-01 9.998094344376745601e-01 9.999295774659325842e-01
9.999255411502487867e-01 9.998972699988767365e-01 9.999475504560260131e-01 9.999795700763514095e-01 9.998527518196467234e-01 9.993717223282601037e-01 9.998933756312486931e-01 9.999256994144212207e-01 9.999231571919812156e-01 9.999439143557445897e-01
9.997912686235064239e-01 9.998247817137768667e-01 9.998892000371139011e-01 9.999001385400698716e-01 9.998477492063239103e-01 9.999260054211945858e-01 9.998526120554783736e-01 9.999620606442589654e-01 9.998954915575866131e-01 9.997056431521134101e-01
9.997461293617458944e-01 9.997575687222911567e-01 9.998371098434384319e-01 9.999542469993816241e-01 9.999526152304080151e-01 9.998378318236739171e-01 9.998074245553312256e-01 9.995900815799645400e-01 9.998894379915298503e-01 9.999510469333895424e-01
9.998904349853890983e-01 9.999088410062395571e-01 9.997614087331690991e-01 9.999021321302066223e-01 9.998310442523689057e-01 9.998426674530378477e-01 9.998847708724560857e-01 9.999466185612850833e-01 9.998384652545280193e-01 9.998413652865351109e-01
9.997703585596395826e-01 9.998484135269219975e-01 9.999706526443026267e-01 9.999522331602584968e-01 9.998425607984691155e-01 9.998121496552077048e-01 9.999055976515929256e-01 9.998680449568284612e-01 9.998930416284101952e-01 9.999034724221066428e-01
9.999127336954531931e-01 9.999134613905983349e-01 9.997716481009153444e-01 9.999375796735058275e-01 9.999245641433933685e-01 9.997888636434244525e-01 9.998641729695936231e-01 9.998735786695343020e-01 9.999562462823212705e-01 9.999591195484360817e-01
9.997941122972342498e-01 9.998867960151585077e-01 9.998869497894234959e-01 9.996843860905770818e-01 9.999256461491469183e-01 9.996492001817054440e-01 9.997068465097980194e-01 9.998169658898518053e-01 9.996167243317527484e-01 9.998006172901190425e-01
9.999578339183479159e-01 9.999536821825373289e-01 9.998792367888180710e-01 9.998626738889904164e-01 9.998703989900031841e-01 9.997688946228063811e-01 9.999162394621098349e-01 9.998666327219821737e-01 9.998649407427316893e-01 9.999554165482141821e-01
9.999466530643756901e-01 9.996287006153637966e-01 9.999416701133161389e-01 9.996738741298999420e-01 9.998850882784720007e-01 9.999400896067855982e-01 9.998231033943116852e-01 9.998737824009034103e-01 9.997149669372445979e-01 9.999560137049984254e-01
9.998362901509315614e-01 9.999585934271071341e-01 9.998110476148771575e-01 9.998187588068677689e-01 9.997286063934707201e-01 9.998538137957359018e-01 9.999244803408235960e-01 9.998128652234937741e-01 9.998985908560718006e-01 9.991737914886483773e-01
9.998115506119695794e-01 9.999023734059470092e-01 9.999158706095085947e-01 9.998917799327072808e-01 9.998452832172791682e-01 9.997233265848577410e-01 9.997375476861817267e-01 9.998572690796103668e-01 9.996919442823999358e-01 9.999488345371601028e-01
9.997611986767139802e-01 9.999108178741066277e-01 9.999080472967953881e-01 9.997264677163659741e-01 9.999476516297737261e-01 9.998728502876091939e-01 9.998938619645748593e-01 9.999314180351428494e-01 9.999622833741519390e-01 9.998633939194748743e-01
9.997938746581710445e-01 9.998001425444175139e-01 9.999734664417735397e-01 9.999803944538043776e-01 9.999054809871631422e-01 9.999479668778662456e-01 9.999675864546114790e-01 9.999103875892774163e-01 9.998564513478273019e-01 9.999128643562298357e-01
9.999320693611580824e-01 9.999539992642565434e-01 9.999089305224803104e-01 9.998556606938123759e-01 9.998803058938383614e-01 9.998636291469127357e-01 9.999761019802390072e-01 9.999462244185585158e-01 9.998656431381073295e-01 9.999146539522580923e-01
9.999730433874639557e-01 9.998678436555216154e-01 9.998400676132294107e-01 9.998390748660852534e-01 9.999153342546864831e-01 9.998702199849184291e-01 9.999523537244406901e-01 9.997945171454254432e-01 9.998397176081392779e-01 9.997626469025551188e-01
9.996737794403735000e-01 9.997473295128732618e-01 9.999400240735147882e-01 9.998466505593130993e-01 9.999646039201981473e-01 9.999428081004170243e-01 9.998986290839374513e-01 9.997168882687583746e-01 9.997407493026326808e-01 9.997263330873873421e-01
9.998665509606203816e-01 9.999104476611008208e-01 9.997785574698261346e-01 9.998497530719858695e-01 9.999421997634432291e-01 9.998702795543058519e-01 9.999681533955921964e-01 9.996923057252088407e-01 9.999433093809450002e-01 9.999327135267321864e-01
9.999718311812161309e-01 9.997163097521097885e-01 9.999016839466553508e-01 9.998745209478141494e-01 9.998526017425067858e-01 9.999199247852864625e-01 9.999302714742392961e-01 9.998905151446031425e-01 9.997842846718639764e-01 9.998469643877737623e-01
9.997638816577201215e-01 9.997232097745786250e-01 9.999263197822836347e-01 9.998481569672789115e-01 9.998890272052871619e-01 9.999395980817740170e-01 9.999063685733862172e-01 9.997974520311813107e-01 9.998085643325713701e-01 9.999354651783868286e-01
9.999786511980458537e-01 9.998772011710406193e-01 9.999410067811641545e-01 9.998274293298841098e-01 9.998250061083756579e-01 9.996752087090314820e-01 9.995144526266073193e-01 9.997680598614284708e-01 9.997593248583382941e-01 9.997774020950891405e-01
9.999688916700935071e-01 9.997458351614951777e-01 9.999588041127837057e-01 9.999529293785519579e-01 9.999368315574178601e-01 9.998742743103262720e-01 9.998206162538803010e-01 9.999211289202155628e-01 9.999552913635729734e-01 9.998731179767662569e-01
9.994112711071254651e-01 9.999313371591358468e-01 9.999383868444792212e-01 9.999713135562779964e-01 9.989130129461925023e-01 9.999241204037855324e-01 9.999196094158062653e-01 9.997792597822552363e-01 9.998959211265768809e-01 9.997947047918700481e-01
9.996703653016186797e-01 9.998994077296557981e-01 9.999703738409043696e-01 9.999704549389759611e-01 9.998100943945985586e-01 9.995591727501079715e-01 9.997027472639644641e-01 9.998278524780490617e-01 9.999657502822125732e-01 9.997645878418479626e-01
9.999243174998447836e-01 9.999532939360122885e-01 9.999607471467731878e-01 9.998842687159876785e-01 9.996919569909309411e-01 9.998778526592215776e-01 9.998959461481397026e-01 9.997421506225265819e-01 9.998027938727763742e-01 9.999651152840055568e-01
9.998566336953083056e-01 9.998882022280890514e-01 9.999696512583059471e-01 9.996666593890171093e-01 9.997938316749414023e-01 9.998907113677171221e-01 9.997102856646268298e-01 9.995608275850276225e-01 9.998226983709052051e-01 9.999786176171849839e-01
9.998468265882753947e-01 9.998910274481762617e-01 9.996975439411539543e-01 9.998433974477418662e-01 9.998499007140589923e-01 9.998948471516412306e-01 9.999338846179476326e-01 9.998267829986813293e-01 9.996536236894618677e-01 9.999334636417797073e-01
9.997039127899464139e-01 9.998762695756396868e-01 9.998750436583774270e-01 9.998182012332081925e-01 9.999781767932646170e-01 9.998421000700620231e-01 9.997614552792587483e-01 9.998656160582803931e-01 9.997193484868056590e-01 9.998861858216668841e-01
9.998179343754962645e-01 9.998710674357299544e-01 9.998929766530579855e-01 9.998982384754999675e-01 9.997102340560619638e-01 9.996564058974524158e-01 9.999160800470826560e-01 9.997402552107950147e-01 9.999144435466225111e-01 9.999466747639541575e-01
9.999244824508793927e-01 9.999295378426193981e-01 9.999107217980008899e-01 9.998326005082408541e-01 9.998773741338791154e-01 9.998995968437115467e-01 9.998745147043965886e-01 9.999650601314084009e-01 9.997864231047688399e-01 9.998248274077368158e-01
9.998791149424435254e-01 9.998060900041516597e-01 9.998883479950945175e-01 9.999281048051994469e-01 9.999303557595956571e-01 9.999552796894551898e-01 9.997879295668322674e-01 9.997519900419236105e-01 9.999000697940012561e-01 9.999844413403782273e-01
9.998093319862295658e-01 9.996080626011695225e-01 9.998682181157905191e-01 9.999033882894522440e-01 9.999359011726680624e-01 9.999022225798018804e-01 9.999398459995071375e-01 9.996842271547083936e-01 9.998891929186209948e-01 9.997392619886903420e-01
9.997995545912838899e-01 9.998961072090216673e-01 9.997403202186903037e-01 9.999543635797070174e-01 9.999333312156567510e-01 9.997370583209850281e-01 9.998796782124974580e-01 9.999102638099501839e-01 9.998642233524667189e-01 9.999418994124235072e-01
9.998295869265495517e-01 9.998059127845444483e-01 9.999387632870861964e-01 9.998292063720608525e-01 9.998494205819461467e-01 9.996378793784322925e-01 9.998540241759046321e-01 9.996624623675646193e-01 9.999337156995306009e-01 9.999620009747220983e-01
9.995879282395803145e-01 9.998956123194115975e-01 9.998105278783792071e-01 9.998201462212500390e-01 9.998090373104566719e-01 9.999536321586394161e-01 9.999824509904746694e-01 9.998663895572483806e-01 9.998589060012673668e-01 9.999442632475881165e-01
9.999029574435240875e-01 9.997307883054606936e-01 9.997507879453029211e-01 9.999353014406695550e-01 9.998887811247367807e-01 9.998037157063172087e-01 9.995042526478891132e-01 9.998369029128280072e-01 9.997692041154354614e-01 9.999042486322151646e-01
9.999537258911034288e-01 9.999446713682231813e-01 9.999739596704636524e-01 9.999484128913366243e-01 9.999294224181702884e-01 9.997576044069145240e-01 9.998868669780858198e-01 9.999109741899011583e-01 9.998608804533235528e-01 9.999443627697118808e-01
9.999192032752348691e-01 9.998394800497439894e-01 9.998931401291273335e-01 9.999580781510234440e-01 9.995535492954534806e-01 9.998496685711959486e-01 9.999662441880368124e-01 9.999498245018236808e-01 9.996884931537569630e-01 9.998762843545120349e-01
9.999352273393503632e-01 9.999087844105516432e-01 9.997651552247036610e-01 9.999579289744929822e-01 9.999399024645113654e-01 9.999456051518403887e-01 9.998557101886608178e-01 9.998414394241522674e-01 9.998812832037816678e-01 9.998625461031631634e-01
9.996892962050198950e-01 9.998767454159899204e-01 9.999786773708090326e-01 9.998744511033705873e-01 9.999278965018362220e-01 9.994410941419664685e-01 9.998228584292951915e-01 9.999624097070755058e-01 9.996258593031333017e-01 9.999089953250132057e-01
9.998806951098015983e-01 9.997048177083852627e-01 9.998911158203778182e-01 9.997578902671403478e-01 9.999163238961740197e-01 9.999329273226901238e-01 9.998609209770115136e-01 9.997985635394298631e-01 9.997346951094346901e-01 9.999785806212091455e-01
9.998799976314393101e-01 9.998047063521905420e-01 9.999665303597384813e-01 9.998852159319373545e-01 9.999126336916235314e-01 9.998965836497449855e-01 9.999120772569995985e-01 9.998137716029971145e-01 9.997760556872334892e-01 9.998937528207592074e-01
9.998043390127607788e-01 9.999343389358749112e-01 9.998649173254486877e-01 9.999060830743050632e-01 9.998939759671939820e-01 9.999097314625071675e-01 9.999122655999354015e-01 9.998993143888246227e-01 9.999032240914969005e-01 9.999762097954546514e-01
9.999179339396639943e-01 9.999717619826842263e-01 9.999164530064520440e-01 9.998305386175652121e-01 9.999639330736971310e-01 9.998978533849076644e-01 9.999666717695930851e-01 9.996674497492621381e-01 9.999681883278070949e-01 9.997297706588387234e-01
9.997391241625636082e-01 9.998790493759630582e-01 9.999118677692334645e-01 9.998286736473793734e-01 9.997174607479311081e-01 9.997444702004177897e-01 9.998578299984468565e-01 9.998407575183413387e-01 9.999551490362728057e-01 9.998836024540692646e-01
9.999691485451831507e-01 9.999195580738936551e-01 9.998453142410652639e-01 9.998794782299890160e-01 9.998381888653224969e-01 9.999399896507269458e-01 9.997253151150117256e-01 9.992130276941393330e-01 9.996877494355962401e-01 9.998666984537826208e-01
9.997808266032958135e-01 9.999075952418451374e-01 9.999078121002025199e-01 9.997360556837200374e-01 9.998929638541897980e-01 9.998666034622196719e-01 9.998587457853863603e-01 9.999479867419798218e-01 9.997870242373442240e-01 9.998847078712087555e-01
9.998725845403995116e-01 9.999659009011059307e-01 9.998117746345616119e-01 9.998509138171088884e-01 9.998106934944978041e-01 9.998585917201470163e-01 9.998939240051296640e-01 9.997803982034785264e-01 9.998667667515158675e-01 9.999440970520062644e-01
9.998536884138122804e-01 9.989858929587185354e-01 9.998197991293543696e-01 9.999191772318377636e-01 9.998262653996756733e-01 9.998181789111137974e-01 9.998746238095079786e-01 9.997611186522383786e-01 9.999720552265545237e-01 9.999563794975241393e-01
9.996798502046417845e-01 9.998854067581572913e-01 9.999314766079026029e-01 9.998677932196324836e-01 9.998454481963053864e-01 9.998004597065850430e-01 9.997840204073642489e-01 9.998618359082825924e-01 9.998426705635836687e-01 9.997348002280257440e-01
9.995218972240114130e-01 9.999187883109857955e-01 9.998106480834741960e-01 9.998324149424169249e-01 9.996260736478409514e-01 9.998290992562695045e-01 9.995383661607059045e-01 9.996150775006735767e-01 9.996427229950726190e-01 9.988380919117501033e-01
9.999188785592277862e-01 9.998426309884762553e-01 9.997097554019133137e-01 9.999102788746530024e-01 9.998965290497213720e-01 9.999032560358670496e-01 9.998662293345508267e-01 9.998718267625462675e-01 9.999411991761582019e-01 9.999093105698860784e-01
9.998505741159565696e-01 9.998539893917993693e-01 9.999117565584313416e-01 9.998859754983597803e-01 9.998301356098913129e-01 9.998483375050420952e-01 9.999813906998803459e-01 9.997365006452618719e-01 9.998091610576800292e-01 9.999711668674946541e-01
9.998327322252398286e-01 9.999118701852838242e-01 9.999656907664349337e-01 9.998407343104311895e-01 9.998097465611508472e-01 9.998823008806229096e-01 9.998799328865933811e-01 9.996808326178371340e-01 9.999004404957291259e-01 9.998922074452357700e-01
9.998700656715620028e-01 9.999409111167115727e-01 9.998686736511818163e-01 9.999293545048852927e-01 9.997634947175090270e-01 9.998462625147280791e-01 9.999697330253745076e-01 9.999642988608546945e-01 9.996936455076114170e-01 9.998429737050970045e-01
9.999121197124887228e-01 9.999314589494954220e-01 9.997364054582366100e-01 9.998207216296791655e-01 9.999494904685157781e-01 9.999441706617294701e-01 9.998240487213467809e-01 9.998342077320003796e-01 9.998809531929321315e-01 9.998638351159504500e-01
9.999228594415950910e-01 9.996274816962894549e-01 9.995623920752478853e-01 9.998226277865086553e-01 9.999056853942119849e-01 9.998759276101121252e-01 9.998448970268442038e-01 9.993672151127732661e-01 9.995513564162628040e-01 9.993501393653658749e-01
9.998730576923111624e-01 9.999056750858825726e-01 9.999309034137434660e-01 9.998309211853486644e-01 9.999487468598456941e-01 9.998452375924338220e-01 9.999306328916076625e-01 9.999134855360217733e-01 9.999373861361822158e-01 9.998957314284631082e-01
9.997056476230643529e-01 9.998746318952347334e-01 9.999138307457549057e-01 9.997346417133635699e-01 9.997061307467778324e-01 9.998640649961996196e-01 9.998285023999496923e-01 9.999004679922193217e-01 9.999859333160110442e-01 9.998162499843964435e-01
9.998555581709305251e-01 9.999569895773330330e-01 9.999048658002869239e-01 9.999604137363767853e-01 9.998127972256128926e-01 9.999395876408502248e-01 9.998660172307511917e-01 9.993768185620708344e-01 9.998826632809310055e-01 9.999446355976913114e-01
9.998807974055256009e-01 9.997292087105060787e-01 9.999468362954067047e-01 9.992952732425234297e-01 9.999896677878700180e-01 9.999582243689127958e-01 9.997692952971841684e-01 9.998632799056336173e-01 9.998931938075175108e-01 9.998410401328799990e-01
9.998224827692572259e-01 9.999128757029810410e-01 9.998187225296432112e-01 9.998328582836625289e-01 9.999361043559447104e-01 9.999696147567928017e-01 9.996775185637355454e-01 9.995907890715507449e-01 9.997946433423133827e-01 9.996961931935449686e-01
9.999046059016409860e-01 9.997238388003346632e-01 9.999417760012523360e-01 9.999566173421085002e-01 9.999378234145614996e-01 9.999499664637999663e-01 9.998985729054042926e-01 9.999422885407444062e-01 9.997588819761932255e-01 9.998674384301142748e-01
9.998972169725759418e-01 9.998603643271762875e-01 9.998596563094269696e-01 9.997990397335568824e-01 9.998836720179539173e-01 9.999792004788623512e-01 9.998712788760768522e-01 9.999324722593978532e-01 9.997139179616686411e-01 9.998403783983631499e-01
9.999050321031736077e-01 9.998721364190996663e-01 9.998709594053014627e-01 9.999282603521889579e-01 9.999143788035237401e-01 9.999782036407593999e-01 9.998126614651252630e-01 9.998739880822782311e-01 9.998788698202270009e-01 9.998794658352648801e-01
9.999782974425898141e-01 9.998136167892448523e-01 9.999290263968707571e-01 9.999278652206030626e-01 9.999280100665630666e-01 9.999318463041643179e-01 9.999048618418460155e-01 9.999291497229113590e-01 9.998062392812934185e-01 9.999835739149941505e-01
9.998354475500839111e-01 9.999205340594364833e-01 9.990680433999737931e-01 9.999023360895712420e-01 9.998505188557397227e-01 9.999148772689057107e-01 9.998398614491544878e-01 9.998202145725234580e-01 9.999493302420381369e-01 9.998553097278851665e-01
9.999374651583246010e-01 9.998939715403941664e-01 9.996880078100860434e-01 9.999035418983255319e-01 9.999075664609343717e-01 9.999024930371144260e-01 9.997831934689547229e-01 9.999459496961690119e-01 9.997561675819600646e-01 9.999611284237772679e-01
