9.998724657994181308e-01 9.998833586987532218e-01 9.997873866797266640e-01 9.998974811228302784e-01 9.998390570040036618e-01 9.998015595976414982e-01 9.998792233078063196e-01 9.995060481047102208e-01 9.994635784828964642e-01 9.997500850877624190e-01
9.998126552088871799e-01 9.999199043781444862e-01 9.998628412299023216e-01 9.998401338453539733e-01 9.996175220033265418e-01 9.998762053959407980e-01 9.998961891399961166e-01 9.999189178901787267e-01 9.999396562298626945e-01 9.998969055872614087e-01
9.999027418175235882e-01 9.995323630222243683e-01 9.996235878473724856e-01 9.999045842116585092e-01 9.999430789145016263e-01 9.998124004572903623e-01 9.996969938892945606e-01 9.996789506153933580e-01 9.997465379399229635e-01 9.998071785293906055e-01
9.999550838897607319e-01 9.998000474378475610e-01 9.995976572602783827e-01 9.999210397221276470e-01 9.999346876467833933e-01 9.997151785759186282e-01 9.996567147514556773e-01 9.997936294472724583e-01 9.999217742897125172e-01 9.996576860781462015e-01
9.997952707409903939e-01 9.998339888024657673e-01 9.999066600427910512e-01 9.998105638614892543e-01 9.997913888133763693e-01 9.998927601017577604e-01 9.997346507996851539e-01 9.998751966873454800e-01 9.999128252984952336e-01 9.998687401194034097e-01
9.998226102195333365e-01 9.999327845710617169e-01 9.999330577434947243e-01 9.998876218257569670e-01 9.995367872449850699e-01 9.999340078580141178e-01 9.998809419291457834e-01 9.998827722584702205e-01 9.996464710169237211e-01 9.998188028073937694e-01
9.998814586267380511e-01 9.998933156911701259e-01 9.998709921330589667e-01 9.998415299622290808e-01 9.999206076724850289e-01 9.997901884194325683e-01 9.999172016099391325e-01 9.998551041017404994e-01 9.998142830729139785e-01 9.997735338525951532e-01
9.998115773876565804e-01 9.999414641834715178e-01 9.999140788190536977e-01 9.998385241601073226e-01 9.999398496477306386e-01 9.998188993939707281e-01 9.998207552742472970e-01 9.997400940329271846e-01 9.998754343193115846e-01 9.999338069577192734e-01
9.998807272304037763e-01 9.997917044705891820e-01 9.997866800506227669e-01 9.998186648958574674e-01 9.998949842322037984e-01 9.996792289804541376e-01 9.999678110367568040e-01 9.999064959861962976e-01 9.998589775293351689e-01 9.987236703730574261e-01
9.998527277181952222e-01 9.999085618764047556e-01 9.999203713762615520e-01 9.998861200106531344e-01 9.998127124026969792e-01 9.999498782273964492e-01 9.998698688737924778e-01 9.996194596089984508e-01 9.999307678070090688e-01 9.999003163386669391e-01
9.998840354566449484e-01 9.994328901319051717e-01 9.996796814103595663e-01 9.998839683012092916e-01 9.998380507662419925e-01 9.998619817432897738e-01 9.989568180809319520e-01 9.996886032808771638e-01 9.998991908949803609e-01 9.996703803896923590e-01
9.998797141136913647e-01 9.999326435677917679e-01 9.996672074041444978e-01 9.996711623500796895e-01 9.998963877373709952e-01 9.997998007321886593e-01 9.998901256379442160e-01 9.999298611503411038e-01 9.997513542324332203e-01 9.998731178047018942e-01
9.980093738190243258e-01 9.999202851596874497e-01 9.996935193781029128e-01 9.998443070063581795e-01 9.998417805562480609e-01 9.990782163082636558e-01 9.999104478198802548e-01 9.994930468922067490e-01 9.995159341125843255e-01 9.997619659160466021e-01
9.999327055809807963e-01 9.998812411698663194e-01 9.998999344636373410e-01 9.999164205622842472e-01 9.997800488222399196e-01 9.998280181572657410e-01 9.996380893701265480e-01 9.990716088733501143e-01 9.998510903366627511e-01 9.995296275568462674e-01
9.997707075740313032e-01 9.998849299970785642e-01 9.998605112534544315e-01 9.998928612509377922e-01 9.997878287258354923e-01 9.997306541166879335e-01 9.998724841861861279e-01 9.999225990334518199e-01 9.986660543790816247e-01 9.997525448010765592e-01
9.991268150027085015e-01 9.998426745262443127e-01 9.997164113657075468e-01 9.997243348423212606e-01 9.998291340691148887e-01 9.999133085693258094e-01 9.982491450973770553e-01 9.997293313934292325e-01 9.998759648841892833e-01 9.999127887822818472e-01
9.999464632603549674e-01 9.997901089503222760e-01 9.993261042541187189e-01 9.997990037648802897e-01 9.999110940460871344e-01 9.999097180809474184e-01 9.999407308744473477e-01 9.999379618711451423e-01 9.998648758792454405e-01 9.999107004000613586e-01
9.991958408339320918e-01 9.998719912549886013e-01 9.999427256820881960e-01 9.998010191443106320e-01 9.998362689809532355e-01 9.999147367592355895e-01 9.998900828773581440e-01 9.990857478914129119e-01 9.998086166994464286e-01 9.996845885216486538e-01
9.999443165955472779e-01 9.997857845808801880e-01 9.995451864834352662e-01 9.997584266526203800e-01 9.998841587333215930e-01 9.998733819877839712e-01 9.999254048188025434e-01 9.998557410041966076e-01 9.999018395357792688e-01 9.997867830803963685e-01
9.998697199812484060e-01 9.998864032485553777e-01 9.998328918666973264e-01 9.997521892955640865e-01 9.997345520347689085e-01 9.997873704253524840e-01 9.998290493177469651e-01 9.999278026014690735e-01 9.999352953551200462e-01 9.997663469960825777e-01
9.997972741295462207e-01 9.998786083257422685e-01 9.999160013270506076e-01 9.992143618478377398e-01 9.999403413459901913e-01 9.998681565518465764e-01 9.998980838813430472e-01 9.999454001907197576e-01 9.998597394485887468e-01 9.999031576868973037e-01
9.998273879157816291e-01 9.999289575180732026e-01 9.995204060057442108e-01 9.998710737568006213e-01 9.995248413173355440e-01 9.999000513934420686e-01 9.997913081651611522e-01 9.999375066955812352e-01 9.993903001354315085e-01 9.999303613760727183e-01
9.998947046660177085e-01 9.998611873213163470e-01 9.999482556535287392e-01 9.999156302028558985e-01 9.999208810196826835e-01 9.996929908665023179e-01 9.998386309311887432e-01 9.998666633798576342e-01 9.998758433720893457e-01 9.998878978020100394e-01
9.998604564167109521e-01 9.996933618659671339e-01 9.998089620776559050e-01 9.997792951169774955e-01 9.999211291148299985e-01 9.999440470799770830e-01 9.999317678791942443e-01 9.998070051627949706e-01 9.996448290859234476e-01 9.996508366685716851e-01
9.999571975605788809e-01 9.998552571849471660e-01 9.999035818912754836e-01 9.998899210069379651e-01 9.997047930265633431e-01 9.998577658783724953e-01 9.998882278121293821e-01 9.998483270371019138e-01 9.998525804990605614e-01 9.999278147698775765e-01
9.999481477509682970e-01 9.998737829508400621e-01 9.989693295408129670e-01 9.999087720199798524e-01 9.994059694657830839e-01 9.997265909554869934e-01 9.998359014190514316e-01 9.992840091714269013e-01 9.999549488424804844e-01 9.999043976715251691e-01
9.999185877900819142e-01 9.998623710498734107e-01 9.998821367311534480e-01 9.998355956275045697e-01 9.996999945897997453e-01 9.994821635634675294e-01 9.998947024124307248e-01 9.997765955787618619e-01 9.999447594624696345e-01 9.995685740525118712e-01
9.994891035246106226e-01 9.998533786248475774e-01 9.999404847455379830e-01 9.994188705860903577e-01 9.996865522861627662e-01 9.998770792921125583e-01 9.994345499877568262e-01 9.997637279227594709e-01 9.998915289354253222e-01 9.998527285499970718e-01
9.998771968729180948e-01 9.999412727418552915e-01 9.994786028633304564e-01 9.999131193845390841e-01 9.996186468073241516e-01 9.998625819068253096e-01 9.996647963671010384e-01 9.997773896070542010e-01 9.998941940107974879e-01 9.998059415679422246e-01
9.997246151061506270e-01 9.992232200367906492e-01 9.996041765893363129e-01 9.989761617613041045e-01 9.998406550811707039e-01 9.998651702654088869e-01 9.998895672558840708e-01 9.998240640121929257e-01 9.998544535543945067e-01 9.999006097672644700e-01
9.999136865665745333e-01 9.999654793597029245e-01 9.995600081617096455e-01 9.997950121968035564e-01 9.994717632284620956e-01 9.999450150876142418e-01 9.997950700766926602e-01 9.996940509584254508e-01 9.999287265250260681e-01 9.999336087918031524e-01
9.998945962270930909e-01 9.993832380355396339e-01 9.996856184411609947e-01 9.993343511764850584e-01 9.998595661669600343e-01 9.999508262917866652e-01 9.998655927279144207e-01 9.998937740906486127e-01 9.998088141206632473e-01 9.997358449258979540e-01
9.998803642403603087e-01 9.998385970803373990e-01 9.998064621184759027e-01 9.999258237579188302e-01 9.991188733285565338e-01 9.999110955825379898e-01 9.998440518368583163e-01 9.999264935970242352e-01 9.999153744074464889e-01 9.998787305120508950e-01
9.998565632267971681e-01 9.995687908287500534e-01 9.995611466054340477e-01 9.999180935169688089e-01 9.999117111583181172e-01 9.998439708581187135e-01 9.999158813375115251e-01 9.997514583602772342e-01 9.998719858206382982e-01 9.998670163529739252e-01
9.997594920494859982e-01 9.998819229867990099e-01 9.999180831594822738e-01 9.999265113218621659e-01 9.997172962341027702e-01 9.998120499006916129e-01 9.998467677089658556e-01 9.997703757319769124e-01 9.998184720151676030e-01 9.995810548172803234e-01
9.998464156843108741e-01 9.999165087146777431e-01 9.999245561529311876e-01 9.999421007295775654e-01 9.991296566484679786e-01 9.999262039324057216e-01 9.999375308242982596e-01 9.996962706121272912e-01 9.998109224492492952e-01 9.999452314555322685e-01
9.999071958998585474e-01 9.991611118348291409e-01 9.998284720284651428e-01 9.999084174070582698e-01 9.999425496886683584e-01 9.997781592724630517e-01 9.998698151869200856e-01 9.998856992233154939e-01 9.992428415753505933e-01 9.998944306083322742e-01
9.998331316620235887e-01 9.998960733408577273e-01 9.999425331980749121e-01 9.993580642084435306e-01 9.998074779468952844e-01 9.998719243570461934e-01 9.998015850363326518e-01 9.998392654741907748e-01 9.998344851646308040e-01 9.997966646319345063e-01
9.999088469081084396e-01 9.998528289829311522e-01 9.995258328144837057e-01 9.999420214899128467e-01 9.999099020156904105e-01 9.999004487952537490e-01 9.998999468982759931e-01 9.998533156262466859e-01 9.998205780107657370e-01 9.998807284164045184e-01
9.998682630594912801e-01 9.999024656790544974e-01 9.998303329331454936e-01 9.999268145293702670e-01 9.999246061771626115e-01 9.997958720376222130e-01 9.998275236200350191e-01 9.998442115572583333e-01 9.997280985815845122e-01 9.997366738510349293e-01
9.998936235613971046e-01 9.999338751068995723e-01 9.997423642060224713e-01 9.997796370756610873e-01 9.998454109129852885e-01 9.998564344858726916e-01 9.997913926053676459e-01 9.999271029974519109e-01 9.998697631908012307e-01 9.997375969918683714e-01
9.997264185576804074e-01 9.999300175373407873e-01 9.998673101383299677e-01 9.997513876900212537e-01 9.998795285220056783e-01 9.995699833025767367e-01 9.999331480328977895e-01 9.999449347460215298e-01 9.997289007469892796e-01 9.998543223073913522e-01
9.998371851291291135e-01 9.998612701623784682e-01 9.997268749624143025e-01 9.998627917299909296e-01 9.998886147841127281e-01 9.998370534512435182e-01 9.998394938296688572e-01 9.995331562101684719e-01 9.998226042475466535e-01 9.999066543828099007e-01
9.997949715934104642e-01 9.991998187615989124e-01 9.998881492260321968e-01 9.999332324642515868e-01 9.997999563305465243e-01 9.999101685798311712e-01 9.999190404733030446e-01 9.998058767642747924e-01 9.998654830929991633e-01 9.998791026226492296e-01
9.998161965933078932e-01 9.997859292789598173e-01 9.994263962678630042e-01 9.997682422411514613e-01 9.998822148517548802e-01 9.999060948482619837e-01 9.999198699884075392e-01 9.997147879119954172e-01 9.999134658243832297e-01 9.998996214006734551e-01
9.998118272589202604e-01 9.998463892679620990e-01 9.998718449558295918e-01 9.999041862791525626e-01 9.999483550984449298e-01 9.995988659156500589e-01 9.998971381808493541e-01 9.997676441949592263e-01 9.996620725753191383e-01 9.997884629847944016e-01
9.999533182854546398e-01 9.999623872912514200e-01 9.998527539253372343e-01 9.999055600929586118e-01 9.999084526840966713e-01 9.996426100987242380e-01 9.998486326114249811e-01 9.998467810123199406e-01 9.997536809868279306e-01 9.998726501877912565e-01
9.995772668410360939e-01 9.999229475360658093e-01 9.998464515106816330e-01 9.999047882454374925e-01 9.998120649116551961e-01 9.998390948320253768e-01 9.998818891723426638e-01 9.995791817735759643e-01 9.996751201425588818e-01 9.998229763404358206e-01
9.999234263277542167e-01 9.999058402647443833e-01 9.996450518043035194e-01 9.999075289669491218e-01 9.998830856162935765e-01 9.998840172559172457e-01 9.998761071682730206e-01 9.999083369362454787e-01 9.998888819495342917e-01 9.999118976267080683e-01
9.996235465595145753e-01 9.998669819336442055e-01 9.996573188665567322e-01 9.995994729305305304e-01 9.997503498031334868e-01 9.998456610417657542e-01 9.998678350830514372e-01 9.998420802085474790e-01 9.998809846363510001e-01 9.998119066210889860e-01
9.996433536182288693e-01 9.998054801954565640e-01 9.998666013254592366e-01 9.995937216354285892e-01 9.999260064238736367e-01 9.998127676388408602e-01 9.999120676042200229e-01 9.996898087537419153e-01 9.999157629131856240e-01 9.998478592022015388e-01
9.998685453279777535e-01 9.998752995125225196e-01 9.998922299312246187e-01 9.998150286323691516e-01 9.997795751952851528e-01 9.999530423717499783e-01 9.998419275322163458e-01 9.999147997814058497e-01 9.998392564169166219e-01 9.998781327598177393e-01
9.998942171969293913e-01 9.998466540100980904e-01 9.998698952317013333e-01 9.998922255043516394e-01 9.998639470622078251e-01 9.995402180216275134e-01 9.997421213701294107e-01 9.994694008148540254e-01 9.998562806392866653e-01 9.998568900735018694e-01
9.999293318774434836e-01 9.999202962045237175e-01 9.999276958982250552e-01 9.997819721386907998e-01 9.999168239052335094e-01 9.999153034916096194e-01 9.999114603825460801e-01 9.992901894890281467e-01 9.998253229146129017e-01 9.999108723300312862e-01
9.998297673216752779e-01 9.998551880906944023e-01 9.994101728951677588e-01 9.999002858490146917e-01 9.998103430406166670e-01 9.998863647697058266e-01 9.984921189722694157e-01 9.999092333003529731e-01 9.999511873517584748e-01 9.998327672390435739e-01
9.997521957616551935e-01 9.998941764134986476e-01 9.997702643103959508e-01 9.998692367100630030e-01 9.998941919733049799e-01 9.998602313248818874e-01 9.998861482604278761e-01 9.998337499094049896e-01 9.998260327703680783e-01 9.999076765946726120e-01
9.999163855298545123e-01 9.999064103643162671e-01 9.999240813332009870e-01 9.999255380269870264e-01 9.998271545604403565e-01 9.999150205709131933e-01 9.998432075778862504e-01 9.999211529684842725e-01 9.998484101821601966e-01 9.998725038857995129e-01
9.999461292750418950e-01 9.999371732279859204e-01 9.999567863778322518e-01 9.997719835204182948e-01 9.999213603782224347e-01 9.996915951144864643e-01 9.998597099926129772e-01 9.999318483026605753e-01 9.999023331853351682e-01 9.998474158862197259e-01
9.996297247409003939e-01 9.991662444613462757e-01 9.997334145885534706e-01 9.998288488310193012e-01 9.998921856407467779e-01 9.997714363340347576e-01 9.997722202363047428e-01 9.996710514004770731e-01 9.996477448197190752e-01 9.997784112185740257e-01
9.998564057192215193e-01 9.996859425055723003e-01 9.999464794623575958e-01 9.997886439101116851e-01 9.998454949663140301e-01 9.998607001023984697e-01 9.998732949928517133e-01 9.999199959826229334e-01 9.999168961108960696e-01 9.998807870846895263e-01
9.999136945980100499e-01 9.999169081457787156e-01 9.988298178331749266e-01 9.999393359690939009e-01 9.996613181943043713e-01 9.998140261844362664e-01 9.999541376073854959e-01 9.999203059700887408e-01 9.999336677416176267e-01 9.998875147767321003e-01
9.999597797953049261e-01 9.998608915885526249e-01 9.998660965967262060e-01 9.998686049636708040e-01 9.999413561805154949e-01 9.998414981286593006e-01 9.996624520020214177e-01 9.999290890565155632e-01 9.999301830432149041e-01 9.996184105063772307e-01
9.998859127186793261e-01 9.998871645360100091e-01 9.999112245921603082e-01 9.999040901361905265e-01 9.996208169641690455e-01 9.998815969148210359e-01 9.998622825492390342e-01 9.998900373581599554e-01 9.999215587098836400e-01 9.999405984479556864e-01
9.998172696128739823e-01 9.998313000755493229e-01 9.998638817681644309e-01 9.998612396772401656e-01 9.999233334087307412e-01 9.996856043266395542e-01 9.998791178553556591e-01 9.999455364598954787e-01 9.999046883264213204e-01 9.997790973072703258e-01
9.994570382813603437e-01 9.997593665739258340e-01 9.998651433118064258e-01 9.999231177214963351e-01 9.999213910599590305e-01 9.997026378860439655e-01 9.999170175968657981e-01 9.995927132024866602e-01 9.996014188112835042e-01 9.998623090068735619e-01
9.998035555319392254e-01 9.999123269070866460e-01 9.999211946393030681e-01 9.999138446509545641e-01 9.997512197078026741e-01 9.998352043151899071e-01 9.997053269654624374e-01 9.998133082811172523e-01 9.999204547884485983e-01 9.998977259576059540e-01
9.999156372701364370e-01 9.999245737279072177e-01 9.999660107905666839e-01 9.998895825151479233e-01 9.997953646969521824e-01 9.999558293377840412e-01 9.999116540101445905e-01 9.997439547737096976e-01 9.998903402172468757e-01 9.999405590582998160e-01
9.999098488779887273e-01 9.998992781459650203e-01 9.999300990764277142e-01 9.999408522240474939e-01 9.997431745963054617e-01 9.992986338552890535e-01 9.998761088790056872e-01 9.999154167556458805e-01 9.998991582383620624e-01 9.998256659607842600e-01
9.999059041673308279e-01 9.998150442889736089e-01 9.998254804617627833e-01 9.999359134913732294e-01 9.996209646188018993e-01 9.999196910127657878e-01 9.995631254379215846e-01 9.998867204374064510e-01 9.999195277792257697e-01 9.997141428818618891e-01
9.999470396079535028e-01 9.997757965167602956e-01 9.979301884512931098e-01 9.997597824903979857e-01 9.998444607500684977e-01 9.988559516974361285e-01 9.998548627313456061e-01 9.998832245206570324e-01 9.998227674305780743e-01 9.998890729591505266e-01
9.997313173054743762e-01 9.999095182425629114e-01 9.999622069202871444e-01 9.997732811749685533e-01 9.998233889760997917e-01 9.998406777356362296e-01 9.996746250426901126e-01 9.986038066463631679e-01 9.999165938658050035e-01 9.998949131485604935e-01
9.998473078343526055e-01 9.999049548680605248e-01 9.997406799243830910e-01 9.997877780388227942e-01 9.998242632057993129e-01 9.998848058228084756e-01 9.999701745841659273e-01 9.998856028355627146e-01 9.999134762197388060e-01 9.999322599234208298e-01
9.997588159531023422e-01 9.998620567057407982e-01 9.999292344280805711e-01 9.998540678879387356e-01 9.999037906920307250e-01 9.999305586768819643e-01 9.995893297744528061e-01 9.997576670364080043e-01 9.998256963951663856e-01 9.998639431244960019e-01
9.998580531101193269e-01 9.998114095264333256e-01 9.999061075787375463e-01 9.998806599786909111e-01 9.998707433156422963e-01 9.998357185377833023e-01 9.998449065460234264e-01 9.999495861437694977e-01 9.999525150245722749e-01 9.998023976122896173e-01
9.998582347524157532e-01 9.998742807694523949e-01 9.999225120435252245e-01 9.999043355071391970e-01 9.999344049844333115e-01 9.999323763974456991e-01 9.999273575393575753e-01 9.998913031872616042e-01 9.999262738562603170e-01 9.999093184437891635e-01
9.997171353984820596e-01 9.995543250599858709e-01 9.997639223728769231e-01 9.995665369291029112e-01 9.998413933322232161e-01 9.997950593996265400e-01 9.998798901422971674e-01 9.998014537297706950e-01 9.997483602887363707e-01 9.998860071586203047e-01
9.999053958986352519e-01 9.998447037153462835e-01 9.997759214115776727e-01 9.998128989588812576e-01 9.998902380254225397e-01 9.999327313469548173e-01 9.992904693982781472e-01 9.996822224180075267e-01 9.998451645775953134e-01 9.997917534776860071e-01
9.997881988306037693e-01 9.998524855564240310e-01 9.998225151137720701e-01 9.998950563083479626e-01 9.998469687783947402e-01 9.999132395202090517e-01 9.998649924992112359e-01 9.998560815916458511e-01 9.995204905120141925e-01 9.998336361484544410e-01
9.998106941480928711e-01 9.999086450993071029e-01 9.998165010120881879e-01 9.996094324877246029e-01 9.997664447760445938e-01 9.999074011662320016e-01 9.998609906541900960e-01 9.999453508038178562e-01 9.998142106389118489e-01 9.999481748850815865e-01
9.997480037115250573e-01 9.996879685066458743e-01 9.998823580557779644e-01 9.997871886706309885e-01 9.999062118108189567e-01 9.996815001889284291e-01 9.998048306569401467e-01 9.998042239562970890e-01 9.998000114155439766e-01 9.987953726179645830e-01
9.991191502697253091e-01 9.997204779620658677e-01 9.998396029443092914e-01 9.998095301567647697e-01 9.999389400405231942e-01 9.997611057535911172e-01 9.994239554250465840e-01 9.998851034920762659e-01 9.998487365696043794e-01 9.984696237876119485e-01
9.998243320578693583e-01 9.998758371021635449e-01 9.998130677366811048e-01 9.998845604519543961e-01 9.997625461631642896e-01 9.999054212428564181e-01 9.997936965158908951e-01 9.999606271502846644e-01 9.998454880024589819e-01 9.998553165248661445e-01
9.998743144456575527e-01 9.998402002535873301e-01 9.996712521891150116e-01 9.997893476186470174e-01 9.997730274309453158e-01 9.996562967837450131e-01 9.999333664906739916e-01 9.997816697925976381e-01 9.997946850830150556e-01 9.998818336104362547e-01
9.999546332754707390e-01 9.994828678240982311e-01 9.998255413119372381e-01 9.998809510288036995e-01 9.998388280074481660e-01 9.998847826727517152e-01 9.996860607930527776e-01 9.997719275155670937e-01 9.999172768342049489e-01 9.999435613876112017e-01
9.998621774388053440e-01 9.998382101162636149e-01 9.997417537235341323e-01 9.997138839756871675e-01 9.998140168390282634e-01 9.996496142238576743e-01 9.997410972360463166e-01 9.985839665849363112e-01 9.994384677927041771e-01 9.997907761614248656e-01
9.998863733211941218e-01 9.998607985885561433e-01 9.992385693317745732e-01 9.998747982543561008e-01 9.998795091885868125e-01 9.999106110829513172e-01 9.990662195763292397e-01 9.999246343451229091e-01 9.993134989686067726e-01 9.993013752358240742e-01
9.996827995975429149e-01 9.998324450190166912e-01 9.998553291656682163e-01 9.993318991270906393e-01 9.999042769512050954e-01 9.995598546433985820e-01 9.999177305061720533e-01 9.998831261365545009e-01 9.996774789408449102e-01 9.998288366142481509e-01
9.999527332435166338e-01 9.997784368737466787e-01 9.999343976219365882e-01 9.996726434944368522e-01 9.999172393153061833e-01 9.995257502286147844e-01 9.998984947493438913e-01 9.994905951238981512e-01 9.996695514695599361e-01 9.995506257416968410e-01
9.999122025521981483e-01 9.995418025236569859e-01 9.997848128172408533e-01 9.997403834144101831e-01 9.998449039955598083e-01 9.998193721639168086e-01 9.998500408467562162e-01 9.998212223862035231e-01 9.999098467292310000e-01 9.996771962407507983e-01
9.998939363696791593e-01 9.998903380463247670e-01 9.996299023011391283e-01 9.999511060521976136e-01 9.998892071034519713e-01 9.999222962187821473e-01 9.998711868086048726e-01 9.999106245702235052e-01 9.997938328482719461e-01 9.998781619317009817e-01
9.987121244381756968e-01 9.998042983343101708e-01 9.999155906664867199e-01 9.998122892413040530e-01 9.997361070331219901e-01 9.997486202937009292e-01 9.997664435595543519e-01 9.996860368263749130e-01 9.999033061662708777e-01 9.997484704526273802e-01
9.999238794172647937e-01 9.998693725603994276e-01 9.998015589189804819e-01 9.996388906268696140e-01 9.998884303465894741e-01 9.998952108168750463e-01 9.999043091041600606e-01 9.998975842466583108e-01 9.998855661562876529e-01 9.998631237097420632e-01
9.996491367023900843e-01 9.996381222714408876e-01 9.998581062896649829e-01 9.999122809482580143e-01 9.999391361775635811e-01 9.998811835809120474e-01 9.999282628675081330e-01 9.998378462047349258e-01 9.999592654360778265e-01 9.996600777536995830e-01
9.999186844783332084e-01 9.998549011586899127e-01 9.997995482677126677e-01 9.999343624113612439e-01 9.998587283330329090e-01 9.998737092564666806e-01 9.998954627671837736e-01 9.996742236102971191e-01 9.999051391140861833e-01 9.995925398906740922e-01
9.998322752800318236e-01 9.997587607571074564e-01 9.998047033334082068e-01 9.998834172792253616e-01 9.998702880702320384e-01 9.996393560301235492e-01 9.998420983466741463e-01 9.997897916174667277e-01 9.997513352543999643e-01 9.998773991439648956e-01
9.998189397716187310e-01 9.999013716455268375e-01 9.999046899690707813e-01 9.998695795834965372e-01 9.999316199567711561e-01 9.998434673162303055e-01 9.998275973614165757e-01 9.998668405490718225e-01 9.998788393499769001e-01 9.998647593706426751e-01
9.999404932498523468e-01 9.998968664926566330e-01 9.998736501635664409e-01 9.998756798013739289e-01 9.998950673135850176e-01 9.998538622038839474e-01 9.997411672824695339e-01 9.997325046347486088e-01 9.986815470460634891e-01 9.998787980411674159e-01
9.998776426631214020e-01 9.995361952030479280e-01 9.998451171440114749e-01 9.998622339331877384e-01 9.998377032380573182e-01 9.999007989953042630e-01 9.997343998344430105e-01 9.997604296244345656e-01 9.997926430751262750e-01 9.994492740696026001e-01
9.998860585936547585e-01 9.999217240103913662e-01 9.999334648843728468e-01 9.998846709642890129e-01 9.999000241774396169e-01 9.999243248901270587e-01 9.998253401574074273e-01 9.999125991405684033e-01 9.998371777530709048e-01 9.998080326309525256e-01
9.998871997792918576e-01 9.998021537116669188e-01 9.998843131881888224e-01 9.996311371100390364e-01 9.994543086313960600e-01 9.997336638032066070e-01 9.998870245937344636e-01 9.998898588077419491e-01 9.995179513409320204e-01 9.995773219183821112e-01
