9.999638559276063932e-01 9.999723412376321230e-01 9.999747863945238624e-01 9.999690209530217588e-01 9.999624303717523643e-01 9.999659689434278187e-01 9.999618308048128235e-01 9.999682249877991369e-01 9.999599467485639215e-01 9.999680074832497656e-01
9.999599305420036055e-01 9.999622365414454483e-01 9.999544599605395545e-01 9.999680584921075699e-01 9.999555019911853249e-01 9.999614547653065122e-01 9.999610128312129698e-01 9.999589279078594517e-01 9.999694284434536007e-01 9.999646246846333186e-01
9.999715765786130195e-01 9.999564593957607217e-01 9.999644532327504054e-01 9.999598427014467772e-01 9.999581216278304874e-01 9.999754247910791483e-01 9.999690476692021379e-01 9.999559541441962462e-01 9.999641384831347013e-01 9.999634105447494647e-01
9.999735059188582520e-01 9.999691263107732819e-01 9.999588190593773351e-01 9.999594193927213714e-01 9.999696273786884415e-01 9.999706779509048848e-01 9.999625712711498471e-01 9.999680302384748032e-01 9.999546408641485362e-01 9.999743921098800392e-01
9.999689682324740536e-01 9.999583583310275303e-01 9.999624061044539713e-01 9.999596113944172471e-01 9.999514651433644152e-01 9.999723504806281582e-01 9.999596509704820058e-01 9.999549180459323949e-01 9.999597629211731675e-01 9.999641400707887096e-01
9.999580425896366087e-01 9.999485049212508692e-01 9.999667371449312281e-01 9.999698644013527149e-01 9.999680130886463569e-01 9.999715910801422192e-01 9.999684226523832820e-01 9.999681423999483565e-01 9.999690315052301992e-01 9.999580676047997718e-01
9.999671919339274684e-01 9.999636587547796607e-01 9.999716507440020719e-01 9.999674216228173762e-01 9.999602726657478291e-01 9.999630352006934064e-01 9.999634565422467203e-01 9.999568994683595280e-01 9.999680116874782865e-01 9.999614357487397465e-01
9.999583117780475039e-01 9.999670892319268978e-01 9.999634497193146121e-01 9.999644348056258014e-01 9.999621962230978989e-01 9.999571508789536489e-01 9.999655595104421923e-01 9.999618100670183418e-01 9.999608592936098939e-01 9.999641233434207743e-01
9.999668864036486138e-01 9.999616953422233445e-01 9.999645718510467018e-01 9.999568064419572799e-01 9.999693171647979772e-01 9.999674996595697696e-01 9.999595537078571628e-01 9.999679806855652497e-01 9.999609024540375701e-01 9.999557393417209950e-01
9.999668047716576691e-01 9.999628872692297721e-01 9.999606713377844347e-01 9.999623973561018175e-01 9.999559117013336884e-01 9.999654410620777423e-01 9.999663904353737198e-01 9.999608902681337286e-01 9.999607451682669401e-01 9.999646821967440591e-01
9.999618120949110844e-01 9.999669744243978586e-01 9.999699685912495362e-01 9.999623206925858376e-01 9.999559595831130077e-01 9.999658097520205402e-01 9.999677323510296478e-01 9.999680575345895051e-01 9.999668444377692866e-01 9.999698271629500201e-01
9.999580660905321716e-01 9.999682892723068539e-01 9.999631346822920319e-01 9.999683568919353061e-01 9.999685717983942679e-01 9.999615374516095390e-01 9.999578787875422758e-01 9.999655130406591708e-01 9.999654566532398814e-01 9.999639681041495587e-01
9.999580214608574380e-01 9.999639938664584005e-01 9.999710274818375266e-01 9.999610299082771769e-01 9.999649743347802655e-01 9.999664735781613745e-01 9.999628373946966020e-01 9.999633919989175945e-01 9.999709551263367135e-01 9.999603328669197655e-01
9.999696542635037044e-01 9.999533127607170835e-01 9.999635733097973489e-01 9.999571301076272123e-01 9.999508230477128778e-01 9.999558112591515613e-01 9.999562410748127350e-01 9.999604217883296675e-01 9.999647644430945670e-01 9.999532066716151357e-01
9.999737627164466680e-01 9.999679910850453046e-01 9.999588164668679058e-01 9.999669159184075840e-01 9.999648914331339400e-01 9.999685113284803029e-01 9.999583930390336661e-01 9.999674910813696194e-01 9.999668222904370962e-01 9.999662880216197980e-01
9.999587450306124392e-01 9.999668911711736552e-01 9.999653809162329932e-01 9.999743398434131070e-01 9.999661373282667798e-01 9.999679387469897485e-01 9.999685439082591776e-01 9.999664017875984356e-01 9.999619021349809289e-01 9.999651194386329767e-01
9.999675176691608103e-01 9.999666340992899860e-01 9.999625975587114191e-01 9.999670056385442374e-01 9.999594515964280728e-01 9.999690452859520962e-01 9.999672873826591646e-01 9.999725813698763233e-01 9.999718854829990899e-01 9.999661804748444238e-01
9.999627291254769013e-01 9.999662853639837978e-01 9.999594593645019236e-01 9.999559898193608465e-01 9.999674107789690014e-01 9.999625733021787477e-01 9.999611609529550638e-01 9.999613947461962749e-01 9.999683445376247315e-01 9.999632944462777395e-01
9.999608283199830083e-01 9.999558558849499512e-01 9.999551214667482535e-01 9.999670410434040591e-01 9.999615088746240943e-01 9.999694313154638969e-01 9.999673910713405833e-01 9.999565081947094924e-01 9.999650187490427555e-01 9.999711751546407346e-01
9.999652517776675964e-01 9.999679989743006647e-01 9.999628675158841462e-01 9.999644489350448806e-01 9.999678534326789103e-01 9.999614098331760514e-01 9.999630032743279662e-01 9.999664940823962400e-01 9.999623193605415850e-01 9.999591517624044634e-01
9.999672936028612957e-01 9.999632955249484478e-01 9.999589954289879179e-01 9.999642838346417539e-01 9.999676241037218638e-01 9.999598985282386332e-01 9.999644959614341078e-01 9.999644799986235899e-01 9.999716263676119432e-01 9.999660933065911417e-01
9.999641767856551899e-01 9.999594653772562181e-01 9.999684040834784238e-01 9.999614544182661158e-01 9.999664061539582649e-01 9.999628496499264330e-01 9.999690645378493947e-01 9.999645685253211180e-01 9.999588813122542996e-01 9.999536039777463525e-01
9.999639989098498827e-01 9.999652412108479549e-01 9.999699290748169656e-01 9.999634311936310693e-01 9.999646783768657565e-01 9.999522843362967928e-01 9.999602791389775591e-01 9.999695522169516071e-01 9.999663167440989708e-01 9.999675036238813153e-01
9.999719660215328210e-01 9.999631343090796820e-01 9.999676594859877587e-01 9.999645369852244725e-01 9.999616534005023594e-01 9.999686732500127073e-01 9.999589155999977219e-01 9.999592200591950197e-01 9.999609807542031437e-01 9.999588520681372827e-01
9.999619206810650418e-01 9.999589109633331141e-01 9.999634503530825391e-01 9.999620033613353387e-01 9.999653627810074497e-01 9.999560711193782314e-01 9.999613952108236115e-01 9.999609270829046270e-01 9.999718228376625051e-01 9.999659161662024509e-01
9.999500411862521920e-01 9.999588267575960643e-01 9.999572821754927343e-01 9.999605807181118911e-01 9.999726094646720354e-01 9.999585511508317648e-01 9.999560872339675610e-01 9.999671812267991733e-01 9.999690435776479314e-01 9.999675373410961132e-01
9.999694375262616619e-01 9.999627394739708519e-01 9.999633073909938163e-01 9.999657337416798519e-01 9.999697662786461994e-01 9.999603129904369725e-01 9.999700845456501730e-01 9.999753916498751449e-01 9.999700250782616040e-01 9.999671022913073637e-01
9.999646162565432039e-01 9.999574934027132267e-01 9.999680486680965208e-01 9.999656025590947239e-01 9.999651707283158109e-01 9.999614954327223915e-01 9.999588699511493539e-01 9.999730131077330109e-01 9.999612066510606967e-01 9.999608180789922862e-01
9.999719641856220642e-01 9.999684334487864978e-01 9.999642181620810311e-01 9.999551190280919766e-01 9.999674270174861990e-01 9.999602672422643890e-01 9.999672887214139383e-01 9.999603356624851003e-01 9.999636565450782388e-01 9.999664646286485770e-01
9.999631014773560089e-01 9.999648936923812848e-01 9.999669126344843395e-01 9.999578397758470683e-01 9.999609648634871784e-01 9.999561553322603435e-01 9.999728517308400511e-01 9.999553100379346970e-01 9.999676655799416558e-01 9.999691148324850731e-01
9.999650258317588358e-01 9.999648576930949551e-01 9.999618360531620231e-01 9.999668249099469275e-01 9.999666359587651154e-01 9.999489261445967392e-01 9.999750193231229378e-01 9.999642766187830656e-01 9.999717965919302509e-01 9.999637988219622908e-01
9.999486117376027439e-01 9.999640182625401108e-01 9.999694714259907968e-01 9.999574067204108907e-01 9.999591494177314521e-01 9.999594236352518095e-01 9.999634227610859627e-01 9.999619977741238674e-01 9.999617442430969172e-01 9.999600265600471216e-01
9.999706441357517628e-01 9.999673994944242583e-01 9.999619726768039785e-01 9.999660609746623408e-01 9.999597111581186581e-01 9.999656997186042728e-01 9.999692010432668088e-01 9.999694601353485979e-01 9.999647934034993080e-01 9.999519156748800652e-01
9.999646650244145007e-01 9.999715986040937921e-01 9.999668341491518841e-01 9.999765594181393435e-01 9.999737438435859493e-01 9.999608199564379296e-01 9.999574476788034572e-01 9.999654788593040911e-01 9.999694474648380682e-01 9.999610081414596063e-01
9.999758506619342846e-01 9.999567257969604883e-01 9.999649766592600963e-01 9.999588054549741756e-01 9.999595045650812031e-01 9.999595693130242102e-01 9.999600409221972575e-01 9.999574110224128676e-01 9.999590012404555583e-01 9.999733110687825111e-01
9.999677710989899326e-01 9.999661391458372073e-01 9.999689931830925138e-01 9.999534943989556446e-01 9.999581894611090371e-01 9.999647225270230644e-01 9.999689016160530075e-01 9.999647270833714741e-01 9.999658919225554721e-01 9.999719512150607725e-01
9.999623993860708993e-01 9.999585232967291848e-01 9.999579739577031390e-01 9.999615761514911716e-01 9.999708620130303149e-01 9.999624039037499079e-01 9.999584611974741133e-01 9.999655502202733359e-01 9.999698038540461020e-01 9.999538589807994704e-01
9.999605496713520614e-01 9.999557202984892257e-01 9.999633552791442614e-01 9.999695623854654158e-01 9.999546894977427991e-01 9.999564990480295235e-01 9.999593833327296011e-01 9.999548358523069336e-01 9.999541016215718336e-01 9.999649955364159348e-01
9.999642558964306760e-01 9.999590901443640156e-01 9.999549999272041578e-01 9.999689703379301964e-01 9.999663787037722518e-01 9.999677789912971848e-01 9.999640576661975588e-01 9.999628851490817150e-01 9.999594167641504550e-01 9.999720733565463648e-01
9.999629799552307574e-01 9.999633353371637501e-01 9.999627467192084840e-01 9.999589653596985261e-01 9.999680873581587859e-01 9.999620282121126635e-01 9.999634433674626788e-01 9.999727815336606485e-01 9.999705005622253617e-01 9.999511564700596100e-01
9.999666897279383404e-01 9.999575929259367779e-01 9.999705828032874333e-01 9.999451522436126893e-01 9.999667191298455826e-01 9.999620689594488354e-01 9.999658693670806509e-01 9.999672453491375013e-01 9.999549340114309848e-01 9.999634123308493994e-01
9.999647796526422994e-01 9.999643456150411058e-01 9.999593084631152040e-01 9.999700069324799490e-01 9.999574277568659131e-01 9.999617923120827090e-01 9.999627500105353617e-01 9.999727231176152031e-01 9.999709852007605537e-01 9.999745903470020902e-01
9.999631766641254860e-01 9.999617703608443264e-01 9.999693922406173163e-01 9.999616442795027371e-01 9.999601465935789024e-01 9.999617508771250218e-01 9.999559200007912541e-01 9.999678506157493318e-01 9.999630422509968586e-01 9.999735026589877673e-01
9.999635704596920860e-01 9.999628697144280487e-01 9.999672140256291586e-01 9.999580418387126191e-01 9.999700460460083651e-01 9.999686281941648769e-01 9.999730920781132459e-01 9.999697656366169918e-01 9.999649081892565405e-01 9.999649355192993250e-01
9.999609986120074900e-01 9.999641379386808859e-01 9.999674888625110780e-01 9.999578184103279366e-01 9.999566528516652397e-01 9.999683555273277680e-01 9.999610224703369132e-01 9.999602498547203178e-01 9.999726340972062699e-01 9.999641211680293518e-01
9.999607505200386326e-01 9.999541554079951489e-01 9.999636024836131565e-01 9.999607083312003208e-01 9.999621329748714649e-01 9.999537092591064269e-01 9.999664972136966812e-01 9.999652184691695256e-01 9.999555754063531587e-01 9.999712600348252822e-01
9.999721859936491208e-01 9.999716135056859745e-01 9.999675515078371157e-01 9.999586150180642674e-01 9.999658557276172033e-01 9.999603572187112377e-01 9.999638597092624925e-01 9.999565418576163989e-01 9.999545088695992456e-01 9.999603870402127281e-01
9.999687670911804327e-01 9.999588707112485597e-01 9.999666669738543900e-01 9.999610532143576869e-01 9.999642738362966021e-01 9.999597770608004144e-01 9.999667457570973195e-01 9.999681476534699742e-01 9.999649286724816566e-01 9.999675558300099576e-01
9.999615773291192777e-01 9.999658134626162598e-01 9.999674933075182182e-01 9.999681117137577679e-01 9.999753597559455365e-01 9.999733256454069741e-01 9.999579433025218567e-01 9.999649455368698758e-01 9.999604637898532600e-01 9.999656904359642828e-01
9.999531435055144524e-01 9.999694374502443583e-01 9.999617941885307060e-01 9.999676863221613754e-01 9.999628226793697561e-01 9.999730873186231106e-01 9.999685644569685783e-01 9.999675957563577411e-01 9.999607716069021102e-01 9.999663755784440333e-01
9.999574753066478028e-01 9.999641494069059222e-01 9.999601556781078093e-01 9.999572372611025273e-01 9.999530589058905905e-01 9.999688851629549013e-01 9.999663266888453306e-01 9.999651550666850408e-01 9.999685256594997851e-01 9.999591029580318091e-01
9.999651207386557328e-01 9.999575107650184869e-01 9.999655762845255369e-01 9.999612169513043547e-01 9.999666943214435832e-01 9.999694393859041019e-01 9.999598792493205046e-01 9.999570135426086859e-01 9.999652073793267038e-01 9.999541028518810215e-01
9.999590105788096484e-01 9.999701413012320739e-01 9.999661881983639145e-01 9.999657368799171886e-01 9.999659277106995869e-01 9.999687230957110540e-01 9.999630354155037981e-01 9.999675256966438219e-01 9.999661477044540225e-01 9.999568052283982489e-01
9.999571328020521177e-01 9.999616239610192858e-01 9.999570024599439000e-01 9.999636199799879499e-01 9.999582605230997734e-01 9.999565668655064909e-01 9.999736272980924712e-01 9.999641956693382516e-01 9.999493400957204514e-01 9.999708928415819154e-01
9.999634572322353421e-01 9.999594293926161725e-01 9.999583050886351465e-01 9.999622799118937921e-01 9.999590920615305523e-01 9.999619325328575892e-01 9.999634023842417507e-01 9.999604939159485451e-01 9.999733493230035242e-01 9.999650792901845220e-01
9.999629260189183411e-01 9.999559331886023195e-01 9.999638659698424359e-01 9.999615095206140225e-01 9.999564081078501365e-01 9.999683538084701562e-01 9.999589109124881192e-01 9.999681244348624931e-01 9.999574314062309455e-01 9.999635060189953073e-01
9.999712440984003248e-01 9.999600642909073356e-01 9.999720068298402209e-01 9.999676196026918706e-01 9.999625276488252057e-01 9.999575919015430969e-01 9.999664598054659459e-01 9.999682859731975348e-01 9.999590760435983494e-01 9.999665067014056330e-01
9.999648611847558044e-01 9.999470487506449956e-01 9.999509043751545478e-01 9.999619004117369370e-01 9.999518963092223212e-01 9.999676945848854359e-01 9.999634299543459504e-01 9.999735398586171442e-01 9.999680429413034810e-01 9.999677673547284762e-01
9.999651548609505003e-01 9.999677701630481641e-01 9.999662348328042238e-01 9.999574452212769415e-01 9.999593694020770807e-01 9.999708377718653507e-01 9.999625768386198876e-01 9.999669646012789848e-01 9.999598202544039971e-01 9.999675505586049784e-01
9.999516006474024055e-01 9.999619589675593501e-01 9.999709764012859603e-01 9.999648640310178083e-01 9.999687514560843260e-01 9.999695702965325506e-01 9.999616651217294594e-01 9.999581178537956250e-01 9.999671625036785638e-01 9.999650563128281711e-01
9.999590187301080624e-01 9.999616837208197273e-01 9.999540326185593075e-01 9.999603661926397269e-01 9.999647849232289332e-01 9.999699532891674902e-01 9.999667041535432732e-01 9.999650191641115127e-01 9.999720481553457940e-01 9.999598240343325894e-01
9.999630432039610106e-01 9.999631972842313310e-01 9.999582557871660171e-01 9.999608802625186144e-01 9.999547068701682973e-01 9.999576671313203935e-01 9.999556136190272948e-01 9.999564776396309140e-01 9.999575987109674546e-01 9.999591056835995806e-01
9.999629186262168901e-01 9.999614867153168163e-01 9.999612715656961415e-01 9.999714158657341256e-01 9.999598487575529493e-01 9.999612543780207474e-01 9.999648020448231867e-01 9.999636243311573747e-01 9.999623514846068817e-01 9.999663214782342768e-01
9.999676625805614671e-01 9.999678387780472910e-01 9.999599686448311653e-01 9.999690089184471997e-01 9.999634778734544094e-01 9.999713553573149616e-01 9.999701058502752371e-01 9.999682563952080327e-01 9.999559982426134974e-01 9.999601049402460085e-01
9.999611383589198654e-01 9.999587070202937689e-01 9.999758383565925390e-01 9.999691432082474796e-01 9.999727096353303590e-01 9.999726384225602338e-01 9.999656570148451884e-01 9.999618255867018801e-01 9.999589948041348597e-01 9.999695023971008068e-01
9.999650673704485460e-01 9.999752959240778560e-01 9.999666912215711134e-01 9.999603272352648453e-01 9.999739072896267622e-01 9.999591958707673145e-01 9.999644664568673180e-01 9.999713311207175659e-01 9.999725434412655156e-01 9.999645563997842102e-01
9.999652047837989111e-01 9.999707845702343612e-01 9.999681962192588092e-01 9.999699525128530331e-01 9.999624582417153684e-01 9.999595736455052508e-01 9.999768242728377388e-01 9.999586682054442122e-01 9.999684959093344538e-01 9.999757795334265342e-01
9.999613599936382213e-01 9.999654282707148845e-01 9.999680697740608304e-01 9.999690376648986412e-01 9.999672142684837839e-01 9.999581474758737487e-01 9.999698061686455031e-01 9.999701772068936290e-01 9.999673351276239242e-01 9.999687619872531519e-01
9.999668096055206457e-01 9.999610089009606240e-01 9.999652204674245315e-01 9.999675602636890481e-01 9.999654022738299064e-01 9.999626884116674663e-01 9.999650124736562118e-01 9.999623429727618751e-01 9.999666878814228443e-01 9.999667237784054530e-01
9.999530975015787915e-01 9.999611737138318635e-01 9.999625239557379253e-01 9.999705977265510581e-01 9.999694628752063830e-01 9.999549252950701295e-01 9.999660456377844620e-01 9.999580921048948356e-01 9.999565136877954785e-01 9.999545901918805990e-01
9.999719852172408441e-01 9.999655985994190255e-01 9.999628478872845116e-01 9.999611065641609287e-01 9.999623841326634732e-01 9.999744394702690942e-01 9.999518641205323854e-01 9.999593098590048301e-01 9.999545959513044258e-01 9.999654344836148567e-01
9.999551764974304868e-01 9.999675672894744460e-01 9.999543354123016092e-01 9.999651082973425309e-01 9.999664912718237986e-01 9.999512672037967898e-01 9.999680570926753331e-01 9.999619825268364348e-01 9.999673686047668708e-01 9.999602169935367657e-01
9.999612290060476694e-01 9.999603838662316502e-01 9.999656783069208466e-01 9.999703143119120785e-01 9.999643589723876680e-01 9.999650383334459658e-01 9.999689755955043502e-01 9.999618436139983135e-01 9.999688491898688358e-01 9.999618051232115334e-01
9.999594346974767234e-01 9.999720658011987950e-01 9.999571745152663338e-01 9.999596530644258019e-01 9.999653674450604823e-01 9.999535169301405624e-01 9.999647858252828092e-01 9.999476475851351021e-01 9.999564495170291112e-01 9.999637481648507853e-01
9.999667256896288547e-01 9.999567543988651108e-01 9.999694654568027641e-01 9.999712221001735291e-01 9.999652907447355021e-01 9.999638232446067532e-01 9.999686241690030064e-01 9.999705057659746821e-01 9.999607147749818292e-01 9.999655485301881530e-01
9.999628034223898565e-01 9.999568406527714615e-01 9.999595610583075223e-01 9.999642559798129771e-01 9.999686962201334017e-01 9.999687595413183638e-01 9.999740599037365563e-01 9.999627211704842367e-01 9.999710272001025579e-01 9.999609434490852600e-01
9.999643147864084591e-01 9.999596907933654411e-01 9.999635442690559817e-01 9.999602765174570029e-01 9.999607258932975418e-01 9.999673056256823678e-01 9.999637465931479063e-01 9.999648613533328456e-01 9.999615959614975846e-01 9.999605824954336253e-01
9.999567805518825292e-01 9.999693453440104962e-01 9.999646838080653577e-01 9.999604466785008139e-01 9.999640475493528635e-01 9.999675180366481841e-01 9.999600954881673331e-01 9.999696108127159588e-01 9.999693132946227969e-01 9.999653299165941478e-01
9.999606216436131012e-01 9.999682736546462447e-01 9.999682900456328127e-01 9.999672125565981506e-01 9.999578711024046385e-01 9.999641720940865008e-01 9.999673025737046972e-01 9.999640545857799712e-01 9.999632753150802245e-01 9.999593386174863152e-01
9.999567724754493403e-01 9.999590894329649648e-01 9.999698008647784908e-01 9.999649557693488511e-01 9.999655441629963226e-01 9.999666421280949402e-01 9.999619720761946384e-01 9.999677000543989447e-01 9.999651773823360346e-01 9.999674574184113096e-01
9.999622577328440842e-01 9.999648577995969845e-01 9.999527147162228236e-01 9.999655241858678156e-01 9.999653529647953842e-01 9.999620332623765373e-01 9.999570719388820583e-01 9.999622823534626281e-01 9.999620925904955104e-01 9.999657073788275063e-01
9.999664032476508480e-01 9.999526600935434439e-01 9.999709973031866150e-01 9.999570373787891597e-01 9.999659806053391442e-01 9.999692711291136016e-01 9.999660378481370904e-01 9.999720062435090151e-01 9.999533644565291590e-01 9.999565252476301236e-01
9.999547325204283243e-01 9.999688001779943880e-01 9.999709982480919912e-01 9.999707325098545763e-01 9.999538808165997494e-01 9.999615847814473657e-01 9.999670972493563958e-01 9.999675541239260168e-01 9.999637962261239688e-01 9.999575387255242864e-01
9.999682013607961162e-01 9.999577720543909587e-01 9.999670131978414256e-01 9.999677646004991871e-01 9.999570199793005321e-01 9.999677557721156074e-01 9.999583387037267457e-01 9.999657826891851231e-01 9.999659865870383912e-01 9.999577625703656159e-01
9.999645535215866410e-01 9.999635868158814889e-01 9.999599902371058002e-01 9.999578615645922097e-01 9.999674427857820902e-01 9.999612564778422863e-01 9.999532717611054888e-01 9.999674962390648902e-01 9.999597979358362254e-01 9.999696483341565800e-01
9.999728342942051373e-01 9.999655574110930534e-01 9.999635174690326700e-01 9.999663631457799129e-01 9.999685193195853028e-01 9.999614795320603822e-01 9.999613333147859828e-01 9.999644473427937719e-01 9.999735602308311710e-01 9.999557935433770472e-01
9.999582214920872403e-01 9.999711002234163981e-01 9.999631718563730676e-01 9.999720709787007777e-01 9.999735266384663923e-01 9.999632810196119603e-01 9.999600844357755536e-01 9.999637959251042041e-01 9.999584409464594703e-01 9.999635984484392948e-01
9.999634407133032310e-01 9.999620973282919989e-01 9.999510230382991915e-01 9.999619160563414377e-01 9.999618799072920172e-01 9.999627403905018141e-01 9.999661876189830378e-01 9.999662981695250918e-01 9.999637646345224118e-01 9.999632322842414434e-01
9.999674459634309009e-01 9.999614420805235104e-01 9.999647872680068605e-01 9.999642366142198480e-01 9.999565863973477464e-01 9.999700095572848779e-01 9.999618492368755884e-01 9.999675864729666852e-01 9.999617792040862430e-01 9.999670709740001717e-01
9.999699079085067055e-01 9.999610756551903235e-01 9.999663308857531518e-01 9.999678344982260159e-01 9.999668932973223567e-01 9.999650973111912089e-01 9.999662658670557258e-01 9.999590293529251328e-01 9.999627455487472005e-01 9.999693031721120784e-01
9.999551901923914299e-01 9.999708568066564274e-01 9.999570150662187018e-01 9.999575565752889528e-01 9.999654826650535844e-01 9.999462399808697333e-01 9.999658150317146665e-01 9.999708415862123001e-01 9.999571566009982648e-01 9.999690280233037853e-01
9.999720476812252734e-01 9.999631359609217895e-01 9.999577717908864072e-01 9.999600852449112010e-01 9.999638079538598623e-01 9.999657073172153465e-01 9.999690904799415359e-01 9.999625060322607784e-01 9.999671568757065865e-01 9.999649288493082100e-01
9.999704395269677359e-01 9.999672426280051818e-01 9.999605106684403832e-01 9.999575525141108923e-01 9.999663533990418296e-01 9.999695222535817107e-01 9.999650335377828769e-01 9.999657326728373929e-01 9.999656939308346759e-01 9.999668963539750655e-01
9.999717535386751788e-01 9.999664604384997935e-01 9.999587611950075949e-01 9.999646650831314210e-01 9.999594029373716220e-01 9.999723417040021767e-01 9.999640961209200762e-01 9.999622786655109064e-01 9.999621620333644101e-01 9.999533350869861392e-01
9.999655611001498912e-01 9.999590312150413718e-01 9.999583571210269861e-01 9.999682060152302876e-01 9.999713890245947034e-01 9.999708557664226394e-01 9.999690161831296109e-01 9.999653207237183539e-01 9.999621768406385947e-01 9.999617305034125270e-01
9.999696456842029901e-01 9.999704568581677666e-01 9.999707036033247398e-01 9.999681690852704197e-01 9.999495544859005047e-01 9.999629543069461501e-01 9.999600956490476422e-01 9.999636265884013220e-01 9.999732412756043853e-01 9.999526525514085273e-01
9.999637071139965139e-01 9.999690138018647589e-01 9.999705903851217048e-01 9.999734328245418746e-01 9.999724148524608003e-01 9.999625962598439610e-01 9.999605141738973080e-01 9.999674116858559003e-01 9.999602499718696080e-01 9.999644187964279451e-01
9.999529977031790251e-01 9.999673651472462677e-01 9.999647489629621688e-01 9.999605479904896121e-01 9.999627402371195073e-01 9.999632935141444801e-01 9.999579728232256270e-01 9.999619759866464896e-01 9.999601216607041376e-01 9.999594805305571654e-01
9.999581592002089181e-01 9.999521639727344535e-01 9.999585906599224305e-01 9.999648154688943746e-01 9.999533392457328196e-01 9.999648168809900373e-01 9.999627919727549497e-01 9.999674578690617155e-01 9.999686434200535379e-01 9.999671601260278209e-01
9.999602722554670198e-01 9.999721566564614417e-01 9.999643045148360887e-01 9.999661412774154545e-01 9.999653622995660074e-01 9.999630365616379857e-01 9.999681140843936777e-01 9.999598240538642990e-01 9.999490132110974150e-01 9.999646658077651074e-01
