9.999425790496125899e-01 9.999701668060714255e-01 9.999537790668667769e-01 9.999652726145513704e-01 9.999478697612030897e-01 9.999732630537471190e-01 9.999007792856269283e-01 9.999219679402125971e-01 9.999359176145961037e-01 9.999206851949442587e-01
9.999343377570104607e-01 9.999149896681785998e-01 9.999441919262171963e-01 9.999024581971250880e-01 9.999161394578726103e-01 9.999078255520582603e-01 9.998992323358526502e-01 9.999518051989920719e-01 9.999333488833392902e-01 9.997560162198930733e-01
9.999513720455245336e-01 9.999328620173635329e-01 9.999424235188111298e-01 9.998093599193678127e-01 9.998375439031669254e-01 9.999574916969505844e-01 9.999538567409658185e-01 9.999641109820417428e-01 9.999117894469340406e-01 9.999100663228156494e-01
9.997845210914395597e-01 9.999147466163545994e-01 9.999357998960647365e-01 9.999066547251171944e-01 9.999386850405422855e-01 9.998878642940846051e-01 9.998974489170876501e-01 9.999525674977182144e-01 9.998466699747501352e-01 9.999085897791136768e-01
9.998001062413517381e-01 9.999510792028610817e-01 9.998987481229596463e-01 9.999536631442001999e-01 9.999269141453012155e-01 9.998286846839961051e-01 9.998127980935392900e-01 9.999325695847234297e-01 9.999439806988129620e-01 9.998955392081924076e-01
9.999355808173280291e-01 9.998963275017724861e-01 9.999684099991710262e-01 9.999202751376635723e-01 9.995825886965902241e-01 9.999471864521779496e-01 9.999153207562740953e-01 9.998644278854951217e-01 9.999063377471295588e-01 9.998610128861050717e-01
9.998791292708658629e-01 9.998582087243232941e-01 9.999526653435397705e-01 9.999243471808825223e-01 9.999700792575485497e-01 9.998528998518541044e-01 9.999162945567534599e-01 9.999440078084332884e-01 9.999359417560776953e-01 9.999799256779462464e-01
9.999451551533836691e-01 9.999194756996333533e-01 9.996310926920229933e-01 9.999614069387421367e-01 9.999496006741411813e-01 9.999399286991051961e-01 9.998845920978320923e-01 9.999279816280334243e-01 9.998865826553455793e-01 9.998286186453356761e-01
9.998347389844678412e-01 9.999084333284408155e-01 9.999315460742825845e-01 9.996600177785627261e-01 9.999219140817672269e-01 9.999704271385971843e-01 9.998281792367951226e-01 9.998890329475338401e-01 9.998569800859864465e-01 9.998969846024687858e-01
9.999242124015819133e-01 9.999789023923467690e-01 9.999368312757533905e-01 9.999486415706595466e-01 9.999392649274952971e-01 9.996211393020517644e-01 9.999380705795664070e-01 9.998961665133129229e-01 9.998811007522626637e-01 9.999176526999175030e-01
9.997448208254722246e-01 9.998765532137442458e-01 9.999265207926014698e-01 9.999242369823061471e-01 9.998969907096059151e-01 9.997899233722025158e-01 9.998942937044839052e-01 9.998438872253148091e-01 9.999065528350874477e-01 9.999133444180602348e-01
9.998938734610980372e-01 9.999393005752690300e-01 9.999533580152650813e-01 9.999091688222456753e-01 9.999219556190357405e-01 9.998529837866707570e-01 9.999516931189399438e-01 9.999535059736690545e-01 9.999456505739618972e-01 9.999615237786768640e-01
9.998362070475163010e-01 9.999323957708157184e-01 9.999492543776142828e-01 9.999590038772431244e-01 9.999463329755418073e-01 9.999469577623928407e-01 9.999562797437598904e-01 9.999310848254372441e-01 9.999146198266924968e-01 9.999142037439858743e-01
9.999123611805752487e-01 9.999872584518686436e-01 9.998992417456395998e-01 9.999360875837889351e-01 9.999074511985115432e-01 9.999666019340861522e-01 9.999196056181748338e-01 9.999539470823320952e-01 9.999435688928907107e-01 9.999072748236325081e-01
9.999253334151897432e-01 9.999465962709140898e-01 9.999387965620435414e-01 9.996411719246827143e-01 9.999277242515250963e-01 9.997815029808511111e-01 9.999512824403057332e-01 9.998847502055773218e-01 9.997138011867567897e-01 9.999183087071399356e-01
9.999683492915926175e-01 9.998554745641300423e-01 9.998995758019684210e-01 9.999479045894550389e-01 9.998966959007095090e-01 9.997910270267478250e-01 9.999141133586110231e-01 9.999587833476863974e-01 9.995713682764150176e-01 9.999410450660179972e-01
9.998918336363746828e-01 9.998368546776044141e-01 9.990971728028361643e-01 9.997020442747487357e-01 9.999563048756021644e-01 9.999780172468767381e-01 9.999235295465219719e-01 9.999674789595068836e-01 9.999356583099670015e-01 9.999529451729664009e-01
9.999340282391172563e-01 9.998823071297842091e-01 9.999325225767951020e-01 9.998656204086137089e-01 9.998988558558692397e-01 9.999208340812079099e-01 9.997019812471332756e-01 9.998665936525010789e-01 9.999204137198915987e-01 9.999117113734103945e-01
9.999328079705006589e-01 9.998097171820972129e-01 9.999432949163693518e-01 9.998818327299677788e-01 9.999010103936296634e-01 9.998560846847484029e-01 9.999799498664851960e-01 9.998821061544740374e-01 9.999484648731187253e-01 9.998513086248176363e-01
9.999229923488989202e-01 9.998566965022329667e-01 9.999606932099961432e-01 9.999307554009109200e-01 9.999490543727080905e-01 9.999240226055753356e-01 9.998773784814926069e-01 9.999619896508555872e-01 9.999515406136102458e-01 9.999658388369674356e-01
9.998026915808894133e-01 9.999524548269254076e-01 9.999830443373098898e-01 9.998818882510986938e-01 9.999344417909132865e-01 9.999379041136595703e-01 9.999469326273614511e-01 9.999768471203351883e-01 9.999075045905522208e-01 9.999375843391286045e-01
9.999708009851323576e-01 9.999660448148867120e-01 9.997917697082646660e-01 9.999188643181534664e-01 9.998849975732662099e-01 9.999490320232432561e-01 9.999162865227176900e-01 9.999096590491802772e-01 9.998917141534281461e-01 9.998696729864413602e-01
9.999235162825623746e-01 9.998951545862737600e-01 9.999508835832771059e-01 9.998788348690451633e-01 9.999473087648254044e-01 9.999514100756655699e-01 9.999185274283682867e-01 9.999016243860064934e-01 9.999606820569794108e-01 9.999453033126382007e-01
9.999397811202133113e-01 9.999442368775518508e-01 9.999706766586625717e-01 9.999124860172845519e-01 9.998575455768379250e-01 9.999462866322423871e-01 9.999574172117209336e-01 9.999611070163326731e-01 9.999289836555648181e-01 9.999514301962487695e-01
9.999559756780252995e-01 9.999505812472063715e-01 9.999510709049068691e-01 9.999570130922716960e-01 9.998798709007172825e-01 9.999826047001273421e-01 9.999567425185752478e-01 9.999270220301782475e-01 9.999033106733632437e-01 9.999568472710820277e-01
9.999097606518367876e-01 9.999736142785413673e-01 9.999474667609948852e-01 9.998155229325864646e-01 9.997321075672134238e-01 9.999332184359791542e-01 9.999547341303374193e-01 9.997761112182755872e-01 9.999524309575164027e-01 9.999229833745325591e-01
9.999505815558895616e-01 9.999360257905985927e-01 9.999535934391968750e-01 9.998624100362386580e-01 9.999314014016513763e-01 9.999068599121681000e-01 9.999619242526335272e-01 9.999238894679440826e-01 9.999464859649652704e-01 9.999352053383900873e-01
9.999720295997732711e-01 9.996386934505440136e-01 9.999549351840014699e-01 9.999078754397101587e-01 9.999669656648972893e-01 9.999120502309690739e-01 9.999389264563720570e-01 9.999526422410101034e-01 9.998577085037239076e-01 9.999779356300442235e-01
9.999438364945549829e-01 9.999403946557405831e-01 9.999396528578123888e-01 9.999320412420172888e-01 9.999417963120326158e-01 9.999326635118697126e-01 9.999545506397461425e-01 9.998043978090435102e-01 9.999251709959493528e-01 9.998774347216000669e-01
9.999512438382460733e-01 9.999047408669305970e-01 9.998974189181734085e-01 9.999330304317656237e-01 9.999438625204942754e-01 9.998553455456157257e-01 9.998917476803579341e-01 9.998991544360681383e-01 9.999592170032399752e-01 9.998278742658361917e-01
9.997768802227863238e-01 9.994776222998892345e-01 9.999476117685687226e-01 9.998814434624321290e-01 9.999316590239846203e-01 9.998541421813061936e-01 9.998584412574876845e-01 9.999140038662253094e-01 9.999103004870242284e-01 9.998940965519239610e-01
9.999576752464888196e-01 9.998978503899000891e-01 9.999834147264058393e-01 9.999254813610125581e-01 9.999588225840849720e-01 9.998089927556392809e-01 9.999119151486017820e-01 9.998787984502924830e-01 9.998722370777429758e-01 9.999252778241577433e-01
9.999073224509281710e-01 9.999573101901566563e-01 9.999559785821956481e-01 9.999654638803701090e-01 9.998501408047290040e-01 9.999089116804883437e-01 9.999577875119978199e-01 9.999316676535494608e-01 9.999387855908933309e-01 9.999352467706553727e-01
9.998534092863743394e-01 9.999597064920385803e-01 9.999400365681609948e-01 9.999442761407015823e-01 9.999334480887484000e-01 9.999306359679910328e-01 9.999313948442043465e-01 9.998390082415047342e-01 9.997845396992652844e-01 9.999256290928977275e-01
9.997930430397945489e-01 9.999250695163937053e-01 9.999009640774872976e-01 9.998786083779215295e-01 9.999009319048799416e-01 9.999371345130275701e-01 9.999791862067896053e-01 9.998755318353595989e-01 9.999358790636291294e-01 9.998422543635919757e-01
9.999310559708622925e-01 9.998433192106891410e-01 9.999185310187993503e-01 9.999094495284224227e-01 9.999048959803753522e-01 9.999289117617071732e-01 9.999668334015981985e-01 9.998977897891562217e-01 9.998932726688888328e-01 9.999538345453770072e-01
9.999830193133685263e-01 9.999480955250075187e-01 9.999315005930092815e-01 9.999506469548644638e-01 9.999076019556160100e-01 9.998737351755027092e-01 9.996899686390918749e-01 9.999287878948853736e-01 9.999512529776477532e-01 9.999780472999377778e-01
9.999582550020466032e-01 9.998735924246628937e-01 9.997890669320349533e-01 9.999184146400985629e-01 9.999457909095346153e-01 9.997646062505124442e-01 9.999547777873514232e-01 9.997360077905125264e-01 9.999288218377969661e-01 9.999264847791609068e-01
9.999370234840784244e-01 9.999016653441259450e-01 9.998105008845010744e-01 9.997096819815046720e-01 9.998934698151028533e-01 9.997812049953266333e-01 9.999290361536194993e-01 9.999452651845370799e-01 9.999158124801541536e-01 9.998920725674134147e-01
9.998949909457250929e-01 9.998482854462796832e-01 9.999317448093190119e-01 9.999223162151001931e-01 9.998826905744055971e-01 9.999334423054897503e-01 9.999534334760319387e-01 9.999475609370862550e-01 9.998829510968773038e-01 9.999625465727730589e-01
9.998172904802569150e-01 9.999128879927611235e-01 9.999415356683977185e-01 9.998273789112199772e-01 9.999317612576201775e-01 9.999645744701636252e-01 9.998959456788597544e-01 9.999232379775991886e-01 9.996143280875825488e-01 9.998838080837160192e-01
9.998757430421711945e-01 9.999634687240043229e-01 9.999332251738527466e-01 9.999081644654607137e-01 9.999569974751516543e-01 9.999006890632966549e-01 9.999143004788068056e-01 9.999050929232430329e-01 9.999160118190346669e-01 9.999166951880805732e-01
9.999480606487816114e-01 9.999452623559882403e-01 9.999611315799510347e-01 9.999420441929601777e-01 9.999081862298835333e-01 9.999703131047384952e-01 9.998925421831701410e-01 9.999110383122877810e-01 9.999094683983859033e-01 9.999289412671933386e-01
9.999408478315715554e-01 9.999191810925114332e-01 9.999235245253889071e-01 9.999319648046591791e-01 9.999049173952097025e-01 9.999639897590810733e-01 9.999193522860829741e-01 9.999748518006514875e-01 9.999433920012522625e-01 9.999516671261139411e-01
9.999432449858455252e-01 9.999309365617710110e-01 9.999504757899848606e-01 9.999444381487840872e-01 9.999268555190125030e-01 9.998853330059754851e-01 9.997892507536749740e-01 9.999652976672382954e-01 9.999736985703072678e-01 9.999302252591324436e-01
9.998324894723712442e-01 9.999170431082780031e-01 9.999460964183416456e-01 9.999138634972943862e-01 9.998485061010936592e-01 9.999721105526331311e-01 9.999109973940726315e-01 9.999717771493747964e-01 9.999691985749032952e-01 9.999319999030320538e-01
9.999283209918303772e-01 9.999582467215153425e-01 9.999714443212588399e-01 9.999742375202197442e-01 9.997751647952517473e-01 9.998351709542491195e-01 9.998886996780540493e-01 9.999790510109742847e-01 9.998979208318794498e-01 9.999399769457952836e-01
9.999592172182073524e-01 9.999198471517311004e-01 9.999504578199230886e-01 9.999120641615564242e-01 9.999319278309267700e-01 9.999296341865548943e-01 9.998789239499966675e-01 9.999028237597407109e-01 9.999312733877327997e-01 9.999223134579596772e-01
9.999129340709793645e-01 9.998171708894830756e-01 9.999371989833510943e-01 9.999611447493873539e-01 9.999539691135747033e-01 9.998561041217547407e-01 9.999656969518355698e-01 9.999331136388343033e-01 9.998407995870747245e-01 9.998133988482803547e-01
9.999353089971914077e-01 9.998610403635272981e-01 9.998401168612601753e-01 9.998923001964969970e-01 9.999684380188395005e-01 9.997834668801189872e-01 9.999189350820621991e-01 9.999650701234484851e-01 9.999455154964799197e-01 9.998741615897401847e-01
9.999315643900770212e-01 9.999406255068761240e-01 9.999378998832599841e-01 9.998857171041567460e-01 9.998010152543161944e-01 9.999400771770728946e-01 9.999653447423951791e-01 9.998249417133390216e-01 9.999148517124105684e-01 9.998640021670028855e-01
9.997595918216444222e-01 9.999296959767680626e-01 9.999303080313928227e-01 9.997784694734920263e-01 9.996569420863303801e-01 9.999783462441643733e-01 9.999571617299259918e-01 9.998444039174692044e-01 9.998942068531460059e-01 9.997736551898942503e-01
9.999698722706519272e-01 9.998885453156529657e-01 9.998689307657525616e-01 9.999234409701063253e-01 9.999139060065167506e-01 9.999349928767405915e-01 9.999518007314566193e-01 9.999395809049961281e-01 9.999219107262284911e-01 9.998304877996588846e-01
9.998818013518847581e-01 9.999193690060398376e-01 9.997348473679472658e-01 9.999332383603100061e-01 9.999359225202970602e-01 9.999738017908617049e-01 9.999593138548393823e-01 9.997965607709268232e-01 9.998779375146541470e-01 9.999468592995107707e-01
9.999399261634713820e-01 9.999035566253396956e-01 9.999326955471511402e-01 9.998994686918216690e-01 9.998969204370699027e-01 9.999224191375055693e-01 9.998690646767933732e-01 9.998851123948773179e-01 9.998904522024599784e-01 9.999757941380863491e-01
9.998946480030699302e-01 9.997452294828640396e-01 9.999559881987748478e-01 9.999395904251194844e-01 9.999387115734759135e-01 9.999350048133399671e-01 9.999561784626486149e-01 9.999242666195378160e-01 9.998856926106165499e-01 9.999285217090595479e-01
9.999108459778983660e-01 9.999337947802943161e-01 9.999316407014815500e-01 9.999545261001214769e-01 9.999318303341516723e-01 9.998881980160861938e-01 9.999393096691363558e-01 9.999074282502166122e-01 9.999494132245531075e-01 9.999485153676275218e-01
9.997979180179764613e-01 9.996522987442020280e-01 9.999110191834076344e-01 9.998192965822633171e-01 9.998631552607168960e-01 9.999237530577906874e-01 9.999298607351742030e-01 9.999455186448272803e-01 9.999338381430217249e-01 9.999138784627585874e-01
9.999494015446959150e-01 9.998636459388207109e-01 9.999068426819043287e-01 9.999467740686907025e-01 9.999693849422340852e-01 9.998970860574568631e-01 9.999310393646266837e-01 9.999443418834339514e-01 9.999097449186790110e-01 9.997706228745412149e-01
9.999576800777296715e-01 9.998968786309894163e-01 9.998865868612125674e-01 9.999483001368548729e-01 9.995294554713251012e-01 9.999530905282245641e-01 9.999267471189725587e-01 9.995949350811044187e-01 9.998856428055206136e-01 9.999460502215679059e-01
9.999626097063447627e-01 9.999660079793014633e-01 9.999452145825471483e-01 9.999714939186926665e-01 9.998751230172939763e-01 9.999484078387373964e-01 9.999609741863781931e-01 9.998819608768479972e-01 9.999414974411948709e-01 9.999011654598742860e-01
9.999544909942572612e-01 9.999330709102960402e-01 9.999261423932281900e-01 9.994223276656287736e-01 9.999019630597089092e-01 9.999338942626563309e-01 9.999558043065899238e-01 9.997406909586420420e-01 9.999572768058661021e-01 9.998905447169288419e-01
9.999119174652646436e-01 9.999374490219034017e-01 9.998325884417430531e-01 9.998918875013282914e-01 9.998755242990796654e-01 9.999052644286736680e-01 9.999496106125748129e-01 9.999497570741376906e-01 9.999011398614254809e-01 9.999614038680648687e-01
9.999361313007434360e-01 9.999461499021130573e-01 9.999298096702036176e-01 9.999748726032428037e-01 9.999591464376617056e-01 9.999354819093653202e-01 9.998302181474829631e-01 9.998873381567391361e-01 9.999512376383370427e-01 9.998711007280494112e-01
9.999222076847542606e-01 9.999619600031520728e-01 9.997974544673555730e-01 9.999662343644110107e-01 9.999525258837622665e-01 9.998365801875163106e-01 9.999352669558073670e-01 9.999403145437965046e-01 9.999389106303270269e-01 9.999413010552004044e-01
9.999395323315987127e-01 9.999021295157929368e-01 9.999335614045972154e-01 9.998705206323776906e-01 9.999457909037493542e-01 9.998344035963442344e-01 9.999498738985653778e-01 9.998068692742879682e-01 9.997897015792034381e-01 9.998864416001957967e-01
9.999475457317297256e-01 9.999497528089564824e-01 9.998786707785248806e-01 9.997046007305384618e-01 9.999361520178192686e-01 9.999821588766254488e-01 9.999678962379936475e-01 9.999200330366926348e-01 9.998294185954045288e-01 9.999440665410749274e-01
9.999611334387217276e-01 9.998221275861040036e-01 9.999177791448354835e-01 9.999480098837691955e-01 9.999111744990475392e-01 9.999647799285020788e-01 9.998543344007948530e-01 9.999544234269338583e-01 9.999592474367996475e-01 9.999495657941138704e-01
9.999424081956397314e-01 9.999288663776720876e-01 9.999658309788072019e-01 9.998704942413672025e-01 9.999665217195555789e-01 9.999576382656512052e-01 9.999013438992521152e-01 9.997899153680478435e-01 9.998370357986752222e-01 9.998946210586366901e-01
9.998789910403719228e-01 9.999197121363045948e-01 9.999284922749168691e-01 9.998368430280164532e-01 9.998438850818115453e-01 9.999117642058295008e-01 9.999653093810701998e-01 9.999728247828940653e-01 9.999305611518493064e-01 9.995025625832214544e-01
9.999617890461232061e-01 9.999282286325099633e-01 9.999402339864049694e-01 9.999564598523962289e-01 9.998573134805285312e-01 9.999357062016577258e-01 9.999148338064961505e-01 9.999057375137130332e-01 9.998358154147911625e-01 9.999745946067378766e-01
9.999493801674118609e-01 9.998936776518904113e-01 9.999402654831408555e-01 9.999587990044450647e-01 9.999755593717187807e-01 9.999599768863841609e-01 9.999787520601584045e-01 9.998823019964143688e-01 9.998575212765518083e-01 9.999458420629753208e-01
9.998469275648651511e-01 9.999603002391802553e-01 9.999229868449595049e-01 9.999442296112035500e-01 9.998607570127969746e-01 9.999253325995978159e-01 9.999100068514263917e-01 9.998827137902127626e-01 9.998808280576032548e-01 9.999089579130722161e-01
9.999496041282788239e-01 9.999452218087728772e-01 9.999213575041256963e-01 9.998877695736296811e-01 9.997252540284750078e-01 9.998988268777684318e-01 9.998617330470290776e-01 9.999477170960575645e-01 9.998647730558035684e-01 9.999309925154279410e-01
9.999246381238440229e-01 9.999233202849682201e-01 9.999601877418153872e-01 9.998978283429658109e-01 9.999523463145546520e-01 9.998392631597753377e-01 9.999832436531937985e-01 9.998770723923400272e-01 9.999027533158618697e-01 9.998267184531145491e-01
9.999453320010754931e-01 9.999217906599898731e-01 9.999364041905822731e-01 9.998908460545259391e-01 9.998332759564494410e-01 9.998824006954603050e-01 9.999742931460469109e-01 9.999525090408734052e-01 9.999159084151917343e-01 9.999795248616148990e-01
9.998259288355486607e-01 9.999656398065432938e-01 9.998961426278437647e-01 9.999141913900673195e-01 9.998848848509503950e-01 9.999528842403713202e-01 9.998857239010208176e-01 9.999653885936369280e-01 9.999458328566146470e-01 9.999034956112269334e-01
9.998140748773645115e-01 9.998135543286305049e-01 9.999330861091352274e-01 9.999392047128572436e-01 9.998801723603160108e-01 9.999652601557419418e-01 9.999439267638604578e-01 9.999539124670653312e-01 9.998660195513300319e-01 9.997856038304943072e-01
9.999393913777927523e-01 9.998483357273861838e-01 9.998362483492294617e-01 9.997221305463915852e-01 9.999642459183859522e-01 9.999564089685633039e-01 9.999623784498531398e-01 9.999749114690401619e-01 9.999620315259063474e-01 9.998336292033994654e-01
9.999286311790435144e-01 9.998429568532822831e-01 9.998338140350974124e-01 9.999369480841433511e-01 9.999159599979066115e-01 9.998763151052946219e-01 9.999654774488553333e-01 9.998016050499067831e-01 9.999168420690148773e-01 9.999223131250396523e-01
9.999664208194057879e-01 9.999396704700266314e-01 9.997820058091380080e-01 9.997203038264158570e-01 9.999259913650930809e-01 9.999155966732211631e-01 9.999646842969889260e-01 9.998985298334732708e-01 9.998932090698557928e-01 9.999738765838004362e-01
9.999803534929456728e-01 9.998551840987858208e-01 9.999059822630869121e-01 9.999631939343237574e-01 9.998203223741650714e-01 9.998503444290094411e-01 9.998802107763266056e-01 9.999314234203576790e-01 9.999333002772471390e-01 9.999564410317779428e-01
9.999355753156460302e-01 9.999082064673906478e-01 9.998617818850252803e-01 9.998639748597611954e-01 9.998259593889379238e-01 9.999463010532072538e-01 9.997247749462767619e-01 9.999434345104510902e-01 9.999175925871944814e-01 9.999458569882021530e-01
9.997703376146124254e-01 9.998750977410952867e-01 9.999576586197683747e-01 9.999665698812356673e-01 9.999010193295685411e-01 9.999467519695267592e-01 9.997953767848304363e-01 9.993337916629126960e-01 9.994744748777879551e-01 9.999320553596474648e-01
9.999199976790897892e-01 9.999649423821984628e-01 9.998877352697573828e-01 9.999462994522064774e-01 9.999199558415476918e-01 9.999546000357102393e-01 9.998834100040890904e-01 9.999186834697063597e-01 9.999848983849007888e-01 9.998427417377780957e-01
9.999413025699135371e-01 9.999257977577842293e-01 9.999293494259597903e-01 9.999210922839276705e-01 9.998488694036831159e-01 9.999729657829259377e-01 9.999484342269479020e-01 9.999026903644918640e-01 9.998520801286361337e-01 9.999464709026945064e-01
9.996221861869782899e-01 9.999409178892162409e-01 9.999493434199554498e-01 9.999643701090801251e-01 9.999355105221863216e-01 9.998546361207817368e-01 9.999388003993238128e-01 9.999428205923154289e-01 9.998960360222558519e-01 9.999485878883034307e-01
9.999778071929845691e-01 9.998803319823365010e-01 9.999372052700189473e-01 9.999719128006404611e-01 9.998559415763956792e-01 9.999082541708146366e-01 9.999238496136048093e-01 9.998360891270179351e-01 9.999162258751511656e-01 9.999390323291520444e-01
9.999083175795565603e-01 9.999069078526184873e-01 9.999328079402525216e-01 9.999358071665129799e-01 9.999599225748879716e-01 9.994322677245552899e-01 9.999127321527848666e-01 9.999062040324201428e-01 9.998844937309593339e-01 9.999024154779765361e-01
9.997720906422352671e-01 9.998993859602832712e-01 9.999195120867111486e-01 9.999297952255173927e-01 9.999514189132973074e-01 9.999345158388935895e-01 9.999401495652613381e-01 9.994353879774020566e-01 9.998982598846667402e-01 9.999372009837640407e-01
9.998454842568603729e-01 9.999503454062664831e-01 9.999227968926532872e-01 9.999774623758732606e-01 9.999282060291054819e-01 9.998141596306618917e-01 9.999492879361179254e-01 9.998933700633984012e-01 9.998933060259530547e-01 9.999556570082273055e-01
9.999815505135257743e-01 9.998843890054034400e-01 9.999517601360824459e-01 9.999685147983935485e-01 9.999281987581082332e-01 9.999090671356115623e-01 9.999222215851213402e-01 9.997844947103160518e-01 9.999230080033489898e-01 9.999194125074342132e-01
9.998215807744997852e-01 9.999255885867061044e-01 9.998865955954336915e-01 9.999111115585650467e-01 9.999296864996155554e-01 9.998516077901355992e-01 9.999289796781288819e-01 9.997389694300889973e-01 9.999093695569892803e-01 9.999278776577890104e-01
9.999541529904308890e-01 9.999106975077277637e-01 9.997845823914627283e-01 9.999454075621426741e-01 9.999438442556222162e-01 9.999022164516015998e-01 9.998794159660115977e-01 9.999525491934520005e-01 9.998822574829829835e-01 9.999208237724583892e-01
9.999845588103677407e-01 9.999756495067554374e-01 9.998177171156640286e-01 9.999499675849854441e-01 9.999205981673306987e-01 9.998926060002873983e-01 9.998939129916806223e-01 9.998768329255465215e-01 9.998985069398476089e-01 9.999225893699197343e-01
9.995208632025200934e-01 9.999279490399404224e-01 9.998699362930283385e-01 9.999452966946180688e-01 9.999196065589714966e-01 9.999274457966859098e-01 9.999589487252450448e-01 9.999352243858130596e-01 9.999561833397879740e-01 9.999363384754949013e-01
9.997114617618447774e-01 9.999084459554208326e-01 9.998748535776111890e-01 9.999633365865610024e-01 9.998679340294817086e-01 9.999237062985915081e-01 9.999244414382340018e-01 9.999078764873786662e-01 9.998814680108908393e-01 9.999036444119397959e-01
9.999371993700661987e-01 9.998275665473795870e-01 9.998731938397933394e-01 9.998867666079325200e-01 9.998947619230691419e-01 9.997039265284979326e-01 9.998824202815698170e-01 9.999076567352412903e-01 9.994287716419807399e-01 9.998772357628630258e-01
9.998658833211051533e-01 9.999185648051803765e-01 9.998913556766114707e-01 9.993275879236477310e-01 9.999745800995304412e-01 9.999512738574528603e-01 9.998287786044078862e-01 9.999615908691555921e-01 9.998074196094837163e-01 9.999757299587465065e-01
9.999172227462170826e-01 9.999174276541447082e-01 9.999198061796045200e-01 9.999252492444811180e-01 9.999370427029926622e-01 9.999025399260894620e-01 9.999274394911541464e-01 9.999125705190888835e-01 9.998775897537710566e-01 9.999639641509687760e-01
