9.999486582964620673e-01 9.998186744599160125e-01 9.999583869836751182e-01 9.998376650765188334e-01 9.998982363579603794e-01 9.998931804675180723e-01 9.998764858886757256e-01 9.999686940324603590e-01 9.999301004504662638e-01 9.999129423525952021e-01
9.998646846264003241e-01 9.998962539751410361e-01 9.998228636981136841e-01 9.997988036720039107e-01 9.998967541033803030e-01 9.999634019219417747e-01 9.997763291248465967e-01 9.999574702462975528e-01 9.998685404210053695e-01 9.999604503670832534e-01
9.999060061074583894e-01 9.999634150720113634e-01 9.999261766617875136e-01 9.998540487955404066e-01 9.998731819735980908e-01 9.998317813856458791e-01 9.998152387002772201e-01 9.999493602182708551e-01 9.995497811395915866e-01 9.999371590996387615e-01
9.996034627971912556e-01 9.998996234186169341e-01 9.998249923627982039e-01 9.999358447221265989e-01 9.997436524115141943e-01 9.999371996885130232e-01 9.997794247524803835e-01 9.999453316405425563e-01 9.999050267913293100e-01 9.999109740031364435e-01
9.998729852860096523e-01 9.999764906733557002e-01 9.999645112639479194e-01 9.994642529286783539e-01 9.997848865958813835e-01 9.995976341142267518e-01 9.999496653857369299e-01 9.999229126998785411e-01 9.996029735746881917e-01 9.999582267734752339e-01
9.999207321724967734e-01 9.999482658482156117e-01 9.996745333479400974e-01 9.999256403673829618e-01 9.998641379376497218e-01 9.999154883864663779e-01 9.998632598751848732e-01 9.999068591363819980e-01 9.999140065100990959e-01 9.998542104221723736e-01
9.999334546197354845e-01 9.997748789944584935e-01 9.998462621591382993e-01 9.999487404552005465e-01 9.999288077144666831e-01 9.999233228330413059e-01 9.998591916275699765e-01 9.999415856289356475e-01 9.999443851831952834e-01 9.999095340429863255e-01
9.999641317278838981e-01 9.999665808012941914e-01 9.997805461035008667e-01 9.998334664349445289e-01 9.999691848004294004e-01 9.999738031394537208e-01 9.999494186862705192e-01 9.999291123685905003e-01 9.999473530729964255e-01 9.999599481463613548e-01
9.999236732164755725e-01 9.999094575375544469e-01 9.999681222485444776e-01 9.998037838752149575e-01 9.998840401227785391e-01 9.999345386452545004e-01 9.999073934470374958e-01 9.999019493642667955e-01 9.999465689326003659e-01 9.998942463806883563e-01
9.997636206516390400e-01 9.999442422205501169e-01 9.999390750993065735e-01 9.999086047897833840e-01 9.999317553294111427e-01 9.998754486758137938e-01 9.998658245815289503e-01 9.998902546071116726e-01 9.999272333031925530e-01 9.999035268090934458e-01
9.997020531650387953e-01 9.999354335465230337e-01 9.998912273412577933e-01 9.999055797889775388e-01 9.999347730842670368e-01 9.998642766792789072e-01 9.999430408548304339e-01 9.999259313154933437e-01 9.997233010372196249e-01 9.999317193275417681e-01
9.998471883319502984e-01 9.999615754918405042e-01 9.998992180480222869e-01 9.999656116552744223e-01 9.999171918923048796e-01 9.999242523789582116e-01 9.999071644301128492e-01 9.999545799735883866e-01 9.999014277488647018e-01 9.998484224670638465e-01
9.998729225181477442e-01 9.999408542388182886e-01 9.998670934172854130e-01 9.999408177564317324e-01 9.998727428931887262e-01 9.998831252188125074e-01 9.999027234456261404e-01 9.999112407434754823e-01 9.999081249253640724e-01 9.998441502863735231e-01
9.998918103783178690e-01 9.999738572300500561e-01 9.991809523187941133e-01 9.999497684788548613e-01 9.999598372398087465e-01 9.999571336709481839e-01 9.999607237060015308e-01 9.999569365816805000e-01 9.999590663689759129e-01 9.999671417100675086e-01
9.999021497051143736e-01 9.998859559945694198e-01 9.999414383629909864e-01 9.998462368405374168e-01 9.999415516078631327e-01 9.997185937232998532e-01 9.998398845100103793e-01 9.999122906139743527e-01 9.998200809754866913e-01 9.999226976844021175e-01
9.999490731385850539e-01 9.997692482622838606e-01 9.996631383122763781e-01 9.999653900395373274e-01 9.998556822993475146e-01 9.999579207510572720e-01 9.998982535114085968e-01 9.999069363867169047e-01 9.998878542873071984e-01 9.999106717204327976e-01
9.999118698387161608e-01 9.999635965727723397e-01 9.999263882837163830e-01 9.998878814534269965e-01 9.999393674907320895e-01 9.999145065666367183e-01 9.997960565689292256e-01 9.999636050689351130e-01 9.999233959804724181e-01 9.998383644206211285e-01
9.999372957629835135e-01 9.997954514770430734e-01 9.994126044944403597e-01 9.998371183666422413e-01 9.999530031360938098e-01 9.998939422752297634e-01 9.999217985816208909e-01 9.999377864033617280e-01 9.999393738053158343e-01 9.999416592807381932e-01
9.999316309718828677e-01 9.999467530533568960e-01 9.999402963739367767e-01 9.999721215420809273e-01 9.999395147028724562e-01 9.998580988246542622e-01 9.999381020259577868e-01 9.999611087185130698e-01 9.998690004887800242e-01 9.999327004360744064e-01
9.998977851758371616e-01 9.999031119852961336e-01 9.999065323770505165e-01 9.999615678720286116e-01 9.999453517933996061e-01 9.998275603784898546e-01 9.993019955212713024e-01 9.999408927975009798e-01 9.999100580316626630e-01 9.999561175808461266e-01
9.999342784116838079e-01 9.998818300581869822e-01 9.994700129553441004e-01 9.996217981939842234e-01 9.999630401115719991e-01 9.999297303369586443e-01 9.998513962352930662e-01 9.999212539413074863e-01 9.998622030384886061e-01 9.998978749992354365e-01
9.998240582543366228e-01 9.999319778063205932e-01 9.998569893624907889e-01 9.999235661631639127e-01 9.999137471541230671e-01 9.999613121534215443e-01 9.999132522677559587e-01 9.999156638257703511e-01 9.999311573428177891e-01 9.994350586532543268e-01
9.997849891424682722e-01 9.999282244263105746e-01 9.999445582107790997e-01 9.999465597551357998e-01 9.998178301410426405e-01 9.998480116634791415e-01 9.998101948372529746e-01 9.999167193141659249e-01 9.999559196061054145e-01 9.998757243498805902e-01
9.999221395814400504e-01 9.999408051736466962e-01 9.999603809897503748e-01 9.999451017461675750e-01 9.999446485076288749e-01 9.999568111060351816e-01 9.999624466026049152e-01 9.997397110720136482e-01 9.998321158204761527e-01 9.999245198280924951e-01
9.999356014160181161e-01 9.998950307596412568e-01 9.999506021184935145e-01 9.999094505274376266e-01 9.998910875075682769e-01 9.999581979371895413e-01 9.999275447436659636e-01 9.999635469039618307e-01 9.998546456751811196e-01 9.998236046258988097e-01
9.996118235760685922e-01 9.999254733292608499e-01 9.999312676731985094e-01 9.995952494447271075e-01 9.999329434920863902e-01 9.998702975599672582e-01 9.999158955506081137e-01 9.999768359678349317e-01 9.994918240391233999e-01 9.999442063267449665e-01
9.998445296487213918e-01 9.999211042718179066e-01 9.998660387952561512e-01 9.997276311220782974e-01 9.999529510395206433e-01 9.999308543385595494e-01 9.998723992460866183e-01 9.999140646012533162e-01 9.999292597243444325e-01 9.999129165030270494e-01
9.999629366350201165e-01 9.999596757079494136e-01 9.999519771979579197e-01 9.999480866318676275e-01 9.999349163043024236e-01 9.999150827545923992e-01 9.998887989278099075e-01 9.997004891993054310e-01 9.999529362125021414e-01 9.999000950417511469e-01
9.999490276881669581e-01 9.998397157714198347e-01 9.998279614971998797e-01 9.999652925275556159e-01 9.997017549555589078e-01 9.998933028656953326e-01 9.999497525259948283e-01 9.999274757057419194e-01 9.998853422457916196e-01 9.999296057076426658e-01
9.999480353578392711e-01 9.998413497219201806e-01 9.999117317037214958e-01 9.999349201545602028e-01 9.999635088984999420e-01 9.999690078084454425e-01 9.999417176262535012e-01 9.999311024155917993e-01 9.998656662234870485e-01 9.998352303499243865e-01
9.999670593352230075e-01 9.999130571061837225e-01 9.997971957160769474e-01 9.998343592409779657e-01 9.999621626207139125e-01 9.997401483586246806e-01 9.999197184246886305e-01 9.998470490119751863e-01 9.998374341375774188e-01 9.998494389314471764e-01
9.997903978737179287e-01 9.999094183581745954e-01 9.998972184124405027e-01 9.995616623752207053e-01 9.999656012706051866e-01 9.999556793519445153e-01 9.999579757547685244e-01 9.998683527790362957e-01 9.998510703308052250e-01 9.998499485338937509e-01
9.998956826082587845e-01 9.999336017750928285e-01 9.998537885453733232e-01 9.999656749840587500e-01 9.999149658137170826e-01 9.999412657152162431e-01 9.999237124454589676e-01 9.997743705965363992e-01 9.981765385010374914e-01 9.999017332745498976e-01
9.998024587011069553e-01 9.998939274015408163e-01 9.999576888825643106e-01 9.997591316015408403e-01 9.994860763565079909e-01 9.999427972543083465e-01 9.998926903123407373e-01 9.998876735243587000e-01 9.998839876414801209e-01 9.998809778702110185e-01
9.998815482754538353e-01 9.997989070415139734e-01 9.998451960074519196e-01 9.998344612766402184e-01 9.998264545819213200e-01 9.999404321253230199e-01 9.998793652532572684e-01 9.991832517668286506e-01 9.998149442771067097e-01 9.999178078377793932e-01
9.999232695945154958e-01 9.999478777440148347e-01 9.999569560245813449e-01 9.999531260424372459e-01 9.997472057459975137e-01 9.999320755713522191e-01 9.999426294743599675e-01 9.998208748947294833e-01 9.999423464261832928e-01 9.997979542571177047e-01
9.999601472519482614e-01 9.999041966330507458e-01 9.999139014951432536e-01 9.997515006049464414e-01 9.999218186736577030e-01 9.999464289844729459e-01 9.998454729053731782e-01 9.999235660128348302e-01 9.998019290348643118e-01 9.996681214654812297e-01
9.998311609110410725e-01 9.999352649244476199e-01 9.999393375590189814e-01 9.995025012321281377e-01 9.998445944251370676e-01 9.999584265960097529e-01 9.999440185694413730e-01 9.999352206300262669e-01 9.999375131000366457e-01 9.999096731190650900e-01
9.998411497668618919e-01 9.995703630549097607e-01 9.999030476898720377e-01 9.998748161979327254e-01 9.999476254325422309e-01 9.998785573583430786e-01 9.999571305335861471e-01 9.998165304878162685e-01 9.998412680005110964e-01 9.999021388153108703e-01
9.999553675433654476e-01 9.999211140191364144e-01 9.999646973573138586e-01 9.999471042986851632e-01 9.999137621264870823e-01 9.999598641350279093e-01 9.999133614445685492e-01 9.998023827369788563e-01 9.998707832889924818e-01 9.998615188873128945e-01
9.998354014317091254e-01 9.999544493061843786e-01 9.999456206917131107e-01 9.999007531362522627e-01 9.999025193158042057e-01 9.996983246267345802e-01 9.991440440423875469e-01 9.996878124793834308e-01 9.999376074296477679e-01 9.998916857871664732e-01
9.999063627908050256e-01 9.999485815873024874e-01 9.999255738428264317e-01 9.999755525373629217e-01 9.999409928930932390e-01 9.999379498279323819e-01 9.999521435638050182e-01 9.999008809586336088e-01 9.999569116686898296e-01 9.999324262709112787e-01
9.998289637946622399e-01 9.999482112640898368e-01 9.999576950892623550e-01 9.999220841643677860e-01 9.998588825459662210e-01 9.998133256307011330e-01 9.998988501639717308e-01 9.999538918518047215e-01 9.997054582455014993e-01 9.997756691641916937e-01
9.998315359583584971e-01 9.999133824240759028e-01 9.999184113807380037e-01 9.999446345600732089e-01 9.999067578284160929e-01 9.999568598784340789e-01 9.999234533576922823e-01 9.999722770200730748e-01 9.998736408131148057e-01 9.999262807457366398e-01
9.999450907594007454e-01 9.999722773325383507e-01 9.999094858251635909e-01 9.999491842945122944e-01 9.999425181553864839e-01 9.999183653760744805e-01 9.994443553436807015e-01 9.999609424263813384e-01 9.999598221111367646e-01 9.999623439281649651e-01
9.999640045304228897e-01 9.997900557686442147e-01 9.998490010869948152e-01 9.998936990116535917e-01 9.999377954005789215e-01 9.999559716650497920e-01 9.998858791594134043e-01 9.998922867424991923e-01 9.998596204449560210e-01 9.995983172655795723e-01
9.999526160336794645e-01 9.999385884447531403e-01 9.999130697863198858e-01 9.999139882686227665e-01 9.999513747411613585e-01 9.999672014929661401e-01 9.999246907998994294e-01 9.999375920220443525e-01 9.998850457897502375e-01 9.999093734807558143e-01
9.998741518233359438e-01 9.999434025810352011e-01 9.998496662597512463e-01 9.999174963185103460e-01 9.999192254468437513e-01 9.998815535688138079e-01 9.998455125971340562e-01 9.998719937600618612e-01 9.999049161281824416e-01 9.999239849679297798e-01
9.999554870726142797e-01 9.999390980374265325e-01 9.999370374656291194e-01 9.996750831983474139e-01 9.999489999480674074e-01 9.999461616717236767e-01 9.999339147527499527e-01 9.999313434620632490e-01 9.999659065199036911e-01 9.997230559409782114e-01
9.999017824435305624e-01 9.999333096757804240e-01 9.999254503051985266e-01 9.999116741093178051e-01 9.999116513103256665e-01 9.999483972085645433e-01 9.998934811901800668e-01 9.999394760073894162e-01 9.999010439431835762e-01 9.999596008917810419e-01
9.998701026831408045e-01 9.999363861560197630e-01 9.999379328034027070e-01 9.999188867917503387e-01 9.997990913699805748e-01 9.998770254502350463e-01 9.999519471808588911e-01 9.999335097157407981e-01 9.998569182928569443e-01 9.999389618312384265e-01
9.998932524968527913e-01 9.999535113395802144e-01 9.999562494721838668e-01 9.998295638774465921e-01 9.999534946119075229e-01 9.999353447334965450e-01 9.999150565334500307e-01 9.998315910770287918e-01 9.998262698139506188e-01 9.999455551085382199e-01
9.999244362238375317e-01 9.999081973280800062e-01 9.998639432015102857e-01 9.999443318857546004e-01 9.997766669680369089e-01 9.999638001871214987e-01 9.998408385950680044e-01 9.994352122239822389e-01 9.999091280997126630e-01 9.996101245685643510e-01
9.999722067260760072e-01 9.999734480961066652e-01 9.997644727481169724e-01 9.999838873388076088e-01 9.999471391230689843e-01 9.998701572282312489e-01 9.997216632627312638e-01 9.998413096296974167e-01 9.999268491236483758e-01 9.998760282178621450e-01
9.999097372320913113e-01 9.996785689557586840e-01 9.999156822220029994e-01 9.998607336894698161e-01 9.998742357242869083e-01 9.999543261887853252e-01 9.999598425462034035e-01 9.999311534696065928e-01 9.999041823066142642e-01 9.999557683898956384e-01
9.999557588220544524e-01 9.998668939985366766e-01 9.999283114084687174e-01 9.996585241538883393e-01 9.999572385823612963e-01 9.997899471219973133e-01 9.999512640961928378e-01 9.997781335975838291e-01 9.999214706377371753e-01 9.999251127225153857e-01
9.998942862695536782e-01 9.999233803798208697e-01 9.999433746747093954e-01 9.999110891205276186e-01 9.998650803993616165e-01 9.998980056949733353e-01 9.998297227968299117e-01 9.999280245149688717e-01 9.998796170027997032e-01 9.999542546954049982e-01
9.999086616417446338e-01 9.998805915410001743e-01 9.998755453915777469e-01 9.998919271838410117e-01 9.996642814155107803e-01 9.996054103210967323e-01 9.998721020577824303e-01 9.998292099896940455e-01 9.999737522675317125e-01 9.999178184627994792e-01
9.998701583628317735e-01 9.999448883970213364e-01 9.999656598720423339e-01 9.992442981216960174e-01 9.999395968855629979e-01 9.998670161719628302e-01 9.998535081189772189e-01 9.999448412591618318e-01 9.999061252759335883e-01 9.998950906125679827e-01
9.999293794147232628e-01 9.999360557009177031e-01 9.999018671684608561e-01 9.999432692523206878e-01 9.999366993390461644e-01 9.999505083968441843e-01 9.997284016143901386e-01 9.996859801098924025e-01 9.999492289711000570e-01 9.998931889197065770e-01
9.999502565913410690e-01 9.999400066486003880e-01 9.998170703826481098e-01 9.999528516835548553e-01 9.997659305396663365e-01 9.998354780367194605e-01 9.997861265540167741e-01 9.999134450661897322e-01 9.999671298226371352e-01 9.999248901603027262e-01
9.996776927478203678e-01 9.998921229919705000e-01 9.999641696950184455e-01 9.996906635152980058e-01 9.999693472459398880e-01 9.999455651470575690e-01 9.999442766558093165e-01 9.999572676392508574e-01 9.999358832919864604e-01 9.999479940331333916e-01
9.999090257207330357e-01 9.999099239222465352e-01 9.999530136146886905e-01 9.999341098906027181e-01 9.999239268370808675e-01 9.997962578158958724e-01 9.998465605900641595e-01 9.999015839339233658e-01 9.998695246970533690e-01 9.997404195411465633e-01
9.999402089388789161e-01 9.998435626843032997e-01 9.999310159513823404e-01 9.998812570438360137e-01 9.999404872285699852e-01 9.996890914512008841e-01 9.999264854780069989e-01 9.999571923799022155e-01 9.999391534848612872e-01 9.999254109100836896e-01
9.999214580992523693e-01 9.997354464070763447e-01 9.999148998229213658e-01 9.999322981337341876e-01 9.999289658435636108e-01 9.999343560754058169e-01 9.998317774689016169e-01 9.999284528108662862e-01 9.998667013488848898e-01 9.999478790602547296e-01
9.999586680786869408e-01 9.999263786210026428e-01 9.999438416629370385e-01 9.999384209772887999e-01 9.997999166443276575e-01 9.999477079373574329e-01 9.999366224069385911e-01 9.999445057930492764e-01 9.999173468198548909e-01 9.999488236346756320e-01
9.999710525573498598e-01 9.998816924667385253e-01 9.999695011682034895e-01 9.999188914018415364e-01 9.999631466896544696e-01 9.998787739934887897e-01 9.999472977099054249e-01 9.999281916047664254e-01 9.999094669926911205e-01 9.999411226858061497e-01
9.999321751675741554e-01 9.998052652109382654e-01 9.999449968910467668e-01 9.998850090580712058e-01 9.998736263828721382e-01 9.999368102840267003e-01 9.999227587832578701e-01 9.998791681258841768e-01 9.998929296148894030e-01 9.999078241754669749e-01
9.998056710447408291e-01 9.999092407524139414e-01 9.999408162753384843e-01 9.999184113317391986e-01 9.998721355356399165e-01 9.999422359395141457e-01 9.999671200832127571e-01 9.999413706820451386e-01 9.999074857785469339e-01 9.999529758492089471e-01
9.999635219562846844e-01 9.997825971088488695e-01 9.999266366062492528e-01 9.999176821080946187e-01 9.999373388020451614e-01 9.997747776280810905e-01 9.999407678067325778e-01 9.998867407145403119e-01 9.999128346752819141e-01 9.998993587605409239e-01
9.999201300434802375e-01 9.998333883596254301e-01 9.999210233384566715e-01 9.997526669041844061e-01 9.998959165184401199e-01 9.998236927212780234e-01 9.999159380748451342e-01 9.997348411115897227e-01 9.997752158199881833e-01 9.997218429257205274e-01
9.998143265254544332e-01 9.999067786195311447e-01 9.999242582485358133e-01 9.999754975107244537e-01 9.999255248816090180e-01 9.999404789857548881e-01 9.999066708975211659e-01 9.997679548848731335e-01 9.999593733100873294e-01 9.999385010968273590e-01
9.997804575621042078e-01 9.999225789711685408e-01 9.999099747535842297e-01 9.998401426611492893e-01 9.999303394416314550e-01 9.998825771334592938e-01 9.999295000633572350e-01 9.997375683893363618e-01 9.998843810164563806e-01 9.999540235361913387e-01
9.999020183489831792e-01 9.999430506928586038e-01 9.999481417565797559e-01 9.998729353666875319e-01 9.999241473195905616e-01 9.998995751409747168e-01 9.998691876659672184e-01 9.991866492361578533e-01 9.999240851791315610e-01 9.999547940832285153e-01
9.999311069373928440e-01 9.999196730810007150e-01 9.999365978643238728e-01 9.997928661391398686e-01 9.994703025892681669e-01 9.999467734759790449e-01 9.996934039663837313e-01 9.998148946065339437e-01 9.995060444500946106e-01 9.999266250089526853e-01
9.999033128544785320e-01 9.999367197280861763e-01 9.998556992950308198e-01 9.999365936555709711e-01 9.999056248987455708e-01 9.999130924568154777e-01 9.999448929183952783e-01 9.999621106851920294e-01 9.998621426688169000e-01 9.999049216161394193e-01
9.999003697870523233e-01 9.998209331775114173e-01 9.998748862916445601e-01 9.999322109720081286e-01 9.998739151072357778e-01 9.999325505311901230e-01 9.999601838101309648e-01 9.999572126738064393e-01 9.999566522033878080e-01 9.998798997282137835e-01
9.999466232812797006e-01 9.999553652098082113e-01 9.998384749643152158e-01 9.999136373620909346e-01 9.998022971307215512e-01 9.999072476146940724e-01 9.997973026600140978e-01 9.999413916261566948e-01 9.999293468479630853e-01 9.999471608702750203e-01
9.999441436816811635e-01 9.999519755105347185e-01 9.998852648497678075e-01 9.998856025043307838e-01 9.997466646172213922e-01 9.999185422593747097e-01 9.998888459625344671e-01 9.998772956689417901e-01 9.999548511595388600e-01 9.999189527410260458e-01
9.998678146353677798e-01 9.998849366686709539e-01 9.999251373778196283e-01 9.999114410660501218e-01 9.999353490075670869e-01 9.999172278369391487e-01 9.998333357409298072e-01 9.998041686464270716e-01 9.998673434776969016e-01 9.998080260693694710e-01
9.999212016393205227e-01 9.999276015992177857e-01 9.999375412654236683e-01 9.999047037443307140e-01 9.999056161827264422e-01 9.999438258709083538e-01 9.998837439120031867e-01 9.999199291516016608e-01 9.999334170009056555e-01 9.999092603911986510e-01
9.999554328836707251e-01 9.999567022938155025e-01 9.999519123291299438e-01 9.999544461751327384e-01 9.999419770405878483e-01 9.999613366569973794e-01 9.998102153229632139e-01 9.997449716445946377e-01 9.998745318975181817e-01 9.999645716639674609e-01
9.998698009283623067e-01 9.999228861656310752e-01 9.998920499351909852e-01 9.999452446637787650e-01 9.998110813241808392e-01 9.999194087423302069e-01 9.999177163556579595e-01 9.999171152284553887e-01 9.999032173098565401e-01 9.998320512208545008e-01
9.999105156458858445e-01 9.998928951662677811e-01 9.998258434173844522e-01 9.999254896833112971e-01 9.996606330725894551e-01 9.998186916676384817e-01 9.998834864819527990e-01 9.999129090112457430e-01 9.999249940005063841e-01 9.998446280698027877e-01
9.998115559447354750e-01 9.998852691165883710e-01 9.999324650097151101e-01 9.999697080896083889e-01 9.999436381304748211e-01 9.999317358802187750e-01 9.999106554754669807e-01 9.999539488628237383e-01 9.999001246407761556e-01 9.999753586065973643e-01
9.998862138317502479e-01 9.999523306779048992e-01 9.998044282007525485e-01 9.999429309885218276e-01 9.999389260047653050e-01 9.995924221263030596e-01 9.999444909865577991e-01 9.999456705623991359e-01 9.999246811912261279e-01 9.998661295944181182e-01
9.999376622113628210e-01 9.999323476615464834e-01 9.999292507847702405e-01 9.999096955161365097e-01 9.999510262328659138e-01 9.995775898040994978e-01 9.999052815242869263e-01 9.999446405525557191e-01 9.999271840630575836e-01 9.996756562959824288e-01
9.999528595190481095e-01 9.999237915711927105e-01 9.998630843885676356e-01 9.999541197453787333e-01 9.997985433362462926e-01 9.998276938357697485e-01 9.999406563624201327e-01 9.996588004359070467e-01 9.999022142887440401e-01 9.997202932104735096e-01
9.999052165052229046e-01 9.999309350419421927e-01 9.999445617379293383e-01 9.998631215401412309e-01 9.999134298153407041e-01 9.997522768081901212e-01 9.998021153156589902e-01 9.999198894934030468e-01 9.998966619828675295e-01 9.997692288425165108e-01
9.989839078922045923e-01 9.999114898497407644e-01 9.999464197225902407e-01 9.999004882299190600e-01 9.998627859228949033e-01 9.999634384610125437e-01 9.998477075191478658e-01 9.998966338967540946e-01 9.998438642373038698e-01 9.994955611245279758e-01
9.999529023029047892e-01 9.999065777406498379e-01 9.998597647523753684e-01 9.999565846346512021e-01 9.999658999116716185e-01 9.999462860771189954e-01 9.999634112476891712e-01 9.999434321582642005e-01 9.999036615709759879e-01 9.999726619084360335e-01
9.986548722914141418e-01 9.999263614545558232e-01 9.999795175595647123e-01 9.999404452923129627e-01 9.999377925784288523e-01 9.999613959897879489e-01 9.998971683486717055e-01 9.999546944047454922e-01 9.998806348543618494e-01 9.999031785915496462e-01
9.999667559605232015e-01 9.998909697261502139e-01 9.999537800452824587e-01 9.999374356485625226e-01 9.996978842242889574e-01 9.998515453267166064e-01 9.995967816458087851e-01 9.997469190371061076e-01 9.999572996809121816e-01 9.999691608979579538e-01
9.999291929362650322e-01 9.998627453441587543e-01 9.997962714123785899e-01 9.998778154097414106e-01 9.999213617511745200e-01 9.999513672509180440e-01 9.998934967940324992e-01 9.998847970628347293e-01 9.999399974380825951e-01 9.998680827029012841e-01
9.999349837510708161e-01 9.999437518765839084e-01 9.998670655679453567e-01 9.997632987980197283e-01 9.999418686524879085e-01 9.998855992641650925e-01 9.998865120295391540e-01 9.999392563011499924e-01 9.998970258968449265e-01 9.997427536548157967e-01
9.999334202873907396e-01 9.999499869050119116e-01 9.999100891232147736e-01 9.999660270989173538e-01 9.998628548875936328e-01 9.998716096897558581e-01 9.999132683388393117e-01 9.999357155806705144e-01 9.999144728157448592e-01 9.999294735146724289e-01
9.999702086433090997e-01 9.999350338753484335e-01 9.998772212439287488e-01 9.998521344200316241e-01 9.999426942851988853e-01 9.999220833345834336e-01 9.999134277598186182e-01 9.999551669613904181e-01 9.998586079837110674e-01 9.999488085278470662e-01
9.999561472408823315e-01 9.999541754423315609e-01 9.999485559446966709e-01 9.998749948403751198e-01 9.998083515041342739e-01 9.999585443880908420e-01 9.999085050295074550e-01 9.997393467002906320e-01 9.999289718537092142e-01 9.997923536287608437e-01
9.998468314711091987e-01 9.998806563779447654e-01 9.999496303061136127e-01 9.998636703095228340e-01 9.998201578030664338e-01 9.999388714551314949e-01 9.998639058463769658e-01 9.999166326330387600e-01 9.998348962650928096e-01 9.997281665283315188e-01
9.999442336283003163e-01 9.999539191371079605e-01 9.999164210618191051e-01 9.999614615211407376e-01 9.999282533611049129e-01 9.999452220855689077e-01 9.999324656424398716e-01 9.999272504712719556e-01 9.999360504305206954e-01 9.999205909664633518e-01
