9.999835918215890240e-01 9.999781365492708129e-01 9.999835117850341959e-01 9.999814123430932344e-01 9.999882452645392217e-01 9.999802920786994287e-01 9.999824922558113727e-01 9.999852674131065600e-01 9.999749159809847576e-01 9.999845547001263713e-01
9.999854550425547606e-01 9.999798613955729332e-01 9.999839926513390820e-01 9.999828754424658905e-01 9.999832870931802953e-01 9.999812509090405532e-01 9.999814578565416889e-01 9.999796136621004194e-01 9.999812492558438626e-01 9.999840897234735237e-01
9.999793166002822753e-01 9.999839293725218958e-01 9.999829491856235819e-01 9.999895681857120522e-01 9.999802588782755741e-01 9.999863374493636048e-01 9.999848100984441990e-01 9.999736195665112071e-01 9.999822232139020661e-01 9.999848174133880718e-01
9.999877616740898700e-01 9.999848459879863150e-01 9.999840914679966053e-01 9.999763768197857949e-01 9.999804837468108110e-01 9.999781901613457036e-01 9.999783793070217142e-01 9.999845413107667502e-01 9.999760586907999738e-01 9.999786081538197813e-01
9.999791757834896044e-01 9.999850770246939691e-01 9.999764970614368753e-01 9.999794201317772080e-01 9.999858787429249940e-01 9.999818153537826104e-01 9.999832996295434651e-01 9.999825036341546403e-01 9.999847146066609405e-01 9.999764541147737607e-01
9.999728639387669427e-01 9.999840924226576222e-01 9.999828470742865294e-01 9.999827890498534932e-01 9.999840693091885946e-01 9.999837385988749050e-01 9.999849088184956658e-01 9.999751494694748555e-01 9.999847711220254398e-01 9.999850954448983309e-01
9.999839744127895225e-01 9.999829844174289439e-01 9.999850113944205310e-01 9.999861368930443861e-01 9.999804810467832761e-01 9.999752868991679255e-01 9.999864130478163249e-01 9.999878226826374172e-01 9.999818897381587135e-01 9.999845656328506527e-01
9.999834952614101713e-01 9.999822785359396837e-01 9.999752205549826689e-01 9.999857009474241165e-01 9.999851461040473177e-01 9.999888069380794553e-01 9.999866523878299107e-01 9.999816136998180838e-01 9.999796889548195900e-01 9.999738842245305959e-01
9.999793476305733897e-01 9.999799141832393934e-01 9.999811182655701236e-01 9.999901111527890185e-01 9.999859560391142210e-01 9.999834305130477219e-01 9.999785095490204556e-01 9.999830599241417151e-01 9.999868319842194486e-01 9.999809347482356836e-01
9.999723471267490948e-01 9.999818163602774979e-01 9.999861956868856261e-01 9.999865033257918645e-01 9.999782527049979608e-01 9.999780103087649863e-01 9.999835742344187484e-01 9.999741153851239295e-01 9.999876695001609361e-01 9.999850489731103576e-01
9.999884245008546779e-01 9.999900879767813500e-01 9.999844325718727500e-01 9.999820368228586887e-01 9.999724631621303983e-01 9.999791522964623924e-01 9.999799587329158967e-01 9.999809292460924981e-01 9.999845188289058218e-01 9.999796488359870006e-01
9.999822151431875250e-01 9.999836771728121132e-01 9.999782161799194435e-01 9.999842285975820699e-01 9.999837754787297417e-01 9.999883156680815510e-01 9.999735729747338819e-01 9.999851397420411736e-01 9.999790200409137686e-01 9.999881988607538519e-01
9.999836448629393360e-01 9.999845560949152112e-01 9.999876751683376419e-01 9.999858972968066473e-01 9.999857403526423161e-01 9.999820290055807526e-01 9.999770194180858107e-01 9.999772738432827213e-01 9.999819667471636642e-01 9.999867351200618648e-01
9.999867627297708284e-01 9.999781737168503826e-01 9.999860996966711824e-01 9.999836567625575157e-01 9.999866440173774684e-01 9.999828433706673403e-01 9.999808180743200436e-01 9.999846243213991182e-01 9.999884637924487674e-01 9.999870128185953666e-01
9.999844992572658464e-01 9.999821427588252432e-01 9.999816528431693108e-01 9.999843594222815879e-01 9.999828693033402383e-01 9.999840421208094909e-01 9.999866716631949926e-01 9.999686213208586194e-01 9.999858516400799147e-01 9.999877359041103864e-01
9.999763961416033853e-01 9.999774638363880808e-01 9.999862673489876563e-01 9.999879951789745203e-01 9.999766373158097688e-01 9.999806974705210960e-01 9.999765250522431037e-01 9.999817518595630617e-01 9.999765420326658383e-01 9.999792078112427207e-01
9.999863011488798747e-01 9.999722787460207929e-01 9.999852574175738251e-01 9.999863829806786564e-01 9.999815572399097796e-01 9.999833016422146059e-01 9.999843261150511697e-01 9.999775241829430561e-01 9.999826027546968588e-01 9.999784834960336877e-01
9.999850244266645927e-01 9.999820026025546538e-01 9.999791035245014781e-01 9.999842444800878249e-01 9.999791655776846255e-01 9.999846101008772470e-01 9.999864481831588492e-01 9.999875167198738479e-01 9.999885878972055719e-01 9.999759048426246633e-01
9.999821445402382603e-01 9.999846442324096252e-01 9.999820095956397648e-01 9.999828780238797510e-01 9.999813332712117475e-01 9.999860365890540503e-01 9.999833367792888561e-01 9.999858425852040655e-01 9.999822597776911737e-01 9.999841379695275645e-01
9.999812497577020842e-01 9.999841421481874271e-01 9.999815914197964783e-01 9.999850514240179455e-01 9.999787538097183459e-01 9.999787540496449800e-01 9.999837270591421801e-01 9.999837914067581934e-01 9.999840933254087183e-01 9.999836026566050196e-01
9.999856005802761905e-01 9.999855927601359884e-01 9.999835705158134358e-01 9.999791761872630635e-01 9.999819831251262059e-01 9.999863355739954107e-01 9.999881791641557216e-01 9.999822909011621963e-01 9.999862491511486429e-01 9.999727689165882616e-01
9.999821893384932547e-01 9.999827165221188974e-01 9.999847491607369854e-01 9.999872381548312594e-01 9.999840372910574482e-01 9.999813395533514448e-01 9.999827939156218370e-01 9.999806284388775834e-01 9.999849437894418047e-01 9.999822740830961454e-01
9.999874621045377054e-01 9.999854864030527368e-01 9.999868986910963597e-01 9.999751865541921525e-01 9.999870171970945965e-01 9.999812822107425614e-01 9.999816477906463552e-01 9.999820582758939258e-01 9.999868367799372715e-01 9.999844583989817570e-01
9.999827725677955526e-01 9.999858251889354177e-01 9.999759900012318292e-01 9.999798659750404051e-01 9.999904057852703199e-01 9.999806828189931052e-01 9.999797503871284965e-01 9.999826500709300126e-01 9.999812056576197206e-01 9.999829898461104483e-01
9.999856324020079956e-01 9.999843730450423962e-01 9.999836431594847364e-01 9.999804523203768003e-01 9.999845046048176922e-01 9.999866891267913394e-01 9.999848914977914616e-01 9.999858285496399102e-01 9.999845619246773287e-01 9.999887086260795810e-01
9.999770928176859863e-01 9.999795779806252005e-01 9.999853944959024021e-01 9.999840244345175044e-01 9.999828667427430595e-01 9.999855133464680135e-01 9.999772759197300687e-01 9.999882257271773822e-01 9.999775543603882655e-01 9.999843534933327005e-01
9.999818513521410157e-01 9.999844970993221338e-01 9.999872764777442136e-01 9.999814040291150619e-01 9.999861580261688587e-01 9.999858597641224645e-01 9.999813477760849389e-01 9.999857497742434820e-01 9.999784052384801392e-01 9.999816857517208613e-01
9.999758272157875938e-01 9.999821654337410770e-01 9.999831532715186544e-01 9.999799676719928199e-01 9.999815840378194487e-01 9.999858967239798613e-01 9.999820229141124228e-01 9.999766640469820445e-01 9.999858719606669055e-01 9.999847314473547799e-01
9.999793374773656707e-01 9.999806280051367624e-01 9.999857176014269600e-01 9.999884386971964467e-01 9.999812497898743491e-01 9.999822854497723013e-01 9.999825535470123761e-01 9.999826708278869436e-01 9.999880299234975567e-01 9.999835533233675244e-01
9.999806112679964221e-01 9.999834677746218814e-01 9.999787040787225800e-01 9.999869543980860476e-01 9.999824051473904518e-01 9.999809644413003573e-01 9.999870139806280589e-01 9.999838153901182691e-01 9.999872232933810778e-01 9.999784377341509600e-01
9.999812963534127075e-01 9.999882045473583725e-01 9.999850696135487160e-01 9.999854330322466289e-01 9.999843280151087255e-01 9.999851236719355940e-01 9.999864185233837688e-01 9.999794366914361854e-01 9.999853506164912975e-01 9.999856149096815194e-01
9.999787462314195796e-01 9.999833855994690879e-01 9.999854224285389392e-01 9.999869050714408347e-01 9.999794032955102718e-01 9.999816677395613196e-01 9.999816549436109092e-01 9.999768848840342450e-01 9.999812405228987178e-01 9.999837832572203711e-01
9.999750266117606312e-01 9.999789855037990449e-01 9.999849046767178562e-01 9.999823365389378660e-01 9.999823819387163581e-01 9.999845546818687536e-01 9.999820894480390132e-01 9.999748057932211776e-01 9.999832670440483851e-01 9.999801133531218689e-01
9.999833929131215493e-01 9.999817067526461933e-01 9.999812082682524306e-01 9.999839109339917487e-01 9.999801767998572899e-01 9.999883486953717870e-01 9.999823137154528752e-01 9.999780679530757554e-01 9.999842295720090535e-01 9.999842338899868066e-01
9.999852145869816411e-01 9.999794267215007526e-01 9.999767507046860571e-01 9.999821282718699411e-01 9.999819992038869731e-01 9.999888969391622640e-01 9.999833069265319230e-01 9.999839153149261417e-01 9.999833517753580203e-01 9.999847852525252101e-01
9.999836033279790870e-01 9.999783223823647260e-01 9.999831194981904092e-01 9.999780319029851761e-01 9.999815074265220316e-01 9.999885379028536914e-01 9.999819632203381659e-01 9.999756713016378917e-01 9.999809769356411415e-01 9.999837796663091360e-01
9.999818180024206971e-01 9.999835071495939420e-01 9.999889505533585687e-01 9.999785459776173724e-01 9.999879374707064672e-01 9.999759669926084893e-01 9.999817859814199572e-01 9.999743175681681251e-01 9.999890162114780656e-01 9.999842144287894863e-01
9.999851671820547683e-01 9.999764549834548877e-01 9.999780316692705728e-01 9.999837546020275969e-01 9.999892218931889509e-01 9.999844133873641017e-01 9.999808785021980784e-01 9.999797143426131241e-01 9.999831417210816031e-01 9.999821666392220143e-01
9.999804872193283067e-01 9.999869580382488854e-01 9.999837111502379861e-01 9.999822404817736432e-01 9.999866343177106209e-01 9.999786009214479687e-01 9.999820136634687273e-01 9.999877149696640988e-01 9.999781171893525888e-01 9.999852017930126458e-01
9.999850030345915908e-01 9.999795207158225230e-01 9.999821369769446022e-01 9.999817692358569099e-01 9.999896761526851918e-01 9.999853477612969943e-01 9.999857248706509605e-01 9.999816679308431988e-01 9.999766715041003007e-01 9.999827885695038443e-01
9.999841329032754800e-01 9.999852010407789260e-01 9.999847275915896283e-01 9.999827029516162868e-01 9.999831413629323151e-01 9.999797933671815686e-01 9.999743672213354806e-01 9.999867675804379186e-01 9.999880449229565649e-01 9.999817303295460702e-01
9.999898884859591552e-01 9.999796329295986830e-01 9.999834091354540266e-01 9.999813532880998945e-01 9.999873977220236076e-01 9.999864769439759105e-01 9.999805100568750493e-01 9.999773048543244558e-01 9.999826791626117428e-01 9.999819768402991027e-01
9.999871814350047572e-01 9.999881710284970193e-01 9.999844731133504805e-01 9.999793464146727873e-01 9.999734626811593863e-01 9.999825556298840290e-01 9.999756344385395401e-01 9.999791644112822064e-01 9.999757530898540914e-01 9.999790325411263003e-01
9.999847559641542594e-01 9.999829819866263847e-01 9.999836407370679137e-01 9.999840762233334068e-01 9.999861629913612271e-01 9.999817313640561034e-01 9.999815179342315119e-01 9.999874362309154607e-01 9.999802198368596962e-01 9.999824472933549480e-01
9.999826890994948370e-01 9.999793043684155336e-01 9.999792228755165491e-01 9.999870378005483174e-01 9.999864119487862357e-01 9.999824282536373676e-01 9.999812887885599633e-01 9.999854358216381245e-01 9.999843021154281031e-01 9.999833827110777840e-01
9.999768516360656445e-01 9.999843779753109230e-01 9.999757997156785150e-01 9.999879396418484001e-01 9.999826835237638489e-01 9.999801574844777718e-01 9.999816221091423207e-01 9.999868333201697990e-01 9.999809745260391791e-01 9.999827402738022952e-01
9.999804593189385304e-01 9.999810190545448396e-01 9.999827074028195817e-01 9.999819803288884090e-01 9.999860624900113182e-01 9.999846582655376181e-01 9.999887514718921455e-01 9.999826003630574167e-01 9.999779602710173743e-01 9.999843581685038396e-01
9.999887865565355582e-01 9.999895928970415904e-01 9.999819239513398905e-01 9.999870678041319350e-01 9.999890961445122572e-01 9.999884260529952051e-01 9.999846196208524995e-01 9.999839100690477434e-01 9.999828857137816884e-01 9.999855471934223639e-01
9.999790562793665627e-01 9.999887282392380117e-01 9.999813996808907257e-01 9.999845600510720578e-01 9.999837607704434861e-01 9.999829345486879184e-01 9.999870194929973977e-01 9.999787369871039333e-01 9.999841605603463357e-01 9.999829312092943789e-01
9.999850503533648238e-01 9.999868693548328302e-01 9.999793697809392645e-01 9.999872139437175900e-01 9.999835423594554129e-01 9.999836531303375464e-01 9.999884375901918476e-01 9.999842313451376974e-01 9.999800622332486455e-01 9.999835237809671096e-01
9.999860509762190652e-01 9.999879654151754282e-01 9.999805602260922743e-01 9.999775726512942775e-01 9.999863120935835736e-01 9.999838425382987506e-01 9.999816263919617532e-01 9.999801897725487665e-01 9.999848475938649672e-01 9.999818342894094547e-01
9.999862619106453243e-01 9.999809841577489422e-01 9.999866874140281858e-01 9.999877981725320275e-01 9.999860876802867393e-01 9.999850615115359886e-01 9.999789925514243061e-01 9.999876837235862626e-01 9.999815387426246316e-01 9.999763258605651739e-01
9.999820238731829125e-01 9.999800354026403548e-01 9.999823196708576001e-01 9.999832542199731389e-01 9.999883238607661928e-01 9.999853951554262821e-01 9.999896791323343859e-01 9.999854965801957540e-01 9.999876989168871022e-01 9.999853910718707883e-01
9.999812048934438868e-01 9.999806559115691496e-01 9.999871671881291890e-01 9.999814118379707351e-01 9.999823299978404245e-01 9.999849769374626884e-01 9.999896235158614033e-01 9.999781084687622279e-01 9.999783353870426161e-01 9.999867003246070141e-01
9.999763412958384556e-01 9.999793333858084665e-01 9.999772452440320869e-01 9.999788349384021169e-01 9.999781838348157370e-01 9.999749826175123868e-01 9.999761675381707571e-01 9.999860921391586777e-01 9.999858564233815583e-01 9.999877474200143945e-01
9.999844147720261534e-01 9.999864520199379658e-01 9.999848592453808305e-01 9.999870634406661241e-01 9.999707834084380353e-01 9.999839622487808333e-01 9.999830435563000774e-01 9.999773118254873250e-01 9.999834687966620006e-01 9.999811688365891627e-01
9.999863632959010706e-01 9.999812043773067538e-01 9.999808137615591175e-01 9.999842823655853419e-01 9.999818419845554196e-01 9.999830872459910536e-01 9.999800332366928224e-01 9.999827787383031019e-01 9.999777594950453041e-01 9.999859227550231822e-01
9.999819357346516613e-01 9.999811329584176178e-01 9.999765376958030805e-01 9.999723685951632524e-01 9.999858556678390409e-01 9.999801337920031230e-01 9.999864199915959873e-01 9.999773794468512778e-01 9.999846750584759913e-01 9.999827066801861841e-01
9.999864601498889005e-01 9.999793015283823250e-01 9.999834442641628574e-01 9.999882022323951514e-01 9.999853051721548924e-01 9.999841310488760682e-01 9.999838698911781565e-01 9.999834971035331810e-01 9.999785810407421094e-01 9.999743873838095043e-01
9.999884324561939541e-01 9.999836094349483506e-01 9.999851873227324495e-01 9.999850610162580589e-01 9.999829167225494642e-01 9.999811556632758336e-01 9.999836247953505231e-01 9.999810078154512949e-01 9.999877033428068440e-01 9.999771230772610542e-01
9.999856134817762809e-01 9.999795515596050510e-01 9.999799138177853930e-01 9.999869435099294490e-01 9.999869572012930474e-01 9.999836976918091702e-01 9.999875396226433066e-01 9.999788451402489287e-01 9.999780465858412182e-01 9.999832951437773731e-01
9.999845243541081174e-01 9.999802741920772453e-01 9.999803810858924891e-01 9.999877005680614106e-01 9.999855421161336633e-01 9.999889956837401117e-01 9.999812107442191955e-01 9.999824954338050187e-01 9.999848720392308099e-01 9.999893975835419946e-01
9.999855586848471756e-01 9.999884789648404437e-01 9.999819906912806866e-01 9.999802354972380236e-01 9.999885250838621564e-01 9.999851222419571251e-01 9.999753636507477950e-01 9.999767384136757364e-01 9.999836051761133993e-01 9.999822164878812147e-01
9.999803470685143525e-01 9.999801331338530330e-01 9.999803168547566345e-01 9.999821861674806911e-01 9.999853968820437977e-01 9.999783866139364541e-01 9.999852434112413979e-01 9.999883797878489355e-01 9.999837934262049144e-01 9.999804167831337631e-01
9.999843154863998773e-01 9.999762065329408367e-01 9.999842847895777931e-01 9.999828126773689929e-01 9.999835529870733097e-01 9.999828268500468020e-01 9.999837389876621296e-01 9.999796946536105846e-01 9.999845356463774593e-01 9.999815333798235395e-01
9.999871741515234946e-01 9.999857523860977704e-01 9.999841077997511096e-01 9.999796106421278141e-01 9.999788450189097677e-01 9.999902744985613712e-01 9.999858731637071285e-01 9.999844500605715725e-01 9.999840405913060781e-01 9.999784057549970795e-01
9.999813465874410889e-01 9.999841508156185332e-01 9.999864260911585090e-01 9.999855901426004667e-01 9.999857081244100110e-01 9.999845005944447696e-01 9.999841595107682446e-01 9.999825479067584455e-01 9.999738114426170998e-01 9.999893189707461660e-01
9.999835745117654495e-01 9.999746780729232842e-01 9.999832758804333421e-01 9.999797628371485114e-01 9.999764183242636495e-01 9.999780212367297416e-01 9.999787710367372684e-01 9.999815979631100360e-01 9.999814166618917755e-01 9.999840260534205161e-01
9.999881429332300176e-01 9.999775570073449193e-01 9.999838759078993888e-01 9.999849544776436838e-01 9.999825075119705975e-01 9.999836852160127743e-01 9.999807034079911672e-01 9.999858537994212870e-01 9.999859270968123326e-01 9.999838124755030533e-01
9.999831701835110165e-01 9.999855686134704325e-01 9.999811890173855300e-01 9.999804511835206355e-01 9.999845638628224176e-01 9.999688714067247464e-01 9.999812370318411636e-01 9.999834554790620889e-01 9.999788403960798711e-01 9.999798812631721656e-01
9.999835788252362523e-01 9.999799590193081400e-01 9.999787790267818943e-01 9.999732045060029106e-01 9.999755690413620890e-01 9.999757744853468022e-01 9.999825192244883310e-01 9.999814624384997241e-01 9.999857808424637007e-01 9.999908972488459336e-01
9.999794879451091578e-01 9.999842899072024505e-01 9.999828788348302799e-01 9.999853035531915957e-01 9.999793785221605669e-01 9.999842068047255506e-01 9.999882504853111476e-01 9.999801584380925146e-01 9.999821122869082535e-01 9.999839155438000615e-01
9.999819782601829798e-01 9.999862174012595917e-01 9.999831712551801033e-01 9.999844714042541716e-01 9.999791313785448832e-01 9.999779149621549346e-01 9.999865559394348624e-01 9.999834482673135572e-01 9.999778491013482373e-01 9.999822958497953662e-01
9.999849469191161022e-01 9.999813981803646890e-01 9.999687293799274235e-01 9.999871967325100197e-01 9.999857435156922492e-01 9.999837340561872345e-01 9.999773285393035449e-01 9.999807376735139197e-01 9.999778342795831998e-01 9.999829076391739680e-01
9.999852839171949892e-01 9.999862694947166952e-01 9.999853686982718148e-01 9.999777019375436504e-01 9.999808441420033889e-01 9.999856680418945931e-01 9.999843590432093698e-01 9.999818020103286020e-01 9.999838558019945589e-01 9.999865561430244520e-01
9.999804491511438131e-01 9.999786601932307839e-01 9.999818282047004958e-01 9.999882881307149418e-01 9.999859113668789767e-01 9.999856242298367226e-01 9.999758968040163287e-01 9.999840012778390408e-01 9.999826562442060141e-01 9.999777773514807455e-01
9.999785163964739487e-01 9.999848695229344164e-01 9.999856032422540508e-01 9.999801146311512179e-01 9.999851949966273024e-01 9.999826039766396280e-01 9.999715106493474170e-01 9.999848545882881190e-01 9.999869418015319145e-01 9.999845061516459133e-01
9.999840091708710466e-01 9.999862348873653772e-01 9.999872088009853499e-01 9.999840344228381195e-01 9.999811178465215500e-01 9.999833139419260775e-01 9.999829005340198362e-01 9.999823580996384242e-01 9.999832182903904965e-01 9.999825013568718335e-01
9.999838638238036648e-01 9.999818461030761663e-01 9.999839348741594858e-01 9.999880684354748306e-01 9.999813659928286080e-01 9.999844651429191655e-01 9.999852445623285124e-01 9.999856723411989501e-01 9.999722758864250105e-01 9.999853100775806247e-01
9.999884732557812184e-01 9.999839655386292270e-01 9.999835529630596298e-01 9.999772646290758793e-01 9.999822224064331966e-01 9.999788075416506938e-01 9.999838730120846897e-01 9.999887911948870389e-01 9.999856939178610737e-01 9.999836021521708584e-01
9.999852801056318130e-01 9.999839755463392210e-01 9.999840110212193656e-01 9.999787281547366513e-01 9.999884410918712385e-01 9.999823608640935335e-01 9.999846688074310874e-01 9.999803369519955076e-01 9.999852065974086379e-01 9.999836981319790707e-01
9.999867704059285378e-01 9.999875124717370056e-01 9.999846986525192660e-01 9.999858421363795324e-01 9.999836403616648717e-01 9.999845881118130109e-01 9.999820666466762153e-01 9.999847506080767889e-01 9.999805589965489183e-01 9.999789405729174741e-01
9.999856007685420378e-01 9.999888276425920042e-01 9.999830829368258067e-01 9.999895906066467166e-01 9.999801258272226212e-01 9.999822719763624690e-01 9.999865729886232568e-01 9.999858541227059083e-01 9.999881222912241352e-01 9.999817658752087057e-01
9.999817751304217461e-01 9.999779330529268151e-01 9.999786095265502661e-01 9.999847699403932033e-01 9.999827024363442396e-01 9.999803326036708073e-01 9.999792763137443918e-01 9.999850963562046946e-01 9.999892341388531003e-01 9.999845379286979030e-01
9.999861394132506520e-01 9.999828364187768326e-01 9.999799871904805348e-01 9.999836908079015041e-01 9.999829597639011691e-01 9.999900764061010472e-01 9.999844778481935537e-01 9.999895418540268865e-01 9.999815854903640888e-01 9.999875635017649866e-01
9.999733041722415061e-01 9.999847832541680637e-01 9.999872807290917098e-01 9.999805184471879382e-01 9.999716026441173300e-01 9.999840515605553648e-01 9.999853097460631446e-01 9.999824602797287021e-01 9.999744663131885369e-01 9.999836977258230730e-01
9.999821054549635768e-01 9.999798542729981810e-01 9.999868255864007294e-01 9.999738622821369161e-01 9.999865124450818543e-01 9.999810137647717756e-01 9.999869661102039897e-01 9.999889400576974507e-01 9.999853036616922486e-01 9.999815484396751275e-01
9.999880906945448622e-01 9.999733092530568301e-01 9.999881190668258313e-01 9.999749554970336352e-01 9.999829300802347554e-01 9.999726942826585585e-01 9.999840678783874504e-01 9.999823711125984671e-01 9.999847229416054528e-01 9.999856988442625827e-01
9.999848095725595298e-01 9.999818285308117449e-01 9.999830355235829193e-01 9.999805945663071682e-01 9.999777147443225100e-01 9.999838419123457944e-01 9.999812853788626610e-01 9.999808274645638484e-01 9.999802914842966794e-01 9.999774968107892903e-01
9.999826440334725897e-01 9.999845125111450628e-01 9.999827495294753010e-01 9.999840654367357917e-01 9.999831095336370046e-01 9.999880788438779700e-01 9.999826958115375364e-01 9.999879175163399747e-01 9.999804901768525323e-01 9.999775299513337101e-01
9.999843104982408803e-01 9.999813507836317061e-01 9.999838902805781027e-01 9.999829575653901292e-01 9.999848220710170210e-01 9.999781948045550761e-01 9.999861327598219551e-01 9.999844539699916934e-01 9.999854838992674466e-01 9.999868747698841265e-01
9.999814396796127269e-01 9.999832083971340602e-01 9.999830980455327589e-01 9.999815018318823912e-01 9.999842235407867541e-01 9.999844274981655179e-01 9.999779921531898319e-01 9.999908767884947425e-01 9.999805820030663872e-01 9.999768821324732659e-01
9.999833859047416729e-01 9.999773282390749252e-01 9.999829135915379030e-01 9.999831976702695524e-01 9.999802198011054077e-01 9.999778136649808413e-01 9.999800378745821172e-01 9.999822585184950929e-01 9.999815736612881478e-01 9.999803078074801510e-01
9.999862635275272860e-01 9.999853670196996447e-01 9.999862682437840045e-01 9.999829574176797298e-01 9.999816278882459608e-01 9.999840833448069288e-01 9.999804669220165865e-01 9.999847178870211462e-01 9.999891200120218926e-01 9.999816163092732912e-01
9.999822766529197215e-01 9.999814111376797987e-01 9.999792106255025459e-01 9.999835609763679800e-01 9.999831462720770725e-01 9.999848439234572117e-01 9.999758311972213320e-01 9.999818117923787719e-01 9.999907740128287648e-01 9.999760095363485757e-01
9.999777937368818925e-01 9.999832919833248068e-01 9.999789462491994740e-01 9.999855558106950371e-01 9.999823980085589259e-01 9.999795220249223515e-01 9.999855717004584310e-01 9.999883982960727780e-01 9.999855245610855814e-01 9.999825608011885247e-01
9.999826750831868338e-01 9.999771482019561564e-01 9.999818150154790031e-01 9.999812904739042718e-01 9.999787041127258247e-01 9.999730567885427579e-01 9.999818819968856465e-01 9.999841204591426447e-01 9.999814987566492119e-01 9.999846951631162773e-01
9.999784707942505069e-01 9.999847319675833068e-01 9.999836595578419640e-01 9.999697504925542102e-01 9.999839262341828627e-01 9.999822697843617769e-01 9.999870287367822463e-01 9.999824824335162843e-01 9.999828148392707616e-01 9.999812428127591302e-01
9.999871803563039618e-01 9.999821402282100813e-01 9.999813656985487853e-01 9.999805418714275973e-01 9.999853606565149988e-01 9.999817023729863363e-01 9.999823756067430791e-01 9.999800298173583402e-01 9.999843044895856403e-01 9.999809992917647605e-01
9.999813030829307614e-01 9.999782933027274723e-01 9.999873041620769287e-01 9.999836693915858943e-01 9.999877617213710490e-01 9.999758220749063176e-01 9.999798576650277271e-01 9.999885819698524081e-01 9.999853633602878711e-01 9.999848987633722652e-01
