9.997548748827597143e-01 9.994179142818127026e-01 9.999250278909471712e-01 9.998448000520573364e-01 9.999177683184776733e-01 9.998353857512292109e-01 9.997033261868594201e-01 9.999139309556805966e-01 9.998090424395871256e-01 9.999372605002271319e-01
9.998365185338943251e-01 9.998888369360965367e-01 9.998257033181284781e-01 9.998115244531741164e-01 9.999687259602871858e-01 9.998722444541010557e-01 9.997563866322088932e-01 9.998608339163597147e-01 9.998933591031679002e-01 9.999435073443088129e-01
9.995963187724675736e-01 9.999003137699999932e-01 9.999154005600179307e-01 9.999358554356996276e-01 9.998315112902975699e-01 9.999326177479697098e-01 9.999411924563934573e-01 9.998755895313937714e-01 9.998150765419873132e-01 9.996720847235142093e-01
9.999441430907433093e-01 9.999582276649782164e-01 9.996261442246182627e-01 9.998715510356938063e-01 9.998723807301627131e-01 9.999037234284996467e-01 9.998192691691987211e-01 9.998462703603945290e-01 9.999037820059928361e-01 9.998689148441212149e-01
9.997177045660470274e-01 9.999370567748883110e-01 9.999095908181306891e-01 9.999117954588148116e-01 9.996052487970825684e-01 9.999494507344404148e-01 9.999338186415395180e-01 9.998954448622925373e-01 9.996290840140443779e-01 9.998386870959548034e-01
9.998898616853142407e-01 9.998791773934270211e-01 9.999042497293501031e-01 9.998844172263933183e-01 9.999079846211270661e-01 9.991050977065276673e-01 9.998207649863884994e-01 9.998762583229843237e-01 9.996874702791898049e-01 9.994193436478771009e-01
9.999165269286903746e-01 9.998825251820520066e-01 9.998490824543960764e-01 9.999157870507205947e-01 9.997314032779337500e-01 9.998986422942741648e-01 9.998478134140839080e-01 9.998249303655403208e-01 9.999175634958935577e-01 9.998852284273075375e-01
9.999333521919554491e-01 9.998746263464031170e-01 9.999165909752789627e-01 9.998699916737130433e-01 9.999391708447944449e-01 9.998521513995101140e-01 9.999148570948734882e-01 9.998337154219040235e-01 9.998693100828202063e-01 9.999273758167290804e-01
9.996944066677659890e-01 9.997628704710780356e-01 9.999174254215812407e-01 9.999537294500077111e-01 9.997626211205593583e-01 9.998896833721503397e-01 9.998102691863602898e-01 9.998840344764765575e-01 9.998664805731345417e-01 9.997675488691719625e-01
9.999614346730921755e-01 9.999568594625536377e-01 9.999211312997285939e-01 9.999785836711170273e-01 9.998873209445908739e-01 9.992667178131574568e-01 9.996724060256954036e-01 9.995593897671909422e-01 9.999405503591207722e-01 9.998288211712346163e-01
9.999394551131696174e-01 9.997255502172107677e-01 9.999201797144986470e-01 9.994112116630987641e-01 9.999038258472024987e-01 9.998989161164035799e-01 9.998953534612563532e-01 9.999332014719599648e-01 9.999572923498333266e-01 9.998831394473016720e-01
9.998544881680442309e-01 9.998902514890890547e-01 9.996945607674807555e-01 9.998174217048199086e-01 9.998866923082633251e-01 9.998437024131401341e-01 9.991908573418529782e-01 9.999385293496145799e-01 9.998900979220943785e-01 9.998764073572032895e-01
9.998548302130138010e-01 9.998336027992610342e-01 9.999650090834441007e-01 9.997546785805819791e-01 9.999258742421289758e-01 9.998120561200014578e-01 9.997745625669639535e-01 9.995468070050317344e-01 9.999606221272512308e-01 9.999236528598768325e-01
9.998819754171789365e-01 9.997592728872186640e-01 9.996512331138120988e-01 9.997183309817392338e-01 9.997292384522871167e-01 9.998619651603791736e-01 9.996652509352154103e-01 9.999287468399118417e-01 9.999380122255373537e-01 9.999367787857315060e-01
9.999373324165328203e-01 9.998729937492337738e-01 9.998883876326225550e-01 9.997655326925163344e-01 9.998805298259175744e-01 9.999152446875394507e-01 9.999534425632504719e-01 9.999084218084911546e-01 9.999237847393059875e-01 9.999123333895015842e-01
9.997380866961874668e-01 9.998542623404631513e-01 9.998683493563862434e-01 9.998617262632263358e-01 9.998407635110794223e-01 9.998573773291714595e-01 9.998179445806486543e-01 9.998757802146748253e-01 9.998110199498139172e-01 9.999463819791319930e-01
9.999345254455394016e-01 9.991118357170478692e-01 9.999040912828663918e-01 9.996922357062145714e-01 9.999583688489475097e-01 9.997755143810292955e-01 9.996076276960601525e-01 9.999166110574014832e-01 9.998938378544472982e-01 9.999226031727865838e-01
9.990747697956463558e-01 9.998096927846353843e-01 9.998741751456518001e-01 9.998904696148648297e-01 9.998818553909311069e-01 9.994796729522709144e-01 9.998192922691712115e-01 9.999253304044994906e-01 9.999003848805430028e-01 9.999049049915621490e-01
9.997923680035928351e-01 9.999103539853096967e-01 9.999016915429963515e-01 9.999424610756352250e-01 9.999133296013495986e-01 9.999529418904348210e-01 9.997988615311055316e-01 9.999528094578054027e-01 9.999300641573742876e-01 9.997090757991973220e-01
9.998791728780230814e-01 9.998502841512341144e-01 9.996346493032427505e-01 9.997565120936783289e-01 9.998868653300012621e-01 9.998843974020508174e-01 9.997743550189240880e-01 9.999047458025633883e-01 9.998895941429588596e-01 9.997785233178951847e-01
9.999557519173389863e-01 9.999495860608464959e-01 9.998828982345230321e-01 9.998134525144820595e-01 9.998668024382900699e-01 9.999255145018968172e-01 9.999303543032552755e-01 9.990738417992004461e-01 9.999347265608736768e-01 9.998923327784945414e-01
9.999482545261730859e-01 9.997678524013852153e-01 9.999581340930101536e-01 9.999397925956758915e-01 9.998359727805642416e-01 9.999173200182637222e-01 9.998763190802777423e-01 9.998534502927769463e-01 9.999365587302396774e-01 9.998798388648979518e-01
9.999449226158942938e-01 9.999536158172835920e-01 9.999146237187224173e-01 9.995662433003955627e-01 9.999569727784273221e-01 9.999266333980108001e-01 9.998940037469700171e-01 9.998698465390397638e-01 9.999207858647183311e-01 9.999397015145659040e-01
9.998559014232034636e-01 9.999268581205971174e-01 9.998191303723525936e-01 9.999129790640911564e-01 9.999499784382609446e-01 9.997911011381613866e-01 9.999040179457895361e-01 9.999418102999829694e-01 9.998981363421315383e-01 9.998998728601531383e-01
9.998934217815218517e-01 9.999258507208511615e-01 9.999232919813109133e-01 9.996281008805172341e-01 9.999198497481481818e-01 9.998882211108790496e-01 9.996388505686357728e-01 9.998873622851033316e-01 9.999511261623437175e-01 9.999383323456837447e-01
9.998558714088835453e-01 9.997895923742632363e-01 9.999127358956114708e-01 9.999102857705937097e-01 9.995993543552925686e-01 9.997091099196083741e-01 9.998451252761569874e-01 9.999248986021479491e-01 9.994666112950283399e-01 9.998926202914780736e-01
9.998984689068874943e-01 9.998750706268165755e-01 9.999287008133977972e-01 9.996642880432163869e-01 9.997104466372253029e-01 9.998653254034013393e-01 9.999098177007602617e-01 9.998443916570590728e-01 9.999484783175358604e-01 9.998954204191670136e-01
9.994282064800190657e-01 9.999421656067351005e-01 9.997184745750191670e-01 9.998588842288982370e-01 9.997238142345069578e-01 9.999629803458535138e-01 9.999373885565991937e-01 9.997067718008144643e-01 9.999505121200881197e-01 9.999351592761774876e-01
9.997024328440353713e-01 9.999391234881350732e-01 9.998171355756314549e-01 9.998892207235974272e-01 9.999238470257990619e-01 9.999351794717563635e-01 9.999449060708912596e-01 9.998887578681890931e-01 9.999297634652618560e-01 9.998030729434543851e-01
9.998835960842811232e-01 9.997726228749945765e-01 9.998914300216575901e-01 9.998471208797679033e-01 9.998597535628165334e-01 9.999542849478647577e-01 9.999598722185376598e-01 9.999435417799656944e-01 9.999052125109918476e-01 9.999225329523607764e-01
9.999222190186304315e-01 9.999142165188346087e-01 9.998476095203184810e-01 9.998701081230751964e-01 9.997236576220875914e-01 9.998861257544854331e-01 9.998965233040874034e-01 9.999111983904747092e-01 9.998266567723569365e-01 9.999352953232920616e-01
9.998972657353438764e-01 9.999127710078994369e-01 9.999461972727441417e-01 9.999640947459074170e-01 9.998794117522630254e-01 9.998769594456663468e-01 9.999446512829308631e-01 9.998530330707092739e-01 9.999076749979727285e-01 9.997075764025019629e-01
9.997432050936906345e-01 9.996647361705791601e-01 9.999299645810827419e-01 9.998806436763005845e-01 9.994496100230234603e-01 9.998909470845809278e-01 9.998360219356243750e-01 9.999531921739180929e-01 9.999467940184360026e-01 9.996674610325969601e-01
9.998933553483791981e-01 9.998326376461130760e-01 9.999495738914172538e-01 9.999510934237560988e-01 9.997696252008165807e-01 9.998307895020380753e-01 9.998494192717360951e-01 9.997923209075358919e-01 9.999247671096517243e-01 9.999417933109002732e-01
9.999309236682817348e-01 9.998078111390960032e-01 9.997719920261599613e-01 9.999386443620995601e-01 9.999067076529599696e-01 9.999698624993907936e-01 9.998015724519694336e-01 9.999191255854108507e-01 9.997830581777993331e-01 9.998583841896180324e-01
9.999316460549461105e-01 9.981894064473898487e-01 9.996625943111620005e-01 9.998002949685277363e-01 9.999130887247675847e-01 9.999596971230454434e-01 9.998897342528518806e-01 9.998823461675641067e-01 9.999183485707913155e-01 9.999218595571656154e-01
9.999013348494772968e-01 9.999199250218090418e-01 9.999338636544458092e-01 9.998941708851645238e-01 9.999213720933709526e-01 9.993337254315550755e-01 9.999106700922200108e-01 9.999313008547110471e-01 9.997305443989631391e-01 9.998824922842842744e-01
9.999314597135757765e-01 9.999178543302368327e-01 9.998873213757525358e-01 9.999512050616216063e-01 9.999243387202733091e-01 9.997671663458566060e-01 9.999307636997307736e-01 9.999401068780012780e-01 9.999296362877727606e-01 9.999026273851568947e-01
9.998102127462763500e-01 9.998297278127961096e-01 9.998473123104885119e-01 9.999527155168613790e-01 9.999678950600989769e-01 9.997695505076485967e-01 9.999420851766921414e-01 9.999667615105395369e-01 9.999326319489515447e-01 9.999188653356129164e-01
9.999443760363521116e-01 9.997709621102507382e-01 9.999416538805639965e-01 9.999085802970600900e-01 9.998402191601706290e-01 9.993400723719231271e-01 9.998885974045890190e-01 9.997269917475258838e-01 9.997632210635086780e-01 9.999051731736783299e-01
9.998531403466199841e-01 9.998446802381815157e-01 9.999088995575404759e-01 9.990454975022249329e-01 9.999469912718764730e-01 9.998846909240580727e-01 9.998161458314068772e-01 9.999133078484486736e-01 9.999603009962264588e-01 9.999022362384889506e-01
9.999615907305431373e-01 9.997534407788265520e-01 9.999133819896631747e-01 9.997553958877029023e-01 9.998751096914002545e-01 9.999176329981791511e-01 9.999541244075870194e-01 9.995663184427659997e-01 9.998729885758356195e-01 9.999201276698014285e-01
9.999348954477609297e-01 9.997810246592256922e-01 9.999376207624925961e-01 9.997652662181726324e-01 9.998591554801784520e-01 9.997778410241509039e-01 9.998501962627383000e-01 9.998981665208718228e-01 9.999130040219712523e-01 9.997657931299139822e-01
9.998968962339455091e-01 9.999459990698251755e-01 9.994890365812858501e-01 9.998275184923940406e-01 9.999614806182548499e-01 9.999527711016745757e-01 9.998825057296993890e-01 9.999648153329819822e-01 9.998308978742977970e-01 9.997871877421727893e-01
9.999056687067940929e-01 9.998842679096310304e-01 9.998351840535508739e-01 9.996776186944122955e-01 9.999356470801393781e-01 9.995074871018838625e-01 9.999441642776156769e-01 9.999148927229914996e-01 9.996009276986257408e-01 9.998840200425976876e-01
9.998762261846068089e-01 9.999427047047451111e-01 9.999068383609750477e-01 9.998974872622886645e-01 9.998168712129793523e-01 9.999095079639477301e-01 9.999544908675033206e-01 9.998931757949492960e-01 9.998510950117655005e-01 9.998051591582554076e-01
9.999012580419437413e-01 9.999385616250390241e-01 9.997873214510641926e-01 9.998409381811779184e-01 9.999338040079536194e-01 9.998003627769616042e-01 9.997716605271685930e-01 9.999011793825403061e-01 9.997595524465189287e-01 9.998844072354360346e-01
9.999304482120831006e-01 9.999574365500483175e-01 9.999032220813166560e-01 9.999444931337432285e-01 9.997937625312113274e-01 9.999061650324636563e-01 9.999145549975927416e-01 9.999010198121301984e-01 9.998193484364007455e-01 9.998847108625549263e-01
9.992521485297940487e-01 9.999535849215724914e-01 9.999642873561892520e-01 9.999169391741574708e-01 9.999045403385170561e-01 9.998247291438834283e-01 9.998089674315020492e-01 9.997853265097536024e-01 9.998755372567784683e-01 9.998323506175383901e-01
9.998950139548198335e-01 9.999082748874419391e-01 9.999210533729128159e-01 9.999383930245528962e-01 9.998657446408389937e-01 9.998867077424921090e-01 9.998527194672512941e-01 9.998871014899062271e-01 9.999341078681216466e-01 9.999441901335003324e-01
9.999091794709618064e-01 9.998892113452089170e-01 9.999410898982992180e-01 9.998276550189092449e-01 9.999442989481631683e-01 9.997956439523738581e-01 9.998925472975780382e-01 9.997282041091370974e-01 9.999190320921769182e-01 9.997976948113481699e-01
9.998428221789277259e-01 9.999006177419791364e-01 9.997772100093222924e-01 9.997796952920303681e-01 9.998896585599040820e-01 9.999204929399370112e-01 9.999225281582797553e-01 9.999321523198548833e-01 9.998816629709752490e-01 9.994614764522368189e-01
9.999226107563602417e-01 9.998993766732373611e-01 9.998242459738660992e-01 9.998548814237503413e-01 9.998133971711758994e-01 9.998732097000524455e-01 9.998459495486179405e-01 9.999182286291585786e-01 9.997553643491609021e-01 9.999177263509871905e-01
9.993343372449619011e-01 9.996647677824025413e-01 9.998672006030218107e-01 9.999214129658091643e-01 9.998419042002505419e-01 9.999014473028972061e-01 9.998953387960322070e-01 9.997721188318704488e-01 9.999249201679833998e-01 9.998547938445929706e-01
9.993717456128056176e-01 9.999503045943547441e-01 9.995504908401401378e-01 9.997500265795890018e-01 9.996477758904792621e-01 9.998395446735587333e-01 9.991826103390240021e-01 9.998868516657145600e-01 9.999349251541141959e-01 9.999224696226958198e-01
9.999402747975562056e-01 9.999667374622595029e-01 9.999350839196328167e-01 9.999762069780199214e-01 9.998883149435118245e-01 9.998875791290651183e-01 9.999505109303507000e-01 9.999501226562054201e-01 9.999275109040579590e-01 9.999380017508943119e-01
9.999471667373094341e-01 9.999094255133065268e-01 9.998234764504004835e-01 9.999206124312217669e-01 9.998536806309575864e-01 9.999298464358907790e-01 9.998939049709182347e-01 9.998225372449506265e-01 9.999077983735591424e-01 9.999170883364429940e-01
9.998839420176443005e-01 9.998945782732888699e-01 9.999393990397713594e-01 9.990872227148553941e-01 9.999346018121163526e-01 9.998234445365181688e-01 9.996994724635684948e-01 9.998122001067372144e-01 9.998996594721621944e-01 9.998799779611726724e-01
9.999457492471665043e-01 9.999283837262117336e-01 9.999288441629162749e-01 9.999483579335016747e-01 9.999180869678824246e-01 9.995263420619558969e-01 9.999535788112852153e-01 9.999489758257172900e-01 9.998038011244161360e-01 9.998579565543800340e-01
9.998183505710549479e-01 9.998649112667423733e-01 9.999386303539723464e-01 9.998697851080345922e-01 9.999362377091720600e-01 9.998864486259974038e-01 9.998553817467674687e-01 9.997924849212289633e-01 9.999344562654289836e-01 9.997291599587552202e-01
9.997874705099013548e-01 9.999585038751759303e-01 9.995643988420037651e-01 9.999514194506031739e-01 9.996073573365905629e-01 9.999015875947638854e-01 9.999172800974541753e-01 9.999352063956309378e-01 9.997148679268547111e-01 9.999299790908473540e-01
9.999019562026622010e-01 9.998988806799793405e-01 9.996112500725830019e-01 9.999128573906974626e-01 9.999234197152744308e-01 9.999595171374997538e-01 9.998387532773516106e-01 9.998770395531486610e-01 9.998090238867909374e-01 9.999400287187445446e-01
9.999015180344871245e-01 9.999692364198143890e-01 9.998729379621534852e-01 9.998002961371819097e-01 9.999647761940742008e-01 9.997186621536710005e-01 9.998645999633291037e-01 9.998823871694276777e-01 9.998781559190987878e-01 9.998935243844288001e-01
9.999331812073161130e-01 9.998336157534928326e-01 9.998732777818112316e-01 9.998034429514718324e-01 9.999242208414146349e-01 9.998676890291375852e-01 9.997669600294734060e-01 9.998148333458457548e-01 9.998673816391249192e-01 9.999244444329662418e-01
9.998456857184909730e-01 9.998185027781385514e-01 9.994901218442712176e-01 9.999400092973718124e-01 9.992941558325448836e-01 9.999330758244049377e-01 9.998766124192430826e-01 9.999284751366969148e-01 9.997090449468089002e-01 9.996433484233754330e-01
9.998073827390744350e-01 9.996468536697751261e-01 9.998434978564515463e-01 9.997912327945938094e-01 9.998905941996824032e-01 9.999445653799117206e-01 9.998728511865323521e-01 9.999622940259215165e-01 9.998815404477773283e-01 9.999216975041527178e-01
9.999256245051806324e-01 9.989786452473220502e-01 9.998332293302142348e-01 9.999556509348882516e-01 9.999310884530328014e-01 9.999230795597084942e-01 9.998601148126342597e-01 9.999284393845805363e-01 9.998858609994402125e-01 9.999506206885337978e-01
9.999384862265495721e-01 9.998459559751899928e-01 9.998480148885514618e-01 9.999281826217654157e-01 9.998795726209148693e-01 9.999119476084821212e-01 9.999091523161981465e-01 9.998422913978041171e-01 9.999195119667766418e-01 9.994875022761217087e-01
9.998973473681735946e-01 9.997497025791209913e-01 9.998466690787642941e-01 9.997350110396556744e-01 9.999254544059693606e-01 9.999220343081006712e-01 9.998486447412880951e-01 9.998347066259812843e-01 9.999406401748165418e-01 9.998344190756583982e-01
9.996539781464559571e-01 9.999021548125893721e-01 9.998554911060576478e-01 9.999057446339242317e-01 9.995597686911824598e-01 9.998007866531641863e-01 9.997940459934303581e-01 9.997952122822103549e-01 9.998490612210878536e-01 9.998457286872467487e-01
9.999001021027823510e-01 9.998401104734492284e-01 9.999007820525975809e-01 9.998605283050289172e-01 9.997906233654046959e-01 9.997835605679383786e-01 9.997416431675940629e-01 9.995500439756695998e-01 9.999409833153541927e-01 9.999378630783476440e-01
9.998543893302005436e-01 9.999596126982854827e-01 9.999689599915070337e-01 9.996996277364279537e-01 9.999195406442759060e-01 9.999264825262139667e-01 9.999597686932948370e-01 9.999392360214224285e-01 9.997828099886139075e-01 9.997669609383652567e-01
9.997784269829229631e-01 9.999217766415250397e-01 9.999165850921998278e-01 9.994392173844496297e-01 9.999087931704641052e-01 9.999489124193402523e-01 9.998328697615204153e-01 9.990361166662922177e-01 9.993569008067860748e-01 9.999215911973216020e-01
9.999255073354247347e-01 9.998088730817422665e-01 9.997717115225407403e-01 9.999045886503906688e-01 9.998963879644107156e-01 9.998257187574050020e-01 9.998041741941756655e-01 9.998735208060033353e-01 9.999183870288183007e-01 9.998800526362394692e-01
9.998754103258986614e-01 9.997746308227185574e-01 9.998995564429641325e-01 9.997639945930314465e-01 9.996922110256858396e-01 9.998664335695548466e-01 9.999444658915158657e-01 9.997360208439053375e-01 9.990839374477604728e-01 9.998958101173476276e-01
9.997833623343225229e-01 9.997103585093800593e-01 9.997514555005344583e-01 9.999218831899719939e-01 9.999346702946708687e-01 9.999191542339875838e-01 9.997540129450740443e-01 9.999634999309638950e-01 9.998650775834513338e-01 9.998253555578351381e-01
9.998461605525224005e-01 9.997344525333294873e-01 9.999062803910855335e-01 9.998060178503955786e-01 9.998903842836418532e-01 9.998179968114421223e-01 9.998895485719568876e-01 9.999107813184928695e-01 9.996640640182977711e-01 9.999419780031532090e-01
9.998080120717319774e-01 9.998002188621526454e-01 9.998841785767746959e-01 9.999280801039788225e-01 9.997458031506841758e-01 9.999006781308317215e-01 9.999033411144861994e-01 9.999614691746632200e-01 9.999063270640075052e-01 9.999290209925140172e-01
9.997469615250326180e-01 9.999268468953994571e-01 9.999320253721751817e-01 9.999375359391309281e-01 9.998964141617954215e-01 9.999195278235931683e-01 9.999244368384757609e-01 9.999501232778047477e-01 9.999143773730522211e-01 9.998858182540174555e-01
9.999605543041067968e-01 9.998972053991694864e-01 9.998332604819263336e-01 9.998566574625522563e-01 9.998606386739115059e-01 9.998821393511020394e-01 9.998401031538253214e-01 9.999475202679640740e-01 9.999618960790899180e-01 9.999564957047968328e-01
9.997468836080518617e-01 9.999293254196290892e-01 9.998973757905117443e-01 9.998692455534459178e-01 9.999659141708248100e-01 9.999199684072600514e-01 9.998279265485074951e-01 9.998572736931423677e-01 9.998261848315250777e-01 9.996581600794960387e-01
9.998488775704205134e-01 9.999691738169351751e-01 9.998086763187871151e-01 9.998915569742621301e-01 9.999212944346151932e-01 9.998311654045113350e-01 9.999041108802736444e-01 9.998747727956809328e-01 9.997901386296946802e-01 9.999271056200337293e-01
9.998717585977340283e-01 9.998864764793675697e-01 9.999604484184103637e-01 9.999305289476315695e-01 9.996101713598648519e-01 9.998077508054259432e-01 9.999097808212584759e-01 9.998688912761247716e-01 9.999107109241676117e-01 9.999064890752848989e-01
9.998970250687417849e-01 9.998575120176776965e-01 9.999294018449991217e-01 9.998600320804033048e-01 9.999100252023592761e-01 9.997451793012973598e-01 9.998777853195986998e-01 9.999606402729350751e-01 9.999462023199588989e-01 9.998077715335588200e-01
9.999174329954778617e-01 9.996614782707206048e-01 9.999409709737222540e-01 9.995031981683822897e-01 9.998128759652363806e-01 9.999155809683816232e-01 9.999383478374682666e-01 9.998559485995174301e-01 9.999311913468170721e-01 9.998942732464396466e-01
9.997566212566010302e-01 9.998885875233211040e-01 9.998423553835843469e-01 9.998792475867198659e-01 9.999008472604031805e-01 9.999075637927969940e-01 9.997808927043791982e-01 9.999575856272348018e-01 9.998627913850480775e-01 9.997527497582671119e-01
9.999062699312335489e-01 9.994865459635190463e-01 9.998651639788709300e-01 9.998227817946774287e-01 9.998685186813547343e-01 9.998714770725599665e-01 9.998658396870385712e-01 9.999109230775697910e-01 9.998502263479128738e-01 9.999203527438634831e-01
9.998454667083948033e-01 9.994816834016672091e-01 9.994374883003068755e-01 9.998852657603688465e-01 9.999007262537120688e-01 9.998311165454120131e-01 9.999094643307968600e-01 9.994919281598231287e-01 9.999486877614846003e-01 9.997814006565157730e-01
9.997952761187697268e-01 9.999144791825530509e-01 9.999073892258184548e-01 9.999236044279116165e-01 9.996291094754392592e-01 9.998849380520618002e-01 9.998844234093084982e-01 9.998193570797424545e-01 9.998481719449019423e-01 9.996334468453332844e-01
9.997274850949855463e-01 9.999110211288566585e-01 9.999713344913316870e-01 9.998335682126007207e-01 9.998405286735070341e-01 9.994189223947697043e-01 9.997355264564691257e-01 9.999713488858019694e-01 9.998768601577505688e-01 9.997406260259423805e-01
9.999333925864464234e-01 9.998497513030543127e-01 9.999637805222603149e-01 9.999391976614725452e-01 9.999499105346983940e-01 9.998688925952070594e-01 9.998832701285367275e-01 9.998811475347556543e-01 9.999212287172042357e-01 9.999446134825782373e-01
9.999199069061052159e-01 9.999630419006878546e-01 9.999664876497149635e-01 9.998955903890608399e-01 9.996975585602908554e-01 9.997154506408248986e-01 9.999350866171904384e-01 9.998739721197089647e-01 9.997400427285455526e-01 9.997046854513743641e-01
9.998979718141779438e-01 9.999258333291470846e-01 9.996857441755919726e-01 9.998077126384884439e-01 9.999160740535858460e-01 9.995917501105767711e-01 9.997408473804666462e-01 9.999273647548965194e-01 9.999431046477276208e-01 9.997566422947832265e-01
9.997849015123025929e-01 9.998814603458243688e-01 9.998434937695666047e-01 9.999272049567040632e-01 9.999341415628247853e-01 9.999556480557096894e-01 9.999172425022959665e-01 9.998292937255134349e-01 9.998956804414507182e-01 9.999181484313066637e-01
9.998587991816976217e-01 9.999076154274250117e-01 9.994557909967292098e-01 9.999024949172814480e-01 9.999028227325561513e-01 9.997626783698251307e-01 9.998781875379361139e-01 9.997421551803984396e-01 9.999262773118883230e-01 9.991621855511760852e-01
9.998702558821309649e-01 9.999186167552857052e-01 9.998755204985215750e-01 9.999020667616629332e-01 9.999595504843944438e-01 9.998943868891878584e-01 9.999035243457571331e-01 9.999132548571632029e-01 9.998686297855321481e-01 9.998738367418296136e-01
9.999340676556981444e-01 9.999171924242400422e-01 9.999173611090224068e-01 9.999146985925526643e-01 9.999212661237945055e-01 9.999226920464887591e-01 9.999288974142563902e-01 9.998624279816307192e-01 9.999514021167100752e-01 9.999272456037938683e-01
9.998523659450526679e-01 9.999462453023092445e-01 9.999422666844514085e-01 9.998144382104943162e-01 9.999656379183097243e-01 9.997221519249551713e-01 9.999299332054134570e-01 9.993239586112458994e-01 9.999646229509805417e-01 9.999672686061904514e-01
9.995414604465289177e-01 9.999014864306580153e-01 9.997157898564668077e-01 9.998896284543080659e-01 9.994948297062256071e-01 9.999166374120271872e-01 9.997864355445996720e-01 9.999671161026698618e-01 9.991291641719509675e-01 9.998769521849838471e-01
9.998485086452267856e-01 9.999329555481817344e-01 9.999538172238476852e-01 9.998476844769337291e-01 9.998411732734382440e-01 9.999366522581312200e-01 9.998638182390613416e-01 9.999554931673949598e-01 9.998781950075457114e-01 9.999152608888310922e-01
