9.999942363499692011e-01 9.999983425325467135e-01 9.999980317366301552e-01 9.999957051725398838e-01 9.999936670856074405e-01 9.999984923724192232e-01 9.999995032005721818e-01 9.999928762476095745e-01 9.999923934320030794e-01 9.999973347515687117e-01
9.999967640625772036e-01 9.999962616858250053e-01 9.999959440186598769e-01 9.999877597683244357e-01 9.999927451360843822e-01 9.999968915372758893e-01 9.999973783824234186e-01 9.999953237907994730e-01 9.999952718938115437e-01 9.999938556675731505e-01
9.999985768872075020e-01 9.999969781108927203e-01 9.999969606077667716e-01 9.999947580834374072e-01 9.999973331365715756e-01 9.999976616608874380e-01 9.999956854103629889e-01 9.999952483949124948e-01 9.999963593810092810e-01 9.999913873480554827e-01
9.999924450475959903e-01 9.999966522749398345e-01 9.999988565978923383e-01 9.999963495249116763e-01 9.999971353995413814e-01 9.999966783313113394e-01 9.999964946533378418e-01 9.999969516883240317e-01 9.999970892939398226e-01 9.999963804392136835e-01
9.999958431452484753e-01 9.999935851690675559e-01 9.999942132533875538e-01 9.999963947346145465e-01 9.999923960047089055e-01 9.999947012456970041e-01 9.999966341798596225e-01 9.999959667979431144e-01 9.999964883876222288e-01 9.999988871133517199e-01
9.999958548217398047e-01 9.999848006772454889e-01 9.999976324552979356e-01 9.999914302216003081e-01 9.999902286837432097e-01 9.999924894186515978e-01 9.999981150388966844e-01 9.999966795770492967e-01 9.999968438161143114e-01 9.999942448211814883e-01
9.999965249900215625e-01 9.999973334179825812e-01 9.999983517416690670e-01 9.999906050090328069e-01 9.999991599332030967e-01 9.999950835343798250e-01 9.999949020274424560e-01 9.999928786972769323e-01 9.999983447809149828e-01 9.999959911691342906e-01
9.999931823067111925e-01 9.999972306821215406e-01 9.999962876881222096e-01 9.999962433573466036e-01 9.999976677921791346e-01 9.999936599271858073e-01 9.999967479941471726e-01 9.999949211086547329e-01 9.999974946555876265e-01 9.999968228215906363e-01
9.999970055128790669e-01 9.999950528819979700e-01 9.999978836480365452e-01 9.999983668948879689e-01 9.999942342679155605e-01 9.999976902654846844e-01 9.999900796367976463e-01 9.999925300103117420e-01 9.999972599761095537e-01 9.999966644122606496e-01
9.999970382143080760e-01 9.999944288568060058e-01 9.999958497735936813e-01 9.999981570979452616e-01 9.999991311183382692e-01 9.999956714308458894e-01 9.999974551946576584e-01 9.999987977168828257e-01 9.999969760386334672e-01 9.999979065223209007e-01
9.999917654708935233e-01 9.999947573651472021e-01 9.999914201584361173e-01 9.999969256508735027e-01 9.999964957798580523e-01 9.999894566459687217e-01 9.999968802283921709e-01 9.999938206697850385e-01 9.999931127787113905e-01 9.999943464786128500e-01
9.999960691614713237e-01 9.999954140045951290e-01 9.999922797821823028e-01 9.999979249355079869e-01 9.999989037345413667e-01 9.999972856090372231e-01 9.999962752541157185e-01 9.999951707840503135e-01 9.999967882227044358e-01 9.999952722892816448e-01
9.999918620743464270e-01 9.999924660820704858e-01 9.999912766248429952e-01 9.999961692659233847e-01 9.999979113137429376e-01 9.999962873649526074e-01 9.999963111716504427e-01 9.999958407104037050e-01 9.999988357716880216e-01 9.999955464420112738e-01
9.999992865304565548e-01 9.999876380852833480e-01 9.999986775434031028e-01 9.999988078705999150e-01 9.999990421263680318e-01 9.999963508760972841e-01 9.999953984423468611e-01 9.999968795897542506e-01 9.999923144652081985e-01 9.999915973223979515e-01
9.999929994162092273e-01 9.999969826083754398e-01 9.999947678501897030e-01 9.999973531129113802e-01 9.999971224383226165e-01 9.999958366656190867e-01 9.999971300006322839e-01 9.999982154674679213e-01 9.999955590408982076e-01 9.999881555619811735e-01
9.999919947332607251e-01 9.999974872409267412e-01 9.999974870512995384e-01 9.999971965878607927e-01 9.999961752641014501e-01 9.999988099641307082e-01 9.999934656844429171e-01 9.999971319076866871e-01 9.999956177065453256e-01 9.999966454828289608e-01
9.999930912515785364e-01 9.999903715206057697e-01 9.999991943101897984e-01 9.999978356439953586e-01 9.999945169685583446e-01 9.999968545987887314e-01 9.999976697736098208e-01 9.999935758185607426e-01 9.999973806971930168e-01 9.999980900090762459e-01
9.999937220373904534e-01 9.999971608337384632e-01 9.999974107411254698e-01 9.999984393199404797e-01 9.999990137330811990e-01 9.999971420142333978e-01 9.999963842306309747e-01 9.999933096386180997e-01 9.999938437763699062e-01 9.999967080046131551e-01
9.999973785070607191e-01 9.999969571564767401e-01 9.999922513001342494e-01 9.999974788571500683e-01 9.999931576852040260e-01 9.999956819955574394e-01 9.999976356097601826e-01 9.999933027109941808e-01 9.999955833267044625e-01 9.999971278822136211e-01
9.999930845876581209e-01 9.999908512817483608e-01 9.999979346882984510e-01 9.999933260557677395e-01 9.999974542999753302e-01 9.999971462854004844e-01 9.999920335621076406e-01 9.999961584974255135e-01 9.999968064880840890e-01 9.999994596303933836e-01
9.999938267213933640e-01 9.999975220573947832e-01 9.999938101234157051e-01 9.999968936982814860e-01 9.999989247607631304e-01 9.999987763870884505e-01 9.999935732749565265e-01 9.999959125689773520e-01 9.999978110770563200e-01 9.999952875058083501e-01
9.999967492568049288e-01 9.999952207544227090e-01 9.999966611981183640e-01 9.999986982772415267e-01 9.999976885151914408e-01 9.999939456446771402e-01 9.999970595888082459e-01 9.999950714907920313e-01 9.999984006188047392e-01 9.999951101295280198e-01
9.999985247696162594e-01 9.999981608543281331e-01 9.999978948645299459e-01 9.999943065209826454e-01 9.999918079360289314e-01 9.999980111527516646e-01 9.999960657468831560e-01 9.999975384883903473e-01 9.999956574877283400e-01 9.999937975865510476e-01
9.999972487449743097e-01 9.999950464134000905e-01 9.999982919253118663e-01 9.999953779781025620e-01 9.999944419632691428e-01 9.999967904534203811e-01 9.999965842826357143e-01 9.999942679937153800e-01 9.999971105054624720e-01 9.999959954172602528e-01
9.999910800010682888e-01 9.999994228449466949e-01 9.999968553069131794e-01 9.999955569408141010e-01 9.999975821524200725e-01 9.999931867251549145e-01 9.999950849119322305e-01 9.999965983325505015e-01 9.999962236889814449e-01 9.999963638260375154e-01
9.999964512071389811e-01 9.999968742299670810e-01 9.999982132372627897e-01 9.999951874804894336e-01 9.999989274565981301e-01 9.999955709461288977e-01 9.999977924685231612e-01 9.999963168866823349e-01 9.999963336970050243e-01 9.999975208452296371e-01
9.999952469061820226e-01 9.999930261162292000e-01 9.999966221628368013e-01 9.999992620277717847e-01 9.999964729685206777e-01 9.999965891180471189e-01 9.999931717168104583e-01 9.999866916684759799e-01 9.999982178252964093e-01 9.999966284696636398e-01
9.999900952347776650e-01 9.999978235178105246e-01 9.999912386631067962e-01 9.999916697981046099e-01 9.999957484028827448e-01 9.999967721323279601e-01 9.999963757935489417e-01 9.999969607891149304e-01 9.999978929609204537e-01 9.999948784125092249e-01
9.999949416091864496e-01 9.999964034316566330e-01 9.999985171078353829e-01 9.999990056341554467e-01 9.999922222204521427e-01 9.999949290330815144e-01 9.999950448779605372e-01 9.999971332989915362e-01 9.999982899318783369e-01 9.999978805951453831e-01
9.999951898006356199e-01 9.999977922870703084e-01 9.999977197054740197e-01 9.999933258191293639e-01 9.999974213167095449e-01 9.999985352043245790e-01 9.999954538438954321e-01 9.999979649422030548e-01 9.999965422527171688e-01 9.999931221728671771e-01
9.999975026214413809e-01 9.999963290398251603e-01 9.999992722123504096e-01 9.999978750145341877e-01 9.999931989624971651e-01 9.999977805341127013e-01 9.999907595457836473e-01 9.999951350567651831e-01 9.999951008457256263e-01 9.999956692766852617e-01
9.999985517499486720e-01 9.999984461463121699e-01 9.999980757139217413e-01 9.999975708974983002e-01 9.999985681120971970e-01 9.999918733490994471e-01 9.999919280234140784e-01 9.999960532991855056e-01 9.999906829591477253e-01 9.999977146470716560e-01
9.999886543066720535e-01 9.999986727227928585e-01 9.999976491289584990e-01 9.999947082473766846e-01 9.999972469939991671e-01 9.999989656521118819e-01 9.999962439801470815e-01 9.999966329629744743e-01 9.999980820391723979e-01 9.999995583992801196e-01
9.999973225591811676e-01 9.999974723497159212e-01 9.999935165788349511e-01 9.999969726009740878e-01 9.999947982860392104e-01 9.999947371617684544e-01 9.999991210954227716e-01 9.999951651597241975e-01 9.999952870621181544e-01 9.999915304132332983e-01
9.999975285739231001e-01 9.999986460921466147e-01 9.999946309315271842e-01 9.999935150623573410e-01 9.999924638447861280e-01 9.999973479308992275e-01 9.999942546023633527e-01 9.999968778852594831e-01 9.999968373673756572e-01 9.999974738581054456e-01
9.999982368875692806e-01 9.999959762865900936e-01 9.999984181337576716e-01 9.999971468382132800e-01 9.999978144269223712e-01 9.999970089839799181e-01 9.999987012235536099e-01 9.999950310982089752e-01 9.999973601494196451e-01 9.999991820042956059e-01
9.999976885565869944e-01 9.999954835395133967e-01 9.999973267151931466e-01 9.999956475190494576e-01 9.999989968450357924e-01 9.999949891139413571e-01 9.999987199454385411e-01 9.999894598443096472e-01 9.999982161302767292e-01 9.999984678265780857e-01
9.999933905559692526e-01 9.999980655846660849e-01 9.999948822282886951e-01 9.999944191807186300e-01 9.999980159810646363e-01 9.999987913828015662e-01 9.999936079406731571e-01 9.999995836373172242e-01 9.999959804414495501e-01 9.999972849435564415e-01
9.999932148458147152e-01 9.999988499078285020e-01 9.999969062227341832e-01 9.999983899510428431e-01 9.999971202170946372e-01 9.999987654287054717e-01 9.999986109651036736e-01 9.999931728646904716e-01 9.999983047937662795e-01 9.999894549664112287e-01
9.999958785757857571e-01 9.999961620451286448e-01 9.999963175844471808e-01 9.999905644555184825e-01 9.999985889421656449e-01 9.999961990146698509e-01 9.999962992726950661e-01 9.999942855736929648e-01 9.999887509429289389e-01 9.999912725308800487e-01
9.999987629148281432e-01 9.999981327533437048e-01 9.999956558343650048e-01 9.999988850876099233e-01 9.999981361987126949e-01 9.999973126456418449e-01 9.999968611096001769e-01 9.999940632262875884e-01 9.999959007435726965e-01 9.999964952651497763e-01
9.999937520971995397e-01 9.999945160821964718e-01 9.999947695234815415e-01 9.999966538365151481e-01 9.999876964215576036e-01 9.999958640408190824e-01 9.999971735559426422e-01 9.999967867931752741e-01 9.999969354357980400e-01 9.999940264080585672e-01
9.999944237005102821e-01 9.999994916028525083e-01 9.999985547411014419e-01 9.999966155038892968e-01 9.999962598150666793e-01 9.999941600316399892e-01 9.999983167191328626e-01 9.999917669916799090e-01 9.999926077806506886e-01 9.999985134675148934e-01
9.999949715212748114e-01 9.999991581605314206e-01 9.999954509225447152e-01 9.999966162232442057e-01 9.999957964161609869e-01 9.999970481311241111e-01 9.999981505096874335e-01 9.999986760295013211e-01 9.999981884442807889e-01 9.999888071589113636e-01
9.999966041427404972e-01 9.999972330909122631e-01 9.999966477159208944e-01 9.999957405845343317e-01 9.999964886832283240e-01 9.999964300930721528e-01 9.999941418716188357e-01 9.999970277682185271e-01 9.999974475931341367e-01 9.999930417021241080e-01
9.999929192735617089e-01 9.999963376600319309e-01 9.999955635883709393e-01 9.999948376873436517e-01 9.999977398913988402e-01 9.999968459304880986e-01 9.999909311499117770e-01 9.999952450622242583e-01 9.999968101948852883e-01 9.999983678185503377e-01
9.999981331239684579e-01 9.999938484846025988e-01 9.999958934222921147e-01 9.999962243683981900e-01 9.999982596799321666e-01 9.999981174448193677e-01 9.999950696140351702e-01 9.999877526630138735e-01 9.999899769160491836e-01 9.999963368904178918e-01
9.999953615279854047e-01 9.999932887119099556e-01 9.999892029622249323e-01 9.999986211506838307e-01 9.999995447131800885e-01 9.999918867998934813e-01 9.999938571695201617e-01 9.999973426790284003e-01 9.999984399149833836e-01 9.999922976584897372e-01
9.999959061937967464e-01 9.999962212887568702e-01 9.999975822109775647e-01 9.999961626963020933e-01 9.999960457110870227e-01 9.999977426625932253e-01 9.999946763306565289e-01 9.999973433902655806e-01 9.999924291470226878e-01 9.999976352083049802e-01
9.999988160732380393e-01 9.999965792571966494e-01 9.999934082888997100e-01 9.999957957793998986e-01 9.999968341648898251e-01 9.999929866447889726e-01 9.999941381583369315e-01 9.999965048738062023e-01 9.999964431653309838e-01 9.999940896560584047e-01
9.999979233243886378e-01 9.999994642251170962e-01 9.999963885592358936e-01 9.999970049931056204e-01 9.999987895470766608e-01 9.999986503693685247e-01 9.999965891493042269e-01 9.999944380100461716e-01 9.999949237005114622e-01 9.999928211532901345e-01
9.999865712085712621e-01 9.999952472482803723e-01 9.999944353694455446e-01 9.999958397278247979e-01 9.999961614186145820e-01 9.999959881567802578e-01 9.999966336710222059e-01 9.999962718368360370e-01 9.999920338618886184e-01 9.999993648544922564e-01
9.999972905607105167e-01 9.999950711492602284e-01 9.999975718011938630e-01 9.999995151915853642e-01 9.999971298538650188e-01 9.999883996605876124e-01 9.999837549449889229e-01 9.999938655848452651e-01 9.999979384849919661e-01 9.999964154102578551e-01
9.999972509433938672e-01 9.999942661870988569e-01 9.999924694749205978e-01 9.999966364992215473e-01 9.999982704805032707e-01 9.999893811764256624e-01 9.999967202593345039e-01 9.999973867621678725e-01 9.999966036368254096e-01 9.999958618992972337e-01
9.999980940400436946e-01 9.999970025056450496e-01 9.999949999563837455e-01 9.999934560850628484e-01 9.999959025676737889e-01 9.999916748787627263e-01 9.999947217170508384e-01 9.999971587794744821e-01 9.999988618507548166e-01 9.999974469291019741e-01
9.999941514237798978e-01 9.999964702320387477e-01 9.999962651124968405e-01 9.999973463540837715e-01 9.999916930719874308e-01 9.999974831533984254e-01 9.999946694406428582e-01 9.999928121030727812e-01 9.999952608675490850e-01 9.999918294922560680e-01
9.999974177601437253e-01 9.999882631225308627e-01 9.999954466915519369e-01 9.999966871422054648e-01 9.999964658571839360e-01 9.999935291871202558e-01 9.999955216319311724e-01 9.999953258968881098e-01 9.999963831282077109e-01 9.999967251538255386e-01
9.999950061694513614e-01 9.999978141149427069e-01 9.999952257376693021e-01 9.999975151392179740e-01 9.999932978008989615e-01 9.999976405853997496e-01 9.999965277505881156e-01 9.999954804205014591e-01 9.999992470446618098e-01 9.999980913099679736e-01
9.999992608134422589e-01 9.999941560019196540e-01 9.999887577432909902e-01 9.999911708941673361e-01 9.999860403584214241e-01 9.999941326758052806e-01 9.999983425181222518e-01 9.999965690146007669e-01 9.999945769449770649e-01 9.999980503284480182e-01
9.999919570636689459e-01 9.999960393129851965e-01 9.999875707133532021e-01 9.999961598113397132e-01 9.999954276758008520e-01 9.999983495259578969e-01 9.999989959476751622e-01 9.999946698951818203e-01 9.999951642698022836e-01 9.999964463498632883e-01
9.999993161178292178e-01 9.999939870332119618e-01 9.999977714631725911e-01 9.999971493304834480e-01 9.999954573265883440e-01 9.999964279980436688e-01 9.999989635719223058e-01 9.999948919812884363e-01 9.999992584339076895e-01 9.999977872841686599e-01
9.999991910020671337e-01 9.999965856534139830e-01 9.999972694531656936e-01 9.999952102959192013e-01 9.999963698307910986e-01 9.999931866543162462e-01 9.999961547530530348e-01 9.999871189147031547e-01 9.999972079410777148e-01 9.999973392603973554e-01
9.999985134064139913e-01 9.999993404086824356e-01 9.999893198569345110e-01 9.999945354306352119e-01 9.999963410795904561e-01 9.999990079976439628e-01 9.999985244487820113e-01 9.999957192200121803e-01 9.999992867458469270e-01 9.999961586206409514e-01
9.999985595969815844e-01 9.999975501006254097e-01 9.999971389977828640e-01 9.999976484896293538e-01 9.999865023775001971e-01 9.999958331176339588e-01 9.999968813603404838e-01 9.999983069488184162e-01 9.999984845504129582e-01 9.999974169976924010e-01
9.999906974401893134e-01 9.999921244261071873e-01 9.999990675489223158e-01 9.999900506021057733e-01 9.999978970258890376e-01 9.999930563329759714e-01 9.999946504908547862e-01 9.999964089075928930e-01 9.999961311830809496e-01 9.999958520055756139e-01
9.999992896966847233e-01 9.999834828156480837e-01 9.999975512070508055e-01 9.999978298252288900e-01 9.999965990149433104e-01 9.999971628956213499e-01 9.999919016933705995e-01 9.999962687203859391e-01 9.999921189488567563e-01 9.999934589873792357e-01
9.999977739060509352e-01 9.999976602605967768e-01 9.999990847390944904e-01 9.999973476869469247e-01 9.999972757859035832e-01 9.999966545608263147e-01 9.999975063127174435e-01 9.999980035891292696e-01 9.999922272098649145e-01 9.999906070351423093e-01
9.999968196263566700e-01 9.999976144581544935e-01 9.999982078548763642e-01 9.999984915490542914e-01 9.999993265477545856e-01 9.999960674615884226e-01 9.999981177752679251e-01 9.999961802200810768e-01 9.999985736051872909e-01 9.999955755927056877e-01
9.999967142812116183e-01 9.999973114368877480e-01 9.999945533929798236e-01 9.999942621203764537e-01 9.999945278297035500e-01 9.999979375015520811e-01 9.999917348759557179e-01 9.999945334758608695e-01 9.999930596136025196e-01 9.999964375043415288e-01
9.999907684138704678e-01 9.999959164811998980e-01 9.999989514326730333e-01 9.999962647497279145e-01 9.999971125962472396e-01 9.999971430675339557e-01 9.999950807066713132e-01 9.999980921970310632e-01 9.999924909892329294e-01 9.999915652477008310e-01
9.999985901555434875e-01 9.999965775176922200e-01 9.999945873734563673e-01 9.999953284997348257e-01 9.999931823559272681e-01 9.999970901446008087e-01 9.999942272907034191e-01 9.999974463491518861e-01 9.999904854610743854e-01 9.999942329739044400e-01
9.999968128738475626e-01 9.999977491436964350e-01 9.999967985758236866e-01 9.999977931318763114e-01 9.999977793170889973e-01 9.999952302906681689e-01 9.999925856599182206e-01 9.999963775988627290e-01 9.999950214507634660e-01 9.999949356911109755e-01
9.999958448797209298e-01 9.999966627730315638e-01 9.999957710498915686e-01 9.999973193498629120e-01 9.999969514765146839e-01 9.999971984545013015e-01 9.999970915135868443e-01 9.999980898713511923e-01 9.999921659995493206e-01 9.999972173256683750e-01
9.999958057926074950e-01 9.999952618125833581e-01 9.999969548237724881e-01 9.999973398808394975e-01 9.999981963250743622e-01 9.999990467074209022e-01 9.999927411152832457e-01 9.999967051383096273e-01 9.999995775324483915e-01 9.999969693251639091e-01
9.999963800120594826e-01 9.999972131083997295e-01 9.999985074829134124e-01 9.999960861161092396e-01 9.999954404790049045e-01 9.999937254362150085e-01 9.999937108467721325e-01 9.999960789619675161e-01 9.999957222510500454e-01 9.999986200325514663e-01
9.999960862309824616e-01 9.999940300577728758e-01 9.999948423298194999e-01 9.999987090304837123e-01 9.999935159811945695e-01 9.999908583143043428e-01 9.999952288726837724e-01 9.999974675743911190e-01 9.999960426078157161e-01 9.999970761309832090e-01
9.999960060805367368e-01 9.999971524112097887e-01 9.999937440588745341e-01 9.999957571351910657e-01 9.999841969540484987e-01 9.999955680288504789e-01 9.999949202226576794e-01 9.999960591182204261e-01 9.999967370259185140e-01 9.999944290396745039e-01
9.999916251050201543e-01 9.999949423960021733e-01 9.999950411787479343e-01 9.999987195295922948e-01 9.999959902219507368e-01 9.999961957752521169e-01 9.999940375545660620e-01 9.999970634828696525e-01 9.999939979735148476e-01 9.999948491062096156e-01
9.999902072967485900e-01 9.999972181609115829e-01 9.999979267032577113e-01 9.999976888927698537e-01 9.999971741352986498e-01 9.999975421662287145e-01 9.999963931040648513e-01 9.999952983253097560e-01 9.999942202331927321e-01 9.999952670433294166e-01
9.999981273272539051e-01 9.999952083981393791e-01 9.999980112636406293e-01 9.999922623067913907e-01 9.999934488544344191e-01 9.999967669083846822e-01 9.999876019369303703e-01 9.999983920714397012e-01 9.999978569616536639e-01 9.999961153792154001e-01
9.999958301435301067e-01 9.999941490778835318e-01 9.999964658116100580e-01 9.999959549177488416e-01 9.999976486438435508e-01 9.999893427347344987e-01 9.999948699056576684e-01 9.999962718706201237e-01 9.999982973636010186e-01 9.999972564254433482e-01
9.999982464516987690e-01 9.999934055358026264e-01 9.999984661110696837e-01 9.999940850999469166e-01 9.999962183156662077e-01 9.999956048379315954e-01 9.999958024605609674e-01 9.999957964707667513e-01 9.999955817436428918e-01 9.999965844812902516e-01
9.999959497645622974e-01 9.999905765343425346e-01 9.999973138738015299e-01 9.999988003250240842e-01 9.999967301043241052e-01 9.999952380747694214e-01 9.999938638452405826e-01 9.999979995981677083e-01 9.999961803639586533e-01 9.999952215763501240e-01
9.999944838157713844e-01 9.999923370590939609e-01 9.999977073020464013e-01 9.999931136517280494e-01 9.999947087906904120e-01 9.999984455421001561e-01 9.999969632046208368e-01 9.999954367500940577e-01 9.999967410839080140e-01 9.999935753081393708e-01
9.999933019155633485e-01 9.999972899345996868e-01 9.999951743223369771e-01 9.999979491733753667e-01 9.999961090727925717e-01 9.999965503797592081e-01 9.999968784437185398e-01 9.999892005729177358e-01 9.999967011959915997e-01 9.999951734068217579e-01
9.999969117433682442e-01 9.999967635953668221e-01 9.999924456631894554e-01 9.999952649386946169e-01 9.999965853259138449e-01 9.999958511124612537e-01 9.999964565197392297e-01 9.999914818456424603e-01 9.999965226725833212e-01 9.999982460471735779e-01
9.999919890929115374e-01 9.999970931967471222e-01 9.999957615005591327e-01 9.999961330447078023e-01 9.999967742267014126e-01 9.999962327756855007e-01 9.999921878176740719e-01 9.999972110904787881e-01 9.999987374307264254e-01 9.999925221953858134e-01
9.999949518690609551e-01 9.999965807036005350e-01 9.999948808513274834e-01 9.999932225123761009e-01 9.999937274391325071e-01 9.999976060875453987e-01 9.999962759607131657e-01 9.999971221673763511e-01 9.999967487897405416e-01 9.999981754067762685e-01
9.999967953278219301e-01 9.999990096263579042e-01 9.999986272704090018e-01 9.999973101601640213e-01 9.999911099710203644e-01 9.999964171644251110e-01 9.999956638967126832e-01 9.999954366366998748e-01 9.999915330524138390e-01 9.999952873359579941e-01
9.999951317290185493e-01 9.999945564149302912e-01 9.999975920165390386e-01 9.999984323066561931e-01 9.999949667450480639e-01 9.999952205433288999e-01 9.999970983380416234e-01 9.999978358416046209e-01 9.999966686759158563e-01 9.999968767568194750e-01
9.999987479065028939e-01 9.999978200798708139e-01 9.999956833512021470e-01 9.999975979041534346e-01 9.999982199468105959e-01 9.999981456871128715e-01 9.999924521498735341e-01 9.999952549058382933e-01 9.999983740425445466e-01 9.999982114293354263e-01
9.999982672572390596e-01 9.999969822570914380e-01 9.999980927714745560e-01 9.999970771310220385e-01 9.999980352427791930e-01 9.999877289428161786e-01 9.999952379259330337e-01 9.999968729444282944e-01 9.999966662091276381e-01 9.999933095840934927e-01
9.999989165359407517e-01 9.999952387550093968e-01 9.999943374581435895e-01 9.999913820530117459e-01 9.999896638361148726e-01 9.999972895104586312e-01 9.999961873013099023e-01 9.999986685477897375e-01 9.999980186976342722e-01 9.999992773921695388e-01
9.999966923694563192e-01 9.999968134092227512e-01 9.999998708077284526e-01 9.999942550942761965e-01 9.999946808513712204e-01 9.999971329769924422e-01 9.999957575083007200e-01 9.999964215695263947e-01 9.999940178177604277e-01 9.999982053683613703e-01
9.999983263012899304e-01 9.999953220396075038e-01 9.999987494622774031e-01 9.999938897079830857e-01 9.999966329299557755e-01 9.999961948122849664e-01 9.999935163856712439e-01 9.999939480624037147e-01 9.999949523690491171e-01 9.999922074562352936e-01
9.999973022174003523e-01 9.999963036314024611e-01 9.999973713644169093e-01 9.999923075451404575e-01 9.999965345331652822e-01 9.999939356228373377e-01 9.999987710514005590e-01 9.999982324322248539e-01 9.999965646147225273e-01 9.999977579712059361e-01
9.999986485317510221e-01 9.999981303645545383e-01 9.999944668454242569e-01 9.999981006073928036e-01 9.999928413788756743e-01 9.999943583089332400e-01 9.999936513685389050e-01 9.999975575907463776e-01 9.999956328040836562e-01 9.999965849982074273e-01
9.999983873740938556e-01 9.999974783681944146e-01 9.999982375748523999e-01 9.999971497749707838e-01 9.999964510282792762e-01 9.999949090266277985e-01 9.999967790227375364e-01 9.999963501816432343e-01 9.999950943611888299e-01 9.999980906272917247e-01
9.999985633700629872e-01 9.999991508552705799e-01 9.999955308406769383e-01 9.999986430442526775e-01 9.999977807646220906e-01 9.999907484499227506e-01 9.999933993127910759e-01 9.999957870230082868e-01 9.999958192133445722e-01 9.999974947916909773e-01
9.999978796610919929e-01 9.999967102446158940e-01 9.999933834751392192e-01 9.999956870997002145e-01 9.999981584290128511e-01 9.999977271826916425e-01 9.999919352116416471e-01 9.999922910408610699e-01 9.999987663606436650e-01 9.999941610983922313e-01
