9.973530002786892279e-01 9.992063295332688222e-01 9.965327489769764124e-01 9.993707704374410472e-01 9.992346883024396664e-01 9.993894804208901528e-01 9.989486066924999630e-01 9.992704789245718811e-01 9.989699249495761491e-01 9.987621528220114175e-01
9.942992006580575470e-01 9.983582002836660640e-01 9.986255134774022491e-01 9.883568186268016920e-01 9.934326305238730948e-01 9.991551142087033988e-01 9.989089846895811142e-01 9.985721380704646322e-01 9.986770708655099416e-01 9.972352568066970013e-01
9.992578825528297681e-01 9.974916881395436974e-01 9.993156451794346085e-01 9.984035683886257617e-01 9.989397726800328670e-01 9.993194371013031096e-01 9.988570064002595394e-01 9.994426517955867784e-01 9.993366902785961736e-01 9.988645255568765480e-01
9.986829079431418510e-01 9.992877402212964055e-01 9.992883541766229838e-01 9.985161261172144087e-01 9.970416008432301247e-01 9.995033759616342994e-01 9.991392756658172836e-01 9.993532554975190774e-01 9.993273248973792988e-01 9.987698785187120176e-01
9.991791539981303982e-01 9.993833510318989033e-01 9.934835078962707122e-01 9.990046814086644966e-01 9.981005735347970864e-01 9.988327852647549410e-01 9.978552540632834589e-01 9.958470562070093068e-01 9.982570577417894109e-01 9.995865678582226410e-01
9.966557886343153649e-01 9.976046388735879678e-01 9.993147975631846425e-01 9.977230686848513885e-01 9.991802259939507325e-01 9.992112954837378824e-01 9.982047119071109087e-01 9.984682027619373734e-01 9.970826770789830151e-01 9.990172017594197706e-01
9.940660050116774116e-01 9.955537649702463909e-01 9.994794917580624993e-01 9.991457441967921405e-01 9.982888217582911450e-01 9.978917439548543600e-01 9.992954726574093671e-01 9.994986622627786144e-01 9.990350565983450171e-01 9.977386022449740155e-01
9.996881015148755267e-01 9.986145756404161133e-01 9.994861106397069372e-01 9.990640598867198685e-01 9.992032974495069775e-01 9.995007853846095136e-01 9.982414834379665924e-01 9.995781545480543206e-01 9.992128554028012477e-01 9.992936262472745801e-01
9.982673189749198261e-01 9.994239450634297972e-01 9.982898523625780562e-01 9.981617359610225337e-01 9.992273180632489371e-01 9.987364219848482438e-01 9.973655236363507814e-01 9.977447926823042046e-01 9.977974506044470226e-01 9.995939925512957736e-01
9.995387521208041193e-01 9.980226208470821536e-01 9.992045993351067468e-01 9.986810679110059707e-01 9.995399702405661779e-01 9.993732462481857981e-01 9.987280098254012195e-01 9.994721838572732109e-01 9.996766810328449049e-01 9.992927329215097743e-01
9.991182671197619269e-01 9.972728668762830262e-01 9.983778367258487885e-01 9.984334002339123604e-01 9.992575810209002318e-01 9.991355386108312642e-01 9.979725719276452134e-01 9.967800285794801152e-01 9.988301776888602879e-01 9.963726264276140387e-01
9.993480440903780293e-01 9.991138952127366357e-01 9.975212491259404235e-01 9.991947351669445698e-01 9.966262617741948882e-01 9.993212044979761233e-01 9.988511706420905023e-01 9.989806173855180216e-01 9.992593099574050841e-01 9.991869786246481144e-01
9.984680273866346489e-01 9.986173783301625084e-01 9.981861652700763088e-01 9.959027800925212004e-01 9.991661858163509713e-01 9.989146517824690763e-01 9.987998705961355084e-01 9.992724948926218209e-01 9.840453827368126349e-01 9.990856452036578350e-01
9.977333311573184371e-01 9.994850354492187394e-01 9.991166604751382518e-01 9.979727362177046590e-01 9.994264458930746109e-01 9.991188751336340657e-01 9.955488029616389456e-01 9.993544853787205140e-01 9.992104401520717216e-01 9.993454415515550249e-01
9.992130297510000148e-01 9.989696985248170957e-01 9.974702527605734392e-01 9.994245474707612598e-01 9.964877733751706934e-01 9.985696957827110420e-01 9.982041582870109231e-01 9.990044289571374803e-01 9.986216239410855566e-01 9.984990231348275236e-01
9.992902629876659892e-01 9.992041270012572696e-01 9.983864874545204104e-01 9.992148490790050408e-01 9.988333219620599834e-01 9.993284192967510915e-01 9.992312744546361092e-01 9.987592162428411413e-01 9.991769593173480679e-01 9.950663957250209801e-01
9.976929277343546953e-01 9.989472939704988619e-01 9.969077148150741197e-01 9.982349946573664257e-01 9.981923577038500639e-01 9.993079732751544153e-01 9.963743985619999410e-01 9.985916837930857159e-01 9.971964358171624410e-01 9.990914420132498419e-01
9.986398084162850797e-01 9.993915413675644732e-01 9.992938406038897048e-01 9.992428504878082540e-01 9.993383753174672757e-01 9.985963872424278298e-01 9.937190810160686505e-01 9.987783786100802308e-01 9.988893583642431961e-01 9.989624549372860818e-01
9.899199790359003437e-01 9.990651860227993675e-01 9.989825312996900575e-01 9.992972836926994340e-01 9.915812500236966809e-01 9.991421408312317620e-01 9.988157218204588572e-01 9.992142672422575922e-01 9.989508443773117419e-01 9.953186943969960510e-01
9.991472818602626926e-01 9.982402047034210080e-01 9.987613737107949863e-01 9.993362540825566631e-01 9.988794961718284737e-01 9.990242488372300667e-01 9.991709921945882700e-01 9.994759520178643220e-01 9.995858151055309060e-01 9.984900445563593685e-01
9.947505204634451426e-01 9.996169391455915765e-01 9.990503597693083382e-01 9.997654446085496582e-01 9.993283386434239635e-01 9.976221183630850087e-01 9.995401206114125081e-01 9.944664434150544130e-01 9.982410745450971401e-01 9.996244687697889431e-01
9.995187999302501680e-01 9.986199135948732319e-01 9.996976118738731820e-01 9.992638404220781645e-01 9.991198431234630251e-01 9.974994023654717434e-01 9.981267265799296240e-01 9.968719750823168413e-01 9.991990747240754311e-01 9.993894356365409237e-01
9.989000172600369654e-01 9.966005839110789744e-01 9.981627798399697049e-01 9.989475385211147307e-01 9.984532203960428953e-01 9.982873654878916536e-01 9.959000238496171775e-01 9.994983218141324510e-01 9.978675276217801038e-01 9.968067023192984655e-01
9.965446958062391669e-01 9.993965930962072086e-01 9.993704944937792378e-01 9.992002306318523708e-01 9.990729984750491566e-01 9.981827690497372396e-01 9.985203573214078698e-01 9.984807952691586719e-01 9.993706251663946327e-01 9.969874837402501466e-01
9.992555618115525062e-01 9.990455995800807676e-01 9.992065755586930775e-01 9.995796520473957392e-01 9.991640188637811448e-01 9.989006734822000189e-01 9.990556887912374062e-01 9.959987288447830212e-01 9.988996015267622708e-01 9.995987768745376867e-01
9.955958147408997538e-01 9.942111223331800973e-01 9.986689494306240089e-01 9.991065770550077163e-01 9.984938204707091147e-01 9.994741360308857514e-01 9.993701776445124141e-01 9.952198314799842738e-01 9.988133377750397779e-01 9.986633384517377143e-01
9.989575308400197029e-01 9.980828104018851787e-01 9.967971337849625968e-01 9.944826197445681970e-01 9.994857556957797984e-01 9.989561956541374022e-01 9.988398776490416964e-01 9.990568623879609866e-01 9.827374381436585482e-01 9.991076043953218688e-01
9.994527847737828541e-01 9.982138730620915279e-01 9.991224263639039149e-01 9.981955181196270344e-01 9.990611968670390919e-01 9.967822455708055251e-01 9.980112661236877347e-01 9.995721905537722218e-01 9.974671422710618129e-01 9.976748557324832678e-01
9.942982518050371699e-01 9.992506733843421474e-01 9.975299703216919944e-01 9.979484946936038048e-01 9.985804008435936741e-01 9.975023153830411271e-01 9.990651706046934644e-01 9.992722777381329857e-01 9.987125786262300853e-01 9.992996394143983663e-01
9.984040061181493897e-01 9.976763601932522318e-01 9.987639289265219933e-01 9.993424061444682316e-01 9.971404780359326425e-01 9.988250262351857645e-01 9.979395414786648155e-01 9.979549522975595943e-01 9.993309611262601866e-01 9.993419119907867021e-01
9.985143689323802141e-01 9.992749632124965364e-01 9.991544338027137373e-01 9.983772768827287036e-01 9.985902140920662751e-01 9.994707612661343221e-01 9.995535766184575621e-01 9.994333101579375711e-01 9.978960261150723321e-01 9.980037523288560752e-01
9.984255474232800465e-01 9.988405190815115020e-01 9.979705219520408344e-01 9.980495220285960922e-01 9.862532156796475213e-01 9.992139148759757727e-01 9.979228008496502378e-01 9.994260380333234162e-01 9.987383802892273454e-01 9.982842697073067706e-01
9.993475464143884990e-01 9.993228961298306068e-01 9.995203354435341359e-01 9.989821261526259377e-01 9.993976543435587612e-01 9.984152858884933757e-01 9.961834097648887276e-01 9.989950991116643975e-01 9.994262319657897242e-01 9.992085045067350402e-01
9.991301294197152405e-01 9.855363060548292253e-01 9.995347286338106541e-01 9.967244560547044996e-01 9.966336687618733148e-01 9.992070636474363887e-01 9.968477705535927491e-01 9.980705728148963063e-01 9.994673690215833961e-01 9.988285548609336928e-01
9.973108113714919121e-01 9.980425264348642411e-01 9.994921862910278731e-01 9.990465489046609360e-01 9.981931310501926946e-01 9.983023118272976726e-01 9.979109697545825997e-01 9.979940589327112033e-01 9.991971153764503955e-01 9.972398049028163847e-01
9.994475323337669304e-01 9.959490457988738887e-01 9.994055129146772742e-01 9.983760461070676495e-01 9.991565128178451216e-01 9.990422036610772105e-01 9.980355125342643685e-01 9.990900430164795232e-01 9.994493174774994326e-01 9.975604451489281654e-01
9.981126519149199350e-01 9.989700335967398592e-01 9.989474303298497837e-01 9.988908514724679222e-01 9.988286969198846288e-01 9.991911320428628063e-01 9.989720365795763390e-01 9.982463217299694103e-01 9.990333942431808278e-01 9.968060385834872639e-01
9.990381518972281105e-01 9.993671998246701493e-01 9.994431282587934451e-01 9.984658069129059843e-01 9.987548191852010371e-01 9.990963901945884018e-01 9.985982231400729603e-01 9.972180474210192713e-01 9.986653729944310331e-01 9.977586641524031075e-01
9.977312437475872597e-01 9.985478744050575450e-01 9.997459565915863822e-01 9.986633747955036000e-01 9.995849361955204682e-01 9.989346848175145732e-01 9.911330955739896531e-01 9.982342242707049618e-01 9.995131521728700674e-01 9.994039509233544338e-01
9.964373367064057740e-01 9.990002762427975247e-01 9.982499632722067195e-01 9.926020154982095889e-01 9.995262318415589764e-01 9.984776332358538120e-01 9.985262153922783712e-01 9.994632626055700575e-01 9.989733199379661199e-01 9.995319258243234861e-01
9.994001271049453017e-01 9.995455595481969047e-01 9.987698781314954255e-01 9.943441113744539983e-01 9.994728777050294610e-01 9.993159481485677231e-01 9.993142599952807847e-01 9.969360865429175433e-01 9.899278318308403213e-01 9.992270973049107718e-01
9.994084891078947042e-01 9.992813384762200268e-01 9.987843923044302796e-01 9.989389704171839357e-01 9.991319639031542854e-01 9.994799090888635273e-01 9.975793206536431867e-01 9.975159013271155395e-01 9.990867647116978834e-01 9.994870671285872588e-01
9.988643494498309350e-01 9.931057164605877619e-01 9.996711776689503060e-01 9.993750220081005775e-01 9.989569249633021286e-01 9.969196070737501580e-01 9.995820608562224763e-01 9.986983584543934755e-01 9.976240776312182978e-01 9.992362191621575462e-01
9.987497206837969710e-01 9.987900226493566791e-01 9.972696006422473447e-01 9.979688225643039701e-01 9.984802100476416475e-01 9.921481316328983890e-01 9.992494267753746495e-01 9.990359588688582093e-01 9.987981730410513403e-01 9.990077221403823593e-01
9.981656811172412436e-01 9.995157331550913460e-01 9.520116201064040551e-01 9.971130352325657809e-01 9.988216846020376849e-01 9.966113126509692499e-01 9.994933881630627681e-01 9.976158900668271601e-01 9.985060844630241350e-01 9.993684868625808404e-01
9.981293497843909401e-01 9.995223730318726352e-01 9.982218382002914225e-01 9.997133511378232251e-01 9.985952243818760898e-01 9.968063842379033535e-01 9.994502537117997409e-01 9.989846988805544115e-01 9.996074818981082188e-01 9.990549956730904180e-01
9.971954791879709123e-01 9.913788849100343414e-01 9.984215727085729020e-01 9.982128308125162164e-01 9.988080134819121714e-01 9.977092281944345276e-01 9.986674339313983406e-01 9.992550396346914221e-01 9.976223538324824336e-01 9.991920838644633429e-01
9.969578263531339024e-01 9.993063873055415547e-01 9.993328920368332868e-01 9.994669733947390000e-01 9.996425690804958686e-01 9.978835232591211080e-01 9.977991354047175410e-01 9.988097048156575619e-01 9.984914501854128543e-01 9.988191397413468398e-01
9.992539765477541636e-01 9.988167627025464901e-01 9.992239795119999268e-01 9.995171514750433861e-01 9.990715721568460550e-01 9.996628119238663013e-01 9.979836143019705785e-01 9.991745185614279157e-01 9.992244771937260905e-01 9.989698418865808893e-01
9.992390608644216021e-01 9.992191557690180970e-01 9.994577845145534711e-01 9.993672462641607357e-01 9.987355592308686525e-01 9.982480833285438671e-01 9.987328116625239227e-01 9.978696847291976812e-01 9.993759097581880191e-01 9.991856667972845996e-01
9.987571295550591310e-01 9.990523526634240703e-01 9.994664763294197618e-01 9.986532191916220880e-01 9.992474328648965898e-01 9.989249662734508428e-01 9.987759855720311775e-01 9.995552468247906885e-01 9.992806972745669203e-01 9.993847713386110332e-01
9.987725256618081859e-01 9.994951125894099286e-01 9.978670559119394712e-01 9.925018929039167714e-01 9.990965439783207058e-01 9.963968441597670367e-01 9.986415689298674403e-01 9.989010682665037111e-01 9.993693248701513987e-01 9.974153031866648256e-01
9.982597891794225964e-01 9.981956137961581765e-01 9.991343605741234146e-01 9.978349177127135983e-01 9.991294165178766784e-01 9.983701311908080855e-01 9.990171021494959058e-01 9.977822600553634125e-01 9.988055036159669831e-01 9.973811816139636077e-01
9.954288295173242540e-01 9.972717857214989934e-01 9.994990573617874574e-01 9.978777619168408552e-01 9.994716497493065788e-01 9.973095934320478362e-01 9.995813546142992001e-01 9.788732296076325667e-01 9.968590521065482379e-01 9.987895948769104359e-01
9.994198189152522227e-01 9.993087544581068515e-01 9.953481145041281897e-01 9.989390105766047245e-01 9.991097419904881871e-01 9.989672672560804267e-01 9.979651344572020299e-01 9.993201129465313359e-01 9.991510894503289331e-01 9.984771480300126401e-01
9.993999579867272054e-01 9.981345277454324316e-01 9.989171066006017341e-01 9.980379639515521983e-01 9.991702603901448931e-01 9.993752879535505729e-01 9.988532650555983494e-01 9.989653893098966453e-01 9.977137520661449877e-01 9.988825419194736766e-01
9.993693475848333119e-01 9.985947851614384030e-01 9.993677694944123058e-01 9.967625291222148576e-01 9.983848229116313311e-01 9.980176282223386375e-01 9.990554106299699422e-01 9.988037303347468976e-01 9.987040795668707949e-01 9.993323629157144783e-01
9.948166690447726168e-01 9.944205788021892589e-01 9.980333014555959892e-01 9.988601884839138911e-01 9.986982642476757155e-01 9.994834828670118299e-01 9.990163053681233585e-01 9.990814481055894092e-01 9.990452297686663874e-01 9.987914008073601746e-01
9.989536224735572345e-01 9.986155342023532722e-01 9.995876133665060337e-01 9.979542974974329184e-01 9.991299275606021491e-01 9.964650633836102944e-01 9.984963520268831383e-01 9.989261415840903213e-01 9.941191647770347695e-01 9.989755289814455930e-01
9.977037972166427071e-01 9.997326355314565260e-01 9.994282662997866495e-01 9.993659496967788325e-01 9.994869532483932062e-01 9.981067196180992696e-01 9.995541572479575976e-01 9.993450956080150993e-01 9.954631153010862210e-01 9.990408662154826036e-01
9.973912316793683841e-01 9.993203713304836810e-01 9.994305918076310524e-01 9.992103133675589444e-01 9.992541087217639006e-01 9.990762436627222964e-01 9.988982634545118255e-01 9.987144583911787832e-01 9.987956114838189015e-01 9.993531135119133602e-01
9.991669054883384193e-01 9.994356185055859321e-01 9.969840370224805071e-01 9.992490906221395131e-01 9.990252115607752836e-01 9.992671222395852482e-01 9.976346675276258624e-01 9.972150898472490477e-01 9.984455638146937373e-01 9.980625236365429087e-01
9.914076204344449694e-01 9.981304616713555511e-01 9.991767489551119930e-01 9.966494626427048198e-01 9.978759729749420160e-01 9.983251482553573419e-01 9.986437568310999602e-01 9.984094602347695080e-01 9.973680458299778451e-01 9.989413414462842145e-01
9.996629484933908794e-01 9.965791506628601804e-01 9.977920463319177591e-01 9.988243893096062642e-01 9.934970109368792546e-01 9.991173308657557151e-01 9.994008316137410475e-01 9.990555586993969950e-01 9.993648310542437851e-01 9.986766992186209002e-01
9.994643458838265992e-01 9.954493563056809879e-01 9.984128632588642471e-01 9.990855239841551771e-01 9.990874118302538465e-01 9.996402176421984587e-01 9.961918662257583934e-01 9.993782622964362261e-01 9.984374653099195029e-01 9.987860901554149740e-01
9.966710958361054695e-01 9.989239501070328320e-01 9.976412546585423646e-01 9.987659642282894490e-01 9.969953525996457788e-01 9.990174974111838413e-01 9.985777590306150753e-01 9.990777996733818389e-01 9.985991520238044483e-01 9.983479094875050697e-01
9.979699405325747064e-01 9.991527057393178035e-01 9.993571725118318705e-01 9.978960609498410683e-01 9.994981653136673083e-01 9.984489146395959525e-01 9.995262944776143188e-01 9.994724462056907566e-01 9.995152132343638751e-01 9.970444416296151413e-01
9.996870833960633806e-01 9.989465349913659864e-01 9.992491027106757961e-01 9.990608096892921175e-01 9.985394955931271577e-01 9.989645279326080374e-01 9.906454343568873444e-01 9.994187068599933443e-01 9.992044657971417276e-01 9.994816122781586820e-01
9.995804423487686385e-01 9.965038104369570160e-01 9.971421340071958683e-01 9.829934793647103763e-01 9.903180635100939933e-01 9.995430780691941797e-01 9.965395338332707631e-01 9.992202808017515148e-01 9.979538211290933658e-01 9.977959265143968581e-01
9.881404113358586150e-01 9.945728861603130300e-01 9.981583110716151230e-01 9.991850754283192471e-01 9.982001212709205040e-01 9.988128311039572438e-01 9.994900129335333450e-01 9.989638533013125432e-01 9.970495471616663830e-01 9.983178329564734721e-01
9.991283591458133273e-01 9.991292351552022444e-01 9.994450895365327714e-01 9.995981488350549338e-01 9.974352451631990357e-01 9.993280089688914014e-01 9.987909297618300375e-01 9.994581386653657029e-01 9.989854653567991072e-01 9.978216448290636587e-01
9.992735955488278865e-01 9.989310860265853131e-01 9.990856863526677012e-01 9.981162661667477565e-01 9.993656551213674355e-01 9.993003430626322681e-01 9.988223601096314352e-01 9.984739905136196247e-01 9.981937898477615256e-01 9.975750073725674349e-01
9.993524947477295806e-01 9.992408250941565706e-01 9.991273958790840570e-01 9.991314219733075097e-01 9.991373354826078579e-01 9.994968997190103455e-01 9.978966595769690473e-01 9.993051164926535224e-01 9.986916636023284166e-01 9.992759203680207092e-01
9.992015522180418552e-01 9.993691626548170115e-01 9.990432748434172616e-01 9.978196344888158320e-01 9.986141372355389345e-01 9.990613442467798366e-01 9.988324700554395141e-01 9.995628479901078611e-01 9.994120456043001921e-01 9.989873776489308632e-01
9.990437767295651250e-01 9.994557108872458295e-01 9.994313952371378651e-01 9.991679131762274402e-01 9.982279634757622588e-01 9.994951577170682055e-01 9.990989486634374028e-01 9.981732621249068682e-01 9.986978966459818530e-01 9.951897812533945231e-01
9.980738121231539361e-01 9.992465523224679513e-01 9.989789182293067338e-01 9.987665291354020924e-01 9.994319573574399485e-01 9.962737587512391357e-01 9.973884880759640303e-01 9.991375061283591652e-01 9.985450983405400605e-01 9.978999201329934454e-01
9.994678942409567224e-01 9.976059357895101787e-01 9.990360826523978499e-01 9.993851881569589812e-01 9.995229720823033404e-01 9.985320139754972901e-01 9.994455410815745733e-01 9.981082925960945706e-01 9.994461173895006212e-01 9.984241994595733916e-01
9.995671191191318750e-01 9.979689691554890496e-01 9.991225892653263774e-01 9.995979742736528229e-01 9.960954557603189929e-01 9.990650154841240749e-01 9.989582335859229500e-01 9.958771530046948151e-01 9.979364695203610802e-01 9.990387196442588325e-01
9.980098964207883006e-01 9.989828465338987940e-01 9.990477470712649799e-01 9.957207215850930604e-01 9.978988363273814111e-01 9.959750822629178657e-01 9.973237524498425044e-01 9.975705543938224729e-01 9.981488608042085042e-01 9.996243392614276857e-01
9.984048851238966904e-01 9.985750802491341060e-01 9.990512645347580101e-01 9.994113105304200939e-01 9.994002364546937800e-01 9.990466299362147362e-01 9.986817156865083200e-01 9.940961755088738583e-01 9.977191844186191760e-01 9.987281576738619160e-01
9.966437505964391708e-01 9.993553009942054421e-01 9.863782700612807597e-01 9.987414702029460134e-01 9.977842722187036939e-01 9.990154259453721819e-01 9.986011418936914241e-01 9.989654314251701361e-01 9.993024637174046099e-01 9.991566841658811038e-01
9.990124972716322160e-01 9.994444004090881073e-01 9.994918154472698379e-01 9.933343047494344047e-01 9.991267128892908911e-01 9.993052147527697882e-01 9.964353173194251401e-01 9.984069929838190749e-01 9.973557932585137564e-01 9.991941561649539949e-01
9.994503171616678783e-01 9.986767171957935396e-01 9.988873319291817765e-01 9.993797042069305636e-01 9.979707940415839529e-01 9.989098933640099265e-01 9.996582830549852750e-01 9.994848602281853900e-01 9.980894307592399484e-01 9.990222799822189303e-01
9.957792182865239372e-01 9.987015577959026391e-01 9.994439426255753434e-01 9.988690114598471892e-01 9.991561419759699136e-01 9.991824716015588193e-01 9.991808356635347721e-01 9.975723182006637213e-01 9.990605847206831536e-01 9.976258530850874440e-01
9.989397197471782119e-01 9.984292180365609282e-01 9.967714048773904656e-01 9.989329006952395451e-01 9.993229806380431457e-01 9.991014937400600759e-01 9.990390427749883395e-01 9.953848665511995097e-01 9.993297931558151603e-01 9.992681547940818199e-01
9.974606477923741998e-01 9.936787268269672291e-01 9.989649394844642982e-01 9.980552830537605669e-01 9.995827741142667699e-01 9.984585432010745221e-01 9.993216715424815266e-01 9.990899227936064220e-01 9.994255523335112690e-01 9.995402776139391543e-01
9.987439494545511387e-01 9.997412796499778320e-01 9.989004963095753364e-01 9.994168874711858441e-01 9.993242753634589137e-01 9.982487596325929635e-01 9.983024848524773009e-01 9.992497630546215426e-01 9.970466779684645786e-01 9.990644791435422389e-01
9.991759389141129377e-01 9.989848847285295319e-01 9.971671992891254499e-01 9.981399447650108891e-01 9.974409281064300359e-01 9.994107550138560114e-01 9.996357058773945869e-01 9.995745638576932768e-01 9.996406172846631355e-01 9.978559181681435630e-01
9.992892953949111812e-01 9.987704621207903477e-01 9.992966978571946601e-01 9.992245246786942703e-01 9.977738808783244151e-01 9.993516519158183176e-01 9.992036201371060633e-01 9.993647413635596832e-01 9.992788965918451005e-01 9.991995389478625089e-01
9.986087030512059703e-01 9.960575264037158094e-01 9.901645852893607991e-01 9.906065010598793519e-01 9.993290850194814778e-01 9.974797968009152527e-01 9.976049347091385799e-01 9.989993779120510675e-01 9.987603621720574365e-01 9.980560025523244061e-01
9.980079691068503012e-01 9.991307825726086778e-01 9.982978365212142879e-01 9.988374239234547591e-01 9.987389108482749300e-01 9.990742941553381051e-01 9.991102771064500621e-01 9.988465646633538642e-01 9.963979324377678637e-01 9.993326912323459155e-01
9.960004123669637943e-01 9.987795878418090911e-01 9.991094606435578784e-01 9.987068798803627745e-01 9.993753322937259931e-01 9.989291016679827662e-01 9.985331041987792755e-01 9.978492278243251690e-01 9.970834196625307788e-01 9.953005815251674271e-01
9.973728296388443271e-01 9.992233543319921640e-01 9.990302070668030110e-01 9.982672541164827607e-01 9.986410559960992028e-01 9.994596633486965143e-01 9.992898183505617427e-01 9.986719896395553908e-01 9.995469285615361521e-01 9.959442274693361963e-01
9.900525220534422965e-01 9.975335782192675804e-01 9.941014204900351370e-01 9.991926235760555386e-01 9.968461868975579954e-01 9.968680004040476605e-01 9.990843865381978661e-01 9.994924893398243748e-01 9.991277540401323209e-01 9.992714570520089268e-01
9.990783806249304844e-01 9.991941905316235051e-01 9.990995388266296073e-01 9.991393160285186870e-01 9.988817246681361839e-01 9.983805559200120694e-01 9.994647692433756836e-01 9.986152657218030360e-01 9.964609668081791938e-01 9.992085444023209861e-01
9.995613635719622359e-01 9.993083937767843761e-01 9.995247222019458810e-01 9.995969542089457871e-01 9.983976573906923058e-01 9.970338261462600160e-01 9.993432519973399764e-01 9.985440826536818859e-01 9.996836525636859649e-01 9.987988181611510141e-01
9.919785961145619613e-01 9.934403155501766447e-01 9.990951118900298633e-01 9.992448370318361972e-01 9.992749714137302286e-01 9.991955505286592709e-01 9.991305968055728126e-01 9.969188201101367719e-01 9.989634315411333176e-01 9.991055790952453330e-01
9.990260620081148346e-01 9.993328320066893200e-01 9.979824891774438100e-01 9.993080640938493131e-01 9.993400651146954194e-01 9.981734642168645921e-01 9.989248062917553961e-01 9.993283058883751790e-01 9.990835934938441243e-01 9.983916385072560962e-01
9.989259123720505285e-01 9.995332005584015578e-01 9.978131028879578812e-01 9.982786894454055426e-01 9.991989121995833445e-01 9.995307031694129485e-01 9.951153461124248034e-01 9.985062830049886706e-01 9.990454762553637735e-01 9.920981918437549174e-01
9.990205316441016503e-01 9.985057262351183516e-01 9.996891153053716339e-01 9.994817679864301807e-01 9.970473950950374808e-01 9.902555822716180289e-01 9.921451522814619395e-01 9.955068427967039835e-01 9.957819791320079439e-01 9.992481603569327575e-01
