9.999361614378878826e-01 9.999410067954052073e-01 9.999593179448177382e-01 9.999346790133953888e-01 9.999506702967168037e-01 9.999474243765900106e-01 9.999483432755288392e-01 9.999506323106479577e-01 9.999316287234574219e-01 9.999545846187253284e-01
9.999516439587152750e-01 9.999527749309776725e-01 9.999429335462970414e-01 9.999348310350457680e-01 9.999408630385068220e-01 9.999670375869077477e-01 9.999538270162137144e-01 9.999608366901632239e-01 9.999585750977247889e-01 9.999260558021551004e-01
9.999507104079029540e-01 9.999508902163889434e-01 9.999410862817608159e-01 9.999545930336295463e-01 9.999474823415550606e-01 9.999557034082316997e-01 9.999450499759183764e-01 9.999431202840793897e-01 9.999602088610639594e-01 9.999426443899492867e-01
9.999335283251505890e-01 9.999509766454898196e-01 9.999452780843567368e-01 9.999293237292896652e-01 9.999521302978391368e-01 9.999274107044399118e-01 9.999503104285827337e-01 9.999503878866897733e-01 9.999536129465773637e-01 9.999667279445890733e-01
9.999480796229920365e-01 9.999288815414731912e-01 9.999461504445106286e-01 9.999353665215250375e-01 9.999581041159333328e-01 9.999536254690495340e-01 9.999573492129422148e-01 9.999537981030425238e-01 9.999480636395117195e-01 9.999343108200456909e-01
9.999308660700336748e-01 9.999437909853887696e-01 9.999579318484481671e-01 9.999485679707428298e-01 9.999469682700268258e-01 9.999517527731957012e-01 9.999528657094270967e-01 9.999350053162275875e-01 9.999423114111409827e-01 9.999558430511024110e-01
9.999454341987161765e-01 9.999474021968516313e-01 9.999305909152412797e-01 9.999523734258846108e-01 9.999506085741645123e-01 9.999524271125029840e-01 9.999535748740135954e-01 9.999367186485685899e-01 9.999429829428425620e-01 9.999395390078260615e-01
9.999256389248819543e-01 9.999605220614879997e-01 9.999286055974124787e-01 9.999505494793170524e-01 9.999386344934857451e-01 9.999386819998313802e-01 9.999489080053727275e-01 9.999590814834193875e-01 9.999372710935940933e-01 9.999506896490062413e-01
9.999255996045203210e-01 9.999538752931257379e-01 9.999502265049207139e-01 9.999368209084310566e-01 9.999255431539988415e-01 9.999347425204280215e-01 9.999602897155609460e-01 9.999380937307769113e-01 9.999510882459187178e-01 9.999577470799028145e-01
9.999603407116963716e-01 9.999624480901396772e-01 9.999344482094346676e-01 9.999501727348680813e-01 9.999454798072853201e-01 9.999549250232454556e-01 9.999337546645801211e-01 9.999471303341699313e-01 9.999543627405866886e-01 9.999554416357004927e-01
9.999439843183963728e-01 9.999460118878876758e-01 9.999469222153949399e-01 9.999560810146349565e-01 9.999468499620178807e-01 9.999554036208072594e-01 9.999526140110602812e-01 9.999489713657725432e-01 9.999371819545068707e-01 9.999515571994146423e-01
9.999326130013382885e-01 9.999331996719424964e-01 9.999392413133428859e-01 9.999459439505973268e-01 9.999495377019038678e-01 9.999637259651618093e-01 9.999274745166031320e-01 9.999451758659303469e-01 9.999436107245412986e-01 9.999412877336050220e-01
9.999312718330904959e-01 9.999489746904264287e-01 9.999523684856921335e-01 9.999254184804203804e-01 9.999541099363279395e-01 9.999490823909037429e-01 9.999390448878150428e-01 9.999423440026626864e-01 9.999451675439104958e-01 9.999381979492996120e-01
9.999340461085105547e-01 9.999502929778476545e-01 9.999382218263124233e-01 9.999388157785212838e-01 9.999389005874580461e-01 9.999507856622131818e-01 9.999471732911238142e-01 9.999526821785551522e-01 9.999317245863982295e-01 9.999423829024304267e-01
9.999562095138726514e-01 9.999283103215331758e-01 9.999465783945081787e-01 9.999508196145955319e-01 9.999571455241526019e-01 9.999386595993479121e-01 9.999611084386634818e-01 9.999355717035864899e-01 9.999358166982140750e-01 9.999674034508915232e-01
9.999540928360857173e-01 9.999492638255832455e-01 9.999503527848753182e-01 9.999535052548323977e-01 9.999464984696294634e-01 9.999586777923277214e-01 9.999607498324412092e-01 9.999630325286489319e-01 9.999468500700752216e-01 9.999469036403970668e-01
9.999604940297046607e-01 9.999571224165249017e-01 9.999422824401399401e-01 9.999501615826446033e-01 9.999379312750620308e-01 9.999440020194078071e-01 9.999556314498529996e-01 9.999384298842843855e-01 9.999464723745467021e-01 9.999474229256841706e-01
9.999215093660710485e-01 9.999427127976882046e-01 9.999445659665933128e-01 9.999414871342232614e-01 9.999557801767302578e-01 9.999434049727180529e-01 9.999494076841154433e-01 9.999489030555351876e-01 9.999484138724769045e-01 9.999440657442144609e-01
9.999432226093045717e-01 9.999317642205468593e-01 9.999467639715112766e-01 9.999578759810552331e-01 9.999415327939199516e-01 9.999473164366260436e-01 9.999301238647079204e-01 9.999672716082086410e-01 9.999418014587091452e-01 9.999558678619696606e-01
9.999513668145286749e-01 9.999554185537748996e-01 9.999544847214845156e-01 9.999436088372309905e-01 9.999434313289354836e-01 9.999277854341400706e-01 9.999532440599033789e-01 9.999440885191828166e-01 9.999515329780241935e-01 9.999463400248287392e-01
9.999533452278652756e-01 9.999355201137787308e-01 9.999549271142081919e-01 9.999521926433353469e-01 9.999386021767320276e-01 9.999470505140176657e-01 9.999538776996604872e-01 9.999163195981001229e-01 9.999371875027123213e-01 9.999355336915507486e-01
9.999655943044953865e-01 9.999497852630401251e-01 9.999416752323910806e-01 9.999339882445310579e-01 9.999541073589566231e-01 9.999565586616354640e-01 9.999568580910521698e-01 9.999381227185150101e-01 9.999507326802308249e-01 9.999400090934059682e-01
9.999367018529300433e-01 9.999482992157661121e-01 9.999345903676111202e-01 9.999319593996491840e-01 9.999548477611727160e-01 9.999538522174464816e-01 9.999580641622075605e-01 9.999466469105925404e-01 9.999531668898044012e-01 9.999520453491643757e-01
9.999529562984783571e-01 9.999400452035622777e-01 9.999297770326294188e-01 9.999410715970417085e-01 9.999496266487587492e-01 9.999478914513307837e-01 9.999422162930757807e-01 9.999525516027946148e-01 9.999422311365336880e-01 9.999562414799109122e-01
9.999475569231790484e-01 9.999499613370104179e-01 9.999411885659146293e-01 9.999641139915036447e-01 9.999300257730555641e-01 9.999184829884764092e-01 9.999396302988243779e-01 9.999398177627242257e-01 9.999562606063900905e-01 9.999508821874447673e-01
9.999281893036986446e-01 9.999509816823018982e-01 9.999505237685381021e-01 9.999250267448935858e-01 9.999376007965632418e-01 9.999609250926118076e-01 9.999631754238684778e-01 9.999573744022840494e-01 9.999569389254221452e-01 9.999417695771167791e-01
9.999542487617770758e-01 9.999443052511707286e-01 9.999372707858541487e-01 9.999440173803507692e-01 9.999352375169796581e-01 9.999285901305222657e-01 9.999457816246980491e-01 9.999602631819635157e-01 9.999457371784949977e-01 9.999574399762777288e-01
9.999567283079242586e-01 9.999492257509059456e-01 9.999462997519633634e-01 9.999607278774125252e-01 9.999513373120069160e-01 9.999340927488068465e-01 9.999515859214312963e-01 9.999560749437828022e-01 9.999446807676308779e-01 9.999529522060347508e-01
9.999288163169816057e-01 9.999458348059503399e-01 9.999566814650269198e-01 9.999468856259432492e-01 9.999394632381657377e-01 9.999697497918934586e-01 9.999316971014448052e-01 9.999520565673574168e-01 9.999222775418948883e-01 9.999396759945184954e-01
9.999569282045567276e-01 9.999641038562950834e-01 9.999554503229309832e-01 9.999489507365419971e-01 9.999330265512436089e-01 9.999535452819495740e-01 9.999525470303851638e-01 9.999579697685460067e-01 9.999534664467061296e-01 9.999398140999105067e-01
9.999552085476574037e-01 9.999493085476756082e-01 9.999278756231093634e-01 9.999429082854163209e-01 9.999512007738556862e-01 9.999566684122250804e-01 9.999445578636748655e-01 9.999478169015105777e-01 9.999392079564772828e-01 9.999553468359246855e-01
9.999340411494457292e-01 9.999575117108817635e-01 9.999418378161667453e-01 9.999445562173192581e-01 9.999499957618617207e-01 9.999554759721812625e-01 9.999343391023147731e-01 9.999612991107016402e-01 9.999435895712096567e-01 9.999504537116082892e-01
9.999412161053394810e-01 9.999427862409322465e-01 9.999479989093078558e-01 9.999507270123655367e-01 9.999453655792678308e-01 9.999523491910391471e-01 9.999484309094985868e-01 9.999510449854697169e-01 9.999434809871594609e-01 9.999201660093942623e-01
9.999690922228711143e-01 9.999407608089529997e-01 9.999510612623091488e-01 9.999415353815126473e-01 9.999409250605892918e-01 9.999526305542950633e-01 9.999483315355679469e-01 9.999261437090077864e-01 9.999416703836098153e-01 9.999539567083325364e-01
9.999451479119720876e-01 9.999512402141899070e-01 9.999140726629515141e-01 9.999571090837892084e-01 9.999354552179859912e-01 9.999616848359043075e-01 9.999338376898907477e-01 9.999549943124128593e-01 9.999522447139999048e-01 9.999272677400558029e-01
9.999542844297220068e-01 9.999593139962553723e-01 9.999479335204071173e-01 9.999492505590817926e-01 9.999556745015568682e-01 9.999520000006162368e-01 9.999557079450634989e-01 9.999530233045096361e-01 9.999252026663641990e-01 9.999324990331229790e-01
9.999363552577813508e-01 9.999500682487298953e-01 9.999344103241473158e-01 9.999390815116913078e-01 9.999482746960519641e-01 9.999436086700771442e-01 9.999574098717698423e-01 9.999480579794994828e-01 9.999377903743952301e-01 9.999469346661240543e-01
9.999333066181321783e-01 9.999662590177401666e-01 9.999338941353080878e-01 9.999615152586224243e-01 9.999445035056621078e-01 9.999538388128010880e-01 9.999453500924021521e-01 9.999432814515397672e-01 9.999625218147940586e-01 9.999565795169137461e-01
9.999578205339212378e-01 9.999355739198857451e-01 9.999426104895424716e-01 9.999284492632255494e-01 9.999367368780022192e-01 9.999291086217336755e-01 9.999381497370064542e-01 9.999316096408358279e-01 9.999328931410395027e-01 9.999554035991723433e-01
9.999591486380416949e-01 9.999620738378913742e-01 9.999448057381644661e-01 9.999433472393917111e-01 9.998954475972772205e-01 9.999288187072239431e-01 9.999424736172414230e-01 9.999413272656419993e-01 9.999504524582670806e-01 9.999528032708412395e-01
9.999429161143434941e-01 9.999554725447843406e-01 9.999560026945444324e-01 9.999448146449717578e-01 9.999416569401694543e-01 9.999464462517957397e-01 9.999438829014778429e-01 9.999465393708967254e-01 9.999448892080838869e-01 9.999505713723174649e-01
9.999522877236991514e-01 9.999361442057190796e-01 9.999587359643130613e-01 9.999482146538221095e-01 9.999397346145215693e-01 9.999404139530091440e-01 9.999641175190476794e-01 9.999486139585637146e-01 9.999556039590259404e-01 9.999578253458498711e-01
9.999518136852886263e-01 9.999523845208069250e-01 9.999289433775239155e-01 9.999658588600952580e-01 9.999348130496736875e-01 9.999458467687430963e-01 9.999449997420388758e-01 9.999354827349300479e-01 9.999419302263492515e-01 9.999270693672780430e-01
9.999492084808967451e-01 9.999281495550713661e-01 9.999336619781361568e-01 9.999547288685400881e-01 9.999535441516759215e-01 9.999425400586764434e-01 9.999456385199100295e-01 9.999231882669592508e-01 9.999543527417207311e-01 9.999684755548331472e-01
9.999509765718769261e-01 9.999460092869744132e-01 9.999388005420717374e-01 9.999245732960783117e-01 9.999483663545685186e-01 9.999431025142250240e-01 9.999471461746355372e-01 9.999452234709099718e-01 9.999486941540856044e-01 9.999319860444543240e-01
9.999499851444832998e-01 9.999671441318398468e-01 9.999406197518229122e-01 9.999498358558678301e-01 9.999520860846793369e-01 9.999488302431277509e-01 9.999406482681775232e-01 9.999455606334000102e-01 9.999481934950492645e-01 9.999439967677744567e-01
9.999378202594577658e-01 9.999477847728145408e-01 9.999269052924403267e-01 9.999684096740621975e-01 9.999418731318837628e-01 9.999472917366146740e-01 9.999504549141068344e-01 9.999467225308759089e-01 9.999369289572843655e-01 9.999482582464541691e-01
9.999345257292993061e-01 9.999441126689030401e-01 9.999462481431077299e-01 9.999353663575999418e-01 9.999358957988954133e-01 9.999540709909837677e-01 9.999303157046279811e-01 9.999466429852104099e-01 9.999431463484333982e-01 9.999510717165415175e-01
9.999594916322591676e-01 9.999582810624801921e-01 9.999302665600430240e-01 9.999331856657402984e-01 9.999575067330809253e-01 9.999430260362138778e-01 9.999508540370993792e-01 9.999500301304121708e-01 9.999287994757265485e-01 9.999477612019790351e-01
9.999491887514238009e-01 9.999459112080459899e-01 9.999325364235286395e-01 9.999254429136715805e-01 9.999520837873856483e-01 9.999536604914609494e-01 9.999640484961507259e-01 9.999442447124894384e-01 9.999431429319344256e-01 9.999522324247723803e-01
9.999574969450460982e-01 9.999142409807697529e-01 9.999363858968395302e-01 9.999517952793415265e-01 9.999426116835284928e-01 9.999563775729456427e-01 9.999600438927523927e-01 9.999410123572248787e-01 9.999486708961321524e-01 9.999428213356866824e-01
9.999204380845202467e-01 9.999535121981953933e-01 9.999584364269207271e-01 9.999455891076568514e-01 9.999549256351495385e-01 9.999271180136597437e-01 9.999350432477335238e-01 9.999398293533654503e-01 9.999557168526264084e-01 9.999244654568139046e-01
9.999503113113380470e-01 9.999493656772965311e-01 9.999463778564122718e-01 9.999496246529181454e-01 9.999490965476897086e-01 9.999463471754872490e-01 9.999567542291245559e-01 9.999473877525016929e-01 9.999554870945407403e-01 9.999510716671307087e-01
9.999136688452761046e-01 9.999583257996131902e-01 9.999502694213039389e-01 9.999373065114839365e-01 9.999518430558410609e-01 9.999200126068660266e-01 9.999356593488079037e-01 9.999252487980553328e-01 9.999640072756852405e-01 9.999517282531584783e-01
9.999310646434976801e-01 9.999171508823087029e-01 9.999338424803859704e-01 9.999520956493395119e-01 9.999481161483982916e-01 9.999343990717851627e-01 9.999542423255626256e-01 9.999307883290586840e-01 9.999505060252582567e-01 9.999425910862064226e-01
9.999521220279946609e-01 9.999474016984616354e-01 9.999618068795887993e-01 9.999381537738786241e-01 9.999276539782894213e-01 9.999386170587728495e-01 9.999557037505582002e-01 9.999491379981655381e-01 9.999373345106500333e-01 9.999543823116107122e-01
9.999371528009979304e-01 9.999579254432033881e-01 9.999590266449983611e-01 9.999460234282867566e-01 9.999598998760681479e-01 9.999703467317462291e-01 9.999413229107871892e-01 9.999453589469629033e-01 9.999255609049026994e-01 9.999473080198456598e-01
9.999634584296662743e-01 9.999562079301494988e-01 9.999457337542357882e-01 9.999376278469159773e-01 9.999488376022991343e-01 9.999391878994845495e-01 9.999534347805490997e-01 9.999349649590263400e-01 9.999569733291968632e-01 9.999295103432913612e-01
9.999475526138306147e-01 9.999451719320550103e-01 9.999591955715172453e-01 9.999543480696995168e-01 9.999351270883972687e-01 9.999547519071526613e-01 9.999705133417953196e-01 9.999474682246138890e-01 9.999492893288791651e-01 9.999387790674389986e-01
9.999529938774273097e-01 9.999579764135687610e-01 9.999357486239496273e-01 9.999233035239997180e-01 9.999538814191917258e-01 9.999323643944617590e-01 9.999705665607472316e-01 9.999512405766827206e-01 9.999624587411436449e-01 9.999379237216869942e-01
9.999380582709292975e-01 9.999383765528063739e-01 9.999263766548955878e-01 9.999425134054431563e-01 9.999409447536631301e-01 9.999700842339608320e-01 9.999489103616936436e-01 9.999622363411327930e-01 9.999458549999755697e-01 9.999397482124740000e-01
9.999361203232560724e-01 9.999235860469074533e-01 9.999451643960013403e-01 9.999515637440778981e-01 9.999390499584533964e-01 9.999409306009476861e-01 9.999466277642592438e-01 9.999596988278249832e-01 9.999414529583978695e-01 9.999501154470545883e-01
9.999528539086582901e-01 9.999508180155802783e-01 9.999527023502574608e-01 9.999258533888528699e-01 9.999342792713267203e-01 9.999632607925528216e-01 9.999479080854427604e-01 9.999533635892344785e-01 9.999483878887900357e-01 9.999397057537288136e-01
9.999570439973869407e-01 9.999571067087726917e-01 9.999496447472268068e-01 9.999566221840482383e-01 9.999097035336153017e-01 9.999480074940276797e-01 9.999580000848473649e-01 9.999483195054899021e-01 9.999530477485115698e-01 9.999375043277896058e-01
9.999421999256488114e-01 9.999189818262803620e-01 9.999608437704976538e-01 9.999389448223418020e-01 9.999625641623774985e-01 9.999495773067625937e-01 9.999451985627144657e-01 9.999378504117379940e-01 9.999395937452211225e-01 9.999459932955672148e-01
9.999510133245930188e-01 9.999601704515517220e-01 9.999042745900127427e-01 9.999629691393969733e-01 9.999428998545905056e-01 9.999373414660450710e-01 9.999312898339005606e-01 9.999533428016045278e-01 9.999675522970079555e-01 9.999425025132919753e-01
9.999352306066171536e-01 9.999620300156029096e-01 9.999355174034102456e-01 9.999505938323567378e-01 9.999364983771059645e-01 9.999540562382556175e-01 9.999330825092396235e-01 9.999430297452600591e-01 9.999501497811340567e-01 9.999512242864815326e-01
9.999610899568720512e-01 9.999428039644462363e-01 9.999653656679472480e-01 9.999563514422963317e-01 9.999554915226439578e-01 9.999444128436638657e-01 9.999244559148123823e-01 9.999542899248784478e-01 9.999401340865713417e-01 9.999499859553525605e-01
9.999522618944137742e-01 9.999165418719400122e-01 9.999378273302039766e-01 9.999526517413965809e-01 9.999448310059767531e-01 9.999439369203435568e-01 9.999387447464764822e-01 9.999115626017562874e-01 9.999416466608029852e-01 9.999474250961899457e-01
9.999593890953435427e-01 9.999496898958152302e-01 9.999501589875708918e-01 9.999474490582734854e-01 9.999467089698940159e-01 9.999588211419785377e-01 9.999354865097167533e-01 9.999368939752855123e-01 9.999345538238667563e-01 9.999476319038781424e-01
9.999413783248346510e-01 9.999506735332512886e-01 9.999509530657881839e-01 9.999419229395033470e-01 9.999640613734109840e-01 9.999572849945390640e-01 9.999401122098613426e-01 9.999364872677301008e-01 9.999453972031576710e-01 9.999409336318745289e-01
9.999223592756866230e-01 9.999501210250059113e-01 9.999486600691893656e-01 9.999434859728050240e-01 9.999571212109811258e-01 9.999404022532903946e-01 9.999415813162737532e-01 9.999481955686548851e-01 9.999414877951983138e-01 9.999411643331723720e-01
9.999392645134830282e-01 9.999339759106506964e-01 9.999579956686330817e-01 9.999493769758684980e-01 9.999527471506567400e-01 9.999198244508912259e-01 9.999443146124207260e-01 9.999314181109810740e-01 9.999410138628505029e-01 9.999419961447103544e-01
9.999399581654705438e-01 9.999581460605482253e-01 9.999379849554768107e-01 9.999267821138796419e-01 9.999605972666907316e-01 9.999223884362491432e-01 9.999332809089815921e-01 9.999523064578087483e-01 9.999598141943721874e-01 9.999515372210422415e-01
9.999217768264083706e-01 9.999527768900302593e-01 9.999633881453081630e-01 9.999502731208235184e-01 9.999374896570791815e-01 9.999532122450832672e-01 9.999154494322823883e-01 9.999520825111897215e-01 9.999533203338984988e-01 9.999354587295000707e-01
9.999533861697421644e-01 9.999508526929444807e-01 9.999408514717049723e-01 9.999369374763429352e-01 9.999339424623299166e-01 9.999474423534404632e-01 9.999509989262974630e-01 9.999552166131118192e-01 9.999463849211759348e-01 9.999557239114983398e-01
9.999453016909390923e-01 9.999437752792402767e-01 9.999508412326882922e-01 9.999584070484787146e-01 9.999442634715993705e-01 9.999180709022087443e-01 9.999473770081045432e-01 9.999546552999364346e-01 9.999482796234322457e-01 9.999558061843853984e-01
9.999346206553652028e-01 9.999389609375000099e-01 9.999476817275595453e-01 9.999406548391684968e-01 9.999495442215078356e-01 9.999697854093282379e-01 9.999557303927860685e-01 9.999477778416520080e-01 9.999485087630953783e-01 9.999411197253428307e-01
9.999530100276818878e-01 9.999447063122869350e-01 9.999256535957530279e-01 9.999411969676997858e-01 9.999484272340047886e-01 9.999458994876230244e-01 9.999552493325064573e-01 9.999509003793322082e-01 9.999233279363162197e-01 9.999558379334300140e-01
9.999485440519338963e-01 9.999649599707423064e-01 9.999624303355475474e-01 9.999538850539378965e-01 9.999513755207907195e-01 9.999435347625889037e-01 9.999383766671962048e-01 9.999461127773128233e-01 9.999612237362042189e-01 9.999684584624519701e-01
9.999428583038804108e-01 9.999509188364092971e-01 9.999483439424859954e-01 9.999541223126275913e-01 9.999399092688624480e-01 9.999496576321018626e-01 9.999544496717853725e-01 9.999406873342863156e-01 9.999345906448217081e-01 9.999422982042498464e-01
9.999497868229967334e-01 9.999387035569465842e-01 9.999562100878995885e-01 9.999455988973733334e-01 9.999517033152164336e-01 9.999284677633686336e-01 9.999523879516108993e-01 9.999394061988577942e-01 9.999493496220952515e-01 9.999469988149596311e-01
9.999424058161572315e-01 9.999601242619567953e-01 9.999494030159318259e-01 9.999547311128541560e-01 9.999537626857575301e-01 9.999572486856707076e-01 9.999286627590759924e-01 9.999423410555712266e-01 9.999300473024085312e-01 9.999464586030716307e-01
9.999470823160729882e-01 9.999444913029381654e-01 9.999547212387720485e-01 9.999516735624857100e-01 9.999362976139783976e-01 9.999558607402729837e-01 9.999511930333124798e-01 9.999273281925455947e-01 9.999498536417253947e-01 9.999584865587965998e-01
9.999291746502054767e-01 9.999447064686355358e-01 9.999605632459143134e-01 9.999453772746722535e-01 9.999526745158960894e-01 9.999616215952369380e-01 9.999471400668885623e-01 9.999484356986085842e-01 9.999511450971415583e-01 9.999511954456943297e-01
9.999482760787798963e-01 9.999683409889875696e-01 9.999722859703332745e-01 9.999503827557119084e-01 9.999350185529790602e-01 9.999560796982999156e-01 9.999432880414125258e-01 9.999582176485036777e-01 9.999437878748538289e-01 9.999376363276996083e-01
9.999292254951076542e-01 9.999362681475861825e-01 9.999500838613925024e-01 9.999466552578312184e-01 9.999253439856944370e-01 9.999382848238473898e-01 9.999589948548651686e-01 9.999318345117872431e-01 9.999271685824212552e-01 9.999521668510344963e-01
9.999499212881360899e-01 9.999649073788472453e-01 9.999448878397662055e-01 9.999629709767147157e-01 9.999725871958401457e-01 9.999694483261923894e-01 9.999432562448680173e-01 9.999486010781604151e-01 9.999308834696084558e-01 9.999415368152720918e-01
9.999502729174456483e-01 9.999294875223342371e-01 9.999647080095375173e-01 9.999500008607391521e-01 9.999459610619506611e-01 9.999570556893756512e-01 9.999418151860968162e-01 9.999639488895939454e-01 9.999396354297934719e-01 9.999474403030178538e-01
9.999445040357928249e-01 9.999405630845733528e-01 9.999532127598604880e-01 9.999428115101663961e-01 9.999335697139708490e-01 9.999319251514691143e-01 9.999425471174143709e-01 9.999256665840997593e-01 9.999259837180981547e-01 9.999526361351690484e-01
9.999557603817907925e-01 9.999585798125170122e-01 9.999620661091636054e-01 9.999561657474097531e-01 9.999580532213626638e-01 9.999598188041587399e-01 9.999529201640329212e-01 9.999623624193013649e-01 9.999326480487744639e-01 9.999613619865159730e-01
9.999440740048949339e-01 9.999481257842939286e-01 9.999501975017633937e-01 9.999399646909065131e-01 9.999312157481136110e-01 9.999424151385871706e-01 9.999333080396309859e-01 9.999483206640475963e-01 9.999505889968882677e-01 9.999574997414711897e-01
9.999458348231088367e-01 9.999438375442272209e-01 9.999555624619311800e-01 9.999417233348854017e-01 9.999475252241437628e-01 9.999608116959085580e-01 9.999558136347288517e-01 9.999232404873695801e-01 9.999501588856216650e-01 9.999382645845978912e-01
9.999377044660368030e-01 9.999448557788109815e-01 9.999493954776662585e-01 9.999463571045582588e-01 9.999328956044247763e-01 9.999534389293051051e-01 9.999308927285942561e-01 9.999677483094142616e-01 9.999390062763788833e-01 9.999263098100438230e-01
9.999414558624214466e-01 9.999418887149194024e-01 9.999460522290110065e-01 9.999460101865629280e-01 9.999597835136321278e-01 9.999446568007233083e-01 9.999301469519114027e-01 9.999461219778156273e-01 9.999308767115339114e-01 9.999506661303146915e-01
9.999560520699801724e-01 9.999339255142506433e-01 9.999478515310706861e-01 9.999502763212422263e-01 9.999344818928607159e-01 9.999413710621567475e-01 9.999367238326847263e-01 9.999452025741918382e-01 9.999648031240879753e-01 9.999519583124510946e-01
9.999606949141589540e-01 9.999543568970341578e-01 9.999184873385685846e-01 9.999518033822673013e-01 9.999425871485694284e-01 9.999631677929843310e-01 9.999248641310451990e-01 9.999422663835996206e-01 9.999527642151073703e-01 9.999528536603683460e-01
9.999529841338437031e-01 9.999411509160880396e-01 9.999398899382414552e-01 9.999101507383488796e-01 9.999524203684351242e-01 9.999392022154389714e-01 9.999515041607363042e-01 9.999576372515771583e-01 9.999185811204042151e-01 9.999622318682878097e-01
9.999508949321200824e-01 9.999563289701107749e-01 9.999268149879659839e-01 9.999225935085062078e-01 9.999466973991855134e-01 9.999309480740248279e-01 9.999421186056225430e-01 9.999594543919768652e-01 9.999561105108465409e-01 9.999236403654598870e-01
9.999330410327151863e-01 9.999499607605066842e-01 9.999465294658668180e-01 9.999432699614142495e-01 9.999299629378771703e-01 9.999640426000626636e-01 9.999449225892466098e-01 9.999404490977361615e-01 9.999504742155903569e-01 9.999265833253833113e-01
