9.999950726294288827e-01 9.999917607108912421e-01 9.999805549998581622e-01 9.999877914224991615e-01 9.999924968255288205e-01 9.999919635924678918e-01 9.999897475053811657e-01 9.999907754713081021e-01 9.999954935848159865e-01 9.999905172303281686e-01
9.999899186813532292e-01 9.999922235089871991e-01 9.999940509428926205e-01 9.999817074913347481e-01 9.999821233135041121e-01 9.999904661223566471e-01 9.999865002085047694e-01 9.999920217701567804e-01 9.999880983067759299e-01 9.999885317243549787e-01
9.999922229859863343e-01 9.999844033223487250e-01 9.999871386708377718e-01 9.999867169774895315e-01 9.999882541138912506e-01 9.999866954099331240e-01 9.999914003012229102e-01 9.999849213843519102e-01 9.999893530247542239e-01 9.999848438713815346e-01
9.999868567794789609e-01 9.999901681720672064e-01 9.999883177622624908e-01 9.999844908311120717e-01 9.999919134179280356e-01 9.999902351513699772e-01 9.999954932683918774e-01 9.999946498818906848e-01 9.999899384215910070e-01 9.999928047279524890e-01
9.999933298292980055e-01 9.999840303356372084e-01 9.999874205177968767e-01 9.999897318776727051e-01 9.999914139795843537e-01 9.999954959223493756e-01 9.999908299453819094e-01 9.999882678816963688e-01 9.999922711316507895e-01 9.999930272298638290e-01
9.999952910029962228e-01 9.999906036017371935e-01 9.999934911286744166e-01 9.999858016438952779e-01 9.999763686322117318e-01 9.999899557807058192e-01 9.999910193288805704e-01 9.999929616569077639e-01 9.999877304470394801e-01 9.999879978790036095e-01
9.999904070086107488e-01 9.999872763505744944e-01 9.999935386363850709e-01 9.999902565900656848e-01 9.999903069585492910e-01 9.999917910775305563e-01 9.999942612822267929e-01 9.999933380929416638e-01 9.999870125961503042e-01 9.999818701775133878e-01
9.999875936995247239e-01 9.999881154529937088e-01 9.999932239959925528e-01 9.999908151873195816e-01 9.999859787544820300e-01 9.999932582255866009e-01 9.999870274862575625e-01 9.999888522452831108e-01 9.999905152489949600e-01 9.999854848503821891e-01
9.999932849395883894e-01 9.999833301886901227e-01 9.999927822742852301e-01 9.999909026039075499e-01 9.999950623040986253e-01 9.999943514672187117e-01 9.999916972465718867e-01 9.999948608974956743e-01 9.999916915035461651e-01 9.999899515570729314e-01
9.999798498799655766e-01 9.999940377187507279e-01 9.999884092490166632e-01 9.999820976679447693e-01 9.999922782715890968e-01 9.999930621464945268e-01 9.999872352994735314e-01 9.999903265725940127e-01 9.999841133831257611e-01 9.999834276387092880e-01
9.999919972861535111e-01 9.999924550353964658e-01 9.999942257542315804e-01 9.999879197630769934e-01 9.999861399218523683e-01 9.999906915088400128e-01 9.999920977169570735e-01 9.999866249030093801e-01 9.999851886282793423e-01 9.999953784988310224e-01
9.999843805399684094e-01 9.999890466676837342e-01 9.999957326521484724e-01 9.999945436400685672e-01 9.999948668186859901e-01 9.999888752980121698e-01 9.999930612614631453e-01 9.999905535531704581e-01 9.999944571174336216e-01 9.999893430258787186e-01
9.999886686242324130e-01 9.999906242400894429e-01 9.999948632149414651e-01 9.999934628597927366e-01 9.999935359562924786e-01 9.999847166043938085e-01 9.999888918072983301e-01 9.999942749422587873e-01 9.999949017600554546e-01 9.999881230822796896e-01
9.999893595427237214e-01 9.999930115860511393e-01 9.999788186087974484e-01 9.999865587846180626e-01 9.999866685070406547e-01 9.999882603534769876e-01 9.999903102107013941e-01 9.999875756819367467e-01 9.999923852977412597e-01 9.999864936446467567e-01
9.999890358070826490e-01 9.999887168823592409e-01 9.999876642143834538e-01 9.999921598152824442e-01 9.999848332621278368e-01 9.999920181361033888e-01 9.999897599223009914e-01 9.999896051789035623e-01 9.999885764802165511e-01 9.999833081446013461e-01
9.999903302882053868e-01 9.999963261250534030e-01 9.999927930479545202e-01 9.999930522624761453e-01 9.999906915759393389e-01 9.999896477135203909e-01 9.999939886499074060e-01 9.999813524426665046e-01 9.999899067296741384e-01 9.999824612672996160e-01
9.999892553831779551e-01 9.999908482874375615e-01 9.999925834587620743e-01 9.999938701615814773e-01 9.999857578540650715e-01 9.999883110997831448e-01 9.999813787990984304e-01 9.999930136381641743e-01 9.999867951066306881e-01 9.999885457311019632e-01
9.999919957633625067e-01 9.999870209700449930e-01 9.999904588740383682e-01 9.999957718881501423e-01 9.999943598663039168e-01 9.999898970542410170e-01 9.999886024768327442e-01 9.999867048082293763e-01 9.999915827605264651e-01 9.999937154879970924e-01
9.999928908675268513e-01 9.999939974165893419e-01 9.999797247609983897e-01 9.999743082896651591e-01 9.999898966332199102e-01 9.999910313428970188e-01 9.999924236241585218e-01 9.999907850412077526e-01 9.999870556392789211e-01 9.999808475707888666e-01
9.999778224680646588e-01 9.999906170003703965e-01 9.999862965183143881e-01 9.999877093442702813e-01 9.999800781881640344e-01 9.999888573076520792e-01 9.999888909427768757e-01 9.999799726820243206e-01 9.999906458925353903e-01 9.999954736649683262e-01
9.999936940553252329e-01 9.999815167256241866e-01 9.999929050472826653e-01 9.999909316153156036e-01 9.999838967200871398e-01 9.999928422243583581e-01 9.999905774762497535e-01 9.999844830249257077e-01 9.999816695580027170e-01 9.999906043584795290e-01
9.999795881000537179e-01 9.999950846232872337e-01 9.999926186992252886e-01 9.999659094168187323e-01 9.999902890579767112e-01 9.999913014863287541e-01 9.999945932428869755e-01 9.999901836788921416e-01 9.999890049991728702e-01 9.999833560095543472e-01
9.999952132243647984e-01 9.999906397280740045e-01 9.999830217497682749e-01 9.999869227885281875e-01 9.999964694814165167e-01 9.999887526650428349e-01 9.999946160032278097e-01 9.999869677641182175e-01 9.999859924340152029e-01 9.999858385870974420e-01
9.999862368210119534e-01 9.999941548501346533e-01 9.999917512904374917e-01 9.999929026629144069e-01 9.999949285811394750e-01 9.999923743074071725e-01 9.999938371384042846e-01 9.999912734798559466e-01 9.999900145826957631e-01 9.999857698476297685e-01
9.999923904271392772e-01 9.999934077386832820e-01 9.999881454478039000e-01 9.999949177751394913e-01 9.999837409780530928e-01 9.999953163725534555e-01 9.999939489874153375e-01 9.999834334279106285e-01 9.999880895748294307e-01 9.999863182036735632e-01
9.999920011912269979e-01 9.999844414370496759e-01 9.999924402785310695e-01 9.999823832909450205e-01 9.999805779177006748e-01 9.999914681066857103e-01 9.999945174098961997e-01 9.999906112668058844e-01 9.999850116477089212e-01 9.999936050242249630e-01
9.999900872441905841e-01 9.999893251074877254e-01 9.999858817174126502e-01 9.999951131368094437e-01 9.999891016589603776e-01 9.999852862257337938e-01 9.999965911401490493e-01 9.999909140818548092e-01 9.999948095802569936e-01 9.999832809125370758e-01
9.999854983481812898e-01 9.999922274949362144e-01 9.999921123456159133e-01 9.999949702421767617e-01 9.999887773175962780e-01 9.999927096647599489e-01 9.999755963778413914e-01 9.999824777468856452e-01 9.999955420031587661e-01 9.999928272860646450e-01
9.999917123577997113e-01 9.999856527453292454e-01 9.999883478830603467e-01 9.999832846310050538e-01 9.999934694759360365e-01 9.999941403864580636e-01 9.999904251452481629e-01 9.999957957791261176e-01 9.999920042953841515e-01 9.999868045680483375e-01
9.999901214853549325e-01 9.999853942190112255e-01 9.999844699594813147e-01 9.999824814305038334e-01 9.999894686228294471e-01 9.999928523405420266e-01 9.999862282637680400e-01 9.999929509259465332e-01 9.999892562293959397e-01 9.999824527884386693e-01
9.999904349517556579e-01 9.999923944408705134e-01 9.999850754353918347e-01 9.999851468318869951e-01 9.999920110215206881e-01 9.999861123505939808e-01 9.999945645155134955e-01 9.999946618438176893e-01 9.999881815032456434e-01 9.999853788248784792e-01
9.999929342354518802e-01 9.999891183475004830e-01 9.999841491792282877e-01 9.999830547822246007e-01 9.999925704317098596e-01 9.999893158207568966e-01 9.999887170949021131e-01 9.999917006498876271e-01 9.999844359166893959e-01 9.999928705911416138e-01
9.999929889031243802e-01 9.999845242816060020e-01 9.999949943486641235e-01 9.999908798407156629e-01 9.999892137460374419e-01 9.999926162421051146e-01 9.999867521374278256e-01 9.999826920624730331e-01 9.999760645959978600e-01 9.999872961195458432e-01
9.999772073457139365e-01 9.999814217865694577e-01 9.999942251326179310e-01 9.999919851717743446e-01 9.999831913773997716e-01 9.999972419752761743e-01 9.999928687300598806e-01 9.999905638840913547e-01 9.999950982508940545e-01 9.999938883896469788e-01
9.999916780675277561e-01 9.999928597784838447e-01 9.999897356700381268e-01 9.999923747888744829e-01 9.999877914448302985e-01 9.999913848536193806e-01 9.999925920577166227e-01 9.999896750733330286e-01 9.999869725426291378e-01 9.999916848152602400e-01
9.999867298251957637e-01 9.999927543539993691e-01 9.999818838491858486e-01 9.999940858101851182e-01 9.999953898638418437e-01 9.999923739020152302e-01 9.999925249525308812e-01 9.999915937778233177e-01 9.999906494130887946e-01 9.999915226217197528e-01
9.999929690464982590e-01 9.999893565646426064e-01 9.999918570893208125e-01 9.999958325573747864e-01 9.999912275092133207e-01 9.999909004166757098e-01 9.999926900614606318e-01 9.999905620295793662e-01 9.999873413240082387e-01 9.999893338552615640e-01
9.999908423885855990e-01 9.999909087040297351e-01 9.999887665994812158e-01 9.999862036502201734e-01 9.999863919608535934e-01 9.999891296483491843e-01 9.999908176867281506e-01 9.999932212558912958e-01 9.999955124051169708e-01 9.999812203084003093e-01
9.999962097618698698e-01 9.999918572753845325e-01 9.999840871340754944e-01 9.999945424067383515e-01 9.999914563771480358e-01 9.999932829893438679e-01 9.999901704048448359e-01 9.999867646134857901e-01 9.999819730089770653e-01 9.999859006334540501e-01
9.999929428225531325e-01 9.999920790736193110e-01 9.999858623275602598e-01 9.999860012077401716e-01 9.999858632418839877e-01 9.999894283066879108e-01 9.999934570046467019e-01 9.999944614803636389e-01 9.999859245187319168e-01 9.999943997232225712e-01
9.999816124163094511e-01 9.999836078409045648e-01 9.999846709297534053e-01 9.999880929782936079e-01 9.999922436231154510e-01 9.999911920291242318e-01 9.999940944265199860e-01 9.999898930658234208e-01 9.999905319185870001e-01 9.999870168273143900e-01
9.999882265781887547e-01 9.999901760623279845e-01 9.999925283445215696e-01 9.999897428080578576e-01 9.999832108330937164e-01 9.999858396892652435e-01 9.999888870970133903e-01 9.999836062233135037e-01 9.999793341050010609e-01 9.999952893934213050e-01
9.999938138405010113e-01 9.999885870628677509e-01 9.999846953831208474e-01 9.999867754157055755e-01 9.999897149740718527e-01 9.999888065656588054e-01 9.999786420823509880e-01 9.999900028917240169e-01 9.999924147146156406e-01 9.999923260715203321e-01
9.999833000192028809e-01 9.999940655463648298e-01 9.999901978432558236e-01 9.999936281103019020e-01 9.999829811940095237e-01 9.999845674103711168e-01 9.999876320612700598e-01 9.999935970900235560e-01 9.999953887393688845e-01 9.999869652036387224e-01
9.999903747815878097e-01 9.999888451204239637e-01 9.999915201339671933e-01 9.999876911864321594e-01 9.999851188149979642e-01 9.999916102792915096e-01 9.999864797833400987e-01 9.999913622215124143e-01 9.999857990381419981e-01 9.999941389715661932e-01
9.999913874516337398e-01 9.999876814788093427e-01 9.999851311049082758e-01 9.999857403867814520e-01 9.999877316518812620e-01 9.999941024762533104e-01 9.999928266799604781e-01 9.999930261749808702e-01 9.999758604505522008e-01 9.999852417065733245e-01
9.999921034242607032e-01 9.999915572161377497e-01 9.999866482521780897e-01 9.999909612035146056e-01 9.999892796027696207e-01 9.999917009030735437e-01 9.999905758007827661e-01 9.999900788144879815e-01 9.999910333865662526e-01 9.999911965712597883e-01
9.999970273390320630e-01 9.999904410913940112e-01 9.999902806538366606e-01 9.999871071543097178e-01 9.999860104941291628e-01 9.999894591862394932e-01 9.999914583028767234e-01 9.999879486180465182e-01 9.999722220375731885e-01 9.999926073555815975e-01
9.999930802688438147e-01 9.999909882155119112e-01 9.999809859004860080e-01 9.999873658280296063e-01 9.999903210029401635e-01 9.999917241563892611e-01 9.999953147422889765e-01 9.999928289368132939e-01 9.999923225190119336e-01 9.999892441978894819e-01
9.999852568508338369e-01 9.999910937229159469e-01 9.999899963500400446e-01 9.999874972715683263e-01 9.999913344384118163e-01 9.999904388929828913e-01 9.999858388493368944e-01 9.999969611477476095e-01 9.999898000635767392e-01 9.999913389832769672e-01
9.999983805867503905e-01 9.999918642959063630e-01 9.999914862157331941e-01 9.999924066309100468e-01 9.999800100905309463e-01 9.999912006830570244e-01 9.999838686966306955e-01 9.999874419551108007e-01 9.999885486645231358e-01 9.999827362900608474e-01
9.999889933497966288e-01 9.999883644247232750e-01 9.999893856048845953e-01 9.999909493469677502e-01 9.999871885896044477e-01 9.999926412806784404e-01 9.999867258615868781e-01 9.999903573152186809e-01 9.999913986794871645e-01 9.999894111582042777e-01
9.999890028941160747e-01 9.999924152940566913e-01 9.999911879294604011e-01 9.999805838330267926e-01 9.999872352309461254e-01 9.999815801561788842e-01 9.999925259195006078e-01 9.999782446608548314e-01 9.999843903627290143e-01 9.999895781383317805e-01
9.999913524739023618e-01 9.999843436944987340e-01 9.999906391233946978e-01 9.999957117468346590e-01 9.999836866254807610e-01 9.999925923512249515e-01 9.999862760367775882e-01 9.999953773704521875e-01 9.999896412482562891e-01 9.999936733213800055e-01
9.999887260586602933e-01 9.999863207683136190e-01 9.999835487508941245e-01 9.999957450972004613e-01 9.999946490338804672e-01 9.999897053153337101e-01 9.999927144826160630e-01 9.999880416841124831e-01 9.999926657509438099e-01 9.999828921169939822e-01
9.999922293192653466e-01 9.999861528138306310e-01 9.999900844291437219e-01 9.999809991068022708e-01 9.999918542166117419e-01 9.999885602169751309e-01 9.999917056950240468e-01 9.999931876687757626e-01 9.999870457564201676e-01 9.999925113074000782e-01
9.999940111645024832e-01 9.999903581034812472e-01 9.999898668657855039e-01 9.999863972701646953e-01 9.999915017930686156e-01 9.999833414745156190e-01 9.999858528375599187e-01 9.999808778005452314e-01 9.999870113685677131e-01 9.999885537448282014e-01
9.999765328278032994e-01 9.999881441254278025e-01 9.999911113169269727e-01 9.999833795476319453e-01 9.999905492219313130e-01 9.999905696701627544e-01 9.999862572845795716e-01 9.999931311585701366e-01 9.999801754410400090e-01 9.999895079218330540e-01
9.999944026142232323e-01 9.999945835240784398e-01 9.999912987687580301e-01 9.999875183506832244e-01 9.999869495364933636e-01 9.999928466802286975e-01 9.999836424976369376e-01 9.999916689081849164e-01 9.999809904154248752e-01 9.999850440755417846e-01
9.999919185021569623e-01 9.999886719130998136e-01 9.999916318634852752e-01 9.999959562147970882e-01 9.999899373587212148e-01 9.999824739227795023e-01 9.999949398312091287e-01 9.999919138106669880e-01 9.999861037322121948e-01 9.999862265680494744e-01
9.999823045392201015e-01 9.999962194182522301e-01 9.999899167557251278e-01 9.999967698660611193e-01 9.999891515812044940e-01 9.999934853278128477e-01 9.999922347220590035e-01 9.999917774948432481e-01 9.999877150440907858e-01 9.999957846922766791e-01
9.999902053098344012e-01 9.999864392760788867e-01 9.999783818984452344e-01 9.999843880059885448e-01 9.999890165058105129e-01 9.999952739925193068e-01 9.999945154273466308e-01 9.999928310973873469e-01 9.999935487834863412e-01 9.999936315198145742e-01
9.999956400218069641e-01 9.999928868465343124e-01 9.999860048893320918e-01 9.999905721645023782e-01 9.999859981958338917e-01 9.999928822383625793e-01 9.999893578769238900e-01 9.999934099390241915e-01 9.999904966156140107e-01 9.999928575451547674e-01
9.999909807987581445e-01 9.999925658207672319e-01 9.999746291332908266e-01 9.999920769188197500e-01 9.999900972137019117e-01 9.999837185226200242e-01 9.999859639538335454e-01 9.999939103671039442e-01 9.999960038054147571e-01 9.999868070963078281e-01
9.999944468314705404e-01 9.999835701438364310e-01 9.999828427147877674e-01 9.999809382580514550e-01 9.999931407997735278e-01 9.999934187763207527e-01 9.999877872999736184e-01 9.999907506679489577e-01 9.999910091076023022e-01 9.999957118999207584e-01
9.999933120692818811e-01 9.999957589822842108e-01 9.999918071080350357e-01 9.999902859029566882e-01 9.999852681277591193e-01 9.999929641007704317e-01 9.999916624895588413e-01 9.999928464273920570e-01 9.999940172459467203e-01 9.999870444911180822e-01
9.999937442851933866e-01 9.999860120543797581e-01 9.999915067851650186e-01 9.999950764446544627e-01 9.999780073982522666e-01 9.999927253420882733e-01 9.999860446262388569e-01 9.999918127456833838e-01 9.999910504859610416e-01 9.999864544278448397e-01
9.999917244280630557e-01 9.999899778366931891e-01 9.999932218588593047e-01 9.999938055205307430e-01 9.999876560270609671e-01 9.999917956828058285e-01 9.999926523761044628e-01 9.999801410234824273e-01 9.999933703023083931e-01 9.999817684227224612e-01
9.999971078597088558e-01 9.999859367124427356e-01 9.999912484733022300e-01 9.999922168564464586e-01 9.999888337875852962e-01 9.999904491445290589e-01 9.999915602529828584e-01 9.999947396728356974e-01 9.999852178735090247e-01 9.999903915490448991e-01
9.999907955741648147e-01 9.999942414635640819e-01 9.999913788049328289e-01 9.999910492302067633e-01 9.999892701078281210e-01 9.999923807865084280e-01 9.999814076723229084e-01 9.999907534913382579e-01 9.999910661774114029e-01 9.999956809661422197e-01
9.999868950569115178e-01 9.999944524561230619e-01 9.999889187484279907e-01 9.999905350179194574e-01 9.999859970466555836e-01 9.999883502692450410e-01 9.999927435875393122e-01 9.999877218998146633e-01 9.999819145749156979e-01 9.999866722805623720e-01
9.999854479928914630e-01 9.999813020375876160e-01 9.999903080706415981e-01 9.999861327293489976e-01 9.999902518011296593e-01 9.999910289266740193e-01 9.999901057071034494e-01 9.999767034067315041e-01 9.999900725326964501e-01 9.999879926590191648e-01
9.999884417807581860e-01 9.999901333303866657e-01 9.999912275306946929e-01 9.999784683514525430e-01 9.999913694054981539e-01 9.999897531552471852e-01 9.999932226484896658e-01 9.999951694606998842e-01 9.999888022219881600e-01 9.999934067486797584e-01
9.999904564899801951e-01 9.999898423441949680e-01 9.999905737099670233e-01 9.999888407145199887e-01 9.999902240029259204e-01 9.999911473662146388e-01 9.999894886073327216e-01 9.999823042050700606e-01 9.999947427548022683e-01 9.999855358226805713e-01
9.999889759369086084e-01 9.999917690963372463e-01 9.999920095655315810e-01 9.999936569678425924e-01 9.999910790788119064e-01 9.999717450201812685e-01 9.999926644409541376e-01 9.999918323998070457e-01 9.999883905551307794e-01 9.999841952891147523e-01
9.999877997724606615e-01 9.999890803951162477e-01 9.999904244822541699e-01 9.999847470891403134e-01 9.999920629089731339e-01 9.999913882656311648e-01 9.999895039375399364e-01 9.999922733387991425e-01 9.999912543946828380e-01 9.999948002716612105e-01
9.999940600183082617e-01 9.999842990540951382e-01 9.999885223305263748e-01 9.999933152257548530e-01 9.999912804400451494e-01 9.999887712056982902e-01 9.999846339145211926e-01 9.999843338441967155e-01 9.999903392673957780e-01 9.999901203381946768e-01
9.999905674293442237e-01 9.999929645766070241e-01 9.999960936837378744e-01 9.999949254949923594e-01 9.999774555532287001e-01 9.999947661439316793e-01 9.999915847612844688e-01 9.999936391324528717e-01 9.999934057422077416e-01 9.999896015001301652e-01
9.999919684617966098e-01 9.999914141768891929e-01 9.999914942964893694e-01 9.999802631849824541e-01 9.999887978145993728e-01 9.999865586454347310e-01 9.999961904378456001e-01 9.999934639070495734e-01 9.999942592606171354e-01 9.999880418136025684e-01
9.999895336101475296e-01 9.999865887375118945e-01 9.999936023493070092e-01 9.999913780683005182e-01 9.999849379339076361e-01 9.999957837899892121e-01 9.999832989998124200e-01 9.999923836639856844e-01 9.999942026280932428e-01 9.999925205194251099e-01
9.999838539789659420e-01 9.999824412550545327e-01 9.999901034019695878e-01 9.999835577070862458e-01 9.999881348542332127e-01 9.999815438513151022e-01 9.999939558710373433e-01 9.999854291397139994e-01 9.999890616951695455e-01 9.999861328634553903e-01
9.999831140973608479e-01 9.999924185721207337e-01 9.999892647987879135e-01 9.999867743798543929e-01 9.999901336842661470e-01 9.999955344871359619e-01 9.999905294877300399e-01 9.999881123047960063e-01 9.999829578802306163e-01 9.999945620994505902e-01
9.999862413295007579e-01 9.999914756746919320e-01 9.999946636397747390e-01 9.999839111439297046e-01 9.999941844079737185e-01 9.999935217465344417e-01 9.999859408714539821e-01 9.999936395889603702e-01 9.999858437502356923e-01 9.999939284780020587e-01
9.999944296570596469e-01 9.999927602193229292e-01 9.999835160128880407e-01 9.999873109097993096e-01 9.999807692988360586e-01 9.999880207427586098e-01 9.999918102836968803e-01 9.999925149575775718e-01 9.999906466819244999e-01 9.999932840894925068e-01
9.999922170405952659e-01 9.999905600108209835e-01 9.999883253159618235e-01 9.999849516994135934e-01 9.999831749626063582e-01 9.999911728380368459e-01 9.999883591831690843e-01 9.999819555655913295e-01 9.999850719132561405e-01 9.999853689059641226e-01
9.999876675023927630e-01 9.999926895046142850e-01 9.999906972100138791e-01 9.999875495142016568e-01 9.999856575015165783e-01 9.999930937239280837e-01 9.999924054349396130e-01 9.999914858158472919e-01 9.999895563490351913e-01 9.999926751714408590e-01
9.999941962481383451e-01 9.999856269237927808e-01 9.999908522488084595e-01 9.999914361205506363e-01 9.999922596295524047e-01 9.999861188720929883e-01 9.999896282098725830e-01 9.999750059010086289e-01 9.999903512099392877e-01 9.999950090749164522e-01
9.999874570287031750e-01 9.999920677645924849e-01 9.999885899634605169e-01 9.999935267715763798e-01 9.999898406117132543e-01 9.999961963356461814e-01 9.999886104949206045e-01 9.999904637843433086e-01 9.999925324166023533e-01 9.999906203340291899e-01
9.999935776239685659e-01 9.999827028148773334e-01 9.999936454033850897e-01 9.999909452834988555e-01 9.999926674423369466e-01 9.999879608578581269e-01 9.999889168615336832e-01 9.999886567845569507e-01 9.999951859572293600e-01 9.999830124143127552e-01
9.999872880640747752e-01 9.999911205860079200e-01 9.999908162341694107e-01 9.999851239179005091e-01 9.999733147048858184e-01 9.999927994104734763e-01 9.999894757646128340e-01 9.999883227790007378e-01 9.999875652998407860e-01 9.999874556985532958e-01
9.999856702225560223e-01 9.999932886996164561e-01 9.999909769646143642e-01 9.999854324013618401e-01 9.999887168473805543e-01 9.999923605668314952e-01 9.999956335163223686e-01 9.999920141475611146e-01 9.999918546306011402e-01 9.999878442583541860e-01
9.999903586848638559e-01 9.999863786646026043e-01 9.999886335558968442e-01 9.999916600885506712e-01 9.999932340116340912e-01 9.999872906097060365e-01 9.999850656842751428e-01 9.999877222200571625e-01 9.999903862024075440e-01 9.999871821132640948e-01
9.999789408056352080e-01 9.999884803350391760e-01 9.999887729606947717e-01 9.999900360970412905e-01 9.999937681037811554e-01 9.999915674563840673e-01 9.999924953679218964e-01 9.999897774130962480e-01 9.999933956226932930e-01 9.999909130197729423e-01
9.999922218192033307e-01 9.999877246123080043e-01 9.999895975226551492e-01 9.999967446164126361e-01 9.999808223437848254e-01 9.999841147233352601e-01 9.999912789426206317e-01 9.999882926449210618e-01 9.999954618322819400e-01 9.999881699274441038e-01
9.999934644308366982e-01 9.999917012401616789e-01 9.999929532435043456e-01 9.999887608437578734e-01 9.999911140039462465e-01 9.999887601174252127e-01 9.999875081178376535e-01 9.999852332205794170e-01 9.999942368758728550e-01 9.999921538202841687e-01
9.999871155355537500e-01 9.999951474957006203e-01 9.999664969000892079e-01 9.999900123126893581e-01 9.999910084771145291e-01 9.999949551246414270e-01 9.999949331619419901e-01 9.999859349804488540e-01 9.999933037075252606e-01 9.999940083378489053e-01
9.999927868705287271e-01 9.999902392889520319e-01 9.999905263229978969e-01 9.999938461986153104e-01 9.999890654581784499e-01 9.999930467892508279e-01 9.999922832097961622e-01 9.999931967707753611e-01 9.999811257820261368e-01 9.999958868946806634e-01
9.999942219625992390e-01 9.999918105505714028e-01 9.999861118338310151e-01 9.999861887719216913e-01 9.999937664434620510e-01 9.999882969402995592e-01 9.999889261306526000e-01 9.999879592462771472e-01 9.999925257298954984e-01 9.999907291574736679e-01
9.999756068569476408e-01 9.999923457462347454e-01 9.999873104510574873e-01 9.999926694935477034e-01 9.999933453214054913e-01 9.999903364861408850e-01 9.999894855353997913e-01 9.999874724260515713e-01 9.999905819675407592e-01 9.999955830900967291e-01
9.999913221187841650e-01 9.999930156208519660e-01 9.999855550882645883e-01 9.999917656878719585e-01 9.999866661988855432e-01 9.999886894405465299e-01 9.999865509861548540e-01 9.999906793099716529e-01 9.999853729521083201e-01 9.999931920177147493e-01
