9.995968806675556984e-01 9.994950639670441284e-01 9.998361148536099030e-01 9.996713967733100725e-01 9.998846518954864759e-01 9.998353606155728768e-01 9.998460537347529931e-01 9.997374384170091277e-01 9.950318843210367303e-01 9.997609390564092813e-01
9.997975209719892620e-01 9.994926603739913151e-01 9.995747493096105440e-01 9.999039692361383347e-01 9.998247726143170144e-01 9.982825068481624431e-01 9.998359174714335218e-01 9.991232581057900575e-01 9.996343293068321589e-01 9.983609705221306863e-01
9.994717793589491528e-01 9.993186410306640344e-01 9.997119172671393716e-01 9.997544890695789777e-01 9.995729854784961566e-01 9.996554180921611854e-01 9.995511178472253899e-01 9.995869666051441227e-01 9.997869401164330982e-01 9.997872169204353732e-01
9.998187200510971762e-01 9.998242202888489860e-01 9.998218757394135014e-01 9.995133249102081674e-01 9.996217512150964435e-01 9.995224678091574333e-01 9.996835863208275441e-01 9.993311383682021987e-01 9.997899114630909301e-01 9.996508005323314627e-01
9.995563179246356178e-01 9.994894155077694853e-01 9.998544535298490299e-01 9.998527069346132556e-01 9.989012200298574840e-01 9.998214263357524390e-01 9.998845003002866383e-01 9.993708480719835086e-01 9.997150658321590777e-01 9.994654408720728966e-01
9.998812307905566854e-01 9.997061849654160781e-01 9.998641185197560954e-01 9.998110605052591415e-01 9.999104771470193054e-01 9.996786990343109469e-01 9.999000014719322538e-01 9.997635998287046633e-01 9.993934038136889075e-01 9.998202159089046859e-01
9.995551033460059465e-01 9.997171361648372612e-01 9.994375290402109924e-01 9.998125520450875658e-01 9.996855608364091372e-01 9.998703271010433991e-01 9.996093906289101882e-01 9.997608588388430251e-01 9.996521905354711635e-01 9.998439763009228098e-01
9.998679530442652341e-01 9.998579673687171265e-01 9.992417585016568626e-01 9.997129377888347435e-01 9.994514396745812768e-01 9.996731581699203062e-01 9.997188440216246974e-01 9.998971144766386487e-01 9.997980506934019962e-01 9.998691345078322135e-01
9.994492443031671725e-01 9.965845279957079583e-01 9.998071294109159846e-01 9.997455029919336544e-01 9.997465706549090170e-01 9.990188163039334102e-01 9.997342554995143349e-01 9.989415314290844838e-01 9.995172880906721957e-01 9.997846219565369452e-01
9.999013451872927893e-01 9.998275677388651639e-01 9.998163390486425328e-01 9.995741941073462700e-01 9.998339721893285681e-01 9.994585499307725440e-01 9.998183103692215301e-01 9.995245508919828881e-01 9.993859763336564450e-01 9.996835442864236976e-01
9.997738013068021568e-01 9.998725427209025352e-01 9.996372614006754365e-01 9.995333770821164254e-01 9.998148029942154347e-01 9.997366659356891061e-01 9.998317197679909007e-01 9.998011780063424947e-01 9.995697358856344694e-01 9.998569918305258986e-01
9.994779153418666962e-01 9.996755756724455821e-01 9.996501306533134290e-01 9.992932167640344865e-01 9.988782395678934556e-01 9.997382409615688248e-01 9.998007302039162436e-01 9.993189474952062223e-01 9.997275616513038310e-01 9.993867169620541668e-01
9.998050766864045036e-01 9.997457212478559896e-01 9.987136505242228957e-01 9.996335879132700608e-01 9.998446760083637974e-01 9.986141065481886070e-01 9.994809341059467389e-01 9.998007480357672394e-01 9.995488435352519740e-01 9.997818644641746078e-01
9.997578425194901808e-01 9.997055765740774369e-01 9.998396453259216221e-01 9.996318129240967520e-01 9.998579106960501228e-01 9.998608963561512741e-01 9.996150994226832287e-01 9.998219230809525238e-01 9.998563459507378015e-01 9.996886689014037319e-01
9.998274685143015983e-01 9.998238232058409558e-01 9.996533866063356255e-01 9.998736781697457054e-01 9.996580041284225393e-01 9.992919031999567547e-01 9.997606425902828553e-01 9.998371646437752558e-01 9.997584789622555590e-01 9.997182537497678601e-01
9.990444413971047988e-01 9.998243774729667077e-01 9.996881197996353441e-01 9.991801841911948090e-01 9.997658230350018327e-01 9.996439501494669422e-01 9.993836206886121953e-01 9.992607791700839348e-01 9.984597670084900400e-01 9.996596560121187025e-01
9.998302552335568416e-01 9.997240848870855290e-01 9.996857926565688723e-01 9.996829351740466052e-01 9.995915638589188967e-01 9.981441864243204565e-01 9.997312892582679300e-01 9.997827062784091501e-01 9.994581061975316150e-01 9.997564262288936021e-01
9.990260042813724484e-01 9.997717742540163099e-01 9.985537560780022304e-01 9.998426859543425582e-01 9.995653174075845859e-01 9.996096139905927824e-01 9.992971225288466153e-01 9.993764473323198949e-01 9.997560278537662715e-01 9.995971621717756328e-01
9.996189042910742506e-01 9.989516168338773427e-01 9.998020414134090039e-01 9.995120688249398144e-01 9.998540336988451793e-01 9.995934189362843947e-01 9.989982776279862087e-01 9.997990473029249037e-01 9.997218917293755336e-01 9.991836699404339495e-01
9.999070231794455754e-01 9.995652569595075976e-01 9.998991586995081837e-01 9.995922054002944757e-01 9.997499226298967034e-01 9.997541375388729890e-01 9.997641182489982459e-01 9.998405672979511216e-01 9.996162866822411175e-01 9.998032309977277210e-01
9.997145977313920406e-01 9.998352344052970908e-01 9.998448072803660658e-01 9.992748761130740842e-01 9.998494574202853036e-01 9.997892303273323567e-01 9.996162048581430648e-01 9.998050354259326866e-01 9.998024048296112465e-01 9.997884145852133919e-01
9.997023002085024812e-01 9.997770471369207268e-01 9.996593855932568440e-01 9.998849928576450941e-01 9.997592030661955897e-01 9.998060982254600715e-01 9.997646153135008040e-01 9.990377307087360270e-01 9.997446619586402017e-01 9.998189674355113521e-01
9.998387997835797014e-01 9.997390273327255716e-01 9.997664362881399924e-01 9.998318174151985538e-01 9.997975707693433911e-01 9.995510129160485313e-01 9.997933093530122495e-01 9.997857476601739180e-01 9.997633589500192208e-01 9.987086216168353792e-01
9.998759512522739090e-01 9.997570862440813277e-01 9.992774531517398806e-01 9.997556472064748068e-01 9.997898878006656886e-01 9.996845510558562964e-01 9.992717429078351588e-01 9.996748144587979112e-01 9.997893509823791991e-01 9.999087567110130914e-01
9.995112559736593072e-01 9.997490467049557905e-01 9.989219478152386866e-01 9.996055727966458582e-01 9.998308523707347684e-01 9.997720433121889405e-01 9.996853842685695657e-01 9.995628440886717980e-01 9.997509934200149440e-01 9.992145949799857707e-01
9.991997320514403036e-01 9.996470325050499373e-01 9.997938503312051584e-01 9.998224833735536166e-01 9.998422494667127403e-01 9.997733564820868724e-01 9.981364250921073156e-01 9.998460892816654066e-01 9.994431499041440681e-01 9.997841826912637897e-01
9.999108869389897736e-01 9.999029121804186016e-01 9.997637806862292864e-01 9.999080407048792640e-01 9.997583466066969349e-01 9.998206229148696167e-01 9.995020995600487623e-01 9.998672135842715525e-01 9.998584118468302195e-01 9.999150149841761204e-01
9.997680471435956839e-01 9.997094884570517648e-01 9.997514864284745562e-01 9.996359729360687618e-01 9.997017022998466729e-01 9.998369230114014794e-01 9.998820881918691894e-01 9.995113922549710983e-01 9.996973256794363660e-01 9.995252472047368997e-01
9.997847049539890785e-01 9.996903044339692235e-01 9.998468620048517330e-01 9.996001918874372061e-01 9.998409635547501617e-01 9.996218823522879937e-01 9.996174140580906808e-01 9.996722247218715607e-01 9.997712765961002113e-01 9.989926238865357577e-01
9.996795655064122377e-01 9.996021501469503079e-01 9.997838643497529709e-01 9.996544494138815962e-01 9.998242532667980242e-01 9.998566105215397348e-01 9.997565329277353641e-01 9.998348578074213178e-01 9.997389173404940266e-01 9.997453348040304943e-01
9.998291705837361043e-01 9.996436824945688082e-01 9.996327878488999730e-01 9.998171676261115026e-01 9.983799469092381473e-01 9.998509565108236741e-01 9.998454881807792294e-01 9.975526890194795770e-01 9.996345759957239174e-01 9.992922535237610537e-01
9.993876858211617753e-01 9.995359379955279788e-01 9.978232420605801511e-01 9.999017553704661054e-01 9.947819399156494491e-01 9.997206122160815500e-01 9.997403388314524131e-01 9.997128080327548627e-01 9.995649244868139993e-01 9.996401023393390872e-01
9.998984696648727244e-01 9.994358033449143308e-01 9.996812882499351849e-01 9.998648738259388047e-01 9.993375159009698638e-01 9.993326976695738884e-01 9.998205950925372898e-01 9.995158411540157051e-01 9.998473855945154698e-01 9.998121787710534392e-01
9.997713452660318412e-01 9.996776128531604799e-01 9.997565380841201277e-01 9.991122919504835664e-01 9.997067842931028903e-01 9.998115373353482216e-01 9.997300328040955586e-01 9.996843677036191256e-01 9.998390088439278456e-01 9.996962374375166771e-01
9.996286933675539998e-01 9.996652229018490043e-01 9.996372395627055596e-01 9.997493600222886467e-01 9.995071127492946017e-01 9.994009352054386008e-01 9.997403411095686643e-01 9.995652839508911702e-01 9.998379393840950424e-01 9.997461558934856996e-01
9.984099961374383048e-01 9.998721316187280106e-01 9.997484115422664575e-01 9.998024633532897054e-01 9.996134773710988464e-01 9.992998010959267541e-01 9.998197592879637385e-01 9.997490580368687541e-01 9.994383194758814648e-01 9.997783793161399979e-01
9.995190888425806719e-01 9.995490298726320555e-01 9.997056815928525575e-01 9.997181593968000879e-01 9.996878850748549539e-01 9.998763558097466531e-01 9.994287915998423255e-01 9.998570256830249248e-01 9.998367703914226023e-01 9.993688654302941288e-01
9.993028767183232963e-01 9.992524479315820773e-01 9.998850742119514967e-01 9.998312528165849145e-01 9.997164846210531142e-01 9.997545876425630862e-01 9.993135829084430766e-01 9.992869103865393843e-01 9.971592274517606658e-01 9.989454617185271612e-01
9.997225192890834000e-01 9.998458543568440327e-01 9.997129002963980327e-01 9.997004386274335186e-01 9.997779104707028575e-01 9.997690455053955816e-01 9.993867896024022368e-01 9.999119327753115405e-01 9.997659068244781899e-01 9.997917639761936259e-01
9.997375241353132491e-01 9.996360837980751146e-01 9.997287695728929169e-01 9.997349468305378739e-01 9.998680207393164654e-01 9.998311325072943845e-01 9.998874373529488269e-01 9.999290030521565953e-01 9.998446778283536229e-01 9.997281754201279291e-01
9.982726479597018310e-01 9.992802018320190438e-01 9.993109212999754520e-01 9.997647898709164371e-01 9.998101157182478493e-01 9.998770280443609604e-01 9.995279012149264064e-01 9.998242688553912183e-01 9.996900085804085734e-01 9.999165411685699834e-01
9.995354120582512492e-01 9.994891498912722438e-01 9.997164081252442047e-01 9.997449025338914774e-01 9.997463385628372334e-01 9.998457511234266626e-01 9.996715091269360309e-01 9.993842519783417977e-01 9.997254479064450194e-01 9.994018065077248103e-01
9.996906332744164292e-01 9.998035348543471423e-01 9.997903597086875704e-01 9.996830889620176297e-01 9.996836615496929035e-01 9.996327912779489067e-01 9.998460132606697970e-01 9.993338968150524693e-01 9.997450130929228518e-01 9.996367678019839609e-01
9.998649088378566141e-01 9.995016061066992474e-01 9.995202630549500089e-01 9.996425753206150677e-01 9.997733545675607791e-01 9.997496803994224690e-01 9.995848347815805557e-01 9.998431879485808471e-01 9.996920680833902839e-01 9.996274638856643691e-01
9.994161609396695622e-01 9.997225342897461120e-01 9.995664835642039669e-01 9.988308653388117131e-01 9.994815182719757329e-01 9.997328251726508297e-01 9.998140550956796657e-01 9.993127098674760012e-01 9.988000467722017994e-01 9.996153022234131047e-01
9.996561683192616288e-01 9.998132860991987281e-01 9.997295747555475787e-01 9.998809519606486340e-01 9.982768686088308030e-01 9.996686674743346934e-01 9.997621911548760787e-01 9.999144035149923893e-01 9.997197838462907882e-01 9.990281571108367009e-01
9.996775900266767767e-01 9.998752712584004776e-01 9.993973286679480594e-01 9.996915205087258949e-01 9.996668252665340537e-01 9.997159108234374703e-01 9.993477800981765968e-01 9.996617003098405840e-01 9.998816806351666919e-01 9.998283407049546323e-01
9.997277800805176584e-01 9.998729373621564331e-01 9.995694534787834540e-01 9.997860609036803847e-01 9.998723697856302106e-01 9.997413379734357841e-01 9.995346556351977219e-01 9.994388480720901580e-01 9.998430665133462014e-01 9.994735160453827039e-01
9.998211060386074100e-01 9.996434112326806343e-01 9.986129430074012214e-01 9.996508631776614973e-01 9.997466927583431584e-01 9.996665162756375178e-01 9.997599590772632272e-01 9.998764447214627538e-01 9.997749457725449984e-01 9.996967093496781365e-01
9.997048471245976176e-01 9.997474422065919519e-01 9.997982352717527110e-01 9.996845657141887331e-01 9.997886823294948044e-01 9.993949308706309154e-01 9.997360990731997132e-01 9.996506202877395442e-01 9.995288386389747926e-01 9.996805643038559896e-01
9.998664197337254755e-01 9.992614529696935977e-01 9.996488587183718355e-01 9.994012123317459473e-01 9.998107940227835000e-01 9.998015661061162573e-01 9.997292152027467127e-01 9.995095961662137096e-01 9.996534841285331652e-01 9.997838149496803828e-01
9.993367280220946114e-01 9.998522721869927965e-01 9.998527344651436666e-01 9.998576335048828811e-01 9.997630345580903466e-01 9.995633555805872872e-01 9.993481128149340753e-01 9.997943818982640840e-01 9.999037764069758083e-01 9.994646239109388208e-01
9.994749528955196860e-01 9.998667309942586012e-01 9.997384047094817205e-01 9.998009743138474015e-01 9.992790299390256203e-01 9.998294202617888926e-01 9.999210912798334183e-01 9.995890162364131637e-01 9.940144542486318846e-01 9.994797955258251099e-01
9.997720200909170352e-01 9.998283952905429040e-01 9.996955113081856803e-01 9.998376859335907918e-01 9.987920735557553886e-01 9.995992809657079370e-01 9.995035724466396765e-01 9.997115593663811195e-01 9.994137973775832906e-01 9.997273723157166225e-01
9.998237408119344805e-01 9.997690092235714809e-01 9.995443926466874851e-01 9.999163646622432067e-01 9.996864577388223649e-01 9.997068476565067474e-01 9.996812637118779321e-01 9.997987951784588212e-01 9.999182664549883803e-01 9.993637484983145525e-01
9.997717477777993134e-01 9.997879563530235325e-01 9.997668542139876990e-01 9.998835529433871550e-01 9.998648634648505951e-01 9.996954756126052999e-01 9.999219035399264932e-01 9.992853630868626658e-01 9.998612190616159578e-01 9.998490179831875935e-01
9.998255268024787146e-01 9.996710105215057540e-01 9.991613767153548764e-01 9.998963275161459885e-01 9.998438561079928677e-01 9.997638853402993631e-01 9.997616808668453592e-01 9.997390926797636856e-01 9.999014768574175926e-01 9.997684650636324832e-01
9.995788473108021543e-01 9.997211197210684741e-01 9.998584355088986353e-01 9.998904857083108499e-01 9.996129572254585094e-01 9.996286635670376119e-01 9.995841903843221132e-01 9.995532611965630698e-01 9.998861833026296830e-01 9.996968540837140038e-01
9.997976852976414586e-01 9.990224757880599160e-01 9.998629904713971506e-01 9.998453779516350837e-01 9.997012632121158315e-01 9.999334438126583624e-01 9.996050439754808892e-01 9.998216808152867729e-01 9.998092982845316889e-01 9.997739670709656634e-01
9.996574509030732303e-01 9.998905666664501535e-01 9.996662639694994246e-01 9.985104606094052926e-01 9.998098530606006618e-01 9.998243590509557910e-01 9.997847861587109142e-01 9.998232657718127969e-01 9.998567169614667183e-01 9.997515475454368250e-01
9.995613348514843510e-01 9.997338723820317075e-01 9.998421636756933406e-01 9.998675058370702917e-01 9.994828335918670703e-01 9.997158281436004934e-01 9.997629004378839612e-01 9.997101468516426115e-01 9.997234073763771045e-01 9.997140004732285590e-01
9.994295159204503731e-01 9.998882582670683972e-01 9.996701492616673068e-01 9.994501330359939484e-01 9.997724308729166731e-01 9.997073105269278503e-01 9.996355858680799900e-01 9.998680635517193105e-01 9.993181306806078190e-01 9.997465343807120375e-01
9.998947666681859969e-01 9.998252637210122140e-01 9.994653202027642402e-01 9.963341580429316835e-01 9.998475660461515480e-01 9.985377278587119765e-01 9.997784339015904909e-01 9.998351234946892818e-01 9.997382538281318620e-01 9.996959385360918438e-01
9.996398531402461707e-01 9.986283102328329386e-01 9.998895212903066154e-01 9.998364390120560996e-01 9.996389833746497366e-01 9.997441033530729548e-01 9.996212542585555250e-01 9.994526904387359689e-01 9.998210303113733710e-01 9.998328465526030717e-01
9.997781351254487747e-01 9.996162162897722636e-01 9.991842340647255627e-01 9.996422683528594089e-01 9.995776500440936019e-01 9.997190098558041971e-01 9.997746135814868929e-01 9.992904466630221361e-01 9.997733239503028280e-01 9.996368718558618083e-01
9.990734133406460327e-01 9.997563476631602386e-01 9.997699186443370634e-01 9.997622240295174212e-01 9.997751579520565146e-01 9.997148776559837691e-01 9.999230342603264710e-01 9.996993561896839742e-01 9.997699186949282613e-01 9.992669904142544857e-01
9.998000713332390044e-01 9.996306781437240829e-01 9.998951102347224396e-01 9.994009314081148121e-01 9.997054094573069039e-01 9.996964648989468127e-01 9.996883569439574124e-01 9.996993488486903834e-01 9.998318331142002080e-01 9.996942071396169860e-01
9.994873546982513401e-01 9.994338474265023198e-01 9.996492058910264600e-01 9.997723713187005590e-01 9.998102792560440433e-01 9.997796209616301999e-01 9.998306029887590318e-01 9.996947873849318933e-01 9.998493751552596231e-01 9.996208967278751301e-01
9.992255006050092536e-01 9.997446430367274983e-01 9.992013030407154162e-01 9.996456622170566408e-01 9.998353027409827565e-01 9.992441827719044101e-01 9.991689673055658139e-01 9.996437882535393893e-01 9.998590503965184562e-01 9.995925855634699708e-01
9.998568217457414198e-01 9.996873057079934677e-01 9.997487372668089067e-01 9.995312162463347860e-01 9.998822236399168562e-01 9.996087115375087429e-01 9.997302232040875536e-01 9.995976933144511412e-01 9.997496443333868665e-01 9.998078511585420936e-01
9.998221241262078562e-01 9.996020908428784324e-01 9.996590599919598086e-01 9.998072418660736149e-01 9.997939085992723074e-01 9.997225953002909504e-01 9.998939129141960480e-01 9.997482729966972181e-01 9.997518568020105079e-01 9.997641219279721492e-01
9.997395957943971956e-01 9.995863468750323388e-01 9.996263934743292445e-01 9.998945685421695151e-01 9.998619641174183448e-01 9.997931486024060899e-01 9.998635876094660313e-01 9.996848740153851942e-01 9.996664765061336055e-01 9.996196320894451537e-01
9.997687014251268600e-01 9.997625417292798078e-01 9.997389757879538985e-01 9.998540839289452586e-01 9.994208119520795464e-01 9.997621225224430086e-01 9.994712468732527277e-01 9.998166834663204661e-01 9.996156847748456364e-01 9.999029855491234908e-01
9.998302203162061641e-01 9.997318115823116136e-01 9.997968686755773771e-01 9.997642744039432205e-01 9.998130710092842932e-01 9.995837181889047907e-01 9.997879203817946481e-01 9.998559978375072266e-01 9.996604833034496984e-01 9.994714732584449868e-01
9.985243783678471319e-01 9.998583520741523012e-01 9.998709451685990901e-01 9.995631230658549304e-01 9.991181130276906019e-01 9.990713225170345657e-01 9.995627813729607292e-01 9.997997468422239464e-01 9.998801594965072148e-01 9.996517590676599063e-01
9.993245672936011958e-01 9.984941780819625023e-01 9.994082315375899528e-01 9.995660843123301831e-01 9.997994239360727953e-01 9.998416502218574475e-01 9.991717693647811371e-01 9.997897041808216922e-01 9.995762664277761944e-01 9.995271257652798003e-01
9.994405653087878871e-01 9.996130063841377478e-01 9.994585232864177105e-01 9.996388965306843843e-01 9.996459768447936156e-01 9.996077135543360859e-01 9.995269735918482779e-01 9.997222504539964305e-01 9.997598634163574749e-01 9.997392293481649483e-01
9.997108098590715697e-01 9.983007234336668256e-01 9.991431959189530643e-01 9.990993749419375680e-01 9.997739160664659286e-01 9.996241545409898510e-01 9.996736466210039973e-01 9.995682425411717142e-01 9.995145233260275264e-01 9.997060583662993327e-01
9.997783807504171394e-01 9.997462483297639979e-01 9.997387963457486926e-01 9.995278209731803809e-01 9.994349396533590557e-01 9.997782596771003227e-01 9.998634322331098057e-01 9.997618960819122380e-01 9.998744248610212937e-01 9.997382074766348881e-01
9.998327728375859813e-01 9.997305265896181403e-01 9.988683679961106732e-01 9.997133395582152859e-01 9.997649975859643767e-01 9.998765778701702578e-01 9.996381946401504681e-01 9.994890909645518517e-01 9.997180172375697005e-01 9.997102671618339764e-01
9.994771158715820558e-01 9.997550182002356012e-01 9.998274407483153103e-01 9.997305681682320255e-01 9.993544281766185700e-01 9.997706806422085313e-01 9.997544694644783236e-01 9.991494609502824531e-01 9.994796633508211681e-01 9.993584529038318509e-01
9.978701647748265957e-01 9.998828465496690798e-01 9.995117071751963289e-01 9.998647275610573759e-01 9.999042331947831652e-01 9.998120731516606519e-01 9.998725009225705174e-01 9.998928416288003218e-01 9.998807868043709801e-01 9.996390304134693539e-01
9.994583703673276531e-01 9.998559632851790058e-01 9.997807582991353748e-01 9.991720286276373209e-01 9.998158951417452922e-01 9.997061585118497407e-01 9.997311836845194088e-01 9.997927478886022845e-01 9.994944077626304324e-01 9.995950620333905468e-01
9.996211958219739513e-01 9.997254228605896298e-01 9.997699656243420607e-01 9.995387520958891603e-01 9.999024162532667015e-01 9.998797916081584303e-01 9.997118438067394974e-01 9.998600843272933414e-01 9.992789599260549771e-01 9.997960048369669561e-01
9.998410773351974479e-01 9.995535996093002362e-01 9.997281123983005058e-01 9.995417165645179569e-01 9.997604615580962806e-01 9.995932219695600196e-01 9.997148205557194744e-01 9.994640735809109389e-01 9.978274783864135022e-01 9.987319183364453679e-01
9.995581039386627342e-01 9.992983039697812542e-01 9.998370039404534948e-01 9.998679684707262316e-01 9.998609473437675144e-01 9.996300163678532025e-01 9.998510303936397614e-01 9.995911863272625153e-01 9.997722807186355531e-01 9.995044314224765802e-01
9.997500310637723597e-01 9.997975043255059591e-01 9.996505334014049726e-01 9.998229882893138187e-01 9.996514195879817599e-01 9.998088898913977118e-01 9.993526443686570060e-01 9.986084814307278901e-01 9.996737754761152450e-01 9.998466955458436001e-01
9.998195184372735689e-01 9.998618485757810870e-01 9.998187214193230421e-01 9.997064890091275080e-01 9.994468157630163052e-01 9.988246249403769372e-01 9.994666988687608278e-01 9.997052957880054880e-01 9.995956728376550471e-01 9.997081826454258247e-01
9.997861149366543687e-01 9.988450467119727172e-01 9.997211257189768663e-01 9.998432839819298978e-01 9.998626549233951000e-01 9.997849026642564585e-01 9.998335705900605053e-01 9.997482901024419277e-01 9.996006574145636092e-01 9.993533010181098186e-01
9.997967062909155489e-01 9.997362062212375999e-01 9.997389427296660136e-01 9.998783563320317036e-01 9.996355943210374351e-01 9.998170513652668845e-01 9.998628696381418601e-01 9.992445372956605398e-01 9.998559891161170610e-01 9.997898821959524396e-01
9.998063685867658590e-01 9.998030567090475662e-01 9.997562048001270574e-01 9.998186672030527911e-01 9.996776928620052516e-01 9.991787373741374267e-01 9.986910232551139410e-01 9.996992766819562393e-01 9.999023957478426761e-01 9.998689950978423280e-01
9.991578063064491255e-01 9.998397944186950825e-01 9.997755190140857895e-01 9.998007384916091089e-01 9.997601777750408925e-01 9.988725690049278239e-01 9.992157371994656589e-01 9.988222470849775769e-01 9.997586526042546717e-01 9.998713419601835684e-01
9.998570552442631598e-01 9.996452053781677005e-01 9.995626738793954580e-01 9.998217806104404692e-01 9.997927186722616044e-01 9.998968348841603682e-01 9.998263047993172226e-01 9.997721582480898483e-01 9.999259059057590271e-01 9.998327360614176484e-01
9.990465251169486915e-01 9.997739270684234958e-01 9.995386567782242881e-01 9.996295113795772291e-01 9.996006346997471370e-01 9.997730106488484925e-01 9.997773115450162562e-01 9.989284525622726951e-01 9.998124894863816836e-01 9.986872759496673302e-01
9.996860837617917994e-01 9.998218114595740502e-01 9.994971128487383227e-01 9.998728033854201724e-01 9.993198564486381885e-01 9.995835844531170133e-01 9.997350608152211215e-01 9.998142339653525168e-01 9.995780961074753890e-01 9.998423834152687650e-01
9.998576422869871472e-01 9.997438531887834490e-01 9.998293728234890487e-01 9.997005688977629312e-01 9.997581872101732881e-01 9.997575231937182449e-01 9.993751178227541221e-01 9.993824219692634125e-01 9.994758339947646952e-01 9.996019498596829811e-01
9.994518580993038137e-01 9.994633350043651276e-01 9.994586006158916458e-01 9.997362846249624457e-01 9.995753131565165983e-01 9.989768690424641884e-01 9.990352717131191218e-01 9.998415093782039298e-01 9.998814221670214719e-01 9.992972834018044592e-01
9.996948725808287861e-01 9.998571825173210303e-01 9.997926029091038780e-01 9.998267735816982471e-01 9.998829558509602089e-01 9.996805292622022998e-01 9.997504069508348357e-01 9.997168047882001307e-01 9.997136151510686020e-01 9.996730833431268781e-01
9.996749000288402964e-01 9.998618530049425690e-01 9.997565124775631418e-01 9.997180784894403871e-01 9.998336847743461986e-01 9.995330129634489857e-01 9.994347115992491259e-01 9.996436472421956765e-01 9.994108782524604440e-01 9.997900316927110786e-01
9.998079909271678778e-01 9.998450982872321147e-01 9.998136928331812223e-01 9.994687901702131727e-01 9.998301754649382422e-01 9.998309307836659166e-01 9.998346404347554506e-01 9.988087597908509307e-01 9.998729769348908558e-01 9.991759086125410194e-01
