9.998606325157046726e-01 9.998784641450505495e-01 9.994077684042210752e-01 9.998446827487013078e-01 9.997365477649270415e-01 9.999276370741876363e-01 9.997793784240731618e-01 9.996475130701254486e-01 9.998345808662649770e-01 9.996774394571878997e-01
9.997459727664628204e-01 9.996413113970146203e-01 9.998384847303144474e-01 9.999330006465739773e-01 9.998133784024676451e-01 9.997703076686262902e-01 9.998685265835585145e-01 9.998490289951806886e-01 9.998079983107416302e-01 9.997284392324378155e-01
9.996857857057183105e-01 9.998439690520252165e-01 9.998116643639318735e-01 9.995710582378442011e-01 9.994973004444124287e-01 9.998123021645081154e-01 9.997243163982950653e-01 9.997029965077375291e-01 9.998253504196970010e-01 9.997774168851066845e-01
9.996408833460534993e-01 9.997677392255105433e-01 9.991603898550420748e-01 9.998300192302239653e-01 9.996336341570309925e-01 9.995831120458231744e-01 9.997227528533527696e-01 9.998442856826641467e-01 9.994724637939127465e-01 9.998387454057438006e-01
9.996620496469597050e-01 9.997370670641673174e-01 9.997634641076189599e-01 9.995181262818494394e-01 9.997372297188753532e-01 9.994798981989553299e-01 9.996553969634717207e-01 9.998999744259851052e-01 9.998573320743950887e-01 9.996599353887961614e-01
9.998358916379475048e-01 9.997940749693667861e-01 9.995783373992374043e-01 9.997647406053415953e-01 9.997748342727267312e-01 9.996400750591285522e-01 9.996714476768678859e-01 9.997771660477388078e-01 9.997588921488537173e-01 9.998397146238234834e-01
9.997906299964517407e-01 9.995126521353961957e-01 9.997903828660542613e-01 9.998254269900469504e-01 9.997269794057014325e-01 9.995818665401817738e-01 9.998070548448249051e-01 9.998090598939917140e-01 9.997771441361754663e-01 9.995528470779492247e-01
9.997431584279107275e-01 9.998184242508145747e-01 9.996577251913100204e-01 9.997807428256989537e-01 9.998298407923696951e-01 9.997398950039992904e-01 9.982640956950439293e-01 9.999118985317134722e-01 9.996953993308863584e-01 9.994478529155715885e-01
9.999520421457310793e-01 9.998405654036450763e-01 9.998014440349733967e-01 9.997780751925821052e-01 9.998220503569041906e-01 9.998397341773793690e-01 9.998595392272613402e-01 9.998285808640284822e-01 9.994759633965100143e-01 9.998545084026567720e-01
9.999247135353555027e-01 9.998026668074867507e-01 9.997590049669854428e-01 9.997870887020440245e-01 9.996115233606621686e-01 9.991527048587458548e-01 9.998720146866119096e-01 9.998639490256340245e-01 9.996712866296102451e-01 9.997981207358221933e-01
9.997336304056396727e-01 9.997439350614543141e-01 9.997151162822007775e-01 9.999457400613678271e-01 9.995404095964902647e-01 9.998267580684621070e-01 9.998513053883887336e-01 9.996616367130362057e-01 9.998453457929358246e-01 9.995135000036831086e-01
9.997195298154615273e-01 9.992840505998881184e-01 9.997409827808815264e-01 9.998746986751680943e-01 9.998412341550432236e-01 9.998663943421830513e-01 9.998586085477546570e-01 9.992553409009722332e-01 9.999216584329753132e-01 9.998213803243174436e-01
9.997004190482422503e-01 9.997825510683258088e-01 9.998461975084960152e-01 9.999401218346103404e-01 9.996023743473581025e-01 9.997733713169758563e-01 9.998510805968703341e-01 9.998445847937800224e-01 9.998304739103617278e-01 9.998518573688222055e-01
9.998371955643318154e-01 9.995631898381867053e-01 9.998096333183914552e-01 9.997692628773436896e-01 9.997664931565293234e-01 9.997611236655092881e-01 9.999400907125344240e-01 9.998586944762376527e-01 9.995080077394180584e-01 9.997973149520734681e-01
9.997129145658137928e-01 9.998708575852802705e-01 9.998226623424761872e-01 9.995793525842404659e-01 9.992847498097459091e-01 9.998100831497127583e-01 9.997783642953810279e-01 9.997360733969188340e-01 9.988654177184643768e-01 9.998205652281713096e-01
9.998732475013314414e-01 9.998419884581812855e-01 9.989965841243364508e-01 9.996875618271847674e-01 9.998939215895337185e-01 9.993481474136927112e-01 9.985728639118391925e-01 9.997081263233811299e-01 9.972372251114111075e-01 9.987000810843122967e-01
9.996381484985199517e-01 9.998050832583117442e-01 9.998458067731741394e-01 9.998094298485449283e-01 9.991902744165866990e-01 9.998026363077548995e-01 9.971701823957886957e-01 9.997111250333141630e-01 9.998382884596581643e-01 9.996462993817201159e-01
9.998980064083700103e-01 9.997055039158809775e-01 9.993167222688524864e-01 9.998713790013551428e-01 9.997612489523591828e-01 9.998227798934082866e-01 9.995355657248683467e-01 9.998891537176542998e-01 9.997941697927027471e-01 9.998780168766034926e-01
9.996028281391218240e-01 9.979400371858919705e-01 9.999001460438904365e-01 9.998421443621933191e-01 9.995080026866645095e-01 9.997967705216567191e-01 9.998826900953489139e-01 9.997648647702720437e-01 9.998763239773393874e-01 9.998232948424067290e-01
9.998641881521420638e-01 9.993435360409903545e-01 9.998284095273145544e-01 9.996763544133052681e-01 9.996747179787927040e-01 9.998459746508933099e-01 9.996670380710387382e-01 9.991590721619552085e-01 9.998695851135216417e-01 9.998511903857785210e-01
9.993936457077160496e-01 9.993872707639039898e-01 9.998602445588616883e-01 9.998095552504113748e-01 9.998587586193934396e-01 9.998856122669903534e-01 9.992659325696109374e-01 9.997609878614346357e-01 9.998515572540573881e-01 9.999194584624387927e-01
9.998431148313868810e-01 9.997114892855045731e-01 9.998575435504046816e-01 9.998038531111667071e-01 9.997736435874841066e-01 9.996738056217163715e-01 9.997925250712170753e-01 9.998313866532113625e-01 9.996005936465828245e-01 9.997377731472708584e-01
9.996518024122311719e-01 9.996491665060622811e-01 9.998336864081074360e-01 9.998044712704334813e-01 9.998594910127023283e-01 9.997112867781193790e-01 9.998263927080757174e-01 9.996489775764514363e-01 9.997564668818029743e-01 9.998083821469184729e-01
9.996925817151707250e-01 9.996181363817527865e-01 9.998616637717254729e-01 9.994010747228077030e-01 9.998629083408476781e-01 9.992009576318063857e-01 9.997445570242441404e-01 9.996718008313837389e-01 9.994870463353395795e-01 9.997614246752929423e-01
9.997708821893862563e-01 9.998269874694462045e-01 9.996558512870192814e-01 9.993141096359408060e-01 9.996734888259198870e-01 9.999039421253395066e-01 9.997593330502221320e-01 9.997816575508456927e-01 9.995305207108492462e-01 9.996059384326444475e-01
9.998790862786683942e-01 9.995285927834371975e-01 9.996901201173891138e-01 9.997577444845964223e-01 9.998003325750473014e-01 9.999055011814735883e-01 9.997633793028330995e-01 9.998287580332959612e-01 9.997614586316440066e-01 9.998173139265000842e-01
9.996828036963177899e-01 9.998270236714202897e-01 9.997551625080485227e-01 9.996067942285767893e-01 9.998889297483772864e-01 9.994058538594140506e-01 9.997716401768682593e-01 9.994256688138872802e-01 9.995111512939123255e-01 9.996167699977964727e-01
9.995839895920566320e-01 9.996340380474092457e-01 9.997786321484380956e-01 9.997337692277701304e-01 9.997851783462231579e-01 9.998016342724398431e-01 9.996007057194274958e-01 9.998399298802701507e-01 9.998369658236148094e-01 9.996584698825049520e-01
9.997214443318206412e-01 9.997880565439847267e-01 9.998966488976243072e-01 9.999067176139130320e-01 9.997127553567657365e-01 9.997362828835890669e-01 9.999075866502887822e-01 9.996308418913043559e-01 9.996753606677780679e-01 9.998363631676229213e-01
9.997535447624477101e-01 9.996211605381971621e-01 9.997348692227641109e-01 9.997223054043203883e-01 9.997746751134197751e-01 9.994257238743056160e-01 9.964227209179766787e-01 9.990786568880959395e-01 9.997449839219770817e-01 9.995447351594672902e-01
9.995042569298290269e-01 9.998338491855045529e-01 9.997619413254069665e-01 9.997381696419349595e-01 9.998498474262091928e-01 9.997196373368225641e-01 9.998018580968084379e-01 9.998244982342960885e-01 9.998498337215114828e-01 9.997891446643811797e-01
9.999016560637101758e-01 9.998729156912687932e-01 9.998341682533157249e-01 9.997933275003946241e-01 9.998384652947002182e-01 9.997593274913745276e-01 9.998051726279140183e-01 9.993939789458120559e-01 9.999314467985537247e-01 9.996595616158333586e-01
9.998798908525297069e-01 9.996450646299567255e-01 9.996869987502619015e-01 9.997329678263825459e-01 9.996451278793543338e-01 9.996403815944076010e-01 9.999138035524320900e-01 9.998252162524507991e-01 9.997400333668784445e-01 9.995600056360357533e-01
9.997887611382917372e-01 9.996867706104179963e-01 9.997411540974401323e-01 9.999132236041619048e-01 9.998135038133512120e-01 9.997815586126117537e-01 9.997801824440524232e-01 9.996420428773188371e-01 9.998258288411657757e-01 9.998896742731657739e-01
9.990391837242644790e-01 9.998136186654734692e-01 9.996927372597742556e-01 9.998458875754424602e-01 9.996551044767022498e-01 9.996906642770552187e-01 9.992903914274995358e-01 9.994079928196267781e-01 9.998401796384942530e-01 9.998105877984913015e-01
9.998145363635060345e-01 9.998207563627904415e-01 9.993793214101917011e-01 9.997852828724507201e-01 9.998392049068217657e-01 9.997193304598874786e-01 9.998428854586447478e-01 9.996303054658047804e-01 9.997740497282242567e-01 9.998148269514923747e-01
9.990176754359701983e-01 9.996191400800228388e-01 9.997631147608398994e-01 9.994261887384612297e-01 9.997756102907432441e-01 9.991985762707281671e-01 9.999152935078398086e-01 9.997316588279411276e-01 9.995602957962235191e-01 9.998944187566789488e-01
9.997002555433027737e-01 9.993737077439143190e-01 9.993448636053281486e-01 9.995596131493251768e-01 9.998036107084296020e-01 9.999162758386485050e-01 9.997366226680196588e-01 9.998284981647490577e-01 9.998064231764656196e-01 9.996941066114626295e-01
9.999364693375715207e-01 9.999084621948833851e-01 9.997578710704108085e-01 9.999010878749993170e-01 9.999067082077651714e-01 9.998906133496829884e-01 9.998837890616505408e-01 9.993521897350088334e-01 9.998251936908685300e-01 9.997858509718893227e-01
9.998013768052912420e-01 9.998854632741729365e-01 9.994602161635169901e-01 9.999351594077734440e-01 9.997858915982686945e-01 9.997877633195682012e-01 9.998031804986433624e-01 9.998377751945835001e-01 9.997592419874192782e-01 9.998698656505435878e-01
9.987823337594394779e-01 9.997897610770772880e-01 9.996905551956195568e-01 9.994370738886676486e-01 9.995217112384432445e-01 9.997578951362314781e-01 9.996030232771153656e-01 9.996643299913124947e-01 9.995917917666615748e-01 9.998574818369198036e-01
9.998843994412687231e-01 9.995519157832954971e-01 9.997788861050993514e-01 9.998145152800144153e-01 9.998743311297425551e-01 9.996129494084718958e-01 9.997872156579363789e-01 9.996223048436904124e-01 9.997072966374455083e-01 9.997078809786122955e-01
9.997261671671333616e-01 9.998017171694186800e-01 9.997567367145753225e-01 9.993340825081247214e-01 9.997668002213313532e-01 9.995668440266833876e-01 9.997674794124939979e-01 9.998489911354954129e-01 9.997305596873907740e-01 9.998008234202577782e-01
9.995115668034048051e-01 9.998199808946726108e-01 9.996827132375188940e-01 9.998313936365318400e-01 9.997955871458512611e-01 9.978851652067203259e-01 9.995518101385926224e-01 9.998081156591219765e-01 9.998474465155288149e-01 9.988914434981047696e-01
9.998134348862384169e-01 9.996953215515780311e-01 9.998136857715581582e-01 9.998741408518180274e-01 9.998348721083449853e-01 9.997011384486428343e-01 9.997824805525876712e-01 9.998646397869298541e-01 9.996922978796703996e-01 9.994341188057651593e-01
9.993412232714313781e-01 9.996563781595412257e-01 9.998252175840494083e-01 9.998217951605297138e-01 9.996497742365130224e-01 9.995203935093843750e-01 9.996971700809876848e-01 9.997579155580688104e-01 9.997962519712468854e-01 9.996884856477208370e-01
9.997355086140967684e-01 9.998632030233143286e-01 9.998059146632908289e-01 9.996382340051612747e-01 9.999254969421840222e-01 9.991711596499991410e-01 9.998271133060009364e-01 9.997964306494200315e-01 9.997361087076105379e-01 9.992937326366505557e-01
9.998669032834042181e-01 9.994143933596000284e-01 9.999017263342477868e-01 9.996273449410100209e-01 9.998501273516151588e-01 9.996242764661449343e-01 9.995477681747383381e-01 9.991156356012700357e-01 9.998444697903828837e-01 9.994898790790223142e-01
9.997266425467362660e-01 9.998175447662298598e-01 9.999213107407094459e-01 9.997577982053266199e-01 9.991654887135805740e-01 9.994992776605912121e-01 9.998578491074702201e-01 9.998026302479539051e-01 9.995236023234609357e-01 9.990512952017743808e-01
9.997999791176375162e-01 9.997577286308718669e-01 9.997104911294223406e-01 9.998849247306706989e-01 9.996666603261964434e-01 9.997264423490993535e-01 9.994800270246175788e-01 9.996372755830887913e-01 9.998593792971198768e-01 9.998352369715984844e-01
9.998384554100349098e-01 9.998407364071042469e-01 9.998600211052669495e-01 9.998536634073021956e-01 9.997799306176066159e-01 9.997796482919935057e-01 9.998499037494544828e-01 9.997860347188209929e-01 9.998404539712806294e-01 9.995907178463290244e-01
9.998445606610140146e-01 9.996525253995376392e-01 9.996055123396861974e-01 9.997699453737459718e-01 9.994738622404377715e-01 9.997761224148313808e-01 9.998327490294893760e-01 9.998933658947399827e-01 9.996422210427113875e-01 9.998873132765374594e-01
9.999468059587131030e-01 9.998995111796684654e-01 9.997428932333681795e-01 9.997377267493469111e-01 9.998640177512742033e-01 9.999402130918241260e-01 9.994202348246594703e-01 9.996409431790579392e-01 9.998581484702279143e-01 9.990434479402333645e-01
9.996414712769451372e-01 9.999311870321004880e-01 9.998353741560166430e-01 9.997875811512582089e-01 9.998788151132181889e-01 9.995705446997127375e-01 9.997703894335921992e-01 9.994747429372302649e-01 9.998487340672614909e-01 9.996187003140731830e-01
9.998156544330130124e-01 9.990819452675309131e-01 9.997726332091492196e-01 9.998613779848158911e-01 9.997480245229452001e-01 9.992900060022575914e-01 9.998021869967254061e-01 9.996159050015681613e-01 9.997097759864671529e-01 9.997317389198997484e-01
9.994690320900565528e-01 9.995492744391187845e-01 9.998655086453915875e-01 9.997506616487771280e-01 9.997954000589457380e-01 9.996837653041472649e-01 9.998372770124474007e-01 9.997903095856691680e-01 9.998973635087042844e-01 9.996993682400543424e-01
9.993645779775676141e-01 9.998451319175345464e-01 9.998913060157936794e-01 9.998211978706457170e-01 9.996817804528768114e-01 9.998181459173917096e-01 9.995475472412626017e-01 9.994100930785194681e-01 9.998565161445096550e-01 9.997625070740817632e-01
9.998060177373940816e-01 9.995065805530511938e-01 9.997675840118335211e-01 9.997861386095157066e-01 9.998017251955744200e-01 9.999258306858203049e-01 9.997401443624434059e-01 9.998657556529507717e-01 9.998091895714955601e-01 9.997998116000978985e-01
9.999556000189987470e-01 9.997761030745120348e-01 9.993403066388190092e-01 9.997699610006665072e-01 9.990037996298912759e-01 9.997240384755295972e-01 9.997875090944641219e-01 9.997083218433400198e-01 9.998975365768992818e-01 9.996508481490521403e-01
9.995353612506073793e-01 9.997857050215747110e-01 9.995963644782855928e-01 9.997563880447796203e-01 9.995160349898841723e-01 9.999312817487080451e-01 9.997587254971996851e-01 9.996540338122614777e-01 9.994987790425738927e-01 9.997294061109636143e-01
9.997869838462594139e-01 9.999030796999975879e-01 9.998143826291809866e-01 9.993925234651366285e-01 9.995769655522762642e-01 9.997368099497069283e-01 9.995260844690632140e-01 9.996243486167188941e-01 9.997966519662627727e-01 9.998416537642704771e-01
9.997384554510240218e-01 9.998120668274574907e-01 9.997756789204820249e-01 9.997999715778397301e-01 9.999141232497211762e-01 9.992411339733568987e-01 9.998891350518953614e-01 9.999043168400166826e-01 9.996765462923941081e-01 9.996238461334205905e-01
9.998360569071997883e-01 9.998607361723714781e-01 9.998490102542938462e-01 9.997770784485550122e-01 9.997595809987478432e-01 9.995044933328683934e-01 9.991176821863423374e-01 9.997544106637418215e-01 9.993021688417035309e-01 9.998966037763622472e-01
9.999165092597167570e-01 9.994466280368297095e-01 9.994595139728206235e-01 9.998314322201287130e-01 9.997885686472923750e-01 9.998111674251600745e-01 9.997964099331866361e-01 9.998736609103974216e-01 9.998020254482062885e-01 9.998418310120750219e-01
9.998115152372436532e-01 9.995684193648669558e-01 9.996951631537047689e-01 9.993244153076390468e-01 9.996322678289731867e-01 9.996890905461384147e-01 9.996718264886299554e-01 9.998729652279780833e-01 9.997159838999265524e-01 9.997748063939860819e-01
9.995555827855110431e-01 9.997521689194832639e-01 9.998806553631763849e-01 9.997393156593563646e-01 9.997445056248578377e-01 9.997810671418119188e-01 9.989324579569407447e-01 9.997850067222375792e-01 9.997270680918948216e-01 9.999013735472124242e-01
9.998094881672630052e-01 9.997587947478250303e-01 9.997827390707525463e-01 9.998886375860612796e-01 9.996685786310718358e-01 9.993545911394767778e-01 9.999145772244993902e-01 9.998926637455597399e-01 9.998695075698139645e-01 9.996913054977711877e-01
9.999184870391387703e-01 9.998622291026328934e-01 9.997380046746628945e-01 9.997586882921788431e-01 9.997972760565978501e-01 9.996914320129354214e-01 9.997520717328827189e-01 9.997078628005033885e-01 9.998616117108318768e-01 9.997881954519090009e-01
9.997670956076676330e-01 9.997188157702409095e-01 9.997286661008286668e-01 9.997646109222123600e-01 9.995590001608057884e-01 9.998960593993100332e-01 9.997084151081561121e-01 9.995472899961231894e-01 9.996861749288717958e-01 9.996899310128249949e-01
9.999119455841541937e-01 9.993430831629720457e-01 9.995162283275955684e-01 9.998902216449201408e-01 9.998455270115678140e-01 9.996435577042808163e-01 9.996831738271498846e-01 9.998925958799911307e-01 9.997775897834308978e-01 9.994525557132832860e-01
9.997596311614521669e-01 9.998563906461752637e-01 9.998584313743087426e-01 9.998500637270422153e-01 9.998404643041223228e-01 9.994898515361207991e-01 9.995868362141892005e-01 9.997766457154715347e-01 9.998560236036496685e-01 9.997992106781768973e-01
9.997078787361446395e-01 9.997168142374297517e-01 9.997260461097152717e-01 9.996267061041579360e-01 9.995644614828712582e-01 9.998656521019250176e-01 9.997808773791809767e-01 9.997297016716766294e-01 9.997170602559343200e-01 9.995141090180212906e-01
9.998056216787211126e-01 9.998546473958110914e-01 9.997880561640996033e-01 9.997935154924425527e-01 9.996270183702933299e-01 9.997462317182959080e-01 9.998658118424659236e-01 9.997821724173668878e-01 9.998313060624706150e-01 9.997228874289982858e-01
9.998555616231559195e-01 9.997646287107363472e-01 9.997563501519174389e-01 9.997471269854875109e-01 9.986723197829159293e-01 9.998868740618367390e-01 9.997196919604020016e-01 9.997172970225034483e-01 9.998783304508367387e-01 9.998136967760202776e-01
9.997114735982983724e-01 9.998085196358955651e-01 9.998952647055033838e-01 9.998468511293003846e-01 9.993851697315964122e-01 9.998207483914368643e-01 9.998797084891120068e-01 9.997001728951562249e-01 9.998487926534711523e-01 9.998956825465169507e-01
9.997550047273585649e-01 9.997418977643640625e-01 9.998203725590287805e-01 9.998035439332465524e-01 9.997558883264081597e-01 9.998599660752852669e-01 9.999156555007410185e-01 9.995229897783999284e-01 9.998292717113833605e-01 9.997100206180022930e-01
9.997335871465317103e-01 9.997330306589604643e-01 9.995059377380690613e-01 9.998653156078092241e-01 9.997820934602058562e-01 9.996721180742159651e-01 9.998332604686300806e-01 9.999176277613003316e-01 9.997062027299145059e-01 9.997075609317733758e-01
9.994787544322083495e-01 9.994307386713614516e-01 9.997778446585064982e-01 9.997772423602698799e-01 9.995057822099935319e-01 9.992536780453578071e-01 9.997474471221718950e-01 9.998528784050992879e-01 9.998680688367965752e-01 9.998586610852188139e-01
9.997853172762110052e-01 9.993496354418925920e-01 9.998975081353350669e-01 9.998227115346357552e-01 9.996999755156031897e-01 9.997789118454482038e-01 9.997373363718988770e-01 9.998315055187214639e-01 9.996554564679519528e-01 9.998217923957594122e-01
9.998292304510725259e-01 9.997964779572019456e-01 9.997882568173921403e-01 9.998028548232481549e-01 9.998529220767813364e-01 9.998586932416989592e-01 9.998380397074233539e-01 9.997864312311692814e-01 9.999125285344904190e-01 9.999123219615578817e-01
9.996696080908262783e-01 9.997736001217745194e-01 9.998575079304159452e-01 9.999276227080213797e-01 9.988263152106029441e-01 9.995440777857833581e-01 9.981335023731880973e-01 9.996455563891883944e-01 9.996814051339892870e-01 9.996581512498369237e-01
9.998362186225477899e-01 9.997208978175026184e-01 9.997046442171637626e-01 9.998594480340530222e-01 9.996867369058412001e-01 9.997081302984558437e-01 9.994961264698793979e-01 9.994285511244292985e-01 9.997011621498286260e-01 9.997428537081608502e-01
9.998615562321845340e-01 9.997812316437379998e-01 9.996002846110211282e-01 9.997975270357957189e-01 9.998919416452409781e-01 9.998126275601852964e-01 9.998941751564074387e-01 9.998538273937229715e-01 9.998299742163360149e-01 9.995374547541686638e-01
9.999068536126011209e-01 9.999270139345364239e-01 9.998032145881149413e-01 9.998071658453231425e-01 9.998516105562497147e-01 9.999537890871779133e-01 9.999123352459069469e-01 9.995313204909307414e-01 9.996330294915465320e-01 9.997915167227626743e-01
9.998591332364762385e-01 9.995012786485761858e-01 9.998972462906897674e-01 9.999165482995331367e-01 9.998773438514868550e-01 9.998250227023265380e-01 9.998536352836012719e-01 9.995916279227662349e-01 9.998865056590970912e-01 9.998431043001307916e-01
9.993649844797444226e-01 9.995019736588138803e-01 9.997195836546824976e-01 9.998609441440765577e-01 9.998701029005065966e-01 9.998111158647693397e-01 9.997203475114190274e-01 9.998246636716570102e-01 9.994006859531893161e-01 9.990252915120767518e-01
9.996377868810071288e-01 9.994538165049865475e-01 9.997362247836663052e-01 9.997184241750712852e-01 9.997219371849456193e-01 9.996839013593378231e-01 9.997895850090623426e-01 9.996241831996383054e-01 9.996613613203940707e-01 9.998707578439625099e-01
9.998133274576663787e-01 9.997325614782556213e-01 9.997960699987369360e-01 9.999155635329274316e-01 9.997972537522072933e-01 9.998417321814571102e-01 9.997201529123622699e-01 9.998071232489020854e-01 9.996616639073329091e-01 9.998535537461411549e-01
9.989635560423338889e-01 9.997708563067696508e-01 9.998487655751525649e-01 9.998190500151092897e-01 9.998152258559616090e-01 9.998580772942659012e-01 9.998561316243770314e-01 9.998226337328389723e-01 9.998674311447466323e-01 9.999345691470572506e-01
9.995104275607225031e-01 9.998362542572224454e-01 9.997262159893760547e-01 9.998325343362135520e-01 9.997182818540164551e-01 9.998616381468921066e-01 9.997652419888423125e-01 9.991889927586564690e-01 9.986930905037064710e-01 9.995361278915027015e-01
9.997932681651567899e-01 9.995835126252565761e-01 9.997717254552818122e-01 9.995327451936378838e-01 9.998893458802938783e-01 9.998042321998045212e-01 9.995237247564419114e-01 9.998092699236166281e-01 9.995626093823719582e-01 9.998553200849157330e-01
9.997838235618116132e-01 9.997821500164304487e-01 9.995845146417394744e-01 9.998131857130443390e-01 9.987845645578337095e-01 9.998453743593016529e-01 9.996432495554633535e-01 9.997631785213657585e-01 9.998317471925945998e-01 9.991227739232414473e-01
9.995624647946271812e-01 9.992759278031116965e-01 9.996741048556347931e-01 9.998897262868778890e-01 9.998267080986765754e-01 9.998616406488938235e-01 9.998733482404152939e-01 9.997704335904531447e-01 9.997549257446390891e-01 9.997442386350422483e-01
9.996899105448123768e-01 9.996027664188734674e-01 9.997933723689239605e-01 9.996902245684095023e-01 9.996626511300850115e-01 9.998445430265189282e-01 9.997282411882636444e-01 9.997106123115038212e-01 9.997180788388657646e-01 9.999246516262144668e-01
9.998715591524717228e-01 9.998593663679495869e-01 9.999083019115171389e-01 9.997640220235907149e-01 9.998002685142576285e-01 9.998310312895812846e-01 9.996765774472886612e-01 9.996839898778805411e-01 9.995271600882708052e-01 9.997832413886724723e-01
9.997233104876301901e-01 9.997226745532920011e-01 9.994939300024137108e-01 9.995967128497673659e-01 9.998936834897342862e-01 9.995241292375733888e-01 9.998256653074111266e-01 9.996296936374585718e-01 9.997795288123384472e-01 9.995575882511211763e-01
9.998809147377623052e-01 9.997605334865674598e-01 9.997343984077359247e-01 9.998601304746946861e-01 9.997710254892124837e-01 9.986181955643316233e-01 9.997597809759113385e-01 9.998197654184408645e-01 9.994787860953803227e-01 9.998660620597401572e-01
9.998819477879570261e-01 9.997299235520527017e-01 9.998486627386654613e-01 9.995001504135574422e-01 9.997450086712026396e-01 9.998150597223979252e-01 9.996192898895098766e-01 9.997722486617574011e-01 9.996949057545830852e-01 9.998508128689179708e-01
9.997303663351262415e-01 9.999102705901388166e-01 9.998854226575399906e-01 9.999013984289023549e-01 9.997944863055792108e-01 9.997948563500187458e-01 9.995751157685357491e-01 9.998102950125443700e-01 9.987987933138977592e-01 9.998030764023932981e-01
9.997640890144907644e-01 9.996099623132509437e-01 9.999145713994521678e-01 9.998146040139576085e-01 9.998005937141227761e-01 9.996835871191196432e-01 9.995335339563055088e-01 9.996986810515645638e-01 9.997704264540244745e-01 9.996857864736194976e-01
