9.996836152279541254e-01 9.996104898820353801e-01 9.997050050414165723e-01 9.996388773808123629e-01 9.997161947630478496e-01 9.996698825501422192e-01 9.996947199218348956e-01 9.995915020073492530e-01 9.995932394503189711e-01 9.996626095492605613e-01
9.995642303608538448e-01 9.997178111757812902e-01 9.996449823673526636e-01 9.997099523299298740e-01 9.996380537493514407e-01 9.995971895093169746e-01 9.996205406032372398e-01 9.996352158736734328e-01 9.996633317924850104e-01 9.995162440161521333e-01
9.996191706832351365e-01 9.996582719655136007e-01 9.996565571408235762e-01 9.996527629874125687e-01 9.996703177512120675e-01 9.996201795570233140e-01 9.996602553120347290e-01 9.995293701344646342e-01 9.996795645762636129e-01 9.996472080168021801e-01
9.996418642283715350e-01 9.996918922284852016e-01 9.997361800179527247e-01 9.997109579883781683e-01 9.996990624826946892e-01 9.996856298287063458e-01 9.996058296680575550e-01 9.994904531361785693e-01 9.995892707156811552e-01 9.997080709310782742e-01
9.996165813181699944e-01 9.996054722148441929e-01 9.996704955597488507e-01 9.995853507815100070e-01 9.996254572091785029e-01 9.996803935675342423e-01 9.995896231279328692e-01 9.996376562869320193e-01 9.995808580434176749e-01 9.995802759582642638e-01
9.996981636483724953e-01 9.995942315221412189e-01 9.996601929362911587e-01 9.997275556702268640e-01 9.996118825176735223e-01 9.996862832170597679e-01 9.996209494077725743e-01 9.992643025833729542e-01 9.995588819372078770e-01 9.996327933422325396e-01
9.997147441053121364e-01 9.995655989427818522e-01 9.995704154317244239e-01 9.996522423426930093e-01 9.996352020127530214e-01 9.997161950005942765e-01 9.996462602233653350e-01 9.995723474944409048e-01 9.996320214050949948e-01 9.994066575451285850e-01
9.996889105598844028e-01 9.997315903011444460e-01 9.995954275115254140e-01 9.994750611672410523e-01 9.996859894051166595e-01 9.996268746003736938e-01 9.996245894618278616e-01 9.996580242075068234e-01 9.995779478325801382e-01 9.994091327524503576e-01
9.995922633240776900e-01 9.996441284834192142e-01 9.995874930646831968e-01 9.995932611047261274e-01 9.996202219290585278e-01 9.996646939629982853e-01 9.995907146040272639e-01 9.995144056817456546e-01 9.996908777471555929e-01 9.995809953741723319e-01
9.995797501571795918e-01 9.996259009621580871e-01 9.996235480753495883e-01 9.995944704332602182e-01 9.997079625117987201e-01 9.996375779361942326e-01 9.997311260883742223e-01 9.996319045376231838e-01 9.996927722031422325e-01 9.995814608218108743e-01
9.995958202600553344e-01 9.996232255882246953e-01 9.996093538144240620e-01 9.995152544915894000e-01 9.997185362446500134e-01 9.996491839231249621e-01 9.996897899725524228e-01 9.996659039110917799e-01 9.996665909829227648e-01 9.995754576290560856e-01
9.996355916494613636e-01 9.996032109404451305e-01 9.995948563759974315e-01 9.996253523700902033e-01 9.996510124260749031e-01 9.996591029338192103e-01 9.996722314087771455e-01 9.996608447436416967e-01 9.995357517381678880e-01 9.996008741929306440e-01
9.996109144111533507e-01 9.996517726302545093e-01 9.996232421919216682e-01 9.996728897840776451e-01 9.996637189948482938e-01 9.996471970031235443e-01 9.996218705772633717e-01 9.996584530101619848e-01 9.996290467998538709e-01 9.995398276393864245e-01
9.996883383214274499e-01 9.995908972217030231e-01 9.996107628818391433e-01 9.997294901539349743e-01 9.996739142994500726e-01 9.997091429518116801e-01 9.996489448675370815e-01 9.995303167306184289e-01 9.994918183866929873e-01 9.996998962735094141e-01
9.996124854433661167e-01 9.996952785226203009e-01 9.996375652137791112e-01 9.996243384234162477e-01 9.995997050028205821e-01 9.996732586662060438e-01 9.996609811141878854e-01 9.996111905888178661e-01 9.996392843059652700e-01 9.996314810068043233e-01
9.996198415055341790e-01 9.996283070258166203e-01 9.994848180032850360e-01 9.996206842917447766e-01 9.995931688016828076e-01 9.996477080616358313e-01 9.996726170567439285e-01 9.997093537536877461e-01 9.995814891592565976e-01 9.996377776074198973e-01
9.996563161756196747e-01 9.995455212346087137e-01 9.996230787540218987e-01 9.995431661948406266e-01 9.995963312564203340e-01 9.995623405600579936e-01 9.996058305701830404e-01 9.996908696163178121e-01 9.994548011494802653e-01 9.995559898738927140e-01
9.996516570498712451e-01 9.996462218510774322e-01 9.996242740653985548e-01 9.996253013789284658e-01 9.996711161785797328e-01 9.996292143491390947e-01 9.996032728459107730e-01 9.996769948574666387e-01 9.996664600907011478e-01 9.996207864851297531e-01
9.996874129041000145e-01 9.996121509578644870e-01 9.996455566730940712e-01 9.997353728992471877e-01 9.997040447356896342e-01 9.996580225223823390e-01 9.996391319561618305e-01 9.997166702711837161e-01 9.996440540748458004e-01 9.996697253284720919e-01
9.995972025456980603e-01 9.995553460170545357e-01 9.995053826917408291e-01 9.996065338827041513e-01 9.995483244993714766e-01 9.996137096722964577e-01 9.996653968599643614e-01 9.996198737480251895e-01 9.996455486845927663e-01 9.996342111920990536e-01
9.995798614857327458e-01 9.997033447819309027e-01 9.996001341265027262e-01 9.996369588174061072e-01 9.996881578714518213e-01 9.996001419771186614e-01 9.995802105639431945e-01 9.996545732103246928e-01 9.996017725063873760e-01 9.996539644235088451e-01
9.996662181399291747e-01 9.995924299208183150e-01 9.996147744561844073e-01 9.996493575028123635e-01 9.996059362531397596e-01 9.995994627903722618e-01 9.996961212686952258e-01 9.995640092962450041e-01 9.995463460282700829e-01 9.996458482353318686e-01
9.996748202914997883e-01 9.995977074905705306e-01 9.995483610230551097e-01 9.996155831974852246e-01 9.996947005029980238e-01 9.996464659652372076e-01 9.996732394151621737e-01 9.996260272567655258e-01 9.995479324996142667e-01 9.996448518257436966e-01
9.996055028639326823e-01 9.997121825417288887e-01 9.995885731579252642e-01 9.995446488793300333e-01 9.997408905415394731e-01 9.996086489418083421e-01 9.996558073620687157e-01 9.996417980847666085e-01 9.996711276066232443e-01 9.995907763072652275e-01
9.996272647530418665e-01 9.995938134803720176e-01 9.997094166016599059e-01 9.995820119123630665e-01 9.996705665049202549e-01 9.996417658216478763e-01 9.996642823942141209e-01 9.995443508930105248e-01 9.996505595771897346e-01 9.997030427354528515e-01
9.995640537439514084e-01 9.996388902895324557e-01 9.996451938765708034e-01 9.996162919006558178e-01 9.995653229818776131e-01 9.996956220626805889e-01 9.996810027111880936e-01 9.996464018533653961e-01 9.997193566862885294e-01 9.996406875393178959e-01
9.996596917546750616e-01 9.995917638459312915e-01 9.996748189807636020e-01 9.996755133269559224e-01 9.996012425427697190e-01 9.995871503101660949e-01 9.997115565652132663e-01 9.995608199503670521e-01 9.987439868131058329e-01 9.996265307360573393e-01
9.995916727418634462e-01 9.996457431879977040e-01 9.996630885918154075e-01 9.996294428798890852e-01 9.996428943327813066e-01 9.997336723162154604e-01 9.996362467072892333e-01 9.996206369137070613e-01 9.996858712834961747e-01 9.995266758635538151e-01
9.995767189620817783e-01 9.996564271061785245e-01 9.995508245586952611e-01 9.996779593194347058e-01 9.996537244105727638e-01 9.997296620626439090e-01 9.995653077870144676e-01 9.997240601258604586e-01 9.997014022483177165e-01 9.996748036892029177e-01
9.995645322258891463e-01 9.997004314747142129e-01 9.996612015706267673e-01 9.996926615237090585e-01 9.997164516951565494e-01 9.996520093665006712e-01 9.996468845735796416e-01 9.996431324321333189e-01 9.996377042497035514e-01 9.995689218443840618e-01
9.996496683819400264e-01 9.995847655413494515e-01 9.995993201965651664e-01 9.996764418875129232e-01 9.996416174747849714e-01 9.996814134962291876e-01 9.997037036004386978e-01 9.997390533214183250e-01 9.997006790882325689e-01 9.995172579946873803e-01
9.996005879237201963e-01 9.994871561147979921e-01 9.995613606008815211e-01 9.996308081784810451e-01 9.996483397144495520e-01 9.996459132603363607e-01 9.996029679916907940e-01 9.995445358983231499e-01 9.995161027436711976e-01 9.996776811306457011e-01
9.997347091689953169e-01 9.996297323998359907e-01 9.996432515664767093e-01 9.995853286242556424e-01 9.996641606126783763e-01 9.996568416506358412e-01 9.996450937040612938e-01 9.996253271470441071e-01 9.996875023072264721e-01 9.996861419654762271e-01
9.996826228790456348e-01 9.996393059967801920e-01 9.995651967359340251e-01 9.995568610814156152e-01 9.996233562670141515e-01 9.996169462952950724e-01 9.996631496460918198e-01 9.995821995863329867e-01 9.995842753660196811e-01 9.995240172050707805e-01
9.997451792622602529e-01 9.995676171547193123e-01 9.995942416840234435e-01 9.994482771895144557e-01 9.996602588702709902e-01 9.996512764428631126e-01 9.996171060240143236e-01 9.995091860197975464e-01 9.996324103185765253e-01 9.996307641738421124e-01
9.996820785345470473e-01 9.996209109786693414e-01 9.996195916201923160e-01 9.995590335965159889e-01 9.995836363740956410e-01 9.996400321479298468e-01 9.995991892521310929e-01 9.997227491507598707e-01 9.996502374701009552e-01 9.996531308818514816e-01
9.996225263058645671e-01 9.995573625301199527e-01 9.995978179603540736e-01 9.996537249366611588e-01 9.995533510875145300e-01 9.996560235050713228e-01 9.996819596069650427e-01 9.996476742556680284e-01 9.996804469982157881e-01 9.996545938821057575e-01
9.996576200346624086e-01 9.996471929836250325e-01 9.997120823345290175e-01 9.995558739506592572e-01 9.995824723091907282e-01 9.996539054174066186e-01 9.996915081359851740e-01 9.996222987099010471e-01 9.994885821582192298e-01 9.996731872579868172e-01
9.995965288762004297e-01 9.996789619044645914e-01 9.996514350377010416e-01 9.996891297914568542e-01 9.995877449175883944e-01 9.996189626733442690e-01 9.996074712542885043e-01 9.996058094921423942e-01 9.996907462241425568e-01 9.996655059899779427e-01
9.996717139249006179e-01 9.995714791694167989e-01 9.996692655358913049e-01 9.995398545645325372e-01 9.996000611070189334e-01 9.996792802049059290e-01 9.996638360881422436e-01 9.996685962122231484e-01 9.996354570498959813e-01 9.996582085287952779e-01
9.996819400049445914e-01 9.996480251689396912e-01 9.996682283180117201e-01 9.995691138452539315e-01 9.994892554514813732e-01 9.995605746877699316e-01 9.995616248053530439e-01 9.995602795709396249e-01 9.996112180076843767e-01 9.996155957697675509e-01
9.996650931963004805e-01 9.996792614787773923e-01 9.997028588311454023e-01 9.996329131919056143e-01 9.997322625954836450e-01 9.995731069794808743e-01 9.995850769047862627e-01 9.996461383589494432e-01 9.996736941354316119e-01 9.996305102580042012e-01
9.995765582358177026e-01 9.996105220805827640e-01 9.996504398156415006e-01 9.995160340517814657e-01 9.996151121512432125e-01 9.996004514542761177e-01 9.995825643697862084e-01 9.995270687004149668e-01 9.996615762812369743e-01 9.995779155823718565e-01
9.996744365605106930e-01 9.996371497024890695e-01 9.995834504244934804e-01 9.995929258922405802e-01 9.995626262524605066e-01 9.997274331003931369e-01 9.996476672941285724e-01 9.997429383474015774e-01 9.996567900232699033e-01 9.995050274169763327e-01
9.996084945168053348e-01 9.996837923367664080e-01 9.996077386261298381e-01 9.996045934914989939e-01 9.996172866700946402e-01 9.995549150231367586e-01 9.997082997251511838e-01 9.996977035788937593e-01 9.995892638992545098e-01 9.997281188529980600e-01
9.996084173542928442e-01 9.997043444820770119e-01 9.996862729177806717e-01 9.996672162801623074e-01 9.997023435331910957e-01 9.996286015910389455e-01 9.997166381325039985e-01 9.996499452250540152e-01 9.995327973562568857e-01 9.995817666723171291e-01
9.996102264416523164e-01 9.996292526280492474e-01 9.996046532090192560e-01 9.996726499146881828e-01 9.996973348021487293e-01 9.995049875221593272e-01 9.997037470152785321e-01 9.996701046550972025e-01 9.996322596860764964e-01 9.996418268371117799e-01
9.996178799661322723e-01 9.996926783673311112e-01 9.996508193213476945e-01 9.996398176968963600e-01 9.996896898020384281e-01 9.996372836782316806e-01 9.996152008310483783e-01 9.996315758672711382e-01 9.995511989447993795e-01 9.996604198586265255e-01
9.996413489594777602e-01 9.996420462664885598e-01 9.995886147944161859e-01 9.995735991812693122e-01 9.996814110366115669e-01 9.996724763433681993e-01 9.996583242619717646e-01 9.996174598641556219e-01 9.996043252519017930e-01 9.997141998634244686e-01
9.996377888787998378e-01 9.995823263485690280e-01 9.996651828317686395e-01 9.996677456833651387e-01 9.995988766783300283e-01 9.995795177165226475e-01 9.996141596963429299e-01 9.996639497185330070e-01 9.996004165061137536e-01 9.995997560807108329e-01
9.996586373046496554e-01 9.996341865005479166e-01 9.996467682898876328e-01 9.996462373609442675e-01 9.996340206689522390e-01 9.996850749171672934e-01 9.997129192385705299e-01 9.996391408182349059e-01 9.995066160861129090e-01 9.994874604741890156e-01
9.996257472802748678e-01 9.995570183516169216e-01 9.996024685447628677e-01 9.996523377967178048e-01 9.996186275831915324e-01 9.996631208079966857e-01 9.996131901934377506e-01 9.995877127020689201e-01 9.995097206712912907e-01 9.995878258155705964e-01
9.996410166065820002e-01 9.996566176241560298e-01 9.996136305775253916e-01 9.997138542906579550e-01 9.996477520701944064e-01 9.995687890213896809e-01 9.996538062204982644e-01 9.996267566844743158e-01 9.996161793789121175e-01 9.995934343784717013e-01
9.996773477431939448e-01 9.995280417841563292e-01 9.995914217827819304e-01 9.996285453113797903e-01 9.996883455411174069e-01 9.997087894444288692e-01 9.996452980556475021e-01 9.996130095728609222e-01 9.996187509157902218e-01 9.995373493484929206e-01
9.995486730770647421e-01 9.995611586938636384e-01 9.997479447319813639e-01 9.996168469656065980e-01 9.995515210695227193e-01 9.995581258710996009e-01 9.996029135740370775e-01 9.996042510319210761e-01 9.994994918828581376e-01 9.996420747083717417e-01
9.996531353353818039e-01 9.995039987034128881e-01 9.995723436929759842e-01 9.997140210187753784e-01 9.996944148923629925e-01 9.996316329644645560e-01 9.996021077632668561e-01 9.996694600513333917e-01 9.995805169440538096e-01 9.995187238144601638e-01
9.996693881237171952e-01 9.995424723678363321e-01 9.996224474419452832e-01 9.996009007698671844e-01 9.996571502066895487e-01 9.996681153842548184e-01 9.996034951792691636e-01 9.996187177313458072e-01 9.995612147156014426e-01 9.996735411443895547e-01
9.995823537063787123e-01 9.995918772996444934e-01 9.996223179238390433e-01 9.996802514659069994e-01 9.996192893135594781e-01 9.996364616187092267e-01 9.996833100051433219e-01 9.997491715441392257e-01 9.996010951718601323e-01 9.996115701184727920e-01
9.996610078855844295e-01 9.997296292724999756e-01 9.996758786895520998e-01 9.995957142752395219e-01 9.996173905555851835e-01 9.996309437917096918e-01 9.996741759633164248e-01 9.996502125845989628e-01 9.995932232335174028e-01 9.995781359174362724e-01
9.995643587154092735e-01 9.996097316379733977e-01 9.996081655443650460e-01 9.996857038009566709e-01 9.995451583532852791e-01 9.996487916479172009e-01 9.995493856139597844e-01 9.996005417205729993e-01 9.996599527063753099e-01 9.995610470459485031e-01
9.995801750442839806e-01 9.996404182440478126e-01 9.996957964707203770e-01 9.995715987564098848e-01 9.995981790956284252e-01 9.995663088178627920e-01 9.996053370036218633e-01 9.995840043768102756e-01 9.996332902818805266e-01 9.995787497296743096e-01
9.996499893375345724e-01 9.997134059699643860e-01 9.996700101331417176e-01 9.996410369940560425e-01 9.996916713701159418e-01 9.996863490182344991e-01 9.996624645708617196e-01 9.994533861234297101e-01 9.996080510804280506e-01 9.995398999364575321e-01
9.995467880813418970e-01 9.995484376023211492e-01 9.996551106296774902e-01 9.996348505414247576e-01 9.996467019526050768e-01 9.995953724491255521e-01 9.996146708125720481e-01 9.996419916588414889e-01 9.996495797759642477e-01 9.996247332927521434e-01
9.996981233114826670e-01 9.995420961950335359e-01 9.996923954354572928e-01 9.995874069922888738e-01 9.996163820876522443e-01 9.995804230162583792e-01 9.995864426046896511e-01 9.996601229876848071e-01 9.996838255404187912e-01 9.997522237034784931e-01
9.995675775712071776e-01 9.996732856573944392e-01 9.996383472418153282e-01 9.996315707787322147e-01 9.996691585488425291e-01 9.996418151268646746e-01 9.996615878688117629e-01 9.996898048988830388e-01 9.995815668902167106e-01 9.995470947942034501e-01
9.996189666025327991e-01 9.996817553432475467e-01 9.996808584414480503e-01 9.996261332679434730e-01 9.996832685481619185e-01 9.996045452809242393e-01 9.995832077444811725e-01 9.995053596592723411e-01 9.996698584500512963e-01 9.996346985610624625e-01
9.997261386796537641e-01 9.996493488303301866e-01 9.996330507030413148e-01 9.995448501654603524e-01 9.996885972627336248e-01 9.996224804762346983e-01 9.996614088105698626e-01 9.996522583128641948e-01 9.996528190311458895e-01 9.996054518094728003e-01
9.995552115090488021e-01 9.996906151778270910e-01 9.995686474904411645e-01 9.996462402677462888e-01 9.996085179786176056e-01 9.996170280180597389e-01 9.996700353269610817e-01 9.995842168376997128e-01 9.996285463483228773e-01 9.996508267749038001e-01
9.995477442387684652e-01 9.996486422854132803e-01 9.996261469094379626e-01 9.996825765593256863e-01 9.996453711947920207e-01 9.996636097319026026e-01 9.995979422198950637e-01 9.996676843421820058e-01 9.994658074065164710e-01 9.995613199555851702e-01
9.996352891809400232e-01 9.996367839944700906e-01 9.997149042142058351e-01 9.996080085347238686e-01 9.995957974416453951e-01 9.996732285595101297e-01 9.996669023734598980e-01 9.995657145050336201e-01 9.995569681211874391e-01 9.995943885136970852e-01
9.996517282041086361e-01 9.995920862125263762e-01 9.994979720492406239e-01 9.995428975524105475e-01 9.995884776605430400e-01 9.996735211877086913e-01 9.997333277144957453e-01 9.996101445637017857e-01 9.995876888128130133e-01 9.996451802401539188e-01
9.996593839576540796e-01 9.995368942461413386e-01 9.997737890289993823e-01 9.995270699832630168e-01 9.996862786354837604e-01 9.996353470539759423e-01 9.995342710020477250e-01 9.996124623543278798e-01 9.996455178216554494e-01 9.996340848086596731e-01
9.996460074418376252e-01 9.996414706694258800e-01 9.996011893418799144e-01 9.995527920230924401e-01 9.995729105716769647e-01 9.996606462817699823e-01 9.995796420458441522e-01 9.997196415278593040e-01 9.996797359458060583e-01 9.996334847411175728e-01
9.995845910111411659e-01 9.995469478003969899e-01 9.995754067177032853e-01 9.996474769027002827e-01 9.996426009049542705e-01 9.996318124678216233e-01 9.996387023166287689e-01 9.994828423190893485e-01 9.996682396968593620e-01 9.996776398920211859e-01
9.997030176459711370e-01 9.996004970681923174e-01 9.996320857229534784e-01 9.996544418021482414e-01 9.995869378990134280e-01 9.997003195365306016e-01 9.997078849170767390e-01 9.996531633944741868e-01 9.996204871566872763e-01 9.996563477163328271e-01
9.994944755072308062e-01 9.996036418804669088e-01 9.996260188290508886e-01 9.996346981562607148e-01 9.996880012167806973e-01 9.997284999442476172e-01 9.996386593422786904e-01 9.995660845466585176e-01 9.996449401529385881e-01 9.996700122673032318e-01
9.995914365309218619e-01 9.995667140868678135e-01 9.996913927403193734e-01 9.996565913832932138e-01 9.995804799343661617e-01 9.996582402304790005e-01 9.997175510572969825e-01 9.996859803368289832e-01 9.996419484922220988e-01 9.995847457080609955e-01
9.997200932737954071e-01 9.996633750084550352e-01 9.995854297094283192e-01 9.996924671069360446e-01 9.995209555952900837e-01 9.996654282715317086e-01 9.996317540967819548e-01 9.997021083273236464e-01 9.996026429710969108e-01 9.996661795652912463e-01
9.996585811981225644e-01 9.995822657326239868e-01 9.996755253525088092e-01 9.996369638732814922e-01 9.996095755057478049e-01 9.996116275033590792e-01 9.995092362666999630e-01 9.995781205579118422e-01 9.996719160682643324e-01 9.996128343468441146e-01
9.996085041677130745e-01 9.996193073457321221e-01 9.996711640440194557e-01 9.980698364594192684e-01 9.996202886536097454e-01 9.996029805294284198e-01 9.995464907402334953e-01 9.995909202133177462e-01 9.996898092975284866e-01 9.996506084820063753e-01
9.996497344427796028e-01 9.996990731973560695e-01 9.996409042615943541e-01 9.996490778035083125e-01 9.996800194390574879e-01 9.996398949219910124e-01 9.997090167384082848e-01 9.996564616743336407e-01 9.996495769988643643e-01 9.996828821369845297e-01
9.996748418997829511e-01 9.996168135864990090e-01 9.995103005607846036e-01 9.997099651678329479e-01 9.996169775980741079e-01 9.997138818173110231e-01 9.996480214423424382e-01 9.996296004230456056e-01 9.996824667991744962e-01 9.997154819162780148e-01
9.995416670370733669e-01 9.995525041552179024e-01 9.996464928142788642e-01 9.996652874601024141e-01 9.996874286344824556e-01 9.995411315546122166e-01 9.995921317088611868e-01 9.996431016735149999e-01 9.996825358176509857e-01 9.996596370680853605e-01
9.996460488321690097e-01 8.088228263051915334e-01 9.996447736625367897e-01 9.996620819971789862e-01 9.995292112905406201e-01 9.996034672577214231e-01 9.995906400344118925e-01 9.995509918952700801e-01 9.996872416917521598e-01 9.996277600669203345e-01
9.995905507779047072e-01 9.996653940517103987e-01 9.995547473557410134e-01 9.997254075190515898e-01 9.996420500092458861e-01 9.996046970236527329e-01 9.996028667249607924e-01 9.996667977138441463e-01 9.996699789430049110e-01 9.996186212451364517e-01
9.996829531213126119e-01 9.995432409400155649e-01 9.996795203043395972e-01 9.995949556859905494e-01 9.995686232653442360e-01 9.995292737674518202e-01 9.996538211425946008e-01 9.996504281176397111e-01 9.995166763967472390e-01 9.995707066820581632e-01
9.996641296326299608e-01 9.996634315389844039e-01 9.996823124770163327e-01 9.997424667810218546e-01 9.994942264635515716e-01 9.996149577674313669e-01 9.997297521351974359e-01 9.996777310324240773e-01 9.997569133483562576e-01 9.996984700107066635e-01
9.995768005602575501e-01 9.995281986019947107e-01 9.996318896656296582e-01 9.996177501756341455e-01 9.996396730140827414e-01 9.996989651977075120e-01 9.996730797130772839e-01 9.995173734084691342e-01 9.996086623442330676e-01 9.996438878724543953e-01
9.996744966159478718e-01 9.995596973818983155e-01 9.995951470474588874e-01 9.996523376292639762e-01 9.996421030853313017e-01 9.997022796278604018e-01 9.996492157040771653e-01 9.997343098077036139e-01 9.997158718596709237e-01 9.996185888293511734e-01
9.996378998519117598e-01 9.996436146868739048e-01 9.996330445042177493e-01 9.996388260832910211e-01 9.996566213352284791e-01 9.997000105312138230e-01 9.995752027744951862e-01 9.995880930016234345e-01 9.996624448282926956e-01 9.995157625015366198e-01
9.996216450978405721e-01 9.995246697257386126e-01 9.995980750481512356e-01 9.995440891526724547e-01 9.996933765054024645e-01 9.996523284415009813e-01 9.996685567025623831e-01 9.996867661124770876e-01 9.997018043053006453e-01 9.995917878647793131e-01
9.995804329435472591e-01 9.996668012097387201e-01 9.996450228958255746e-01 9.995896206325168842e-01 9.995648048162780741e-01 9.997162217598666301e-01 9.997052215760969807e-01 9.996284932168048032e-01 9.996931007393246027e-01 9.996625536734441431e-01
9.996098411823612917e-01 9.996761971774270616e-01 9.996912115404269494e-01 9.996913232542871119e-01 9.996114096117882930e-01 9.996454147325120054e-01 9.996144940493981723e-01 9.996318021522061503e-01 9.997276082844374079e-01 9.996497851745349550e-01
9.996414847519508040e-01 9.996610299376459396e-01 9.996296412145554422e-01 9.995988443002883361e-01 9.995403528990776110e-01 9.996249371904225578e-01 9.996275448635874028e-01 9.995434817512083292e-01 9.996260424844947146e-01 9.996866343833735735e-01
9.995956632041866907e-01 9.996113249948410662e-01 9.996645638050254412e-01 9.995185332329455941e-01 9.995195120602683447e-01 9.994724310317575355e-01 9.996257594776715161e-01 9.996379624726245972e-01 9.996430092978983994e-01 9.996697493550722458e-01
9.996654569198325513e-01 9.995493389130736261e-01 9.995765470664141894e-01 9.996321689689924295e-01 9.996537901344000332e-01 9.997042739359430774e-01 9.996630769596029920e-01 9.997150788107683761e-01 9.996116918986024391e-01 9.995793373682454463e-01
9.996634979358508533e-01 9.996104145669932883e-01 9.996341765483056641e-01 9.996652130302224881e-01 9.996712917123995457e-01 9.997433620378283203e-01 9.995872175829291217e-01 9.997135030260029254e-01 9.995690646563939463e-01 9.996355857312253512e-01
9.994951621073971948e-01 9.995872243756193098e-01 9.995943179978090676e-01 9.996792937251753886e-01 9.996382539163193304e-01 9.995756878362593856e-01 9.997029459182638078e-01 9.997284430400873445e-01 9.996365567006696429e-01 9.996209866760102924e-01
9.996923468451617278e-01 9.995869688393265173e-01 9.996255471659623026e-01 9.996598185213898535e-01 9.996050940708829380e-01 9.996196657812999042e-01 9.996879521234360855e-01 9.996700160803124735e-01 9.996648051470652385e-01 9.996212434708519057e-01
9.996913376305593957e-01 9.996905154906740032e-01 9.996395989735489263e-01 9.995930971936239917e-01 9.996525967166732807e-01 9.996059706812242540e-01 9.997222918915917855e-01 9.996511054580835554e-01 9.997345077283097403e-01 9.997062876647136997e-01
