9.999974158851606676e-01 9.999973790829224107e-01 9.999978082896322507e-01 9.999979430630138166e-01 9.999980584724332822e-01 9.999972215613742721e-01 9.999978469409803727e-01 9.999982821454448390e-01 9.999975649371408704e-01 9.999989249157027471e-01
9.999974880859126003e-01 9.999985107452327160e-01 9.999979755309073015e-01 9.999974214920419602e-01 9.999983418786345668e-01 9.999969089574455294e-01 9.999978026158599098e-01 9.999977186741842994e-01 9.999960995158443389e-01 9.999981061902007973e-01
9.999968834990041744e-01 9.999966533559219162e-01 9.999964233619100806e-01 9.999982627208006125e-01 9.999962283255502404e-01 9.999979617285997824e-01 9.999973336753363862e-01 9.999979020781791794e-01 9.999978570688475843e-01 9.999979582398604849e-01
9.999939285043899506e-01 9.999969497234494353e-01 9.999971827606284336e-01 9.999979153231342011e-01 9.999965244518241869e-01 9.999979680290572714e-01 9.999978982396361404e-01 9.999985033651064281e-01 9.999979487831245351e-01 9.999983337794204896e-01
9.999980562804103856e-01 9.999970816325780554e-01 9.999970100306726506e-01 9.999987487010726372e-01 9.999979840440712531e-01 9.999972423264855692e-01 9.999986908679917574e-01 9.999985158628208470e-01 9.999979798115410379e-01 9.999961156080083846e-01
9.999978691914674922e-01 9.999974126652535489e-01 9.999971451151902224e-01 9.999971675975888319e-01 9.999983700821344357e-01 9.999963651628890338e-01 9.999962634553641871e-01 9.999972388234426024e-01 9.999973361550323903e-01 9.999966095122171383e-01
9.999978980804195006e-01 9.999979470355574440e-01 9.999977681692737708e-01 9.999968087246849935e-01 9.999975250307969743e-01 9.999969861464121923e-01 9.999974538641336341e-01 9.999978390687190855e-01 9.999986264394276070e-01 9.999978189253855287e-01
9.999976097815957976e-01 9.999980599026572214e-01 9.999973877559662494e-01 9.999980979799147907e-01 9.999978330149168482e-01 9.999974080890174921e-01 9.999977011412877204e-01 9.999963058467569166e-01 9.999982686523289921e-01 9.999973648754636457e-01
9.999965678630978738e-01 9.999970736711411012e-01 9.999976882113990051e-01 9.999968647603881822e-01 9.999966271585923883e-01 9.999961160701658081e-01 9.999964622903647626e-01 9.999969112111455338e-01 9.999975610807934068e-01 9.999975066349288122e-01
9.999972813481984302e-01 9.999961344626321358e-01 9.999975700925247679e-01 9.999991364253050241e-01 9.999975282374624630e-01 9.999963981964613557e-01 9.999967043335360461e-01 9.999984490407923809e-01 9.999982873370311109e-01 9.999963894377882356e-01
9.999977818263792173e-01 9.999960061643407006e-01 9.999982394694876264e-01 9.999980180453077461e-01 9.999976369054112135e-01 9.999963203398402056e-01 9.999978759867104161e-01 9.999978775804603259e-01 9.999976567313850762e-01 9.999974116666112689e-01
9.999974899344724610e-01 9.999973280199495607e-01 9.999974920168797077e-01 9.999978377672626983e-01 9.999972886307006981e-01 9.999982862290244245e-01 9.999970250103946690e-01 9.999980721527209626e-01 9.999980858451585908e-01 9.999980845075735481e-01
9.999979332982016356e-01 9.999975500734552547e-01 9.999973108117419240e-01 9.999980709208684537e-01 9.999979938345019415e-01 9.999980447407278428e-01 9.999965110265390811e-01 9.999961103623837833e-01 9.999968739982252330e-01 9.999976548700943990e-01
9.999984909823764756e-01 9.999976430384037718e-01 9.999970292901707580e-01 9.999971972812162768e-01 9.999987684366545837e-01 9.999975172373742893e-01 9.999978965930839125e-01 9.999965319055048596e-01 9.999972563452165231e-01 9.999981431167066503e-01
9.999978089893413191e-01 9.999971469998477636e-01 9.999962442116390182e-01 9.999982278340233677e-01 9.999965159855038754e-01 9.999989112278216963e-01 9.999986004673461215e-01 9.999972715994956962e-01 9.999975705311853202e-01 9.999979781871460860e-01
9.999984238322945362e-01 9.999983577738283946e-01 9.999976125565160912e-01 9.999957475192248202e-01 9.999976561872019332e-01 9.999968481921560626e-01 9.999976979630703644e-01 9.999985645350109031e-01 9.999984347392504302e-01 9.999978817088976957e-01
9.999973510336851446e-01 9.999959109163143456e-01 9.999966339376527014e-01 9.999968426461469662e-01 9.999970679073403312e-01 9.999966021636506053e-01 9.999979291109922785e-01 9.999970341283845876e-01 9.999983406491623761e-01 9.999968414445862264e-01
9.999976748220023026e-01 9.999982386984604954e-01 9.999968597621201605e-01 9.999973080862988306e-01 9.999979973513887233e-01 9.999983209809795159e-01 9.999967134642213651e-01 9.999969111548590028e-01 9.999964896705177964e-01 9.999972475880781753e-01
9.999974918569920490e-01 9.999977319129336184e-01 9.999969189650264045e-01 9.999987711340165841e-01 9.999965600048258407e-01 9.999960612068125032e-01 9.999981864864444514e-01 9.999966592533301446e-01 9.999970728463813963e-01 9.999974701571245905e-01
9.999967839971275474e-01 9.999976218865590516e-01 9.999982172687015280e-01 9.999981484519862018e-01 9.999982785163638033e-01 9.999967364604641640e-01 9.999966885104055736e-01 9.999981086649606388e-01 9.999970523321816129e-01 9.999971976378436711e-01
9.999962869910790086e-01 9.999981671232162084e-01 9.999972626614584970e-01 9.999975537540125581e-01 9.999980706677933373e-01 9.999972882004956043e-01 9.999979700916931113e-01 9.999984978858112994e-01 9.999968051094368926e-01 9.999985999983853624e-01
9.999981045574966032e-01 9.999971467239110456e-01 9.999963033366168208e-01 9.999989540177949277e-01 9.999970817332789474e-01 9.999972528933941396e-01 9.999972686683454848e-01 9.999974565834498508e-01 9.999975434141396002e-01 9.999965049146225526e-01
9.999978948821334201e-01 9.999971391190058956e-01 9.999978273546333840e-01 9.999979040976563205e-01 9.999979902293000267e-01 9.999987356032944419e-01 9.999970982898072069e-01 9.999974104035495026e-01 9.999984442031464305e-01 9.999980178567285938e-01
9.999977873587742039e-01 9.999984076084145190e-01 9.999977990096241554e-01 9.999972472110378874e-01 9.999971522955616310e-01 9.999985413438342574e-01 9.999948269512969334e-01 9.999977532310476702e-01 9.999978682155116205e-01 9.999971317619319455e-01
9.999976909745242892e-01 9.999982016655502015e-01 9.999981329806751917e-01 9.999969367027146117e-01 9.999982014711836786e-01 9.999976987696138631e-01 9.999977407283116015e-01 9.999973118548977080e-01 9.999973077754170658e-01 9.999980329276024760e-01
9.999981026819051433e-01 9.999970745792371440e-01 9.999978457830944745e-01 9.999975593897861836e-01 9.999977290740577063e-01 9.999982616124670765e-01 9.999969601181671885e-01 9.999966451891614261e-01 9.999986592308354183e-01 9.999977537769308977e-01
9.999982804935425573e-01 9.999979937248142381e-01 9.999970096793928676e-01 9.999965669357340214e-01 9.999986883956855088e-01 9.999978922643746326e-01 9.999980577347910016e-01 9.999975114082830796e-01 9.999974030819966941e-01 9.999976583416548825e-01
9.999974762985526233e-01 9.999970959818265115e-01 9.999972233573027891e-01 9.999981243740898584e-01 9.999975841394304066e-01 9.999978694875625296e-01 9.999965246136897079e-01 9.999972114940899326e-01 9.999978160302462893e-01 9.999979426183122078e-01
9.999970170278306147e-01 9.999985467252370253e-01 9.999975120343932433e-01 9.999968063627805437e-01 9.999970362633364696e-01 9.999982645451566121e-01 9.999977899685188465e-01 9.999975938135200471e-01 9.999974288069216621e-01 9.999974572839452902e-01
9.999984663400878215e-01 9.999973373994435200e-01 9.999982854892383033e-01 9.999955798826063447e-01 9.999969329221213288e-01 9.999979955693890643e-01 9.999967022450501064e-01 9.999983868015287491e-01 9.999974327245720884e-01 9.999973851585586271e-01
9.999983538238474967e-01 9.999979825877794992e-01 9.999974196724880082e-01 9.999973710499060475e-01 9.999970502908781533e-01 9.999977793054172226e-01 9.999974044061447076e-01 9.999974194139449324e-01 9.999980648518599358e-01 9.999961882339571950e-01
9.999981729384225249e-01 9.999976684418715456e-01 9.999981819280477913e-01 9.999975638701403824e-01 9.999975205110331888e-01 9.999978530538576882e-01 9.999978667144919786e-01 9.999980241821545546e-01 9.999971835426850753e-01 9.999980482347941013e-01
9.999975589539809029e-01 9.999984130544717909e-01 9.999983548142842293e-01 9.999983270746828357e-01 9.999966896145021655e-01 9.999979044591087440e-01 9.999976605959608467e-01 9.999971283650831433e-01 9.999974897060492918e-01 9.999969126502368244e-01
9.999975482996711351e-01 9.999989234796979876e-01 9.999975306812471931e-01 9.999978401727804833e-01 9.999973207351644522e-01 9.999983624336499233e-01 9.999955546473140444e-01 9.999977708850159575e-01 9.999977364965800808e-01 9.999983408439615529e-01
9.999965472147952505e-01 9.999978767076558306e-01 9.999975350037779709e-01 9.999974251605369124e-01 9.999974006924106096e-01 9.999960787273797225e-01 9.999979017735660669e-01 9.999968448994203118e-01 9.999972960152565538e-01 9.999976219062586269e-01
9.999971309551969334e-01 9.999981983668643215e-01 9.999981635681325365e-01 9.999983480690440851e-01 9.999971870045418765e-01 9.999972125670399947e-01 9.999964452041797403e-01 9.999963715749653481e-01 9.999969048163813712e-01 9.999963570970361593e-01
9.999980373681647272e-01 9.999982038497813308e-01 9.999965241800116145e-01 9.999973804238655450e-01 9.999981470596072120e-01 9.999973641479763531e-01 9.999982467843986367e-01 9.999974780440319400e-01 9.999987691809367751e-01 9.999976397091828728e-01
9.999964558944465232e-01 9.999978843742295398e-01 9.999986966273494149e-01 9.999972945374424604e-01 9.999978743929132108e-01 9.999973953685372674e-01 9.999976101337663126e-01 9.999981980650727298e-01 9.999968140321379151e-01 9.999961209120127315e-01
9.999978798618545106e-01 9.999977763653014051e-01 9.999984585310156548e-01 9.999980133135608629e-01 9.999957866007560536e-01 9.999978754845197937e-01 9.999983022245232389e-01 9.999968173589425247e-01 9.999963485682165087e-01 9.999973171228817570e-01
9.999970062427601114e-01 9.999969763428636638e-01 9.999977764558326543e-01 9.999979004211776434e-01 9.999983504941306611e-01 9.999958970374358547e-01 9.999976432264326975e-01 9.999979713315653163e-01 9.999972725423053044e-01 9.999972426567709238e-01
9.999952250561298106e-01 9.999965214114485690e-01 9.999968592452804783e-01 9.999975630327390119e-01 9.999977179690527906e-01 9.999969419074848931e-01 9.999963430904484918e-01 9.999982678658421165e-01 9.999977824988842690e-01 9.999963961704302351e-01
9.999962966372116790e-01 9.999980035673395884e-01 9.999984205333569687e-01 9.999971113845679271e-01 9.999960541869116204e-01 9.999972567142949575e-01 9.999976426475423175e-01 9.999971608886114582e-01 9.999980543354050067e-01 9.999980516965711885e-01
9.999979027124562547e-01 9.999982421458519788e-01 9.999968888917180054e-01 9.999975646262742046e-01 9.999973155243447875e-01 9.999976494412224914e-01 9.999977389804588501e-01 9.999982786461041329e-01 9.999971436065577812e-01 9.999980309407457968e-01
9.999975452454624714e-01 9.999979381275524437e-01 9.999959674492067130e-01 9.999981949606647769e-01 9.999966554226850102e-01 9.999966190897467966e-01 9.999963317542990282e-01 9.999979979894088045e-01 9.999977613666678478e-01 9.999970120513599348e-01
9.999982574511570022e-01 9.999963497949785340e-01 9.999974907066818686e-01 9.999980837083431995e-01 9.999974457792836224e-01 9.999980307835638627e-01 9.999971223824284383e-01 9.999978641448155070e-01 9.999971374602603102e-01 9.999975184252803961e-01
9.999963717801222396e-01 9.999973305329128426e-01 9.999974387234067397e-01 9.999971725194820582e-01 9.999978794600168364e-01 9.999968461649508811e-01 9.999979950393242945e-01 9.999980668306230891e-01 9.999976391864022762e-01 9.999978646973114449e-01
9.999982261262858607e-01 9.999983245919686903e-01 9.999976233841166851e-01 9.999979735861671548e-01 9.999965651050826132e-01 9.999976654278494026e-01 9.999974044157257103e-01 9.999977603511350788e-01 9.999970338283901139e-01 9.999979639694042133e-01
9.999976052446797326e-01 9.999981681037445336e-01 9.999973434014599594e-01 9.999975596810657397e-01 9.999968234002492018e-01 9.999977148153541551e-01 9.999979831872390923e-01 9.999974327829098675e-01 9.999979409358584759e-01 9.999988925149905228e-01
9.999983521458085667e-01 9.999969572882657642e-01 9.999976352048244310e-01 9.999979512813076399e-01 9.999972788023865355e-01 9.999981076663801982e-01 9.999966010356770019e-01 9.999969417796370497e-01 9.999983834067974753e-01 9.999980266320526168e-01
9.999972790603001149e-01 9.999979199627769821e-01 9.999973046578506386e-01 9.999983053162314617e-01 9.999973100144192717e-01 9.999971445580939644e-01 9.999979734239754503e-01 9.999972204299342193e-01 9.999989456404417831e-01 9.999965835773131362e-01
9.999964149282332126e-01 9.999968199676221303e-01 9.999973538956509200e-01 9.999977254145919758e-01 9.999982827186789658e-01 9.999972053087943236e-01 9.999978881786667495e-01 9.999983904123832534e-01 9.999983870819471043e-01 9.999972740106070068e-01
9.999986829205933514e-01 9.999970580274748500e-01 9.999978050979396738e-01 9.999971817568605870e-01 9.999980397948160515e-01 9.999974378172026279e-01 9.999980545272365573e-01 9.999981074956124649e-01 9.999978140520089376e-01 9.999973183022843326e-01
9.999968164336794363e-01 9.999968914778035733e-01 9.999988902921898015e-01 9.999963993205998047e-01 9.999953730397797003e-01 9.999973463282380015e-01 9.999976568143538191e-01 9.999982868933672275e-01 9.999985716373867017e-01 9.999980995839578002e-01
9.999985360127763290e-01 9.999975105769188799e-01 9.999962449286803334e-01 9.999977277514300322e-01 9.999982637465385515e-01 9.999979696744105695e-01 9.999978914722399415e-01 9.999976769105320962e-01 9.999967948524864925e-01 9.999980475167029592e-01
9.999976030600606913e-01 9.999979845569634263e-01 9.999983850042645228e-01 9.999977870604715990e-01 9.999983384807726861e-01 9.999970383306888699e-01 9.999971890901595550e-01 9.999968405390828874e-01 9.999978798907982469e-01 9.999979506216613023e-01
9.999980104671849501e-01 9.999978581779953579e-01 9.999982168239183178e-01 9.999979352119734433e-01 9.999974060705670853e-01 9.999968293765703065e-01 9.999984541467249466e-01 9.999975374563968566e-01 9.999984238618098153e-01 9.999966975758785015e-01
9.999974761804425460e-01 9.999972666579435288e-01 9.999976559555031619e-01 9.999971385805702662e-01 9.999975347550947857e-01 9.999974324452532981e-01 9.999983672039430838e-01 9.999970950397255587e-01 9.999968442953498515e-01 9.999983092904675130e-01
9.999978905924926664e-01 9.999985549110148586e-01 9.999977686621731587e-01 9.999963899048113225e-01 9.999975503847284841e-01 9.999967610361785164e-01 9.999971880611310260e-01 9.999970366133582589e-01 9.999969523662520787e-01 9.999974060219163352e-01
9.999982805441245404e-01 9.999985189255062856e-01 9.999966906141750655e-01 9.999980833891757293e-01 9.999981737175980268e-01 9.999975829188680887e-01 9.999974736001028264e-01 9.999980478907078973e-01 9.999966821555845709e-01 9.999977638458215079e-01
9.999975183474592022e-01 9.999976722378830507e-01 9.999978023023901041e-01 9.999979889855065140e-01 9.999976333378631788e-01 9.999973211000918738e-01 9.999958771423014259e-01 9.999977817779428513e-01 9.999987655654453134e-01 9.999985193578492249e-01
9.999971399510033665e-01 9.999985463855542989e-01 9.999977566981774757e-01 9.999977233418516631e-01 9.999981407352833696e-01 9.999970461663340027e-01 9.999978830968515586e-01 9.999977271670872359e-01 9.999971133373395382e-01 9.999982061808678768e-01
9.999976681756150843e-01 9.999985806355216056e-01 9.999980417572512659e-01 9.999955194786399604e-01 9.999973792110844473e-01 9.999967188173958244e-01 9.999978966243538991e-01 9.999985737018276533e-01 9.999972839644272193e-01 9.999966532659469998e-01
9.999979742754967482e-01 9.999976144222392227e-01 9.999979129995062443e-01 9.999966121506901340e-01 9.999979725120669016e-01 9.999981656112136852e-01 9.999973306205257595e-01 9.999979251307891115e-01 9.999981479484665314e-01 9.999963404741230022e-01
9.999976018680070133e-01 9.999973895776177457e-01 9.999972826886344146e-01 9.999973924078212617e-01 9.999967891622022487e-01 9.999973945169573497e-01 9.999970319903626059e-01 9.999983935189408202e-01 9.999972630296918297e-01 9.999974935020549127e-01
9.999974629142045490e-01 9.999979624546341261e-01 9.999977833367081903e-01 9.999973609641935601e-01 9.999978913458249519e-01 9.999969035656341987e-01 9.999983918767875180e-01 9.999974163026910112e-01 9.999977466362179879e-01 9.999975960831931632e-01
9.999978152476793891e-01 9.999978238386404428e-01 9.999982066409061066e-01 9.999981319392217127e-01 9.999982705614350875e-01 9.999952396221670758e-01 9.999964359143842518e-01 9.999990341727685861e-01 9.999986240550194916e-01 9.999977642436359559e-01
9.999971219061313255e-01 9.999978429615098419e-01 9.999955441090999653e-01 9.999972889528945252e-01 9.999985633116605932e-01 9.999981032389994029e-01 9.999985930507139242e-01 9.999968954575834124e-01 9.999965368691209333e-01 9.999973111268011250e-01
9.999976087269704106e-01 9.999975505307955315e-01 9.999981096738708164e-01 9.999973351177687819e-01 9.999970746457975679e-01 9.999969331012144025e-01 9.999966267933040331e-01 9.999981464380451879e-01 9.999972977414107733e-01 9.999982559522485603e-01
9.999957770634172460e-01 9.999979951049705607e-01 9.999972764901673417e-01 9.999975471429598528e-01 9.999979052419228909e-01 9.999978460377884071e-01 9.999973924436204031e-01 9.999990569661340034e-01 9.999981933937832634e-01 9.999975112101500141e-01
9.999984196448072904e-01 9.999989858662783337e-01 9.999985054536244533e-01 9.999975054816794273e-01 9.999985387236349776e-01 9.999974633165862326e-01 9.999962126057974077e-01 9.999977960546302391e-01 9.999980715874090542e-01 9.999974709555440322e-01
9.999947948475187420e-01 9.999971992050782355e-01 9.999975356668063808e-01 9.999982094782774444e-01 9.999971619649085097e-01 9.999982244581605562e-01 9.999974715483608279e-01 9.999984154374885748e-01 9.999979972769637016e-01 9.999979540549179813e-01
9.999970160153870413e-01 9.999977171950374943e-01 9.999974314701227662e-01 9.999966782728859638e-01 9.999975444777370326e-01 9.999985227927936648e-01 9.999983384361074146e-01 9.999983612133614974e-01 9.999975889955152741e-01 9.999961230217456754e-01
9.999987115569786145e-01 9.999976860203499962e-01 9.999974394797049859e-01 9.999977905965171665e-01 9.999972833376543635e-01 9.999977664052541737e-01 9.999975411982222617e-01 9.999960637047651257e-01 9.999971397536422391e-01 9.999975544071666445e-01
9.999978707231983455e-01 9.999984914207457054e-01 9.999982342329566398e-01 9.999976169847700769e-01 9.999981675479553411e-01 9.999973140437675712e-01 9.999981052727695552e-01 9.999973376207532683e-01 9.999975916522488850e-01 9.999972618030453786e-01
9.999968542891982670e-01 9.999985757166536260e-01 9.999977976995311213e-01 9.999979544105860318e-01 9.999971285317014180e-01 9.999981595538353085e-01 9.999968186078712629e-01 9.999982579806606653e-01 9.999977239043513766e-01 9.999978072434682064e-01
9.999978407890386389e-01 9.999982997255862927e-01 9.999980099794893995e-01 9.999980768373799567e-01 9.999973143534837128e-01 9.999971178700343133e-01 9.999968891079435984e-01 9.999968225980364611e-01 9.999974699991871496e-01 9.999969210077435111e-01
9.999975366463800253e-01 9.999981984732857487e-01 9.999965627333039508e-01 9.999966498146324323e-01 9.999976910369735572e-01 9.999989242891200725e-01 9.999988927059205723e-01 9.999967073839973741e-01 9.999968132565442147e-01 9.999976773214978021e-01
9.999986805187441874e-01 9.999967400802478590e-01 9.999961033790628617e-01 9.999977246442832701e-01 9.999978095711308246e-01 9.999975738781718970e-01 9.999980499812054502e-01 9.999978890868392867e-01 9.999979427713516777e-01 9.999972891961975696e-01
9.999986132932665583e-01 9.999980730887315650e-01 9.999980206291856355e-01 9.999972777156995729e-01 9.999960381202245285e-01 9.999976278695120735e-01 9.999978648905080147e-01 9.999973648127070680e-01 9.999975929252445939e-01 9.999974687184989275e-01
9.999977094305502190e-01 9.999971522393935608e-01 9.999968526203899533e-01 9.999976345084646834e-01 9.999972144497841775e-01 9.999984944622892780e-01 9.999974099357120672e-01 9.999977463780285181e-01 9.999969307186989953e-01 9.999961167835751397e-01
9.999970753678394386e-01 9.999971840794813494e-01 9.999979399260292556e-01 9.999984397212715592e-01 9.999980677780490046e-01 9.999983209043260546e-01 9.999979272764389915e-01 9.999980292324814890e-01 9.999969131398968036e-01 9.999973940562143504e-01
9.999961746174179655e-01 9.999971721504145039e-01 9.999968739541033047e-01 9.999979711119594272e-01 9.999980697434032173e-01 9.999979763915011199e-01 9.999969353223606694e-01 9.999974840593419678e-01 9.999982648989574896e-01 9.999960956998439343e-01
9.999981116195939546e-01 9.999968871208770871e-01 9.999976518720130603e-01 9.999984666988774862e-01 9.999979140961485768e-01 9.999973600876267410e-01 9.999972846554064931e-01 9.999971107493517142e-01 9.999979912321290687e-01 9.999971535618389362e-01
9.999988189319649612e-01 9.999980057068891259e-01 9.999966882439662585e-01 9.999964118027040438e-01 9.999967937457964196e-01 9.999979618544327931e-01 9.999980990251206014e-01 9.999976026241721438e-01 9.999972715418496971e-01 9.999974057892717649e-01
9.999980868354672037e-01 9.999976161620729442e-01 9.999977113291901309e-01 9.999970549196685043e-01 9.999964868386073125e-01 9.999959427146685176e-01 9.999977227897910437e-01 9.999969359948974734e-01 9.999977849077531511e-01 9.999977828938603208e-01
9.999979868666248883e-01 9.999986931954060188e-01 9.999986066880225399e-01 9.999982324335580097e-01 9.999973971794137162e-01 9.999972170488116152e-01 9.999975275417672949e-01 9.999978664306419240e-01 9.999975851900232415e-01 9.999978712985848617e-01
9.999973284963709075e-01 9.999976342774760107e-01 9.999977335641639931e-01 9.999986475585455059e-01 9.999986430051991393e-01 9.999973448878665128e-01 9.999971561361880035e-01 9.999985109697019370e-01 9.999977813294860240e-01 9.999976356940692979e-01
9.999968290351077815e-01 9.999965992038383211e-01 9.999979191699417402e-01 9.999969339055857498e-01 9.999973446694697676e-01 9.999976797430333297e-01 9.999984636466340282e-01 9.999965194127867774e-01 9.999979789475406111e-01 9.999978222982682796e-01
9.999971165227581338e-01 9.999978998073302261e-01 9.999968764404012500e-01 9.999979087895439767e-01 9.999975677423919018e-01 9.999968524487220511e-01 9.999974645664073680e-01 9.999976054354122734e-01 9.999970269589473215e-01 9.999959099838783283e-01
9.999976478777417022e-01 9.999967009471080193e-01 9.999976116149452698e-01 9.999973651310617440e-01 9.999982370241079499e-01 9.999969880805466005e-01 9.999981574567790021e-01 9.999964031582810886e-01 9.999982791901149692e-01 9.999975768976664403e-01
9.999969594105702075e-01 9.999976902097436060e-01 9.999977237829483778e-01 9.999973063186730071e-01 9.999978360232596453e-01 9.999985588472596332e-01 9.999969363712782888e-01 9.999979051576703970e-01 9.999982779102023489e-01 9.999967769178430554e-01
9.999968394505648339e-01 9.999974123755026589e-01 9.999978947216967562e-01 9.999973999405301628e-01 9.999977262101937825e-01 9.999986604232716791e-01 9.999970490032226156e-01 9.999971392728606023e-01 9.999977986040210487e-01 9.999968993314901633e-01
9.999978590682602198e-01 9.999976082653926346e-01 9.999983774389864521e-01 9.999958869043586995e-01 9.999978803434496077e-01 9.999974829286651934e-01 9.999968235595861898e-01 9.999984899137831507e-01 9.999985635501438264e-01 9.999972905900464948e-01
9.999967713961338545e-01 9.999970190711767737e-01 9.999962417864686204e-01 9.999954388774678904e-01 9.999981943788999184e-01 9.999975100134658179e-01 9.999982607509396715e-01 9.999971680898930293e-01 9.999983566394617940e-01 9.999982056477176862e-01
9.999978523220409699e-01 9.999984520284255218e-01 9.999975083714220947e-01 9.999964658704404430e-01 9.999968229821343257e-01 9.999986551005687341e-01 9.999962620747502307e-01 9.999975419628198692e-01 9.999969351847673993e-01 9.999974418397350462e-01
9.999977354216869063e-01 9.999984090029621076e-01 9.999972684258842115e-01 9.999971040202449979e-01 9.999965083171742375e-01 9.999974445663871725e-01 9.999975296365493094e-01 9.999979864637547067e-01 9.999975376173274588e-01 9.999975241582329533e-01
9.999958444868716212e-01 9.999982488948896409e-01 9.999960807273208241e-01 9.999969466047511357e-01 9.999979571390108513e-01 9.999977655102548768e-01 9.999968400004088931e-01 9.999964090628915558e-01 9.999983197898586473e-01 9.999978884401332646e-01
9.999977187934572243e-01 9.999968504439259442e-01 9.999969059404231198e-01 9.999978669324083302e-01 9.999976518795017366e-01 9.999981918667881775e-01 9.999959514456265852e-01 9.999969967088467859e-01 9.999976463349826705e-01 9.999989203677731586e-01
9.999981822913954765e-01 9.999979459955499195e-01 9.999980648691286778e-01 9.999974719023729808e-01 9.999981241380526686e-01 9.999969283874924342e-01 9.999979765694132494e-01 9.999979629743043219e-01 9.999982062775517599e-01 9.999968207065085268e-01
9.999968419835393307e-01 9.999974486874866342e-01 9.999979886661569672e-01 9.999978228628073618e-01 9.999970273026098644e-01 9.999971318011086074e-01 9.999962947037084326e-01 9.999972625120129299e-01 9.999967306348117591e-01 9.999974021495018350e-01
