9.999916305145303275e-01 9.999858135584244190e-01 9.999818621271691077e-01 9.999686171418828984e-01 9.998972822838153585e-01 9.999847941665817030e-01 9.999663761632343606e-01 9.999700464985273873e-01 9.999857238466695053e-01 9.999527705176437520e-01
9.999324700857260551e-01 9.999147550235630844e-01 9.999063623216283281e-01 9.999354027120695987e-01 9.999834659496165123e-01 9.999730293907596046e-01 9.999882772577892709e-01 9.999832030994036947e-01 9.999760699747057835e-01 9.999690345321236018e-01
9.999725986835746872e-01 9.999773488123642196e-01 9.999780207156454548e-01 9.999875579285271154e-01 9.999623851095247318e-01 9.999820015274887286e-01 9.999893828573481747e-01 9.999810833453347536e-01 9.999744278216293747e-01 9.999781435218350056e-01
9.999777290847992051e-01 9.999648052285452504e-01 9.999740567096436772e-01 9.999661486542426037e-01 9.999725549927992452e-01 9.999705590174444714e-01 9.999825474648555979e-01 9.999671634043042490e-01 9.999804196365652542e-01 9.999804722077725305e-01
9.999631846597880624e-01 9.999725133943763167e-01 9.999483443364185487e-01 9.999826737950716637e-01 9.999733499770130374e-01 9.999755094811125788e-01 9.999886232147793264e-01 9.999720605932570505e-01 9.999766106087737416e-01 9.999873258819507171e-01
9.999272254341092792e-01 9.999472103622882857e-01 9.999708238569121610e-01 9.999823261274461972e-01 9.999705651443775434e-01 9.999813798591867808e-01 9.999812422251139754e-01 9.999723674014703301e-01 9.999547297477185959e-01 9.999814249290149837e-01
9.999756039471823232e-01 9.999908390406023750e-01 9.999177251776292241e-01 9.999662238622094579e-01 9.999324538850845601e-01 9.999744583466602110e-01 9.999870205325539496e-01 9.999702646253016969e-01 9.999490265609903838e-01 9.999619776450088260e-01
9.999886644055093754e-01 9.999753318765769450e-01 9.999607077060633786e-01 9.999626095346084709e-01 9.999769461980364538e-01 9.999737396966931202e-01 9.999154175033785341e-01 9.998956996485250937e-01 9.999505795457950263e-01 9.999793973536738045e-01
9.999784292392673857e-01 9.997846443752669288e-01 9.999819918677940178e-01 9.997787166866766162e-01 9.999845292496584159e-01 9.999709613810690012e-01 9.999737652267473020e-01 9.999384626008360755e-01 9.999702053196939389e-01 9.999832286585282892e-01
9.999640022829047181e-01 9.999083598283682317e-01 9.999518518809288325e-01 9.999803170993825097e-01 9.999562053991912780e-01 9.999819594913389453e-01 9.999766413835790013e-01 9.999298205541621298e-01 9.999715120885593889e-01 9.999717547023263542e-01
9.999862442005643670e-01 9.999270717140579245e-01 9.999789947037441840e-01 9.998108909479399564e-01 9.999794186720989408e-01 9.999767657557393497e-01 9.999785355852465196e-01 9.999831347849575947e-01 9.998637550093991688e-01 9.996193495990859379e-01
9.999784925115605683e-01 9.999672991645077724e-01 9.999860945961958070e-01 9.999731664618104476e-01 9.999729639156375027e-01 9.999626067331623958e-01 9.999472895441998688e-01 9.999787768389454268e-01 9.999675409712328600e-01 9.999212030092167192e-01
9.999847894320911257e-01 9.999747279583454107e-01 9.999914398709809360e-01 9.999636773344099394e-01 9.999485585137073418e-01 9.999802087266000949e-01 9.998640645394308857e-01 9.999265225210759445e-01 9.999836615928685557e-01 9.999766075496185902e-01
9.999680852909647033e-01 9.999911492259043744e-01 9.999899197656966221e-01 9.999739798226183751e-01 9.999690423436676801e-01 9.999845170973125086e-01 9.999497709138229773e-01 9.999796095914332827e-01 9.999664982504187227e-01 9.999776238410256202e-01
9.999881417772193970e-01 9.999562010657611077e-01 9.999827655405693072e-01 9.999816580337054228e-01 9.999328189989684645e-01 9.999783163779640827e-01 9.999794090761799925e-01 9.998971686834569050e-01 9.999731568896612632e-01 9.999466128181512259e-01
9.999195083015367524e-01 9.999311699118121899e-01 9.999843332753279856e-01 9.999662229177090911e-01 9.999734379226227210e-01 9.999418871875682679e-01 9.999822421567657882e-01 9.999651836236631564e-01 9.999042659935867272e-01 9.999805402010752964e-01
9.999857319666402011e-01 9.999161698904293072e-01 9.999596530501073666e-01 9.999850458091380512e-01 9.999818824934582073e-01 9.999638282368878972e-01 9.999812224574436970e-01 9.999647827193717253e-01 9.999329225392143972e-01 9.999619800276176029e-01
9.999648791188422425e-01 9.999238105753791572e-01 9.999316795150163806e-01 9.999438670519754657e-01 9.999291634520016681e-01 9.999833495081964507e-01 9.999601831372383343e-01 9.999707792324367128e-01 9.999821083398797716e-01 9.999736515038436524e-01
9.999792157011936355e-01 9.999836176543968058e-01 9.999613926463014613e-01 9.999463427295999240e-01 9.999871732798287782e-01 9.999877251152350377e-01 9.999800909875606880e-01 9.999615165237101255e-01 9.999885186889357902e-01 9.999902272590350805e-01
9.999875407713740838e-01 9.999132142066856632e-01 9.999822276508572028e-01 9.999626194581698879e-01 9.999856094904168158e-01 9.999757829626318983e-01 9.999800045419537931e-01 9.999680540353833580e-01 9.999900833976084202e-01 9.999758742504814002e-01
9.999736947728009584e-01 9.999550989264203160e-01 9.999726838284472841e-01 9.999861860859619034e-01 9.999743100924227690e-01 9.999925297467832097e-01 9.999773540773356784e-01 9.999658148140105896e-01 9.999845931195727733e-01 9.999659905984844555e-01
9.999741391500560628e-01 9.999544518749727828e-01 9.999833551181008806e-01 9.999785282084598936e-01 9.999782510338386388e-01 9.999888478117214818e-01 9.999899074073157479e-01 9.999811069325911239e-01 9.999882212802432280e-01 9.999823812823731561e-01
9.999708327250932394e-01 9.999621075639424372e-01 9.999469967000377268e-01 9.999586991054143503e-01 9.999689997571424849e-01 9.999687845998207480e-01 9.999751135944985325e-01 9.999648031494492439e-01 9.999783050373621807e-01 9.999791224760612440e-01
9.999694624911543706e-01 9.999621829151610353e-01 9.999874123663202719e-01 9.999476665352862170e-01 9.999762296968757180e-01 9.999651775682392163e-01 9.999796531279139256e-01 9.999237943876578827e-01 9.999201815162624962e-01 9.996567934070736960e-01
9.999843992947528015e-01 9.999573434849112763e-01 9.999681796840408365e-01 9.999765216657200417e-01 9.999779137680719909e-01 9.999798809719804282e-01 9.999668970221570197e-01 9.999484194722501051e-01 9.999261550628066875e-01 9.999718797647576540e-01
9.999477046514145817e-01 9.999428662570395421e-01 9.999622353046858647e-01 9.999743494111562603e-01 9.999110074304708995e-01 9.999526404890854980e-01 9.999630870525764159e-01 9.999567652137864027e-01 9.999758479903103625e-01 9.999822023125720660e-01
9.999486172525290373e-01 9.999760400701839247e-01 9.999778031135071465e-01 9.999911419391279699e-01 9.998559811181105816e-01 9.999638536140554868e-01 9.999552381450642624e-01 9.999708431345708526e-01 9.999607730978484765e-01 9.999398178512871604e-01
9.999607655901264769e-01 9.999131222019792542e-01 9.999811375581072470e-01 9.999442564341254336e-01 9.999783368399584038e-01 9.999784371196877020e-01 9.999709341413793862e-01 9.999867448519365043e-01 9.999639462481305641e-01 9.999518155664161023e-01
9.999739112367693750e-01 9.999845830301880012e-01 9.999437200991588837e-01 9.999692275671965280e-01 9.998471442185301594e-01 9.999523827187070113e-01 9.999376603252110307e-01 9.999698082941089750e-01 9.999804509999883351e-01 9.999758714631091783e-01
9.999472059797936963e-01 9.999819546445612994e-01 9.999484398425307896e-01 9.999524222273031837e-01 9.999616175716606881e-01 9.999544882873715457e-01 9.999213760706560095e-01 9.999540870085185107e-01 9.999792684131439957e-01 9.998974860533739184e-01
9.999355033158491279e-01 9.999858732504629533e-01 9.999642929805483416e-01 9.999734232952465218e-01 9.999031419103305840e-01 9.999317299349693711e-01 9.999263097706208026e-01 9.999567093588063171e-01 9.999911639045353517e-01 9.999449775554921649e-01
9.999648027706826703e-01 9.999888897026435464e-01 9.999888184071548114e-01 9.999855664353500817e-01 9.999439075365195162e-01 9.999757202685930491e-01 9.998864278242250991e-01 9.999666053889054718e-01 9.999837770101898116e-01 9.999419765226122969e-01
9.999740114124036072e-01 9.999541249965627765e-01 9.998265998647715147e-01 9.999370866706638328e-01 9.999910647597457514e-01 9.999875914977531810e-01 9.998687942151085473e-01 9.999803943301222020e-01 9.999436220435976574e-01 9.999594602398792498e-01
9.999842598401049720e-01 9.999830595875345285e-01 9.999839620509093363e-01 9.999843763554620013e-01 9.999513537449826739e-01 9.999766295247951575e-01 9.999636152263119415e-01 9.999856354950992232e-01 9.999760090362310727e-01 9.999876698913742201e-01
9.999686277258099665e-01 9.999709990114793445e-01 9.999849008449895882e-01 9.999782472107064946e-01 9.999886574957898011e-01 9.999625283078847904e-01 9.999924451001372949e-01 9.999657449832951572e-01 9.998405276030691846e-01 9.999703494069303034e-01
9.999539288913329438e-01 9.999729078037677965e-01 9.999830322730732801e-01 9.999756404504820395e-01 9.999858010141297049e-01 9.999852849573976910e-01 9.999750035042684893e-01 9.999734243343277873e-01 9.999818417701035189e-01 9.999740342525804682e-01
9.999888119150476262e-01 9.999844596325914159e-01 9.999856680297890543e-01 9.999670923338396245e-01 9.999603844632556360e-01 9.999097856840759579e-01 9.999865968244154857e-01 9.999833861841835869e-01 9.999702409186901342e-01 9.999714237534629291e-01
9.999413671860826192e-01 9.999791559899506854e-01 9.999725972095795390e-01 9.999825690036512338e-01 9.999762955702272693e-01 9.999724805395828753e-01 9.999732023291022509e-01 9.999626815575826111e-01 9.999313693273164105e-01 9.999426066136566371e-01
9.999485224505897385e-01 9.999123726281676783e-01 9.999630709092246494e-01 9.999676806446790023e-01 9.999392613339255220e-01 9.999361058349673925e-01 9.999438761310897039e-01 9.999462710575482971e-01 9.999835214511531012e-01 9.999607488819266532e-01
9.999453114401375409e-01 9.999040091894195736e-01 9.999792613584047585e-01 9.999686879531047845e-01 9.999497931340066703e-01 9.999516987687424585e-01 9.999334880088294186e-01 9.999080771891670771e-01 9.999748087125754914e-01 9.999799479406077385e-01
9.999790232177746541e-01 9.999667159856858722e-01 9.999834822732411865e-01 9.999719015938036693e-01 9.999862965212784616e-01 9.999879761596491834e-01 9.999666026212449266e-01 9.999857411972461474e-01 9.999825600012474114e-01 9.999746962581258503e-01
9.999818380581287913e-01 9.999120150529566819e-01 9.999605206523566325e-01 9.998885593428891161e-01 9.999732952293208799e-01 9.999556575978463258e-01 9.999791511974034375e-01 9.999896276970894338e-01 9.998553316241198807e-01 9.999653563494963482e-01
9.999912292690156246e-01 9.999628817563128713e-01 9.999460468992200646e-01 9.999869645720604883e-01 9.999656459980994505e-01 9.999805998295037135e-01 9.999647173234688102e-01 9.999782291943800638e-01 9.999623967756146037e-01 9.999845513418846865e-01
9.999627584981001238e-01 9.999840589206542285e-01 9.999650819502385879e-01 9.999842470625002200e-01 9.999689586891332693e-01 9.999695858286297145e-01 9.999844354496812970e-01 9.999856616450016888e-01 9.999759684715872066e-01 9.999939180041348408e-01
9.999474133178510860e-01 9.999619909025385667e-01 9.999860125314450343e-01 9.999383639344306962e-01 9.999696685923655792e-01 9.999693714989409399e-01 9.999601597515053175e-01 9.999799637503196115e-01 9.999935532262417270e-01 9.999645390929081668e-01
9.999569669953449758e-01 9.999752133022777878e-01 9.998936674401973645e-01 9.999898733378098648e-01 9.999146738845787752e-01 9.999696231258559109e-01 9.998250232659111614e-01 9.999501178332762530e-01 9.998154195801456368e-01 9.999640292356429816e-01
9.999855054933082243e-01 9.999480945803170817e-01 9.997681307613918156e-01 9.999740435628350355e-01 9.999830430714597984e-01 9.999124533486161148e-01 9.999779226622739214e-01 9.999784661594172119e-01 9.999505843550474671e-01 9.999709403829633025e-01
9.999589757584762539e-01 9.999672830209744845e-01 9.999679888894564828e-01 9.999692545855204395e-01 9.999680731652825783e-01 9.999817025185157027e-01 9.999767958764860243e-01 9.999512571741713263e-01 9.999101454165963965e-01 9.999711465429301782e-01
9.999464243372557792e-01 9.999784979884052127e-01 9.998963990360051346e-01 9.999363488707569969e-01 9.999756987434856859e-01 9.999080703469948039e-01 9.999793449094538378e-01 9.999773748683495889e-01 9.999553314562031892e-01 9.999613248953789224e-01
9.999376830577061392e-01 9.999530218460149777e-01 9.999604731644242683e-01 9.999725076014931435e-01 9.999472843215839735e-01 9.999305580221751200e-01 9.999789699078278638e-01 9.999206708525325560e-01 9.999754598759522661e-01 9.999632722030825649e-01
9.999748852772419871e-01 9.999878776458582808e-01 9.999799237818888242e-01 9.999887423618118998e-01 9.999830373292707408e-01 9.999431430968651613e-01 9.999722957802024137e-01 9.999882039739887984e-01 9.999579915478745695e-01 9.999729915692416871e-01
9.999836099531689282e-01 9.999687208450790399e-01 9.999791082589344349e-01 9.999760177104545233e-01 9.999830587444937802e-01 9.999692152705846881e-01 9.999301811231856574e-01 9.999121492711305903e-01 9.999712345848136286e-01 9.999585869209746125e-01
9.999830198106434143e-01 9.999873311336958670e-01 9.999696573075578243e-01 9.999890985409515265e-01 9.999531392143004016e-01 9.998370984051511146e-01 9.999683935387990719e-01 9.999824597203126331e-01 9.999857285328930256e-01 9.999789290951847098e-01
9.999523152045357577e-01 9.999788580936311844e-01 9.999892540759847126e-01 9.999799385243043348e-01 9.999849373712599299e-01 9.999781097746471836e-01 9.999678782499425989e-01 9.999507495835218140e-01 9.999591003101538922e-01 9.999701924376532824e-01
9.999843923114640765e-01 9.999807832594911350e-01 9.999661194567935896e-01 9.999866409637359066e-01 9.999838142392637463e-01 9.998204123060785431e-01 9.999769734639458729e-01 9.999859165576964193e-01 9.999721283169393793e-01 9.998716692834391795e-01
9.999540853584820699e-01 9.999930860579491210e-01 9.998030919287498319e-01 9.998676895541779297e-01 9.999764326615425691e-01 9.999668931586384035e-01 9.999712915384965095e-01 9.997173021732400633e-01 9.999840324261929370e-01 9.999797707256127266e-01
9.999867112674510894e-01 9.999780693545972099e-01 9.999760880789548834e-01 9.999911755761367038e-01 9.999833452147088853e-01 9.999838174407075231e-01 9.999821735420294511e-01 9.999352530745350132e-01 9.999917779486863223e-01 9.999931277087062975e-01
9.999632231056879705e-01 9.999476911563489612e-01 9.999649933306937744e-01 9.999784620974695448e-01 9.999187690554552921e-01 9.999297016896091517e-01 9.999551351206141803e-01 9.999719058954193995e-01 9.999405171310601359e-01 9.999715459443738741e-01
9.999898963532770635e-01 9.999334556003366403e-01 9.999918563927603365e-01 9.999907465121984362e-01 9.999664611971128547e-01 9.999879185727719166e-01 9.999674932344623235e-01 9.999686357566941464e-01 9.999884422916588411e-01 9.999889333734788277e-01
9.999446679092294232e-01 9.999593054860802521e-01 9.999725355489209599e-01 9.999804923211268459e-01 9.999777503288275193e-01 9.999880880830485097e-01 9.999617800245003130e-01 9.999008228417716193e-01 9.999627353213522696e-01 9.999566088528986096e-01
9.999847671417998463e-01 9.999667574884150145e-01 9.999774940653405331e-01 9.999741591612634206e-01 9.999595025125590508e-01 9.999314034365789361e-01 9.999893050675319195e-01 9.999776223171056300e-01 9.999708702857111886e-01 9.998947478235267194e-01
9.999502014774265257e-01 9.999828164366868499e-01 9.997736771063414629e-01 9.999671940028567185e-01 9.999730012330763085e-01 9.999209016087899915e-01 9.999402918695289300e-01 9.999895676628499652e-01 9.999832675852269315e-01 9.999745439221818799e-01
9.997645314149699036e-01 9.999747274329752189e-01 9.999819749719827122e-01 9.999488877230771067e-01 9.999809451731163090e-01 9.999415025730583606e-01 9.999718241817924236e-01 9.999383143840856469e-01 9.999718932114189940e-01 9.999611990291895625e-01
9.999699958495743557e-01 9.999596363519537290e-01 9.999776163428788500e-01 9.999465993683684939e-01 9.999384300944730297e-01 9.999557532539204985e-01 9.999788752424394467e-01 9.999690203302562530e-01 9.999562116910669651e-01 9.999690272724902629e-01
9.999754138442910056e-01 9.999749969377472736e-01 9.999692471185356313e-01 9.999857615267193633e-01 9.999845276872525446e-01 9.999701654440066312e-01 9.999652031104926397e-01 9.999287529071657632e-01 9.999654119953622633e-01 9.999851779845965183e-01
9.999452281402821940e-01 9.999424957227321942e-01 9.999290620445511202e-01 9.999758152138016332e-01 9.999759038122761901e-01 9.999747131297312963e-01 9.999811751303536722e-01 9.999649826926597651e-01 9.999767630881400970e-01 9.999634420981996508e-01
9.999781645702161548e-01 9.999814696496780453e-01 9.998919319732508804e-01 9.999381253580219564e-01 9.999079125749258390e-01 9.998212359030229646e-01 9.995988536693050097e-01 9.999816292881690272e-01 9.999221827243705008e-01 9.999876056614046549e-01
9.999649901564536814e-01 9.999420143570123543e-01 9.999799472172949955e-01 9.999804484449829056e-01 9.999912428885154858e-01 9.999427595091734400e-01 9.999918139751977630e-01 9.999092466593476614e-01 9.999879066192934873e-01 9.999832347650305930e-01
9.999791695969576510e-01 9.999409573362777470e-01 9.999581876480886367e-01 9.999865999848221998e-01 9.999745793223020485e-01 9.999486391791581053e-01 9.999698263646590313e-01 9.999179776144363485e-01 9.999759339589118223e-01 9.999594474040051084e-01
9.999810622586545739e-01 9.999755358951922801e-01 9.999620034091972753e-01 9.999585792073152346e-01 9.999524566962234573e-01 9.999801805006791611e-01 9.999591598183683594e-01 9.999423584506635931e-01 9.999743880317216727e-01 9.999710058757236286e-01
9.999634140058295539e-01 9.999797932879248563e-01 9.998305974132246643e-01 9.999024810894064919e-01 9.999794973098211637e-01 9.999737568784579089e-01 9.999720167756630529e-01 9.999687104773440360e-01 9.999412710513680969e-01 9.999729880976031549e-01
9.999849693346922752e-01 9.999733870291126481e-01 9.999741191561990483e-01 9.999828809574684563e-01 9.999545612613008894e-01 9.999727620569243136e-01 9.999711732642496687e-01 9.999739085330152655e-01 9.999883689036236367e-01 9.999887833199744280e-01
9.999714490695368330e-01 9.999400862467425766e-01 9.999698259221918573e-01 9.999738137235042457e-01 9.995104208009328861e-01 9.999574403969180292e-01 9.999892097169443828e-01 9.999455606966028975e-01 9.999846142946959837e-01 9.999888873141991041e-01
9.999843944742882185e-01 9.999886278843583831e-01 9.999864714099512275e-01 9.999828268483768046e-01 9.998986185209717270e-01 9.998986303591922420e-01 9.999473502784903545e-01 9.999855994517194979e-01 9.999525334272091337e-01 9.999782130175286499e-01
9.999689164927136886e-01 9.999690983375046915e-01 9.999801347606146473e-01 9.999435424448444021e-01 9.999893337418502837e-01 9.999805166143681534e-01 9.999628069933484964e-01 9.999744593619168676e-01 9.998815440609882810e-01 9.997973990116305609e-01
9.999914851278098871e-01 9.999811778573337584e-01 9.999841609162722911e-01 9.999808657009028323e-01 9.998882310240386762e-01 9.999128220428039615e-01 9.999868911512737046e-01 9.999886722645211501e-01 9.999589188069919476e-01 9.999815723153959723e-01
9.999357843823730718e-01 9.999759668881347263e-01 9.999790374192412123e-01 9.999731779734235548e-01 9.999743575267482365e-01 9.999590079013656041e-01 9.999870703156176210e-01 9.999068260816464937e-01 9.999848059498089858e-01 9.999445067695232892e-01
9.999818601949702623e-01 9.999774723968836154e-01 9.999775182080006264e-01 9.997053230592368722e-01 9.999872183075212417e-01 9.999877330723508928e-01 9.999809700843990123e-01 9.999292425838292031e-01 9.999808169432230498e-01 9.999585815283198453e-01
9.999765052382622033e-01 9.999779229112955026e-01 9.999801124761722448e-01 9.999488550205845039e-01 9.999633874799294109e-01 9.999728785991135460e-01 9.999311335830951553e-01 9.999291735849584750e-01 9.998377395197940443e-01 9.999853736941137772e-01
9.999708473322755919e-01 9.999854069527527312e-01 9.999747839602475263e-01 9.999616655360180628e-01 9.999525778299322987e-01 9.999393584790916556e-01 9.999395784953198918e-01 9.999844419904211357e-01 9.999466038534342571e-01 9.999776535972507707e-01
9.999265697550820953e-01 9.999627849170191762e-01 9.999669043416667957e-01 9.999670431677710747e-01 9.999798508278011644e-01 9.999716067210817627e-01 9.999667122924332796e-01 9.999422456683652038e-01 9.999738069693181464e-01 9.999556034156145135e-01
9.999816191997310533e-01 9.999452837623702406e-01 9.999142374399110356e-01 9.999794878639763906e-01 9.999814021073348824e-01 9.999697306435438859e-01 9.999786124247622698e-01 9.999565077275386349e-01 9.999770598908990227e-01 9.999869975221733487e-01
9.999078102499698861e-01 9.999783602302422247e-01 9.999056872448387479e-01 9.999805640748541391e-01 9.999801314725991208e-01 9.999854427728150918e-01 9.999837189460880627e-01 9.999800008532155893e-01 9.999695149687114482e-01 9.999710902706894222e-01
9.999523028489913923e-01 9.999404697502474182e-01 9.999779173349697681e-01 9.999728036899035999e-01 9.999830865478234188e-01 9.999798508128882046e-01 9.999747637228521002e-01 9.999912100307289942e-01 9.999802293217918692e-01 9.999877314580326582e-01
9.999875647977107818e-01 9.999546658393404508e-01 9.999508842140267806e-01 9.999627161163238132e-01 9.999839506648158238e-01 9.999792354334191558e-01 9.999550033660792314e-01 9.999826136601609461e-01 9.999818778678231102e-01 9.999691527836566118e-01
9.999446937871181440e-01 9.999727322180793632e-01 9.999643436798265617e-01 9.999609820531819571e-01 9.999472212280351435e-01 9.999741924980690699e-01 9.999808256702108489e-01 9.999895752933084525e-01 9.999908751327702960e-01 9.999767065605020822e-01
9.999829499236688735e-01 9.999833721264331787e-01 9.999829630850521900e-01 9.999832781527087100e-01 9.999695211829389141e-01 9.999928649139211423e-01 9.999899942659714602e-01 9.999865101864591210e-01 9.999641252021410631e-01 9.999856247169726098e-01
9.999591526068460912e-01 9.997718702094899879e-01 9.999796756160983513e-01 9.999108941577112830e-01 9.999730949268114122e-01 9.999889251673973467e-01 9.999791100550977641e-01 9.999151505254832983e-01 9.999226939680451176e-01 9.999598946375165553e-01
9.999915067979731065e-01 9.999815301702061898e-01 9.999692257629995140e-01 9.999791583701806985e-01 9.999445630503782656e-01 9.998941832207906000e-01 9.999292421128075370e-01 9.999318326075713470e-01 9.999819014065833844e-01 9.999658980186465485e-01
9.999663120663019322e-01 9.999725666702545812e-01 9.999134507890731216e-01 9.999415813733630864e-01 9.999826950562669126e-01 9.999852123730816889e-01 9.999813464317046652e-01 9.999754718218554217e-01 9.999899333676602886e-01 9.999836904640841961e-01
9.999860153143101948e-01 9.999754311872312007e-01 9.999727026764604343e-01 9.999724569781143213e-01 9.999758350363285864e-01 9.999774340071994061e-01 9.999210614401554675e-01 9.999757364610140087e-01 9.999827732455119911e-01 9.999413947813473591e-01
9.999793853940789345e-01 9.998821360612470954e-01 9.999813301090989537e-01 9.999289273167046854e-01 9.998602684855452116e-01 9.996786692413824893e-01 9.999778582425389306e-01 9.999763463230072480e-01 9.999697712583941467e-01 9.999753545387016773e-01
9.999867719118185061e-01 9.999748171400837382e-01 9.999394510650391199e-01 9.999481010545202553e-01 9.999740379474761909e-01 9.999781502054300164e-01 9.999781301038512815e-01 9.999510376872382533e-01 9.999344899353568294e-01 9.999821547363216823e-01
9.999654998190939947e-01 9.999761366100281545e-01 9.999551996554024713e-01 9.998558350595617705e-01 9.999804806202345908e-01 9.999824424171135373e-01 9.999687435765713950e-01 9.999603868902265935e-01 9.999859936519246428e-01 9.999642823835596106e-01
9.999812614700769320e-01 9.999834559468601114e-01 9.999683729766397633e-01 9.999757925091440347e-01 9.999779422715957544e-01 9.999855398710546517e-01 9.999798617668077538e-01 9.999808215397862909e-01 9.999829436582874376e-01 9.999697429706821961e-01
9.999655947752145169e-01 9.999053154657306930e-01 9.999758958123845520e-01 9.999872593329793835e-01 9.999850871506223982e-01 9.999587519820573034e-01 9.999837584414085212e-01 9.999815925595384458e-01 9.999535538534320978e-01 9.999695780196106165e-01
9.999784024686567685e-01 9.999518724823389659e-01 9.999769348897082910e-01 9.999861170210737615e-01 9.999740349054386801e-01 9.999752379059556606e-01 9.999643465830484468e-01 9.998816598489033147e-01 9.999789528521165760e-01 9.999792501975068859e-01
9.999680172096327979e-01 9.999585248777838054e-01 9.999582332351882874e-01 9.999843440956849294e-01 9.999768144505417622e-01 9.999616258095669341e-01 9.999741573338559730e-01 9.999808363069374595e-01 9.999613549164891868e-01 9.999393596854849742e-01
9.999819494732878900e-01 9.999360363066299717e-01 9.999792618413789747e-01 9.999350701578144651e-01 9.999785094273311303e-01 9.999630795921339299e-01 9.998796670242886542e-01 9.999894045767873108e-01 9.998774157447956057e-01 9.999793544696276015e-01
9.999628368384012589e-01 9.999599055194434705e-01 9.999791299122305910e-01 9.999582199185013121e-01 9.999631370899842997e-01 9.999718228996176128e-01 9.999445290402115827e-01 9.999733153311622935e-01 9.999649433745070315e-01 9.999899127978885138e-01
