9.999884270923480312e-01 9.999893818251714972e-01 9.999894738484600420e-01 9.999880079369858343e-01 9.999889242919394183e-01 9.999897932862574779e-01 9.999878597680953440e-01 9.999874026608953637e-01 9.999859426371522364e-01 9.999877975378176354e-01
9.999878705407102553e-01 9.999883789616217378e-01 9.999880239225438228e-01 9.999889637011278865e-01 9.999882685628743717e-01 9.999902511554281670e-01 9.999878890370665907e-01 9.999881755784298942e-01 9.999909128974973083e-01 9.999912079993612535e-01
9.999869990183090085e-01 9.999874262606164299e-01 9.999886879100314818e-01 9.999879794050307025e-01 9.999912801580153054e-01 9.999873974968858104e-01 9.999864820410002686e-01 9.999863330493622415e-01 9.999901365525675212e-01 9.999895963937660559e-01
9.999913059163576534e-01 9.999878918690440210e-01 9.999893270348448882e-01 9.999872172585625441e-01 9.999914683044791586e-01 9.999844089833617167e-01 9.999898798849610193e-01 9.999882064005669591e-01 9.999880975607378097e-01 9.999867249328456831e-01
9.999893426031883914e-01 9.999879151976498459e-01 9.999885941586863503e-01 9.999881692669767563e-01 9.999896993589287852e-01 9.999877368262162225e-01 9.999865837009018765e-01 9.999890888256136590e-01 9.999897620858250180e-01 9.999877566768603510e-01
9.999904309021291349e-01 9.999866913354528153e-01 9.999901290113704100e-01 9.999910854389282289e-01 9.999911224205508820e-01 9.999905411392722154e-01 9.999896033334272349e-01 9.999863602828344966e-01 9.999890683102041766e-01 9.999895371949751866e-01
9.999854088085635695e-01 9.999881682427325114e-01 9.999887941500408273e-01 9.999884512243009116e-01 9.999888740962981082e-01 9.999892714599053489e-01 9.999873082757755327e-01 9.999858362145997992e-01 9.999880932939196887e-01 9.999861617962172433e-01
9.999889850110708078e-01 9.999860251801171440e-01 9.999881901148921504e-01 9.999897145983094315e-01 9.999866231051161014e-01 9.999896750120139677e-01 9.999867596002591785e-01 9.999881021292608141e-01 9.999892920895067094e-01 9.999842169121381241e-01
9.999879024947762041e-01 9.999891256334288991e-01 9.999886953067321782e-01 9.999871364574902666e-01 9.999840030404489877e-01 9.999906478289395384e-01 9.999885841802089725e-01 9.999857753722634079e-01 9.999879658429282614e-01 9.999873365676740233e-01
9.999886026965439934e-01 9.999863397812975840e-01 9.999886992602735614e-01 9.999909374846155385e-01 9.999890576020421529e-01 9.999855736773451964e-01 9.999900172926959874e-01 9.999886554727521748e-01 9.999899435351834454e-01 9.999890498815835471e-01
9.999871787044458671e-01 9.999920968246394093e-01 9.999853611421727351e-01 9.999892689168703441e-01 9.999868195239129953e-01 9.999884794211487682e-01 9.999885688475053103e-01 9.999876111554426572e-01 9.999883294207336792e-01 9.999888576793997119e-01
9.999898695225262202e-01 9.999877851943355100e-01 9.999861249228083615e-01 9.999868686244276494e-01 9.999882317200611270e-01 9.999862436707587232e-01 9.999881243535740927e-01 9.999892131042462662e-01 9.999882799902926056e-01 9.999909405675881935e-01
9.999881392523878310e-01 9.999838191398882081e-01 9.999865093975042196e-01 9.999881606768969977e-01 9.999880038771726820e-01 9.999870531700925103e-01 9.999907952717782544e-01 9.999868780682580338e-01 9.999884122606386150e-01 9.999902831159112049e-01
9.999889764470414333e-01 9.999890743835330165e-01 9.999867259034088685e-01 9.999885373354626683e-01 9.999892247559326597e-01 9.999874754749418226e-01 9.999852990808419939e-01 9.999887895478950517e-01 9.999876278036583521e-01 9.999861487544293714e-01
9.999895751124420196e-01 9.999890487716651677e-01 9.999875705229911427e-01 9.999914911920441130e-01 9.999904919690207894e-01 9.999882658525355295e-01 9.999886509482731611e-01 9.999879125574062666e-01 9.999872394539042197e-01 9.999893957035731473e-01
9.999892830908015950e-01 9.999882938670272559e-01 9.999892659645316373e-01 9.999839021185106258e-01 9.999904047393901596e-01 9.999901053094971681e-01 9.999891254284781761e-01 9.999895464735625294e-01 9.999880157176117557e-01 9.999895574262187559e-01
9.999864067228441122e-01 9.999910172516706108e-01 9.999894397451525307e-01 9.999891234394493456e-01 9.999898089671667156e-01 9.999881124327799631e-01 9.999902742474574557e-01 9.999895975940981119e-01 9.999866767441323301e-01 9.999878731919310537e-01
9.999869089219306506e-01 9.999892995739505519e-01 9.999877279606865788e-01 9.999907488097941055e-01 9.999894883048037197e-01 9.999855104380878101e-01 9.999882817648171329e-01 9.999883184988712648e-01 9.999867373288139349e-01 9.999871249195018130e-01
9.999886990875161974e-01 9.999883582131020576e-01 9.999899190725040077e-01 9.999872099143176651e-01 9.999885087013717921e-01 9.999894186225518622e-01 9.999872715319179095e-01 9.999883449837355665e-01 9.999881823861888064e-01 9.999892574667201828e-01
9.999892133382098924e-01 9.999878298113233921e-01 9.999890509458436716e-01 9.999874012034319914e-01 9.999878061671175766e-01 9.999887392926600782e-01 9.999877970260181437e-01 9.999880992764378362e-01 9.999883145123233952e-01 9.999891383344808871e-01
9.999887587292507485e-01 9.999881488771483751e-01 9.999887309364756671e-01 9.999851562206125699e-01 9.999881548850014790e-01 9.999870512160251579e-01 9.999885513547384086e-01 9.999866876169347663e-01 9.999902054879816760e-01 9.999866775649655093e-01
9.999877295434025370e-01 9.999856797363813055e-01 9.999861886869122474e-01 9.999881688340735986e-01 9.999914005987823318e-01 9.999908886248444206e-01 9.999910729925600705e-01 9.999885734117897051e-01 9.999886513807638710e-01 9.999871776189098727e-01
9.999888006829603659e-01 9.999862617490803407e-01 9.999888345296161773e-01 9.999893776313472094e-01 9.999867073590681388e-01 9.999845842237429228e-01 9.999928632307797383e-01 9.999857443270339097e-01 9.999888255239705037e-01 9.999880217095055146e-01
9.999882559509813973e-01 9.999854479764278548e-01 9.999908865737033858e-01 9.999882392053600633e-01 9.999831117437694150e-01 9.999851774331093290e-01 9.999860355260971057e-01 9.999857967814913540e-01 9.999901711508799584e-01 9.999894805971668577e-01
9.999875553844775888e-01 9.999910587441452892e-01 9.999901836842061131e-01 9.999899724282951263e-01 9.999889243360776669e-01 9.999859405517748101e-01 9.999889908129903082e-01 9.999889254606908473e-01 9.999843880199468238e-01 9.999888526124167676e-01
9.999871735425178709e-01 9.999895525888131687e-01 9.999909197885827883e-01 9.999868579903201660e-01 9.999880654759092380e-01 9.999919152253935462e-01 9.999886778716194913e-01 9.999897165367461760e-01 9.999862675313541116e-01 9.999888461729943279e-01
9.999892234258321855e-01 9.999879365156126854e-01 9.999880244977347177e-01 9.999846575645776614e-01 9.999906176595784180e-01 9.999879226088136397e-01 9.999890229505924433e-01 9.999886732577787374e-01 9.999875624369798377e-01 9.999878950701303060e-01
9.999877367367265846e-01 9.999890791889327613e-01 9.999873054042323073e-01 9.999870253038284362e-01 9.999879701709183388e-01 9.999855278064697650e-01 9.999887385632221237e-01 9.999888267202280412e-01 9.999878985085518535e-01 9.999902251251469032e-01
9.999883980179952170e-01 9.999881256539879804e-01 9.999885050577790313e-01 9.999902571563309417e-01 9.999868911794487225e-01 9.999891151673878653e-01 9.999902173288857110e-01 9.999898992537418208e-01 9.999898077451662148e-01 9.999873576098046168e-01
9.999877364577305361e-01 9.999873516541214480e-01 9.999876166247519960e-01 9.999888602191815412e-01 9.999861164452383822e-01 9.999866728381838765e-01 9.999866810000925810e-01 9.999876459951871910e-01 9.999892595911595850e-01 9.999876912013949681e-01
9.999872726412915025e-01 9.999895582839668506e-01 9.999867923682417281e-01 9.999862447347336314e-01 9.999856856469341304e-01 9.999896023299951198e-01 9.999899083289806034e-01 9.999862226657523223e-01 9.999876062978009239e-01 9.999883453912514764e-01
9.999883385116908885e-01 9.999903740139810537e-01 9.999887036512948857e-01 9.999892575747009182e-01 9.999893447192501617e-01 9.999879074163489090e-01 9.999869908110042838e-01 9.999867549467044148e-01 9.999877831006082074e-01 9.999890117937136891e-01
9.999866905885886892e-01 9.999901256949468298e-01 9.999883040024106773e-01 9.999900152117245922e-01 9.999875793553579806e-01 9.999880368909719319e-01 9.999868610141205982e-01 9.999871071528260158e-01 9.999875657213821434e-01 9.999906754707914569e-01
9.999896845920959176e-01 9.999878123131897834e-01 9.999892132850212167e-01 9.999903511042782522e-01 9.999892566078570910e-01 9.999866744036955968e-01 9.999879095117800709e-01 9.999881312040491688e-01 9.999875505447717305e-01 9.999869976424794471e-01
9.999899471610788071e-01 9.999862913265212816e-01 9.999904122114972038e-01 9.999877856612935378e-01 9.999886917659043251e-01 9.999882536662106913e-01 9.999884443656831268e-01 9.999881804323148549e-01 9.999893257891970810e-01 9.999920618288810070e-01
9.999871671896930492e-01 9.999893265013506394e-01 9.999894829325066681e-01 9.999901531341611749e-01 9.999909359201301084e-01 9.999885738264947532e-01 9.999856764016755717e-01 9.999882038557914576e-01 9.999887735557723145e-01 9.999908394852846660e-01
9.999908212809185404e-01 9.999898857765262550e-01 9.999884192427931362e-01 9.999851571797664374e-01 9.999901591986106730e-01 9.999905169077721867e-01 9.999872167419799895e-01 9.999891741133650758e-01 9.999885571085151970e-01 9.999863519283557212e-01
9.999888105599162857e-01 9.999894875273733774e-01 9.999890344910083995e-01 9.999875915633622547e-01 9.999901714944052777e-01 9.999882159412838423e-01 9.999877293723908878e-01 9.999866473550763635e-01 9.999868567956747833e-01 9.999874661494581041e-01
9.999889190107607018e-01 9.999895887301097908e-01 9.999870738519714974e-01 9.999900063440440023e-01 9.999825598166075524e-01 9.999896477386934768e-01 9.999893493907948683e-01 9.999870876212377802e-01 9.999852746089458178e-01 9.999891746708798879e-01
9.999893571130095138e-01 9.999862621850079680e-01 9.999900090058249091e-01 9.999852241127873409e-01 9.999871434601237397e-01 9.999863909046594612e-01 9.999900917114048493e-01 9.999843245481330190e-01 9.999891817889794421e-01 9.999879948339172042e-01
9.999864749505431583e-01 9.999893288671043434e-01 9.999862299025538137e-01 9.999873771012989243e-01 9.999907080117627078e-01 9.999879515854593892e-01 9.999877828383669787e-01 9.999902243946939828e-01 9.999885801815195929e-01 9.999886728481385267e-01
9.999919186893706513e-01 9.999865136416499212e-01 9.999895744690711075e-01 9.999868455491417452e-01 9.999887088358625498e-01 9.999901821279363334e-01 9.999906966155819310e-01 9.999873848333605819e-01 9.999875740920064482e-01 9.999892869072118939e-01
9.999894603166157303e-01 9.999901657231186070e-01 9.999871671551200381e-01 9.999858124152870564e-01 9.999880940451846278e-01 9.999918330883830198e-01 9.999907662472460323e-01 9.999882763219720694e-01 9.999889790273223111e-01 9.999872967629310772e-01
9.999900533082682896e-01 9.999906292992872814e-01 9.999872551950184096e-01 9.999858244853756517e-01 9.999868642464586621e-01 9.999895612359611663e-01 9.999879184571928148e-01 9.999873848381987118e-01 9.999883706772358938e-01 9.999892056972785603e-01
9.999870085023524480e-01 9.999888405610209974e-01 9.999908405275559353e-01 9.999861259538249669e-01 9.999869710573362491e-01 9.999871920941326708e-01 9.999869072608713605e-01 9.999885029007629100e-01 9.999894188707134646e-01 9.999849450822939634e-01
9.999892427522205640e-01 9.999905154175393607e-01 9.999898166194591820e-01 9.999899845541314614e-01 9.999905672262545675e-01 9.999900058849180429e-01 9.999891794592178362e-01 9.999897583289313330e-01 9.999889498313692116e-01 9.999892110332188055e-01
9.999863001278840313e-01 9.999913794404987621e-01 9.999874496491123477e-01 9.999887912158401670e-01 9.999865432405176113e-01 9.999854563865248069e-01 9.999910890783614281e-01 9.999872424952684913e-01 9.999855630983750521e-01 9.999898143859453636e-01
9.999879323448590540e-01 9.999869978555502303e-01 9.999875362608185991e-01 9.999894872038097571e-01 9.999846580869042878e-01 9.999881149871864272e-01 9.999872970343716139e-01 9.999884237614184990e-01 9.999876376513429088e-01 9.999861860472322173e-01
9.999882992565711781e-01 9.999910347084803863e-01 9.999891205711560760e-01 9.999875505879338711e-01 9.999841422461764884e-01 9.999870865939133324e-01 9.999866620846051823e-01 9.999882872953813617e-01 9.999888366997570222e-01 9.999909988552991846e-01
9.999897552935653744e-01 9.999880374571450403e-01 9.999888579456202020e-01 9.999865285976343721e-01 9.999912970072769580e-01 9.999867993199781369e-01 9.999898590474420867e-01 9.999880745092762924e-01 9.999903634955251697e-01 9.999913062058056745e-01
9.999870604774270255e-01 9.999882803126204367e-01 9.999893382765313588e-01 9.999876600493342593e-01 9.999899022467132470e-01 9.999892111971372399e-01 9.999879446714421416e-01 9.999864122026284052e-01 9.999910301074439456e-01 9.999881975327080674e-01
9.999900058971846750e-01 9.999887043370804252e-01 9.999881228076690221e-01 9.999884380890750046e-01 9.999884157042766564e-01 9.999869546657481623e-01 9.999890478186267417e-01 9.999897065739788982e-01 9.999884057486174704e-01 9.999875619988041198e-01
9.999871107853663954e-01 9.999874081697225359e-01 9.999874849518948228e-01 9.999888686862020704e-01 9.999881743697272007e-01 9.999889322375813405e-01 9.999887879351314623e-01 9.999892319387735373e-01 9.999891372274655188e-01 9.999892661099074598e-01
9.999903679763146869e-01 9.999879764363837076e-01 9.999878840816540659e-01 9.999855943896223121e-01 9.999893591345470067e-01 9.999919852668565090e-01 9.999874061788646129e-01 9.999878346802660856e-01 9.999865916607241223e-01 9.999882421476170569e-01
9.999886863788063351e-01 9.999862944886660499e-01 9.999852056840178305e-01 9.999893801353257894e-01 9.999892596068318262e-01 9.999879428090691080e-01 9.999910272619570994e-01 9.999899044226385758e-01 9.999900708899094326e-01 9.999866427284721526e-01
9.999877006129761492e-01 9.999882497354016797e-01 9.999887061734396010e-01 9.999885271411432797e-01 9.999872466439055918e-01 9.999863233368723181e-01 9.999895137156047387e-01 9.999926505578942137e-01 9.999907727527603818e-01 9.999880147650430651e-01
9.999866616613427572e-01 9.999860540277223375e-01 9.999885181210463880e-01 9.999875195086306290e-01 9.999914955686791673e-01 9.999848075763088096e-01 9.999877725711646681e-01 9.999872616409164472e-01 9.999842859580574395e-01 9.999865130510574573e-01
9.999865193866820379e-01 9.999846228866159370e-01 9.999851443019561748e-01 9.999888412567741192e-01 9.999882398642234715e-01 9.999884243532667361e-01 9.999880246397404582e-01 9.999872903139740421e-01 9.999896781539315826e-01 9.999906108281579886e-01
9.999831734531422489e-01 9.999876474665098103e-01 9.999873841176611933e-01 9.999895040550209613e-01 9.999894968565642417e-01 9.999900647309610813e-01 9.999875277515791749e-01 9.999890699622451251e-01 9.999881770862714125e-01 9.999876176871849154e-01
9.999890670990666530e-01 9.999845206978669188e-01 9.999889360430961327e-01 9.999889796365090122e-01 9.999910472821004204e-01 9.999875859408355883e-01 9.999890858837731100e-01 9.999899085341549254e-01 9.999896326335504515e-01 9.999900867159118301e-01
9.999917842730671191e-01 9.999862675138713186e-01 9.999861838061804287e-01 9.999881168266742115e-01 9.999902708196168888e-01 9.999868417173736201e-01 9.999896429402402864e-01 9.999889329300120089e-01 9.999897413641520849e-01 9.999858773003555967e-01
9.999880947821192523e-01 9.999875585811726086e-01 9.999863631407459597e-01 9.999854000117995856e-01 9.999905512602907942e-01 9.999888520184303520e-01 9.999868181324972349e-01 9.999857222230552622e-01 9.999896490538635607e-01 9.999865385766623094e-01
9.999879436545447975e-01 9.999886193456454242e-01 9.999882043994802183e-01 9.999893659084799769e-01 9.999890871846154328e-01 9.999860267129697666e-01 9.999867647274955917e-01 9.999903535869782978e-01 9.999860355208179952e-01 9.999890094410603947e-01
9.999852102936706011e-01 9.999918232713317368e-01 9.999874051405339692e-01 9.999832744945144070e-01 9.999887408243399722e-01 9.999906395398778791e-01 9.999863711832378543e-01 9.999879216003373372e-01 9.999879083194268548e-01 9.999907168649354583e-01
9.999888630491757802e-01 9.999894642154604218e-01 9.999870051779753410e-01 9.999895985229024786e-01 9.999894286110715402e-01 9.999898757814085215e-01 9.999862719243496345e-01 9.999882086450705421e-01 9.999880988211746757e-01 9.999914007812122918e-01
9.999880643202765373e-01 9.999894937958750951e-01 9.999899062143210449e-01 9.999875374393664140e-01 9.999899862414026730e-01 9.999859978456497878e-01 9.999871168961859125e-01 9.999867596445016771e-01 9.999862180134478917e-01 9.999858135847778939e-01
9.999858106716936756e-01 9.999886467772222121e-01 9.999898787706729131e-01 9.999869206977014535e-01 9.999871917460269044e-01 9.999872034300909540e-01 9.999875239505943147e-01 9.999909494480555550e-01 9.999867876249974863e-01 9.999823243894225833e-01
9.999872537965702746e-01 9.999894656963089767e-01 9.999895470550708154e-01 9.999863719503347959e-01 9.999907030105900096e-01 9.999901115525288153e-01 9.999918592254186667e-01 9.999914649369585629e-01 9.999858233930188911e-01 9.999884018468868652e-01
9.999896981565754572e-01 9.999902761898891157e-01 9.999903344698684027e-01 9.999872869061741110e-01 9.999890488124718591e-01 9.999858458392377747e-01 9.999875688310646549e-01 9.999886033080880310e-01 9.999889419797188816e-01 9.999865473215810985e-01
9.999841760137753166e-01 9.999869566810896115e-01 9.999887896706817214e-01 9.999905077731378045e-01 9.999899106134185756e-01 9.999897053717945461e-01 9.999834084595106143e-01 9.999855241863400135e-01 9.999868193446771469e-01 9.999862275294761904e-01
9.999887613733541292e-01 9.999880387257464864e-01 9.999862824041196863e-01 9.999859836753368647e-01 9.999869820549769361e-01 9.999888666646518098e-01 9.999888831387625521e-01 9.999909138163035616e-01 9.999883016312011152e-01 9.999882813193201603e-01
9.999881499701385179e-01 9.999909493556752293e-01 9.999856791346760643e-01 9.999868846873811723e-01 9.999890561874668071e-01 9.999898603939132435e-01 9.999839570920580067e-01 9.999890489279087413e-01 9.999898895195005188e-01 9.999879546179049061e-01
9.999902983342900953e-01 9.999908142732021332e-01 9.999890398948441117e-01 9.999891667735023582e-01 9.999905257943688675e-01 9.999831807742157741e-01 9.999905760537578514e-01 9.999853859592967575e-01 9.999888405902050970e-01 9.999866764703964073e-01
9.999916955198081547e-01 9.999884469004577392e-01 9.999905432039626341e-01 9.999906985013049532e-01 9.999903522136242007e-01 9.999891607287546558e-01 9.999882886633826296e-01 9.999905065826037998e-01 9.999894846729062703e-01 9.999903615105343313e-01
9.999887593329770397e-01 9.999895924896675670e-01 9.999895890313255098e-01 9.999887349385693236e-01 9.999888256513561613e-01 9.999903814103457966e-01 9.999866373404220354e-01 9.999908723621308004e-01 9.999867280648964130e-01 9.999879373684371631e-01
9.999865469787030392e-01 9.999908082493531580e-01 9.999911756146131481e-01 9.999914983742143049e-01 9.999880112878213323e-01 9.999876956685535001e-01 9.999906034953809364e-01 9.999882114932225896e-01 9.999888614578227308e-01 9.999894989685721436e-01
9.999873464218512753e-01 9.999871956962528285e-01 9.999865889770559457e-01 9.999899879452964768e-01 9.999880021333218405e-01 9.999879555611274062e-01 9.999894175570558374e-01 9.999879327681878705e-01 9.999875412378487205e-01 9.999900374652413992e-01
9.999849449064007745e-01 9.999874350498714204e-01 9.999913380625021775e-01 9.999885641124911517e-01 9.999851603154493729e-01 9.999900297858710374e-01 9.999887668283130582e-01 9.999901206338283055e-01 9.999915773953758080e-01 9.999894715000330336e-01
9.999890126315293948e-01 9.999856340566296575e-01 9.999841751212966701e-01 9.999862449416955235e-01 9.999894192306097995e-01 9.999889312287871812e-01 9.999874625030984454e-01 9.999864345826965373e-01 9.999903380211140336e-01 9.999871738814911648e-01
9.999894864951671680e-01 9.999888895337353256e-01 9.999877108659346314e-01 9.999818526854279410e-01 9.999910829009472923e-01 9.999871540873289666e-01 9.999899843193045257e-01 9.999886253317653573e-01 9.999913568314811041e-01 9.999900160454621156e-01
9.999898791509754803e-01 9.999888084529179322e-01 9.999908326794115787e-01 9.999919704165867174e-01 9.999916629474742136e-01 9.999879617963850498e-01 9.999903820579562064e-01 9.999902890788852083e-01 9.999884238703615758e-01 9.999901552855949838e-01
9.999892794052279710e-01 9.999868467043756537e-01 9.999901370458227357e-01 9.999896179131106955e-01 9.999877270226673609e-01 9.999900410979800647e-01 9.999894402290346873e-01 9.999885939740807972e-01 9.999880177206288412e-01 9.999862814203699379e-01
9.999886119779154425e-01 9.999882326139974964e-01 9.999887158337900095e-01 9.999902257043845610e-01 9.999883105467196609e-01 9.999876954807943585e-01 9.999857694560274624e-01 9.999905061261586958e-01 9.999897187728833403e-01 9.999852495133968455e-01
9.999912685812241131e-01 9.999916824008026062e-01 9.999886013854979439e-01 9.999888971065165055e-01 9.999899829564421472e-01 9.999882399518916776e-01 9.999893801398912485e-01 9.999886511676012724e-01 9.999867745797551555e-01 9.999883620811043095e-01
9.999882313893707630e-01 9.999849814777431734e-01 9.999841859627177643e-01 9.999879313487232135e-01 9.999894759921140741e-01 9.999900496016645990e-01 9.999883260796802453e-01 9.999881776826962110e-01 9.999910917864288651e-01 9.999916606161961541e-01
9.999905280408274422e-01 9.999864830760026857e-01 9.999904051768818691e-01 9.999910279326627016e-01 9.999862088644105862e-01 9.999889776523838147e-01 9.999894069834207588e-01 9.999873344888549065e-01 9.999854354752754082e-01 9.999860919579187657e-01
9.999890975863359177e-01 9.999907035637569663e-01 9.999876966503984388e-01 9.999900472673636243e-01 9.999881727161690215e-01 9.999879358782364225e-01 9.999864270217964091e-01 9.999899779072186634e-01 9.999867481253774670e-01 9.999892059717662152e-01
9.999885127379094518e-01 9.999881358728506253e-01 9.999881980507419055e-01 9.999877868122001301e-01 9.999899077775435963e-01 9.999895597107063550e-01 9.999874901157089768e-01 9.999858384082928042e-01 9.999885605761505980e-01 9.999919598340626381e-01
9.999882600093309426e-01 9.999892801184734337e-01 9.999889172840241702e-01 9.999874620151598670e-01 9.999907517788644284e-01 9.999884785444126400e-01 9.999891813133380269e-01 9.999886237708242032e-01 9.999858972207384955e-01 9.999879928829047415e-01
9.999897528481588305e-01 9.999874301912051733e-01 9.999894445025918621e-01 9.999883462431257142e-01 9.999870268616526392e-01 9.999907398701709527e-01 9.999884301657959718e-01 9.999894415938002101e-01 9.999908001130951574e-01 9.999879631885377762e-01
9.999833440830748765e-01 9.999881458920208965e-01 9.999864111254074261e-01 9.999889737504482623e-01 9.999892363278194418e-01 9.999856698736895311e-01 9.999902927248250917e-01 9.999842745245185460e-01 9.999872583104217894e-01 9.999904561085564136e-01
9.999895265317700899e-01 9.999889297907015306e-01 9.999912286977953313e-01 9.999894873571484322e-01 9.999873692286629367e-01 9.999911030233911147e-01 9.999885554356413575e-01 9.999850708444788516e-01 9.999914146363418910e-01 9.999868004293327450e-01
9.999865278191009121e-01 9.999882401013807653e-01 9.999892850663270050e-01 9.999863076288858510e-01 9.999882964337100111e-01 9.999875981033098382e-01 9.999914155192602960e-01 9.999892882668359739e-01 9.999892855211154341e-01 9.999873293528085405e-01
9.999884065048993964e-01 9.999884705401447249e-01 9.999905148489472984e-01 9.999889403937760601e-01 9.999864670490624663e-01 9.999815149481455778e-01 9.999856332009422477e-01 9.999880421115848739e-01 9.999885377807010700e-01 9.999877237413726805e-01
9.999882236963053561e-01 9.999902399258905339e-01 9.999871413508818474e-01 9.999887979243791136e-01 9.999828173510366680e-01 9.999871507844162455e-01 9.999906535741931446e-01 9.999910389860271476e-01 9.999903209124920700e-01 9.999911096085348783e-01
9.999892134100963892e-01 9.999906011654545734e-01 9.999872862292310538e-01 9.999894651928781242e-01 9.999900893164496152e-01 9.999908841499064449e-01 9.999871660873310697e-01 9.999886386684140316e-01 9.999893396341030805e-01 9.999892394906624293e-01
9.999879349657222471e-01 9.999891194048755594e-01 9.999905682582481692e-01 9.999865031803993887e-01 9.999869402088777948e-01 9.999875529553109432e-01 9.999873738123206124e-01 9.999871171425355199e-01 9.999877768882520224e-01 9.999876443729579512e-01
9.999880296980383498e-01 9.999885180560292852e-01 9.999875906386022084e-01 9.999890007664574698e-01 9.999866475360501550e-01 9.999888079782094374e-01 9.999869466509221372e-01 9.999873257178426567e-01 9.999890244279188156e-01 9.999906398199460700e-01
9.999908542374505993e-01 9.999885359256259765e-01 9.999876748108886826e-01 9.999866808976139998e-01 9.999893897634628548e-01 9.999892005657256000e-01 9.999896852031204819e-01 9.999890077131833310e-01 9.999893963323233104e-01 9.999881467212501374e-01
9.999882365675472062e-01 9.999911141465595010e-01 9.999885320658312704e-01 9.999884707444847143e-01 9.999884629044805129e-01 9.999886197757347217e-01 9.999886363442443971e-01 9.999879134111027135e-01 9.999871367774791908e-01 9.999880070229580920e-01
