9.999978368694311115e-01 9.999971064531633091e-01 9.999968167255699480e-01 9.999913259124675324e-01 9.999981963150674780e-01 9.999982690180683198e-01 9.999989249770946387e-01 9.999990555088597022e-01 9.999914657909313442e-01 9.999986781325606033e-01
9.999980495888707299e-01 9.999985484928002322e-01 9.999936289080301188e-01 9.999983621348439433e-01 9.999973468018740208e-01 9.999972359522897314e-01 9.999974756161109646e-01 9.999977169261823340e-01 9.999946656969213032e-01 9.999961962145768046e-01
9.999989584013248001e-01 9.999988714888050634e-01 9.999983933413721937e-01 9.999972638083095555e-01 9.999991388666671366e-01 9.999988493374430965e-01 9.999979749580421018e-01 9.999981180579188278e-01 9.999978077310356372e-01 9.999982791733530441e-01
9.999978222607889267e-01 9.999988267617812010e-01 9.999991154144731720e-01 9.999957513039625656e-01 9.999984077883278255e-01 9.999982268971837618e-01 9.999974150621926405e-01 9.999969149868482843e-01 9.999976791009618227e-01 9.999968187370419370e-01
9.999957409238616757e-01 9.999989050188984319e-01 9.999965514105726427e-01 9.999983505971459241e-01 9.999977185791368850e-01 9.999931858640721538e-01 9.999957748471791641e-01 9.999982293268725453e-01 9.999927091690294922e-01 9.999965846051107610e-01
9.999977232005635708e-01 9.999934004211779026e-01 9.999949934056873158e-01 9.999954237793143852e-01 9.999945217220143068e-01 9.999977134213157148e-01 9.999978395107133045e-01 9.999993186946362078e-01 9.999965340771446165e-01 9.999956065445924080e-01
9.999984365735683500e-01 9.999984310160717760e-01 9.999971237109904765e-01 9.999965028742926476e-01 9.999976669755058500e-01 9.999985708154167652e-01 9.999988532644433770e-01 9.999945762509804270e-01 9.999969035653530902e-01 9.999982207778681520e-01
9.999890693913227047e-01 9.999985668112006953e-01 9.999972942969682643e-01 9.999902856508524618e-01 9.999971200683377415e-01 9.999980869752521651e-01 9.999975312058094756e-01 9.999966595848137629e-01 9.999978398473762242e-01 9.999971345368486864e-01
9.999930735949625893e-01 9.999986808257360638e-01 9.999980898387126338e-01 9.999976700820008002e-01 9.999977817150139670e-01 9.999944996189932267e-01 9.999834278995093362e-01 9.999981464042081436e-01 9.999984947697451165e-01 9.999989779977098703e-01
9.999979685384484673e-01 9.999979910973204600e-01 9.999981790771708123e-01 9.999977196979928928e-01 9.999978619950643521e-01 9.999983108509354901e-01 9.999965728073260118e-01 9.999982270122703687e-01 9.999990871830206629e-01 9.999986448748000578e-01
9.999979007549851806e-01 9.999984652416258335e-01 9.999972757526693901e-01 9.999985585046181624e-01 9.999977935160134779e-01 9.999964118338862118e-01 9.999972201397105964e-01 9.999975006517438647e-01 9.999951997068881049e-01 9.999982327239694824e-01
9.999968962670542361e-01 9.999958173994983879e-01 9.999912562633791469e-01 9.999990466094766939e-01 9.999982061288663626e-01 9.999977949021835455e-01 9.999982918328935710e-01 9.999990218194375613e-01 9.999975092648465402e-01 9.999980387225866352e-01
9.999985985747573691e-01 9.999977077594282004e-01 9.999978313514015227e-01 9.999980672535753179e-01 9.999984475269624307e-01 9.999949529580042240e-01 9.999964195090038643e-01 9.999978306648990012e-01 9.999971384754802184e-01 9.999921864476813971e-01
9.999977875334674637e-01 9.999980427343919676e-01 9.999959213222560095e-01 9.999977740639579560e-01 9.999960204556427312e-01 9.999990067906322500e-01 9.999981319853765704e-01 9.999981372460536866e-01 9.999980796937424365e-01 9.999974442205036285e-01
9.999980085862294477e-01 9.999942957208572958e-01 9.999989599071739121e-01 9.999972994851538122e-01 9.999984843087191821e-01 9.999988525491704250e-01 9.999943456481892312e-01 9.999962283333957425e-01 9.999968725206241915e-01 9.999985377788235263e-01
9.999978768741486501e-01 9.999984615636865470e-01 9.999969642282375837e-01 9.999980611606588132e-01 9.999972120770981299e-01 9.999982510225611243e-01 9.999980625063799033e-01 9.999980299334727540e-01 9.999991048825507267e-01 9.999982426947089387e-01
9.999984790297856696e-01 9.999982051620077694e-01 9.999979618573058282e-01 9.999930393880731572e-01 9.999941855717187078e-01 9.999986249324028798e-01 9.999982001867113723e-01 9.999990962688490859e-01 9.999989212115546477e-01 9.999992711489973374e-01
9.999974147706398586e-01 9.999986028918889103e-01 9.999961440010985969e-01 9.999976482026139424e-01 9.999981562747063402e-01 9.999930026777841263e-01 9.999947102545249100e-01 9.999933580099421571e-01 9.999948768913281549e-01 9.999990645906680076e-01
9.999984325965873833e-01 9.999984786923006297e-01 9.999959524448028825e-01 9.999955681179645284e-01 9.999982986555464581e-01 9.999983831891132713e-01 9.999966551844811091e-01 9.999962100810961818e-01 9.999976359770867962e-01 9.999984173658349462e-01
9.999971480572827920e-01 9.999980250386421021e-01 9.999984197156420729e-01 9.999983764106932238e-01 9.999973198283355069e-01 9.999973267822954703e-01 9.999977850608160468e-01 9.999979811367278870e-01 9.999956666059434118e-01 9.999991267601758826e-01
9.999984052750711117e-01 9.999988459008998243e-01 9.999984297679080925e-01 9.999977300072854236e-01 9.999984859430899320e-01 9.999887534888862728e-01 9.999978373769038420e-01 9.999983969817514140e-01 9.999974074653684708e-01 9.999970905000199473e-01
9.999980388000683229e-01 9.999955237985014289e-01 9.999986459455530996e-01 9.999977817116306733e-01 9.999941237526457360e-01 9.999988406143470732e-01 9.999978147781146687e-01 9.999969184042785120e-01 9.999978548652730392e-01 9.999959523299467579e-01
9.999959534259247329e-01 9.999976972957029808e-01 9.999974338268066143e-01 9.999973906677441793e-01 9.999975468351530727e-01 9.999991250325555026e-01 9.999883297391796155e-01 9.999966588316713256e-01 9.999958715126161524e-01 9.999950317869135130e-01
9.999941314050632135e-01 9.999983904177371929e-01 9.999967844752092327e-01 9.999978234887142436e-01 9.999972163201621411e-01 9.999928520656433673e-01 9.999981761660250434e-01 9.999970156004709398e-01 9.999987354794038774e-01 9.999948313512209142e-01
9.999985383851005549e-01 9.999967319651562603e-01 9.999942430254372683e-01 9.999982046051453244e-01 9.999973019958389164e-01 9.999926803286929289e-01 9.999986399097550160e-01 9.999970234623001275e-01 9.999885623587366767e-01 9.999966437329070867e-01
9.999986854929309166e-01 9.999963920123488004e-01 9.999971586818411362e-01 9.999977779040344350e-01 9.999978727929889066e-01 9.999955879475912468e-01 9.999983466922145459e-01 9.999975184174384468e-01 9.999963901452412207e-01 9.999987813016137927e-01
9.999956419650318784e-01 9.999970902198362932e-01 9.999971996026170151e-01 9.999991965278620665e-01 9.999934640753854742e-01 9.999980603151441549e-01 9.999982793016261029e-01 9.999985207990976788e-01 9.999978024084349437e-01 9.999980392586554911e-01
9.999971241117215914e-01 9.999983227438172806e-01 9.999968545165091038e-01 9.999956849483493393e-01 9.999950339173671043e-01 9.999973779006270380e-01 9.999984263155957676e-01 9.999987395117586608e-01 9.999976925571606445e-01 9.999988952979872447e-01
9.999975584501555881e-01 9.999974675347831354e-01 9.999892451230677493e-01 9.999985495514579492e-01 9.999947369628119365e-01 9.999973077174186820e-01 9.999979050846390383e-01 9.999987999011200612e-01 9.999961353654160945e-01 9.999984247231350487e-01
9.999961697956306628e-01 9.999958347290709426e-01 9.999967134803655622e-01 9.999917030857388145e-01 9.999941063643444927e-01 9.999939032170325204e-01 9.999962928084681346e-01 9.999976813070634574e-01 9.999970592481803866e-01 9.999965510199670948e-01
9.999985074203429081e-01 9.999970447131732998e-01 9.999985195587136610e-01 9.999934892811362941e-01 9.999988376587896077e-01 9.999973497350975737e-01 9.999987850467244588e-01 9.999966971330161991e-01 9.999991225699389474e-01 9.999975471106403724e-01
9.999988117558752387e-01 9.999957413210984747e-01 9.999979758837755917e-01 9.999965647417081716e-01 9.999970399901032536e-01 9.999976182094667543e-01 9.999978870523335006e-01 9.999926923074680118e-01 9.999866162779513790e-01 9.999965087184211621e-01
9.999983006630946969e-01 9.999967807821292798e-01 9.999976910971102306e-01 9.999978012235807290e-01 9.999981028509240533e-01 9.999951164221634325e-01 9.999972158186879456e-01 9.999966496473031707e-01 9.999976955464979778e-01 9.999992386581185722e-01
9.999977347906807701e-01 9.999975639907797698e-01 9.999972762425297645e-01 9.999973445427674523e-01 9.999976464123592201e-01 9.999972533576855227e-01 9.999961600615202562e-01 9.999978384484030647e-01 9.999965171525176943e-01 9.999978975940865267e-01
9.999970910627499210e-01 9.999968575734112797e-01 9.999970675272429332e-01 9.999975630240479640e-01 9.999988732467047781e-01 9.999981914299277408e-01 9.999880926161061057e-01 9.999970253115866292e-01 9.999977448917203304e-01 9.999974452055001573e-01
9.999970912463942430e-01 9.999963554550823641e-01 9.999983821015665519e-01 9.999939649687468179e-01 9.999975172892794362e-01 9.999967839745815823e-01 9.999976788308073683e-01 9.999966953459359376e-01 9.999986357343219057e-01 9.999986203360273773e-01
9.999959141908912885e-01 9.999963694693907446e-01 9.999991589514888313e-01 9.999933458332902481e-01 9.999983474319387167e-01 9.999980818739754307e-01 9.999928905693377112e-01 9.999964685896076677e-01 9.999984437530264891e-01 9.999962748758394193e-01
9.999971418272811663e-01 9.999980150003645596e-01 9.999917119976714508e-01 9.999985560748426705e-01 9.999937454544612914e-01 9.999952843602368802e-01 9.999968553256897152e-01 9.999981853043248270e-01 9.999969438895833784e-01 9.999977438811191721e-01
9.999964367576941182e-01 9.999974074439422767e-01 9.999991053289245535e-01 9.999973339910391834e-01 9.999974846708187259e-01 9.999981518118259416e-01 9.999966738621612894e-01 9.999988673694938379e-01 9.999951124465247254e-01 9.999982912514183697e-01
9.999968950001163481e-01 9.999968342428522394e-01 9.999974508017791530e-01 9.999980397957044520e-01 9.999993001211352484e-01 9.999968042859049833e-01 9.999981838131397627e-01 9.999962198448751893e-01 9.999984092583114048e-01 9.999971714011807178e-01
9.999943130731847596e-01 9.999984260548226978e-01 9.999989837661664716e-01 9.999977671243031052e-01 9.999956799059548374e-01 9.999974837934287875e-01 9.999975055236529631e-01 9.999967214501634949e-01 9.999962376323509039e-01 9.999966581771737584e-01
9.999991807868006122e-01 9.999982779903052732e-01 9.999982619877021417e-01 9.999917768092912995e-01 9.999989193854154079e-01 9.999980827178513998e-01 9.999936743051803800e-01 9.999969657167611103e-01 9.999974593183103000e-01 9.999972894263680079e-01
9.999980680159655799e-01 9.999978718830546676e-01 9.999981433780342766e-01 9.999972618485534204e-01 9.999970265919683188e-01 9.999976648790115386e-01 9.999968939532644097e-01 9.999989068532290082e-01 9.999983744558573751e-01 9.999969202782328370e-01
9.999977934520476452e-01 9.999882413790025515e-01 9.999950714587311218e-01 9.999977666567336776e-01 9.999946828429649992e-01 9.999970529414966558e-01 9.999978541107897856e-01 9.999982885101577068e-01 9.999963419584512181e-01 9.999944616291477351e-01
9.999951621954203951e-01 9.999975529313265277e-01 9.999947402636628624e-01 9.999964796347490248e-01 9.999969216195102595e-01 9.999974579699087984e-01 9.999945270494413618e-01 9.999964122716774595e-01 9.999952026300343855e-01 9.999978427725629837e-01
9.999989130374427049e-01 9.999978528733827199e-01 9.999984420794784112e-01 9.999994722664206082e-01 9.999950761544756928e-01 9.999965161467049279e-01 9.999974822086646897e-01 9.999983451618005281e-01 9.999943482292488195e-01 9.999941937737085729e-01
9.999970418433782315e-01 9.999973540440175723e-01 9.999964481829498597e-01 9.999970064928317415e-01 9.999971794578514928e-01 9.999972859876229414e-01 9.999960038775411730e-01 9.999985201870725815e-01 9.999980780942818726e-01 9.999946365523185721e-01
9.999987430808622291e-01 9.999948368241591279e-01 9.999985766910131080e-01 9.999967765671865516e-01 9.999978028612559466e-01 9.999950974641425017e-01 9.999969690361708574e-01 9.999983559853711235e-01 9.999961154001901775e-01 9.999972359092972329e-01
9.999974709357574154e-01 9.999948078741917046e-01 9.999987112126822453e-01 9.999905080919788691e-01 9.999986623956770293e-01 9.999985803912330162e-01 9.999989100014673449e-01 9.999986016940581868e-01 9.999976548304613244e-01 9.999955710221218874e-01
9.999983771778233610e-01 9.999981311323310473e-01 9.999983715356004499e-01 9.999983096378699532e-01 9.999964366711076025e-01 9.999954275207092458e-01 9.999972314447453936e-01 9.999943685331369458e-01 9.999988096920344738e-01 9.999986123280286687e-01
9.999981428436960362e-01 9.999984152200770415e-01 9.999987478616705339e-01 9.999974269892273337e-01 9.999928038417756904e-01 9.999983152019809030e-01 9.999974253252156275e-01 9.999940762989705245e-01 9.999976535160399749e-01 9.999950380017478269e-01
9.999987284282739752e-01 9.999973591670738848e-01 9.999979048947107430e-01 9.999967877837124819e-01 9.999932409916285625e-01 9.999975994335056351e-01 9.999949839286155218e-01 9.999964689899945025e-01 9.999938058001689445e-01 9.999982073145631256e-01
9.999986182996746242e-01 9.999988784353991411e-01 9.999976407376982568e-01 9.999967909762915719e-01 9.999981761769476396e-01 9.999990602009009022e-01 9.999990690442903674e-01 9.999989241498119519e-01 9.999947018624769646e-01 9.999972626667862352e-01
9.999977314647290338e-01 9.999943393575341233e-01 9.999962034649906295e-01 9.999975017384938880e-01 9.999831850565263913e-01 9.999947830217857936e-01 9.999986074549579440e-01 9.999985854832782461e-01 9.999980444836898963e-01 9.999961961284280498e-01
9.999969357467255460e-01 9.999981440598655347e-01 9.999986566674979871e-01 9.999982175913213478e-01 9.999972854015557466e-01 9.999989528111102866e-01 9.999956881397844555e-01 9.999964605338962365e-01 9.999981921835557896e-01 9.999980109397365036e-01
9.999986338101075622e-01 9.999953906003148374e-01 9.999961032282617124e-01 9.999984342787886504e-01 9.999979745679512533e-01 9.999970531812367724e-01 9.999989429629263515e-01 9.999941498973793363e-01 9.999982537873077781e-01 9.999979974220745138e-01
9.999971149169960549e-01 9.999815458726524220e-01 9.999979373814866790e-01 9.999959372793243428e-01 9.999988831522060861e-01 9.999976184086387665e-01 9.999956599071222474e-01 9.999981811014260202e-01 9.999980983361026476e-01 9.999982805820161191e-01
9.999982260019338876e-01 9.999935354214845029e-01 9.999972682287470160e-01 9.999972279495329408e-01 9.999974691639715862e-01 9.999958540236454363e-01 9.999988774291581617e-01 9.999988399197776712e-01 9.999965692683556728e-01 9.999981411426922540e-01
9.999969939590864776e-01 9.999958336895488076e-01 9.999975041376608642e-01 9.999990393699349500e-01 9.999974801409010627e-01 9.999984369581632615e-01 9.999974299431777514e-01 9.999981915738338500e-01 9.999992081042701209e-01 9.999988772051667807e-01
9.999990126750938346e-01 9.999971990654028531e-01 9.999967043088777707e-01 9.999950722571568917e-01 9.999968503215120874e-01 9.999945286454784421e-01 9.999988052033771391e-01 9.999911713128787349e-01 9.999956690517816105e-01 9.999955572757295297e-01
9.999988689541793319e-01 9.999984574874074550e-01 9.999903820404971722e-01 9.999988469903953181e-01 9.999966602856422693e-01 9.999984095266494233e-01 9.999934249026480870e-01 9.999966342555511867e-01 9.999986993851545103e-01 9.999980938886768866e-01
9.999982191535604636e-01 9.999989101740908159e-01 9.999972079153871540e-01 9.999959232957567057e-01 9.999974733451632014e-01 9.999992947638007834e-01 9.999952806155465446e-01 9.999986310857909011e-01 9.999984798954896226e-01 9.999984067775240515e-01
9.999983989601073375e-01 9.999990306852692967e-01 9.999989279996626124e-01 9.999969514394553283e-01 9.999947789055940728e-01 9.999983854282383788e-01 9.999975947873459559e-01 9.999967505046730709e-01 9.999978603453613113e-01 9.999975437375319132e-01
9.999990707433465964e-01 9.999958640875011850e-01 9.999963318553563019e-01 9.999986018976430024e-01 9.999973617959286853e-01 9.999961424737144888e-01 9.999987973456291313e-01 9.999978451506781330e-01 9.999978727124587685e-01 9.999960717099528607e-01
9.999951904112031054e-01 9.999979220387634760e-01 9.999986396024845847e-01 9.999983871592281748e-01 9.999863417492435014e-01 9.999980294059094277e-01 9.999870202769283178e-01 9.999964550384483619e-01 9.999980167497594108e-01 9.999972944507052874e-01
9.999985630052967700e-01 9.999977382477630572e-01 9.999979947690436077e-01 9.999967132482581178e-01 9.999974985646242764e-01 9.999989316531190386e-01 9.999985080857620723e-01 9.999955582435702262e-01 9.999976899396343377e-01 9.999986023562973392e-01
9.999991251943741721e-01 9.999982845494507222e-01 9.999972692826394338e-01 9.999968762413978807e-01 9.999977175004158836e-01 9.999916697392123854e-01 9.999976253689457639e-01 9.999963402075927599e-01 9.999987386247682908e-01 9.999937584412699199e-01
9.999985952150414192e-01 9.999972564126662355e-01 9.999961261669052526e-01 9.999993846288682819e-01 9.999960191624899242e-01 9.999991849370633012e-01 9.999963701240091041e-01 9.999965368239490671e-01 9.999970963810836944e-01 9.999949698075653037e-01
9.999971985559099608e-01 9.999976465975659590e-01 9.999978537276471569e-01 9.999974292476090376e-01 9.999982956343539398e-01 9.999964101410830919e-01 9.999989260640179678e-01 9.999983323119950862e-01 9.999968156062493119e-01 9.999959831828746371e-01
9.999992780557795946e-01 9.999992308455032397e-01 9.999985073025919879e-01 9.999980163121023891e-01 9.999988687292455936e-01 9.999990531823980122e-01 9.999981255323284746e-01 9.999946495797369383e-01 9.999957107851077387e-01 9.999988839390742124e-01
9.999917486879276174e-01 9.999983832558385632e-01 9.999985486661161493e-01 9.999980436616644486e-01 9.999964262053011588e-01 9.999938897254265768e-01 9.999978076983532249e-01 9.999979450356867305e-01 9.999977223453111463e-01 9.999937715680066175e-01
9.999966873949248658e-01 9.999962740242971382e-01 9.999956820041074890e-01 9.999990720969459401e-01 9.999985101644965901e-01 9.999978184926257008e-01 9.999987574420422520e-01 9.999975445800928231e-01 9.999981988757925544e-01 9.999972142388157126e-01
9.999967298713270392e-01 9.999973479166954782e-01 9.999967710542818633e-01 9.999971309141804099e-01 9.999905322626196913e-01 9.999970272155043194e-01 9.999986405373029186e-01 9.999985213282883700e-01 9.999974975691253709e-01 9.999975375182362791e-01
9.999988497017799904e-01 9.999956635626694457e-01 9.999989016612416126e-01 9.999988457882229564e-01 9.999984949959208613e-01 9.999977166649920424e-01 9.999943944660760753e-01 9.999952078579144032e-01 9.999977908166894913e-01 9.999956476255327242e-01
9.999949696255548970e-01 9.999960033828976247e-01 9.999992689879225738e-01 9.999962547645584454e-01 9.999973301751484689e-01 9.999963696387523804e-01 9.999977847317441659e-01 9.999978869176177065e-01 9.999992353750685181e-01 9.999955201423458284e-01
9.999992078390452788e-01 9.999981086658741303e-01 9.999972818604295766e-01 9.999959951417971560e-01 9.999988499313690049e-01 9.999977692310475508e-01 9.999977438877065694e-01 9.999988151288193849e-01 9.999980744621702611e-01 9.999992460743831746e-01
9.999985067236759617e-01 9.999980806867062588e-01 9.999968803485915769e-01 9.999972828821537263e-01 9.999969686284544412e-01 9.999970550142549541e-01 9.999986825236794052e-01 9.999973794900042234e-01 9.999984683873259783e-01 9.999941480255976067e-01
9.999981580184198471e-01 9.999982406433420845e-01 9.999970353558570446e-01 9.999979734635440209e-01 9.999969967371793444e-01 9.999973132905775053e-01 9.999978112065197600e-01 9.999982852079648543e-01 9.999988372640020717e-01 9.999982212180181795e-01
9.999987328600872249e-01 9.999988750342092558e-01 9.999952931883649976e-01 9.999958451340754673e-01 9.999973764136449450e-01 9.999963058568217544e-01 9.999982654416795791e-01 9.999974345521438490e-01 9.999980925710666435e-01 9.999981349458745283e-01
9.999956590633567455e-01 9.999991559929073404e-01 9.999918185402352222e-01 9.999985315338026926e-01 9.999976839435099629e-01 9.999990857465459460e-01 9.999981364636212344e-01 9.999979046995068899e-01 9.999916109696022071e-01 9.999977435888826038e-01
9.999984618801637248e-01 9.999973979956109371e-01 9.999980265886042607e-01 9.999972050292803560e-01 9.999963430839277079e-01 9.999987713705976722e-01 9.999967317640285902e-01 9.999966464675362765e-01 9.999958574498312158e-01 9.999969277594678019e-01
9.999985030819285026e-01 9.999937945028892772e-01 9.999962134667661484e-01 9.999977510526744107e-01 9.999975259577348341e-01 9.999982564634884996e-01 9.999989520144817456e-01 9.999975016941095030e-01 9.999977423604663462e-01 9.999979295966109349e-01
9.999973278522095166e-01 9.999987891822711417e-01 9.999983889711798746e-01 9.999988082848907389e-01 9.999980754105316505e-01 9.999983345308007809e-01 9.999981364937891026e-01 9.999974826747664025e-01 9.999961540076542921e-01 9.999988345348206353e-01
9.999984212380029769e-01 9.999974948897681903e-01 9.999955623614034117e-01 9.999969475995065249e-01 9.999976915608250749e-01 9.999985164516813629e-01 9.999952577893811423e-01 9.999977857571669126e-01 9.999961046733172321e-01 9.999945598527567592e-01
9.999972785635907746e-01 9.999982572983981965e-01 9.999987576644303600e-01 9.999989107873163974e-01 9.999987402384684643e-01 9.999981649265069494e-01 9.999957764166896856e-01 9.999979774080798300e-01 9.999957339820890745e-01 9.999993875615765804e-01
9.999981223266912744e-01 9.999985367629363742e-01 9.999947806205564671e-01 9.999979490448345221e-01 9.999980181243123267e-01 9.999988915765466446e-01 9.999972470397007207e-01 9.999978742781648888e-01 9.999976807449086902e-01 9.999966680315941492e-01
9.999962950597651723e-01 9.999980099691789803e-01 9.999990918124673778e-01 9.999969407190821835e-01 9.999983887845131925e-01 9.999968911940745331e-01 9.999957747987882062e-01 9.999990224049020160e-01 9.999996071044612300e-01 9.999971162230845145e-01
9.999954787546766477e-01 9.999982082560426866e-01 9.999988196546528707e-01 9.999943578549570500e-01 9.999984179453988986e-01 9.999985080486002431e-01 9.999978528967180536e-01 9.999909863047617975e-01 9.999979510320362586e-01 9.999979112359795863e-01
9.999981446384038630e-01 9.999956161713751124e-01 9.999986606994181182e-01 9.999960551103522777e-01 9.999947125831462058e-01 9.999978608715907047e-01 9.999961095962903723e-01 9.999988927455577548e-01 9.999981798013490852e-01 9.999963613706438492e-01
9.999965692997226929e-01 9.999977982928405229e-01 9.999987449275397067e-01 9.999917635848613040e-01 9.999974206069830451e-01 9.999923040575603439e-01 9.999985353890679107e-01 9.999984097447897069e-01 9.999976418009718371e-01 9.999972687500695567e-01
9.999900891611681608e-01 9.999986835923686534e-01 9.999934656516850096e-01 9.999981028924829207e-01 9.999985361420499208e-01 9.999958100570960351e-01 9.999958943431644931e-01 9.999993157723969794e-01 9.999977899777863222e-01 9.999955395942830005e-01
9.999968377283035004e-01 9.999944425169620121e-01 9.999987697037870937e-01 9.999952004097568681e-01 9.999975898213963044e-01 9.999990861248929663e-01 9.999987278504212096e-01 9.999979678078172451e-01 9.999954471783316645e-01 9.999970618734138617e-01
9.999977228940093443e-01 9.999990199770069088e-01 9.999969134593280629e-01 9.999950809621352965e-01 9.999949220207194900e-01 9.999966260670049012e-01 9.999887789615506950e-01 9.999807893688178462e-01 9.999971843868047383e-01 9.999985816208725176e-01
9.999853390112918294e-01 9.999981516109076596e-01 9.999988328914045654e-01 9.999985198377340234e-01 9.999968140275236061e-01 9.999974225846214315e-01 9.999932291947545293e-01 9.999962507443239668e-01 9.999969534342691979e-01 9.999953117748837661e-01
9.999964531302887316e-01 9.999981817767882308e-01 9.999988013332342662e-01 9.999986299537776402e-01 9.999989900282343358e-01 9.999979359345012586e-01 9.999976027612985652e-01 9.999982119543243675e-01 9.999956872687844056e-01 9.999972493792871342e-01
9.999978996077336646e-01 9.999974790916958955e-01 9.999987293958706447e-01 9.999958995778442938e-01 9.999980492059149517e-01 9.999960657811073350e-01 9.999973778526537460e-01 9.999988827812510417e-01 9.999985057111513420e-01 9.999936494568508749e-01
9.999982416261361529e-01 9.999983056413676019e-01 9.999976130648167150e-01 9.999968306374616978e-01 9.999983555846277961e-01 9.999984274561799502e-01 9.999976986991530037e-01 9.999957372340297912e-01 9.999983836159013206e-01 9.999988019262038286e-01
9.999982469859847178e-01 9.999941060983114083e-01 9.999985263517616740e-01 9.999976852742212818e-01 9.999974806582139220e-01 9.999988286586887209e-01 9.999962117475248435e-01 9.999989066289463047e-01 9.999989938509858955e-01 9.999982453610979372e-01
9.999975579259013925e-01 9.999983367626682496e-01 9.999952493171430090e-01 9.999959831546058053e-01 9.999990714116322454e-01 9.999943675297122692e-01 9.999975549702022626e-01 9.999963122250747904e-01 9.999990976667375575e-01 9.999977433971515284e-01
9.999972781539949729e-01 9.999975480421645635e-01 9.999983240536188811e-01 9.999972764869994313e-01 9.999960669680901804e-01 9.999970561339720510e-01 9.999984666131619404e-01 9.999950350705306690e-01 9.999975822493013533e-01 9.999980411831148608e-01
