9.999995647792264686e-01 9.999997812221932403e-01 9.999996726628174182e-01 9.999998638663463169e-01 9.999995271114625606e-01 9.999997460717141573e-01 9.999998331626190895e-01 9.999996681533851461e-01 9.999995484772533638e-01 9.999994644853118508e-01
9.999997634462896023e-01 9.999996673401131408e-01 9.999997923340188111e-01 9.999990699353977774e-01 9.999994522345976300e-01 9.999993381513847535e-01 9.999996332729982340e-01 9.999991317519334455e-01 9.999998059582176912e-01 9.999996331125328153e-01
9.999988577995468919e-01 9.999994949687951440e-01 9.999993962505503431e-01 9.999997448839003100e-01 9.999997173761063785e-01 9.999998073623206363e-01 9.999994789990590549e-01 9.999998063222934608e-01 9.999998174664831430e-01 9.999996605171308506e-01
9.999996782422247987e-01 9.999991586761285411e-01 9.999996231178742701e-01 9.999993675099888568e-01 9.999995711839781976e-01 9.999995339978545728e-01 9.999996578469965147e-01 9.999998468498646487e-01 9.999989222672583944e-01 9.999996571944115287e-01
9.999994523876464259e-01 9.999996564374553643e-01 9.999992774087862468e-01 9.999990753788982056e-01 9.999996401311148642e-01 9.999996867434396419e-01 9.999995449970877637e-01 9.999993195319901718e-01 9.999997177725669095e-01 9.999995138093635827e-01
9.999998547127453286e-01 9.999993698683826704e-01 9.999994753915755208e-01 9.999992802305327499e-01 9.999997650858747367e-01 9.999996298142642681e-01 9.999996245448933285e-01 9.999994813894061974e-01 9.999997241005155191e-01 9.999993566388178934e-01
9.999995897520458366e-01 9.999995670401911063e-01 9.999998755289568608e-01 9.999997023366469229e-01 9.999996767839899325e-01 9.999995175386464652e-01 9.999998098586925233e-01 9.999990528553481806e-01 9.999995690040779373e-01 9.999997565391770538e-01
9.999995059412902787e-01 9.999993099685162701e-01 9.999994000414799133e-01 9.999998826567150223e-01 9.999995403231614066e-01 9.999998083833955276e-01 9.999997029771879875e-01 9.999994722345800779e-01 9.999997539256855195e-01 9.999996343744302907e-01
9.999996104637980388e-01 9.999995726992031431e-01 9.999997657334407375e-01 9.999991674484994819e-01 9.999995893369859612e-01 9.999997199497675515e-01 9.999996614775061854e-01 9.999993871185488548e-01 9.999991813466594381e-01 9.999995100522279801e-01
9.999997832395766117e-01 9.999993323168876458e-01 9.999998043882623033e-01 9.999998068177127220e-01 9.999988885174113662e-01 9.999994237231573102e-01 9.999998503188320953e-01 9.999995306746447543e-01 9.999998002125007890e-01 9.999990204133005767e-01
9.999995849736540432e-01 9.999993486038093460e-01 9.999998698658494334e-01 9.999997505698920985e-01 9.999997965374859410e-01 9.999997124345576527e-01 9.999997439532088972e-01 9.999996881309790586e-01 9.999996895782358175e-01 9.999996920589648841e-01
9.999995731121944509e-01 9.999997480098888891e-01 9.999995016890529387e-01 9.999997796596306054e-01 9.999997314306574570e-01 9.999995699624026901e-01 9.999998683647023379e-01 9.999995172239374286e-01 9.999995717533599615e-01 9.999998138926204927e-01
9.999998366630955537e-01 9.999998842418604816e-01 9.999993433630801620e-01 9.999992737620426730e-01 9.999994632058440969e-01 9.999997645879238339e-01 9.999990207578660639e-01 9.999997528649804401e-01 9.999993535909047493e-01 9.999993473784479781e-01
9.999997182242105209e-01 9.999995708357974911e-01 9.999995684835835119e-01 9.999996825918232579e-01 9.999997856588530576e-01 9.999996126530983354e-01 9.999996719522212807e-01 9.999995990053174300e-01 9.999997913742080247e-01 9.999996112956013317e-01
9.999996892555543804e-01 9.999995755184321045e-01 9.999987820269968797e-01 9.999996374513746566e-01 9.999998252008911459e-01 9.999996515271644126e-01 9.999990150172853864e-01 9.999996415843340758e-01 9.999988944131330548e-01 9.999995828654737462e-01
9.999993634704078538e-01 9.999998411791083397e-01 9.999992860967574781e-01 9.999990599891155352e-01 9.999997600030876566e-01 9.999997367925115288e-01 9.999997311472353934e-01 9.999992083196537207e-01 9.999995025516256186e-01 9.999998205878866120e-01
9.999992966272688300e-01 9.999996294690761678e-01 9.999995521400308895e-01 9.999998619820876788e-01 9.999998336935174148e-01 9.999999401772052821e-01 9.999998391292599376e-01 9.999988983416644439e-01 9.999987498807797470e-01 9.999995110050237113e-01
9.999995417805015441e-01 9.999995550433411484e-01 9.999997012594229462e-01 9.999992511880825274e-01 9.999994095316963039e-01 9.999996578968646244e-01 9.999998499872150282e-01 9.999996989805068903e-01 9.999996139089106784e-01 9.999995382341952954e-01
9.999993362718166967e-01 9.999998657365710697e-01 9.999995431322592498e-01 9.999995369956816704e-01 9.999997275382462858e-01 9.999994512814884828e-01 9.999993522884319530e-01 9.999993768229316071e-01 9.999997813497507604e-01 9.999996134257437275e-01
9.999996034522442567e-01 9.999995684269576968e-01 9.999999096911629248e-01 9.999993240809098571e-01 9.999997585542502732e-01 9.999998564872092377e-01 9.999988100322606543e-01 9.999995404019363932e-01 9.999998614518198492e-01 9.999998282238240499e-01
9.999993449408244306e-01 9.999994349974669072e-01 9.999994091190433920e-01 9.999994963952859584e-01 9.999995324505379646e-01 9.999992249706827208e-01 9.999997389083958854e-01 9.999993446203409020e-01 9.999996894688060189e-01 9.999995947007267461e-01
9.999996927401989533e-01 9.999991901389652105e-01 9.999996357926056456e-01 9.999995753104706786e-01 9.999995584241107016e-01 9.999989984891636263e-01 9.999992543546640800e-01 9.999996275813940461e-01 9.999998755786400073e-01 9.999997816146145579e-01
9.999997473415247473e-01 9.999997807090732493e-01 9.999996406751058275e-01 9.999998083682256622e-01 9.999994110851379014e-01 9.999997645474846264e-01 9.999993529933787206e-01 9.999996353757146794e-01 9.999996893868735581e-01 9.999996732382090414e-01
9.999994635468179016e-01 9.999999207360492637e-01 9.999997766238823971e-01 9.999993004717078193e-01 9.999996664491838105e-01 9.999996692102124385e-01 9.999993420789391463e-01 9.999997084249779844e-01 9.999997374555268381e-01 9.999998060342861761e-01
9.999994081657229694e-01 9.999997575314014675e-01 9.999994872045332439e-01 9.999993106431324108e-01 9.999993956270055717e-01 9.999996163210581601e-01 9.999995889210092637e-01 9.999997662587712943e-01 9.999996417851836350e-01 9.999998462382769793e-01
9.999992512631603603e-01 9.999997876526698359e-01 9.999993070400702289e-01 9.999988738899943108e-01 9.999997057431205816e-01 9.999997923489806206e-01 9.999996398396500119e-01 9.999991548213921222e-01 9.999995782876835992e-01 9.999994911565147637e-01
9.999996154866236386e-01 9.999995213236361202e-01 9.999992511978209597e-01 9.999988991751379563e-01 9.999998502632110320e-01 9.999994671056008366e-01 9.999995283482056019e-01 9.999996888767517245e-01 9.999997221753278431e-01 9.999993268573506011e-01
9.999994509759621009e-01 9.999993155180758597e-01 9.999992693871966321e-01 9.999997703137032401e-01 9.999995652291862047e-01 9.999993073165569513e-01 9.999997086075599340e-01 9.999997340290903702e-01 9.999996261709168666e-01 9.999997480812755635e-01
9.999997318933384616e-01 9.999993270901861298e-01 9.999993928564505641e-01 9.999994188309443421e-01 9.999995637175217444e-01 9.999996687440665388e-01 9.999997391882450293e-01 9.999995408038636624e-01 9.999995406809033538e-01 9.999996947784894896e-01
9.999997714079760236e-01 9.999995366819004472e-01 9.999995399574165278e-01 9.999995870758002781e-01 9.999996607223146095e-01 9.999995518278490536e-01 9.999997319169127152e-01 9.999994152483173693e-01 9.999995957664533641e-01 9.999998232308169310e-01
9.999995716694057846e-01 9.999997056444268617e-01 9.999993820379622367e-01 9.999994377435343917e-01 9.999992707437992401e-01 9.999997944558577379e-01 9.999998240682996808e-01 9.999997924031934771e-01 9.999996267104340752e-01 9.999994656009622007e-01
9.999996487035118786e-01 9.999992342385712885e-01 9.999997919978141914e-01 9.999993907762763090e-01 9.999998179726262704e-01 9.999996383797802313e-01 9.999997575433887675e-01 9.999997660180520720e-01 9.999994732587976776e-01 9.999997910385272082e-01
9.999991711452532739e-01 9.999996358304684696e-01 9.999998164088759189e-01 9.999997408866915238e-01 9.999997105018075816e-01 9.999996466415107532e-01 9.999993139733880376e-01 9.999994630607998980e-01 9.999994605553342852e-01 9.999997273571566980e-01
9.999996554048747877e-01 9.999997065609509406e-01 9.999996790110201594e-01 9.999998045391744750e-01 9.999992336906959878e-01 9.999997530941547863e-01 9.999992620184472436e-01 9.999994580373930964e-01 9.999997716267589043e-01 9.999996468473270061e-01
9.999998389597011261e-01 9.999998546497805840e-01 9.999995485131983886e-01 9.999995240101715588e-01 9.999997942890451741e-01 9.999998924598851868e-01 9.999998088110333416e-01 9.999994417246138578e-01 9.999998600415453964e-01 9.999998415749721259e-01
9.999989313327222185e-01 9.999996930269272610e-01 9.999996664574984928e-01 9.999994881851599349e-01 9.999997884776997692e-01 9.999998936504409519e-01 9.999986244628423782e-01 9.999993581194006609e-01 9.999997799567609258e-01 9.999993929313049090e-01
9.999993588777382758e-01 9.999998975246069399e-01 9.999996142945685174e-01 9.999999008729869576e-01 9.999997456035345511e-01 9.999997435538210411e-01 9.999997797348251227e-01 9.999999100488843329e-01 9.999995915574144689e-01 9.999991927634933608e-01
9.999993793199258851e-01 9.999993992964130163e-01 9.999998195370319864e-01 9.999997794768855641e-01 9.999995105230989889e-01 9.999996540991272775e-01 9.999995908886160079e-01 9.999997804448207406e-01 9.999991112510456803e-01 9.999995333357178939e-01
9.999994444892180701e-01 9.999997553881799783e-01 9.999999221612869693e-01 9.999998018696325541e-01 9.999993256606813929e-01 9.999994341026329225e-01 9.999996518855788219e-01 9.999998211201228671e-01 9.999997849537245465e-01 9.999998266986107609e-01
9.999994891913330797e-01 9.999996319278604551e-01 9.999997655579739853e-01 9.999994424793536840e-01 9.999997768066948289e-01 9.999995209191355761e-01 9.999997295218984172e-01 9.999993710726483576e-01 9.999991264185852380e-01 9.999995942426628259e-01
9.999994957793159056e-01 9.999994961091995815e-01 9.999998538277938831e-01 9.999993143385782490e-01 9.999997880059993127e-01 9.999993959857860215e-01 9.999996315473733688e-01 9.999997700827490954e-01 9.999997905863239334e-01 9.999995347096326537e-01
9.999996233009749158e-01 9.999999051943075923e-01 9.999998328034406248e-01 9.999995919368703801e-01 9.999992901953226321e-01 9.999996299652087473e-01 9.999995910923126230e-01 9.999992827572452558e-01 9.999997706956182952e-01 9.999996672916443563e-01
9.999992980755144645e-01 9.999994016011155562e-01 9.999994076187019854e-01 9.999995320144464683e-01 9.999993293160102104e-01 9.999996859773254698e-01 9.999996844801455342e-01 9.999995605611132765e-01 9.999995817177924629e-01 9.999996523514451674e-01
9.999996208312309509e-01 9.999995026466267367e-01 9.999986312644856268e-01 9.999987938545102928e-01 9.999998327119555830e-01 9.999997599687355798e-01 9.999991214243797444e-01 9.999997886205121977e-01 9.999995690711100949e-01 9.999995726090599169e-01
9.999998853275033905e-01 9.999997269726008664e-01 9.999996623239136850e-01 9.999994116565883440e-01 9.999990977747513776e-01 9.999996776465978066e-01 9.999991061323049157e-01 9.999998527099674961e-01 9.999995780739706630e-01 9.999992015899822340e-01
9.999995092798330543e-01 9.999994957274319640e-01 9.999997566035320196e-01 9.999994594848800045e-01 9.999990453034173221e-01 9.999997408273578747e-01 9.999997658118605637e-01 9.999993991883974198e-01 9.999998930023257238e-01 9.999994015609261488e-01
9.999996398062387382e-01 9.999994214400931281e-01 9.999996647731707045e-01 9.999997822151697191e-01 9.999997399356008732e-01 9.999997572322062434e-01 9.999994185897512766e-01 9.999996755079519906e-01 9.999997743476470857e-01 9.999997528366704191e-01
9.999997028171535574e-01 9.999997417501556018e-01 9.999995608723015739e-01 9.999988226502359856e-01 9.999997145174150948e-01 9.999999114882660578e-01 9.999998197354781349e-01 9.999994369447531284e-01 9.999996280158069961e-01 9.999993395482731362e-01
9.999997881767205277e-01 9.999994767565426601e-01 9.999998220594302767e-01 9.999994958013711521e-01 9.999993705413416922e-01 9.999999281219507097e-01 9.999996766255253577e-01 9.999997421657151886e-01 9.999997754845191267e-01 9.999997165535624566e-01
9.999995975625758371e-01 9.999995542589589226e-01 9.999995511464847553e-01 9.999995731924236075e-01 9.999991872320104225e-01 9.999995332992781538e-01 9.999996697373243482e-01 9.999997058844166675e-01 9.999996257194904148e-01 9.999993533080517860e-01
9.999997500196849964e-01 9.999996017136117965e-01 9.999997876216444315e-01 9.999996763791696441e-01 9.999995290746536147e-01 9.999995071105388655e-01 9.999997959717916718e-01 9.999998132628792336e-01 9.999997539509697386e-01 9.999997086652369083e-01
9.999992510353586939e-01 9.999994239979678179e-01 9.999990537028971005e-01 9.999997228910423308e-01 9.999995359271883766e-01 9.999997476496310655e-01 9.999993381551768312e-01 9.999982119435729677e-01 9.999997732609560153e-01 9.999994213925829101e-01
9.999997521170689296e-01 9.999997296043102724e-01 9.999997191505105576e-01 9.999996881735911947e-01 9.999995765890172805e-01 9.999993417367711857e-01 9.999995861234352024e-01 9.999989363586438973e-01 9.999997541095495546e-01 9.999996975147023015e-01
9.999997264123060559e-01 9.999998607094853220e-01 9.999998694010776568e-01 9.999998406316304989e-01 9.999995851528988844e-01 9.999997646905979254e-01 9.999995784511521713e-01 9.999995230685463365e-01 9.999995678431038426e-01 9.999997082694174200e-01
9.999998361424466964e-01 9.999998124019550128e-01 9.999998733342947421e-01 9.999998317081491006e-01 9.999998319363982979e-01 9.999997819951137457e-01 9.999998819950460804e-01 9.999998696741307924e-01 9.999997438432632890e-01 9.999994489901413708e-01
9.999993628520269517e-01 9.999995838498498824e-01 9.999998767923237164e-01 9.999995282660395501e-01 9.999988571801544657e-01 9.999990724184054658e-01 9.999992812579708845e-01 9.999999257538849662e-01 9.999997751673705970e-01 9.999999142266174923e-01
9.999992267887520825e-01 9.999994819821771408e-01 9.999989284772753395e-01 9.999990431402971947e-01 9.999998854242893032e-01 9.999992825797644480e-01 9.999991065805667878e-01 9.999990595653363012e-01 9.999996789827518828e-01 9.999997900102123305e-01
9.999993995906293343e-01 9.999996340537928852e-01 9.999998576486388568e-01 9.999995144326067065e-01 9.999998019992519804e-01 9.999994892099133281e-01 9.999999239962872322e-01 9.999991424193059864e-01 9.999998225326999224e-01 9.999999698680384075e-01
9.999997167213067195e-01 9.999995545876460001e-01 9.999997049006688066e-01 9.999996583335418743e-01 9.999995854982782761e-01 9.999995184118941616e-01 9.999998269787474525e-01 9.999994117487319700e-01 9.999993736732316618e-01 9.999992432799987840e-01
9.999998712994263572e-01 9.999997494706774903e-01 9.999995948123323597e-01 9.999996506669631691e-01 9.999993123613587498e-01 9.999998459276532303e-01 9.999999209642400633e-01 9.999997700647434984e-01 9.999995755886543769e-01 9.999997062879357745e-01
9.999997816725166855e-01 9.999995704414761377e-01 9.999997188520919345e-01 9.999996551916061627e-01 9.999996348603272800e-01 9.999996230165266731e-01 9.999993864326643944e-01 9.999991807238185482e-01 9.999999120091472848e-01 9.999999511956264575e-01
9.999997603418820935e-01 9.999990111569534434e-01 9.999996702067176502e-01 9.999998562289144077e-01 9.999998607901117165e-01 9.999994888901135859e-01 9.999996137500888338e-01 9.999992127393957375e-01 9.999993564674060087e-01 9.999999834169351898e-01
9.999999091559029774e-01 9.999996801975434835e-01 9.999997563100586628e-01 9.999997595308869336e-01 9.999991156007222992e-01 9.999993629142709395e-01 9.999994438688983855e-01 9.999990011395972767e-01 9.999990774107073710e-01 9.999998697324459229e-01
9.999995952736858706e-01 9.999994869750851167e-01 9.999995502838495698e-01 9.999992822994838715e-01 9.999999320041645934e-01 9.999998003283347980e-01 9.999996920384572885e-01 9.999998799939544547e-01 9.999994750419304301e-01 9.999991275770143684e-01
9.999993864255565246e-01 9.999996760920353278e-01 9.999998775823355501e-01 9.999998688675900693e-01 9.999995170560588287e-01 9.999998020003126875e-01 9.999994677726427028e-01 9.999998603985567058e-01 9.999996109299432723e-01 9.999994404395450287e-01
9.999998228798675504e-01 9.999995354204307407e-01 9.999995746886628512e-01 9.999995339214408085e-01 9.999996541544763362e-01 9.999994699782069896e-01 9.999995057388166853e-01 9.999998206791225197e-01 9.999998049158207447e-01 9.999995802752060792e-01
9.999997769010933180e-01 9.999996253098581978e-01 9.999994430170823234e-01 9.999993225893616389e-01 9.999992634143850534e-01 9.999991528678209285e-01 9.999991747046221846e-01 9.999992965189785643e-01 9.999986104710734125e-01 9.999997458298338637e-01
9.999996892612931232e-01 9.999990503418109133e-01 9.999995761602987754e-01 9.999997854635518379e-01 9.999997417048243076e-01 9.999997042228511157e-01 9.999995522297332462e-01 9.999994825543215837e-01 9.999996973819156310e-01 9.999995382622042239e-01
9.999997044755145614e-01 9.999994987514364553e-01 9.999991685386119267e-01 9.999998265651650620e-01 9.999997826872386586e-01 9.999996816448974979e-01 9.999991798438484514e-01 9.999996500990926407e-01 9.999997869950203455e-01 9.999994603494122281e-01
9.999996072988895923e-01 9.999998415109682126e-01 9.999998083559936690e-01 9.999997463800663899e-01 9.999996457360215141e-01 9.999994612006593009e-01 9.999998225060265922e-01 9.999998512847143584e-01 9.999998188277632316e-01 9.999998039934193672e-01
9.999998389988238312e-01 9.999997954813915069e-01 9.999995211513881266e-01 9.999994588109057947e-01 9.999998567022816420e-01 9.999997112829932533e-01 9.999992250654128334e-01 9.999996217137694376e-01 9.999996848068606337e-01 9.999995795622262929e-01
9.999999013028437744e-01 9.999995035583363334e-01 9.999996818416629907e-01 9.999995732651589808e-01 9.999997030788875252e-01 9.999997892737835237e-01 9.999992979824148254e-01 9.999995889390647097e-01 9.999994286330443627e-01 9.999997521732124639e-01
9.999996700910548375e-01 9.999996441017841020e-01 9.999992157245783941e-01 9.999993272537034406e-01 9.999997306785751716e-01 9.999993605854030632e-01 9.999998463892704192e-01 9.999996144907420392e-01 9.999998638997178446e-01 9.999996429151977173e-01
9.999996556772049461e-01 9.999998470731573663e-01 9.999997126230069089e-01 9.999992528865638830e-01 9.999998457802035112e-01 9.999999168040907271e-01 9.999994381329689874e-01 9.999998179195946912e-01 9.999991816208153583e-01 9.999994662929064804e-01
9.999997730083594050e-01 9.999997368666286857e-01 9.999997466089999287e-01 9.999997864232562650e-01 9.999995552486812267e-01 9.999997327232946764e-01 9.999998210739549087e-01 9.999994689052283947e-01 9.999999261001883966e-01 9.999995683142599567e-01
9.999997372103328619e-01 9.999997763460427569e-01 9.999997659939353634e-01 9.999994465757058304e-01 9.999993285930791620e-01 9.999992371430410643e-01 9.999995752548020977e-01 9.999999108548847104e-01 9.999997343847856213e-01 9.999987262524910880e-01
9.999995584532989090e-01 9.999996859379682856e-01 9.999997281660855108e-01 9.999993854808681970e-01 9.999996834289996972e-01 9.999996092079357357e-01 9.999997735033643309e-01 9.999998989690302986e-01 9.999998747479613703e-01 9.999991767723790392e-01
9.999992450518638831e-01 9.999994768873883277e-01 9.999997846597974416e-01 9.999994471124478146e-01 9.999999024770948042e-01 9.999997124656128111e-01 9.999997633457997637e-01 9.999994980997003458e-01 9.999997502106511282e-01 9.999990704408638909e-01
9.999997962975618604e-01 9.999993920177332463e-01 9.999994762169721607e-01 9.999996332933015486e-01 9.999996712115758468e-01 9.999992208847853226e-01 9.999995961591611193e-01 9.999994722006370074e-01 9.999995736475003616e-01 9.999994156502128861e-01
9.999991748000031100e-01 9.999998775694345365e-01 9.999988628297782345e-01 9.999994174410085090e-01 9.999997207238424668e-01 9.999997497783666978e-01 9.999998033542175646e-01 9.999999120972519195e-01 9.999998135003453914e-01 9.999996101436836593e-01
9.999996551379353171e-01 9.999992500012101493e-01 9.999991630371022344e-01 9.999998691688313235e-01 9.999995408468763669e-01 9.999993201657256803e-01 9.999998716648160757e-01 9.999997795014291535e-01 9.999992506977484208e-01 9.999994499913994472e-01
9.999998001970045181e-01 9.999991881272538574e-01 9.999992013550837999e-01 9.999995130751266892e-01 9.999996560037467397e-01 9.999992418829422025e-01 9.999998868188201273e-01 9.999997294223329503e-01 9.999998800616081152e-01 9.999999225705518135e-01
9.999994284852837811e-01 9.999998350272892855e-01 9.999995838419957206e-01 9.999996336311220979e-01 9.999990617431382400e-01 9.999998198584584275e-01 9.999994751980412211e-01 9.999997848937673961e-01 9.999996907939107116e-01 9.999989575573510203e-01
9.999991733216745393e-01 9.999995362471389981e-01 9.999992055772454203e-01 9.999996636925220228e-01 9.999992360092944121e-01 9.999991167063907449e-01 9.999998394900591059e-01 9.999999433792928771e-01 9.999990154108239215e-01 9.999997028475769989e-01
9.999996645320626820e-01 9.999998217805918799e-01 9.999997574908872089e-01 9.999992371364594401e-01 9.999998906251136299e-01 9.999996083246783796e-01 9.999994416126154473e-01 9.999997342483170071e-01 9.999996230259420305e-01 9.999994447171209888e-01
9.999997058651576287e-01 9.999994829906255767e-01 9.999995767650896594e-01 9.999996814992535565e-01 9.999997891266603212e-01 9.999997208838488083e-01 9.999994200320861948e-01 9.999994852010708479e-01 9.999986390882745768e-01 9.999998139932089192e-01
9.999997962500609683e-01 9.999998117279627063e-01 9.999995939030427161e-01 9.999994732396210173e-01 9.999996859304403074e-01 9.999993797146076169e-01 9.999996956182356511e-01 9.999998922842088245e-01 9.999998701364887221e-01 9.999996929384702415e-01
9.999997611542359444e-01 9.999998114255577164e-01 9.999996779974188454e-01 9.999998111582797389e-01 9.999995987230939631e-01 9.999995266973602526e-01 9.999998304059826149e-01 9.999999426882205666e-01 9.999998550465966085e-01 9.999991765631141005e-01
9.999990107312253240e-01 9.999995227572967549e-01 9.999994804936496173e-01 9.999996373010446860e-01 9.999998790378735736e-01 9.999997991850139156e-01 9.999990856854013010e-01 9.999996599317937385e-01 9.999995627790898567e-01 9.999996922416295453e-01
9.999997452451205859e-01 9.999996363396590482e-01 9.999993767315612514e-01 9.999997699902533066e-01 9.999993683113946874e-01 9.999993788932209915e-01 9.999992533733684796e-01 9.999994709790647196e-01 9.999999202221383499e-01 9.999993554017547748e-01
9.999999486838280216e-01 9.999996430345717835e-01 9.999996490697024010e-01 9.999997389101269452e-01 9.999998085000735282e-01 9.999997886845256589e-01 9.999996782368217874e-01 9.999998245077098558e-01 9.999993862387555055e-01 9.999994392652731268e-01
9.999996228546657040e-01 9.999998246452946882e-01 9.999997940934436391e-01 9.999996133722915959e-01 9.999998051540078814e-01 9.999994222215646822e-01 9.999991202817103408e-01 9.999996436654781107e-01 9.999998615805062441e-01 9.999995221350559405e-01
9.999993739731473097e-01 9.999996936544973680e-01 9.999996228175465074e-01 9.999994373896271549e-01 9.999998585927835082e-01 9.999998437141713881e-01 9.999999173637220684e-01 9.999999835105296553e-01 9.999994890197481112e-01 9.999989964907769480e-01
9.999997182863024081e-01 9.999997706284287080e-01 9.999996946007749798e-01 9.999998708696120620e-01 9.999998756780982268e-01 9.999995031458270844e-01 9.999998767796582921e-01 9.999996981964799359e-01 9.999998016807826184e-01 9.999998670560601433e-01
9.999998192895991345e-01 9.999995509266397242e-01 9.999996986776140684e-01 9.999995727713103522e-01 9.999992992043589268e-01 9.999993340105836070e-01 9.999997836096256032e-01 9.999997658297462566e-01 9.999992140085850467e-01 9.999998418117985732e-01
9.999992991934925080e-01 9.999994086380582514e-01 9.999994388970144810e-01 9.999996895677712994e-01 9.999997492840753122e-01 9.999999132548019753e-01 9.999993076908358924e-01 9.999998332554841385e-01 9.999998690606329843e-01 9.999996140995740523e-01
9.999996223726378419e-01 9.999995293583457956e-01 9.999998062078779837e-01 9.999990668851502784e-01 9.999996041470936570e-01 9.999997510387570454e-01 9.999998682597127653e-01 9.999995037576291379e-01 9.999992364983928406e-01 9.999999364583948003e-01
9.999996727297656429e-01 9.999997902760974222e-01 9.999997863893123062e-01 9.999997402625597775e-01 9.999997735426772172e-01 9.999996297224175157e-01 9.999996165288330685e-01 9.999994601308745956e-01 9.999993276354957050e-01 9.999995542318355080e-01
9.999994203843737273e-01 9.999996389677539010e-01 9.999991262432735839e-01 9.999997900034441889e-01 9.999998069877626961e-01 9.999998057133431262e-01 9.999995778515792244e-01 9.999998160512557632e-01 9.999997745270972072e-01 9.999996782198558032e-01
9.999995585802158304e-01 9.999995718499775643e-01 9.999996316999583135e-01 9.999996687555513519e-01 9.999997626681896845e-01 9.999997656128749579e-01 9.999997380532507085e-01 9.999995674719651673e-01 9.999995507017601648e-01 9.999997720388872358e-01
