9.999665340890362408e-01 9.999746110390225207e-01 9.999744640717368460e-01 9.999776839092801017e-01 9.999372589351704921e-01 9.999263875328229245e-01 9.999828782306583452e-01 9.999087598546188005e-01 9.999781491513145548e-01 9.999673730271390060e-01
9.999717222563397900e-01 9.999827810701397146e-01 9.999730041938834635e-01 9.999771068062961454e-01 9.999819154188951398e-01 9.999633011189913434e-01 9.999593605457930412e-01 9.999789692136527020e-01 9.998946357582253475e-01 9.999138213300363676e-01
9.998982130433458071e-01 9.999729245244785014e-01 9.999736870979940573e-01 9.999676773222470061e-01 9.999734582818342599e-01 9.999642436688411795e-01 9.999432751166348332e-01 9.999814415575395410e-01 9.999789529407134836e-01 9.999371063841634433e-01
9.999852560066608831e-01 9.999456920482914235e-01 9.999614963345844210e-01 9.999853637860495192e-01 9.999761311715574807e-01 9.999664915680784860e-01 9.999596581862000289e-01 9.999864286034414462e-01 9.999617825820730221e-01 9.999877758036651576e-01
9.999338118032193856e-01 9.999793350180892215e-01 9.999838152628885979e-01 9.999636837218632834e-01 9.999694446826710159e-01 9.999737693632247959e-01 9.999807557570126182e-01 9.999255946435675613e-01 9.999532606970229498e-01 9.999535751122556881e-01
9.999252355650486423e-01 9.999865628695892017e-01 9.999005517941633725e-01 9.999430082690691224e-01 9.999677975934070373e-01 9.999464711871975942e-01 9.998838741982838396e-01 9.999741578646316187e-01 9.999665082409848749e-01 9.999622640388727834e-01
9.999935089812850286e-01 9.999831925456578174e-01 9.999785081939631670e-01 9.999423527935136224e-01 9.999870050689401157e-01 9.999892938842295242e-01 9.999655167164163139e-01 9.999884243845856835e-01 9.999830292417738464e-01 9.998998272073247318e-01
9.999661442163310099e-01 9.999473395019025102e-01 9.999637652161703638e-01 9.999843547068155702e-01 9.999681756023663937e-01 9.999670621047406227e-01 9.999717612440148784e-01 9.999663567274056364e-01 9.999556584868770637e-01 9.999500578392285233e-01
9.999826467823564879e-01 9.999608800180689316e-01 9.999787589470813254e-01 9.999866036935133318e-01 9.999464291892985468e-01 9.999324648381714420e-01 9.999680405116350146e-01 9.999628623974007313e-01 9.999636990755903510e-01 9.999482796886235425e-01
9.999221290975879306e-01 9.999449818705760107e-01 9.999310912351023761e-01 9.999798711307348320e-01 9.999625834441163708e-01 9.999667232431438402e-01 9.998356037439134480e-01 9.999574034657130461e-01 9.999724773783538190e-01 9.998660904444252040e-01
9.999678833858053340e-01 9.999463624326376809e-01 9.999652202324719186e-01 9.999721715173638392e-01 9.999712806231314532e-01 9.999798528771675077e-01 9.999611661679883579e-01 9.999640176786542822e-01 9.999791936606204912e-01 9.999784604556478662e-01
9.999642032560743798e-01 9.999627103788126803e-01 9.999671700221548498e-01 9.999762892853396590e-01 9.999383007764933717e-01 9.999656280584903190e-01 9.999480050230603601e-01 9.999840053367904380e-01 9.999657454718149374e-01 9.999916969208895168e-01
9.999031761767902537e-01 9.999509681745376577e-01 9.999925036319352589e-01 9.999717049047982531e-01 9.999777909759057781e-01 9.999344144731244777e-01 9.999737460288243840e-01 9.999791295189759399e-01 9.999362644028253477e-01 9.998853667479394858e-01
9.999828547137629142e-01 9.999233531889656357e-01 9.999210771506105155e-01 9.999745873277932073e-01 9.999203298741912160e-01 9.999884094281497049e-01 9.999323842657590333e-01 9.999753288195928347e-01 9.999303398759894490e-01 9.999822952761429073e-01
9.999471469594972683e-01 9.998918181744701483e-01 9.999790446801833932e-01 9.999755108752548249e-01 9.999618810735515506e-01 9.999566578057096367e-01 9.998908665149361941e-01 9.999775791476845921e-01 9.999006437497769406e-01 9.999705034116801450e-01
9.999575043361503823e-01 9.999583693466721490e-01 9.999766369742921768e-01 9.999219836341737278e-01 9.999618704175691208e-01 9.999563492763227091e-01 9.999361183552375465e-01 9.999820214081657221e-01 9.999748518630601213e-01 9.999852926683662213e-01
9.999113574592949361e-01 9.999275984779913973e-01 9.999846580236166904e-01 9.999581832418324989e-01 9.999478675556080498e-01 9.999784667034563590e-01 9.999623243863537958e-01 9.999936413805744495e-01 9.999757671600717490e-01 9.999859228338466854e-01
9.999477717409137600e-01 9.999739683750814567e-01 9.999644120876978182e-01 9.999658248426769314e-01 9.999442636547599683e-01 9.999934786398828601e-01 9.999590681693879546e-01 9.999428946461365042e-01 9.999282886335375542e-01 9.999836981417544735e-01
9.999723918015104296e-01 9.999839670429714333e-01 9.999449065577235007e-01 9.999794517199381838e-01 9.999604322580017968e-01 9.999688219507801845e-01 9.999782807208282831e-01 9.999382956626101659e-01 9.999833322567168725e-01 9.999870965439571213e-01
9.999573651507172034e-01 9.999877788564796033e-01 9.999604335522754850e-01 9.999640278630054224e-01 9.999666424680146992e-01 9.999740413331072997e-01 9.999125566014768207e-01 9.999577506101513524e-01 9.999452673419131354e-01 9.999289670923691142e-01
9.999635784417033602e-01 9.999718911772880192e-01 9.999659558257004699e-01 9.999325189105162659e-01 9.999705618009567809e-01 9.998822076597795316e-01 9.999510955814884250e-01 9.999277536376128817e-01 9.999748967690210710e-01 9.999828653854528904e-01
9.999619993702075771e-01 9.999221808854438232e-01 9.999568748384208838e-01 9.999642268586373950e-01 9.999363769561075976e-01 9.999285329396661037e-01 9.999557112318053775e-01 9.999845127970903302e-01 9.999832490615915281e-01 9.999188058289403269e-01
9.999463692471484144e-01 9.999654134667782523e-01 9.999495422099539121e-01 9.999480963637144004e-01 9.999752804545435358e-01 9.999627697452875275e-01 9.999650010075358253e-01 9.999834859490970285e-01 9.999083990209817197e-01 9.999893778510580145e-01
9.999757082221876203e-01 9.999620290238905307e-01 9.999535431312210898e-01 9.999449719531167124e-01 9.999025247958945872e-01 9.999328600545747125e-01 9.999470740617110165e-01 9.999624916772967831e-01 9.999817745414810721e-01 9.999694342930287583e-01
9.999114501000766486e-01 9.999562316231145331e-01 9.999808044948673702e-01 9.999431586772735692e-01 9.999448478485030156e-01 9.999651384079181193e-01 9.999625237906606401e-01 9.999744461758638403e-01 9.999816912679124759e-01 9.999395605780767582e-01
9.999905730081752875e-01 9.999762412329865624e-01 9.999649572689944810e-01 9.999705970334830107e-01 9.999451350398407268e-01 9.999765387861275778e-01 9.999579931442835745e-01 9.999412652519409361e-01 9.999850630407111085e-01 9.999227292877255202e-01
9.999438577593260380e-01 9.998970016421396823e-01 9.999769005420058310e-01 9.999880537172153305e-01 9.999277528907701829e-01 9.999563427121870296e-01 9.999301346351983089e-01 9.999736717824727616e-01 9.999944217884042530e-01 9.999379909231462804e-01
9.999707656141426648e-01 9.999603969864991893e-01 9.999618928497973069e-01 9.999166283015809009e-01 9.999507682552345456e-01 9.999723212814168871e-01 9.999391200581634331e-01 9.999434374176811025e-01 9.999699919583119323e-01 9.999555776502490057e-01
9.999534288779244884e-01 9.999416409048171861e-01 9.999557496299942283e-01 9.999488927800073146e-01 9.999309283003701143e-01 9.998987984464091650e-01 9.999858574191962113e-01 9.999556950271920597e-01 9.999872596556251825e-01 9.999523844906480496e-01
9.999561517149839762e-01 9.999612798635821864e-01 9.999657227415090777e-01 9.999593419785942627e-01 9.999570088765451503e-01 9.999317847841900919e-01 9.999374325251386697e-01 9.999837490305636400e-01 9.999779812563910353e-01 9.999786039872563537e-01
9.999528883270424329e-01 9.999119618596626902e-01 9.999831299720173261e-01 9.999650593037835433e-01 9.999860759161185442e-01 9.999605105408509997e-01 9.999921838896085324e-01 9.999498678705935895e-01 9.999815175855438776e-01 9.999688805735321706e-01
9.999413771523733008e-01 9.999468324786575657e-01 9.999762252902891779e-01 9.999686962108300659e-01 9.999903404232718396e-01 9.999664389409924636e-01 9.999791916004270309e-01 9.999644603715982516e-01 9.999595800544214264e-01 9.999868373642766262e-01
9.999386404593647582e-01 9.999529002839090408e-01 9.999602275816110719e-01 9.999852169092949827e-01 9.999884921838865237e-01 9.999822684604368073e-01 9.999517400397626155e-01 9.999904206582873600e-01 9.999778750608306899e-01 9.999488250775236953e-01
9.999445764897906264e-01 9.999796144133484832e-01 9.999236750121988093e-01 9.999291444846661880e-01 9.999899749839206153e-01 9.999614612494746035e-01 9.999744105649311932e-01 9.999634674671330492e-01 9.999813147386440448e-01 9.999774972944538431e-01
9.999545634955981921e-01 9.999829664520568651e-01 9.999864553418652546e-01 9.999706689417623418e-01 9.999759653964884754e-01 9.999655019516335841e-01 9.999794685536309569e-01 9.999745153219374849e-01 9.999840830440650530e-01 9.999610050810125994e-01
9.999531927696860834e-01 9.999682939646669100e-01 9.999358366250760133e-01 9.999764691077913659e-01 9.999742454654977353e-01 9.999842051018364986e-01 9.999633344958195336e-01 9.999872524408084384e-01 9.999897209041510582e-01 9.999140945097179101e-01
9.999400159309332903e-01 9.999838339675898302e-01 9.999652599035034894e-01 9.998783625487077664e-01 9.999931285082053201e-01 9.999699580349858952e-01 9.999762211497255082e-01 9.999929069417621275e-01 9.999578145246774685e-01 9.999850084862256239e-01
9.999501717777730114e-01 9.999182951928003993e-01 9.999651095590269545e-01 9.999961169946149919e-01 9.999426279267883411e-01 9.999360551177663980e-01 9.999769497974142496e-01 9.999689986658805152e-01 9.999728107224402640e-01 9.999318260800090785e-01
9.998524877927735810e-01 9.999847801683345860e-01 9.999546916049174561e-01 9.999311925935835399e-01 9.999828829500365668e-01 9.999872263892457536e-01 9.999441720711714776e-01 9.999255027771341009e-01 9.999908702571832508e-01 9.999631508039253935e-01
9.999845418252358842e-01 9.999881501814238405e-01 9.999476978873251820e-01 9.999316405187692602e-01 9.999658968471163423e-01 9.999942934400891659e-01 9.999602801048355083e-01 9.999461209397987327e-01 9.999856125595660838e-01 9.999176956900399649e-01
9.999544323295512793e-01 9.999388147886262290e-01 9.999884252028247156e-01 9.999785095303180826e-01 9.999893881702358600e-01 9.999598649892734725e-01 9.999259632501437123e-01 9.999168807767263578e-01 9.999701692864082503e-01 9.999516708773487084e-01
9.999766382397000664e-01 9.999633236926036561e-01 9.999461420553369395e-01 9.999879663472359681e-01 9.999773720827258572e-01 9.999682773383483658e-01 9.999574317988298988e-01 9.999570392028008792e-01 9.999706957994609624e-01 9.999710013122975472e-01
9.999739747477153218e-01 9.999615079616182012e-01 9.999748577435553232e-01 9.999448689167239612e-01 9.999655952882695598e-01 9.999798256534017105e-01 9.999795518818673790e-01 9.999361870936825936e-01 9.999750212293473384e-01 9.999294791664486981e-01
9.999389294657938798e-01 9.999282209288735679e-01 9.999662767708301647e-01 9.999840003935910326e-01 9.999905977396903456e-01 9.998966105697858486e-01 9.999626840906470360e-01 9.999769284502196820e-01 9.999785789897920329e-01 9.999593081553280749e-01
9.999466922630929622e-01 9.999736969733485914e-01 9.999729338310188176e-01 9.998823610955704932e-01 9.999758356731273112e-01 9.999755117560323869e-01 9.999756635702080620e-01 9.999918973582033743e-01 9.999741876207184355e-01 9.999603047253965427e-01
9.999849795330506552e-01 9.999467450115839817e-01 9.999757878293650259e-01 9.999788466665237019e-01 9.999785603380700882e-01 9.999164297099589760e-01 9.998715822735070313e-01 9.999492239047489406e-01 9.999186786365877877e-01 9.999006567427489722e-01
9.999809818597502620e-01 9.999139045753856481e-01 9.999271047489826092e-01 9.999624459143559019e-01 9.999784260863507912e-01 9.999496810699980420e-01 9.999660246250129392e-01 9.999857847896375107e-01 9.999958314281425231e-01 9.999707739326566536e-01
9.999520147676758119e-01 9.999867568626638059e-01 9.999368832641868376e-01 9.999644058555593462e-01 9.999739993505371016e-01 9.999680037257433485e-01 9.999394708013449318e-01 9.999216216112899458e-01 9.999580302757465899e-01 9.999713544573821666e-01
9.999783232131416177e-01 9.999449998442215826e-01 9.999479412357229480e-01 9.999865184323993850e-01 9.998789425179441803e-01 9.999661892710175470e-01 9.999773714555072468e-01 9.999690562696721408e-01 9.999569618857846454e-01 9.999808210704295153e-01
9.999938197873630141e-01 9.999558254921354639e-01 9.999447085294909110e-01 9.999525989803222936e-01 9.999225036902933406e-01 9.999665093154047613e-01 9.999525930285639852e-01 9.999484425942586352e-01 9.999438095280092087e-01 9.999453348034567091e-01
9.999780465896805914e-01 9.999739301130724511e-01 9.999531453413766924e-01 9.999626964648232752e-01 9.999431240402696375e-01 9.999620453957835942e-01 9.999619104097062783e-01 9.999099781973366241e-01 9.999751212088956454e-01 9.999483941215893124e-01
9.999100562324595431e-01 9.999891891623692297e-01 9.999841110082090534e-01 9.998900151795628855e-01 9.999833700717292162e-01 9.999748308428003662e-01 9.999887880866927814e-01 9.999266129910613365e-01 9.999510244913494272e-01 9.999781231221234190e-01
9.999555214444352247e-01 9.999961859722289459e-01 9.999797546986817220e-01 9.999828299421430478e-01 9.999826659222420533e-01 9.999916693152326452e-01 9.999846345062790576e-01 9.999709407719402643e-01 9.999468988250334034e-01 9.999336332965820251e-01
9.999782780002010041e-01 9.999415071755389794e-01 9.999965056884526637e-01 9.999387374260656491e-01 9.999506011198545652e-01 9.999921982261106290e-01 9.999167600871875505e-01 9.999704624701079014e-01 9.999800890169016077e-01 9.999763162443121578e-01
9.999344264810156035e-01 9.999712996117791075e-01 9.999596014687909262e-01 9.999842668768760268e-01 9.999833109331339731e-01 9.999874308192305827e-01 9.999642747490765649e-01 9.999413469343571004e-01 9.999709329367520994e-01 9.999629728189221023e-01
9.999683200169731112e-01 9.999778308541263927e-01 9.999621271269802936e-01 9.999677943282505588e-01 9.999866953059616259e-01 9.999444442363371044e-01 9.999250261619861968e-01 9.999666014150013771e-01 9.999638562464224778e-01 9.999807491990866382e-01
9.999884965860709185e-01 9.999182353219316921e-01 9.998810253535096448e-01 9.999708133704580115e-01 9.999351170929651200e-01 9.999707089243710101e-01 9.999619576136634658e-01 9.999755980550695256e-01 9.999837797216952762e-01 9.999860826825117677e-01
9.999773410420947917e-01 9.999646890548264944e-01 9.999910765660966483e-01 9.999864287627742154e-01 9.998909710284539232e-01 9.999802964792221527e-01 9.999733404958716099e-01 9.999654360203970027e-01 9.999743955995088474e-01 9.999601630642063199e-01
9.999822915269851453e-01 9.999295682221130965e-01 9.999757121846624131e-01 9.999820883201109289e-01 9.999703172306980692e-01 9.999808233332393437e-01 9.999761887976981178e-01 9.999511429364751347e-01 9.999135982468996264e-01 9.999880222258127338e-01
9.999467214084263311e-01 9.999843131029917398e-01 9.999612269491979788e-01 9.999794864162251384e-01 9.999484358930215144e-01 9.999921752612275228e-01 9.999611602344149475e-01 9.999589628327100188e-01 9.999592836828626874e-01 9.999913718371651328e-01
9.999608229824462624e-01 9.999599187273042755e-01 9.999824816054527776e-01 9.999176876082276344e-01 9.999789481789550516e-01 9.999245750073053607e-01 9.999758197032669882e-01 9.999776550331181957e-01 9.999674410326301333e-01 9.999774814092404762e-01
9.999510457793678864e-01 9.999615022598898895e-01 9.999634656543516797e-01 9.999520972253721496e-01 9.999077005816258135e-01 9.999460804593547358e-01 9.999821250530088745e-01 9.999623592057536037e-01 9.999675518351994752e-01 9.999817361338104726e-01
9.999813017199397081e-01 9.999915485780116464e-01 9.999795047802065850e-01 9.999742429993782045e-01 9.999925737281600835e-01 9.999702370581342592e-01 9.999492029860851394e-01 9.999466520145445791e-01 9.999851189807588137e-01 9.999668802415628832e-01
9.999616546878563605e-01 9.999899934674044699e-01 9.999627660468510815e-01 9.999629865751031854e-01 9.999572358772299552e-01 9.999580243567705029e-01 9.999775147976771583e-01 9.999779511891079276e-01 9.999818546265268893e-01 9.998776444511618955e-01
9.999500036458274232e-01 9.999298458134676659e-01 9.999833793670934723e-01 9.999532762261809093e-01 9.999465565873885131e-01 9.999494350774599249e-01 9.999407011250203148e-01 9.999830947769132727e-01 9.999529101849432555e-01 9.999917273041032395e-01
9.999467595954898425e-01 9.999957649326272069e-01 9.999324725044631546e-01 9.999712270163497729e-01 9.999798246013279490e-01 9.999811101572787519e-01 9.999823683143059805e-01 9.999297608812748317e-01 9.998838714639339820e-01 9.999399418035819220e-01
9.999742874000999704e-01 9.999755942026810063e-01 9.999762987504974276e-01 9.999732110675433328e-01 9.999254840087923313e-01 9.999803612834353705e-01 9.999632902582916705e-01 9.999713169590054296e-01 9.999898886141113108e-01 9.999592058958827190e-01
9.999870822084219180e-01 9.999687216532663347e-01 9.999544165994359579e-01 9.999610205354640957e-01 9.999344522835333926e-01 9.999305208206388240e-01 9.999779991222890185e-01 9.999915523110628479e-01 9.999781579990271174e-01 9.999492019957361144e-01
9.999755676253128112e-01 9.999692777264248544e-01 9.999618838994387415e-01 9.999672370108321218e-01 9.999581619263546717e-01 9.999556268827290983e-01 9.999808310263506028e-01 9.999774679848524306e-01 9.999911728671292410e-01 9.999701200758291941e-01
9.999688573542970804e-01 9.999658038284214845e-01 9.999160916694801449e-01 9.999333505497074448e-01 9.999617334773664989e-01 9.998466518617405985e-01 9.999321899244087986e-01 9.999285262190389378e-01 9.999871139722019686e-01 9.999589127093445606e-01
9.999349274248254815e-01 9.999186280102261293e-01 9.999137969396235670e-01 9.999029613424461616e-01 9.999460851918936521e-01 9.999830378334433334e-01 9.999604536146752265e-01 9.999542286799494306e-01 9.999744670355086296e-01 9.998852154307823481e-01
9.999751571156341168e-01 9.999972232223109936e-01 9.999507030687682096e-01 9.999672369490358870e-01 9.999336512015820633e-01 9.999664917130562936e-01 9.999911411689628160e-01 9.999700469579618778e-01 9.999668639288267213e-01 9.999473574763481087e-01
9.999413437062772969e-01 9.998609167057540548e-01 9.999538985628702026e-01 9.999674471625823458e-01 9.999590372432026752e-01 9.999131650145316463e-01 9.999855248983429146e-01 9.999509473456846820e-01 9.999433544454739975e-01 9.999753002207046881e-01
9.999258521432248248e-01 9.999601007255219942e-01 9.999838205835087646e-01 9.999486933926555743e-01 9.999477942358332427e-01 9.999479589463525775e-01 9.999181008677421323e-01 9.999644558946351180e-01 9.999509527761409888e-01 9.999800068136562858e-01
9.998909047745668799e-01 9.999516992430351747e-01 9.999505072461882804e-01 9.999972466773776603e-01 9.999738052092635998e-01 9.999671695492711176e-01 9.999737567362464441e-01 9.999283472493715186e-01 9.999779864105828864e-01 9.999747159882936831e-01
9.999750844219287282e-01 9.999656902032333372e-01 9.999626444509726042e-01 9.999340292203293679e-01 9.999509093058406295e-01 9.999884520777150287e-01 9.999199000436901352e-01 9.999278464704275393e-01 9.999590734483377874e-01 9.999854836764642263e-01
9.998982339659462371e-01 9.999911809424772979e-01 9.999399209575685621e-01 9.999748470695073443e-01 9.999690753232159945e-01 9.999615906434229373e-01 9.999132418600165106e-01 9.999839483170755994e-01 9.999917279019969740e-01 9.999681558946392768e-01
9.999816820392738448e-01 9.999352230317951618e-01 9.999392056267262241e-01 9.999307374631273282e-01 9.999750305148701335e-01 9.999884955200615266e-01 9.999457174326554787e-01 9.999380997793955173e-01 9.999138780208889354e-01 9.999776201959572619e-01
9.998252948144065178e-01 9.998759916706364548e-01 9.999660551057643065e-01 9.999858180854279688e-01 9.999774245264724248e-01 9.999685401123826756e-01 9.999612009865433970e-01 9.999628297534959298e-01 9.999505771669977561e-01 9.999719166380105495e-01
9.999624405600864296e-01 9.999334018624338460e-01 9.999561963002329135e-01 9.999372843556231238e-01 9.999771984209725462e-01 9.999849535513315457e-01 9.999481179098732575e-01 9.999364761722393524e-01 9.999659071617728046e-01 9.999586958225087363e-01
9.999265397295411528e-01 9.999803621024960787e-01 9.999564300515564330e-01 9.999511834872704119e-01 9.999549007657851929e-01 9.999818818255284958e-01 9.999627097479379945e-01 9.999158938955297060e-01 9.999648638207633278e-01 9.999744522751856657e-01
9.999665680259517409e-01 9.998964841896156308e-01 9.999885547403568609e-01 9.999656985747340521e-01 9.999872939001279715e-01 9.999728553313055324e-01 9.999719720171074133e-01 9.999533316503610436e-01 9.999919599930146008e-01 9.999385332192397557e-01
9.999531603178145600e-01 9.999359670113239229e-01 9.999725434852992922e-01 9.999808035658707128e-01 9.999530272903691674e-01 9.999189210680676787e-01 9.999901250092866345e-01 9.999377865239613694e-01 9.999576863790217152e-01 9.999226935727550947e-01
9.999416537727998655e-01 9.999668945954315324e-01 9.999461547060366495e-01 9.999759273106979540e-01 9.999847256591704037e-01 9.999791447862975691e-01 9.999680823966428100e-01 9.999863206813144334e-01 9.999350926700587561e-01 9.999556324694367504e-01
9.999629999009472803e-01 9.999497494892077842e-01 9.999799068117223300e-01 9.999299484738257693e-01 9.999838214430467609e-01 9.999873412768722769e-01 9.999805963489357685e-01 9.999688636147507914e-01 9.999630260482228472e-01 9.999494477050456798e-01
9.999819484817988879e-01 9.999682579222153311e-01 9.999637045766953669e-01 9.999399840019147501e-01 9.999732631789577386e-01 9.999581490669052775e-01 9.999776603591800095e-01 9.998999742215504138e-01 9.999937824365746630e-01 9.999490208869996621e-01
9.999729703013831017e-01 9.999538172249152757e-01 9.999770733508279719e-01 9.999631126907860823e-01 9.999869762510633642e-01 9.999518726091151111e-01 9.999704476802081521e-01 9.999484231306220439e-01 9.999917292028469573e-01 9.999784797495067101e-01
9.999664567252528613e-01 9.999692681984099218e-01 9.999625110748892043e-01 9.999417130224244055e-01 9.999694347693118823e-01 9.998996529802005595e-01 9.999618680025896822e-01 9.999596168724386169e-01 9.999120400924170760e-01 9.999596854325616402e-01
9.999776544653393717e-01 9.999174144844884538e-01 9.999624264783004701e-01 9.999676575027569569e-01 9.999824613023217124e-01 9.999765418058963462e-01 9.999812511971871709e-01 9.999742577295870349e-01 9.999618472449636197e-01 9.999458694279663717e-01
9.999385290390601089e-01 9.999883594615809335e-01 9.999652552106969017e-01 9.999500494835374953e-01 9.999696407286959854e-01 9.999427379015595196e-01 9.998981820646397622e-01 9.999326319687210640e-01 9.999583087357158950e-01 9.999864445724062634e-01
9.999631151085129899e-01 9.999549384289758702e-01 9.999621262212629036e-01 9.999772914386774181e-01 9.999479922909856322e-01 9.999758020513001000e-01 9.999532499383519957e-01 9.999705028383859551e-01 9.999642388313948471e-01 9.999494742995334029e-01
9.999606538006208245e-01 9.999597803565535292e-01 9.999521439816672075e-01 9.999442169993146834e-01 9.999736032139180386e-01 9.999038241563684704e-01 9.999946895979230366e-01 9.999683269344484815e-01 9.999522264491919055e-01 9.999736671882460959e-01
9.999542109189594186e-01 9.999813012730718320e-01 9.999483473428334435e-01 9.999239927441714304e-01 9.999788933587228090e-01 9.999603102640991503e-01 9.999827467875074261e-01 9.999478382671634913e-01 9.999884884884319147e-01 9.999789791266820993e-01
9.999728185542944292e-01 9.999035731066900912e-01 9.999291894642604595e-01 9.999248739895518767e-01 9.999086502720091474e-01 9.999338835962289229e-01 9.999643035374844446e-01 9.999737268589474759e-01 9.999081639928683041e-01 9.999720234695600452e-01
9.999607772606383671e-01 9.999585652147885417e-01 9.999549844378159413e-01 9.999749686412983118e-01 9.999736468100031139e-01 9.999521379897099438e-01 9.999821066808051162e-01 9.999470275206110426e-01 9.999495133269963310e-01 9.999328481762665977e-01
9.999652854525072909e-01 9.999912477053188864e-01 9.999556164774037192e-01 9.999811365535012930e-01 9.999855504177810328e-01 9.999979033454994282e-01 9.999070882453194864e-01 9.999463607544407662e-01 9.999146262730955748e-01 9.999728721236539331e-01
9.999527435463679836e-01 9.999602082260818925e-01 9.999825311170887909e-01 9.999530081617727939e-01 9.999308663046188039e-01 9.999803932785088501e-01 9.999639473474408735e-01 9.999135936195390206e-01 9.999705644180009179e-01 9.999770495518843783e-01
9.999748124750574840e-01 9.999836057635854702e-01 9.999550714216312031e-01 9.999472666289749290e-01 9.999816383210733406e-01 9.999781680128485561e-01 9.999451011135860323e-01 9.999879511181959391e-01 9.999729812620266056e-01 9.999701426507492386e-01
9.999350264585308290e-01 9.999637501020751662e-01 9.999865589771771424e-01 9.999689019163854331e-01 9.999442508158328247e-01 9.999885596828940182e-01 9.998475695107029715e-01 9.999372566571563814e-01 9.999725108174384314e-01 9.999505036023288440e-01
9.999884939726937372e-01 9.999882503761091668e-01 9.999551327902771458e-01 9.999527066870936842e-01 9.999196738607585289e-01 9.999635917022632325e-01 9.999793948303027369e-01 9.999448068493533848e-01 9.999824745676115789e-01 9.999546431515629052e-01
