9.998970601567680472e-01 9.999040413132906924e-01 9.990115724177660583e-01 9.999161667720916080e-01 9.998286451259640328e-01 9.999396267712458153e-01 9.996575567235120863e-01 9.993075422803522345e-01 9.999029502580195627e-01 9.998778905494483116e-01
9.998300691782490146e-01 9.995745192128948631e-01 9.997398676165702991e-01 9.998654818225143348e-01 9.999032744399383166e-01 9.999176666802815916e-01 9.999121883372549258e-01 9.999508780031272082e-01 9.999151420298438842e-01 9.999274165831091299e-01
9.999440435553573758e-01 9.999174680846611984e-01 9.998799067886068315e-01 9.994038476619800937e-01 9.999475477617849606e-01 9.999410680325299117e-01 9.997866923302100028e-01 9.998930574767580515e-01 9.998326274837453509e-01 9.997749592812587016e-01
9.994283154309584472e-01 9.998271749864866553e-01 9.997258012609970823e-01 9.998857193681343070e-01 9.999170485017955246e-01 9.998789231236371311e-01 9.999489029692624209e-01 9.998271877578218669e-01 9.997167940451366919e-01 9.996107825988879148e-01
9.998500859685409692e-01 9.994854134990508454e-01 9.999010381789708024e-01 9.995964082786050753e-01 9.994145011252623112e-01 9.994868898689958092e-01 9.998244036711542160e-01 9.997307095523398912e-01 9.999276661071184735e-01 9.998188435634057791e-01
9.999350522023905397e-01 9.996848813328867989e-01 9.999248467490375880e-01 9.999224430695707877e-01 9.998255942443594613e-01 9.999371690488155773e-01 9.997766363624811525e-01 9.999366025310202355e-01 9.997689316858231479e-01 9.992655530291516541e-01
9.998631700973079628e-01 9.990999095074628578e-01 9.997735861338766794e-01 9.997434469026562631e-01 9.998283611331830745e-01 9.999509745782894088e-01 9.999388060794138777e-01 9.998844632832978307e-01 9.998961223117540653e-01 9.998096411411270257e-01
9.999064535938143594e-01 9.997590386259511686e-01 9.996827696393917329e-01 9.996882679583773967e-01 9.992414188777539730e-01 9.998846327114819799e-01 9.998837456715555794e-01 9.995213518933538932e-01 9.993695173075921590e-01 9.997150248804376194e-01
9.999370408345689132e-01 9.999318897771222181e-01 9.999231911741229828e-01 9.998541835090390961e-01 9.999097399289469390e-01 9.999225507573858973e-01 9.998875670567030083e-01 9.998559407986673531e-01 9.999213970530494988e-01 9.997991551607470218e-01
9.999270053907461930e-01 9.991376316989815098e-01 9.998520038511142793e-01 9.997491435527949832e-01 9.998063474637010062e-01 9.998464797186004116e-01 9.999719968012009685e-01 9.999066897634811824e-01 9.998880490080030992e-01 9.995894936027271971e-01
9.999032456600736030e-01 9.998998038026266633e-01 9.994344236492990197e-01 9.999210518079337806e-01 9.995403968975508091e-01 9.998439497779877394e-01 9.991225473581285543e-01 9.998406096535923382e-01 9.998820406196728960e-01 9.995444460529526731e-01
9.998165008418304911e-01 9.997705994353457415e-01 9.998205244986765328e-01 9.994104257941519576e-01 9.999288623138077314e-01 9.998839072171218367e-01 9.998411314177833020e-01 9.997136294331998574e-01 9.998880287737239581e-01 9.998866998433668662e-01
9.998770023177155908e-01 9.998770062574282580e-01 9.996553334705362559e-01 9.997978648893359743e-01 9.999181497077350711e-01 9.998890246659103420e-01 9.999459013057472312e-01 9.999156019111538063e-01 9.996042173128218966e-01 9.999244998195311318e-01
9.998552096089060592e-01 9.999354894677754402e-01 9.999177771526870373e-01 9.998348047912704040e-01 9.997498475146756602e-01 9.994946470676242534e-01 9.999333893467219347e-01 9.998711818153198649e-01 9.998247165702891515e-01 9.997833001143138221e-01
9.997341139689706058e-01 9.994375425138845026e-01 9.998183430823396334e-01 9.999124571928620364e-01 9.998172123889930152e-01 9.995379484045914253e-01 9.998547089641032226e-01 9.996487445234806257e-01 9.994781252424930207e-01 9.998879548139142370e-01
9.999364697149885073e-01 9.997844163636133707e-01 9.998022236838055576e-01 9.996519361164053485e-01 9.997673291158437614e-01 9.999524583303449621e-01 9.999374080954112065e-01 9.997847972391542548e-01 9.998879912126601432e-01 9.998920649739140298e-01
9.995731100271642022e-01 9.998921322580544002e-01 9.999383717202592337e-01 9.996590380899863515e-01 9.996461290903143615e-01 9.997352907064877003e-01 9.999082829235116376e-01 9.999123303420389686e-01 9.998521563257075639e-01 9.998197654381291155e-01
9.998975244024912445e-01 9.999313349091651926e-01 9.998018143034682614e-01 9.999351335103793259e-01 9.997167362403548418e-01 9.998113900297845857e-01 9.998586413875421020e-01 9.996494452450515045e-01 9.998521316759922950e-01 9.999142064502981597e-01
9.998520305843752176e-01 9.998767110351314269e-01 9.999175502483135247e-01 9.998549030501366897e-01 9.998849347011055100e-01 9.998104974828282421e-01 9.995487427516033252e-01 9.999357816997933579e-01 9.997787849524021331e-01 9.998944554939980245e-01
9.997845136508139996e-01 9.993549173899911597e-01 9.994264039782704279e-01 9.998593696675417419e-01 9.994821499055699388e-01 9.998641572047414217e-01 9.998516715952489031e-01 9.998407366429745702e-01 9.998876881705730524e-01 9.997064421537213974e-01
9.998439850494316161e-01 9.998204535848674857e-01 9.998801617077757165e-01 9.998910863311665231e-01 9.999452044548345908e-01 9.998895864106182030e-01 9.999413278286932716e-01 9.998425136389651469e-01 9.998453771637639820e-01 9.998942542947852896e-01
9.998470412424212972e-01 9.998175201551960933e-01 9.997130157426545871e-01 9.998847979386411566e-01 9.998558585987405989e-01 9.999211832915250175e-01 9.998301961067767030e-01 9.995200168653733952e-01 9.998916779170029523e-01 9.998482889475888147e-01
9.999451657099025503e-01 9.996897532264659159e-01 9.998920114382099378e-01 9.996886605319232899e-01 9.999287314219102996e-01 9.998004971498501980e-01 9.999270292677497896e-01 9.997062898684057064e-01 9.998444681003427759e-01 9.998658037880985283e-01
9.998298247566238528e-01 9.997234006790713945e-01 9.997923351577406859e-01 9.998012658318459200e-01 9.998183747431450552e-01 9.992294122448820426e-01 9.997811532475524565e-01 9.997990151074099829e-01 9.998758806891749895e-01 9.998291453742512713e-01
9.999038986019926911e-01 9.997915320890541357e-01 9.993093681430490482e-01 9.997301144530373884e-01 9.998570320430385516e-01 9.998572777066669914e-01 9.998215659955538293e-01 9.999056267275090448e-01 9.992091589931262341e-01 9.999184549730187888e-01
9.999116442502723467e-01 9.998760275028677480e-01 9.998537102873796822e-01 9.998540372978407254e-01 9.998985219400909896e-01 9.999411865486653728e-01 9.997719697330351707e-01 9.997913424547774097e-01 9.997544648223345432e-01 9.999120408515229652e-01
9.998185041817886365e-01 9.997850695618814010e-01 9.997384865904868079e-01 9.998357405053917013e-01 9.989487843808734224e-01 9.990736174327999874e-01 9.998146810511752136e-01 9.997610525695023176e-01 9.995897269404634411e-01 9.994496021634855509e-01
9.995824391086726157e-01 9.993788446386224766e-01 9.998622328015839278e-01 9.996626258646241769e-01 9.998422355122633665e-01 9.996722083353769550e-01 9.996813608918522220e-01 9.999027584873889651e-01 9.999093382159652821e-01 9.999299688604451619e-01
9.997175518868276489e-01 9.997724437403954223e-01 9.998122143637022674e-01 9.999335988001032405e-01 9.998192811242109235e-01 9.996755273282519338e-01 9.999082884956963513e-01 9.998556232303582592e-01 9.996864913281147125e-01 9.991265946149390231e-01
9.999403340409859231e-01 9.998921573611121438e-01 9.999128075315897313e-01 9.996694246810390316e-01 9.997017049695371416e-01 9.998881885889412402e-01 9.994487983956306110e-01 9.997929332348171050e-01 9.999106310550828214e-01 9.998264326275503322e-01
9.998233551212619696e-01 9.998977799969289704e-01 9.998093498407839563e-01 9.998546469379810953e-01 9.997922460931295552e-01 9.998624881612852011e-01 9.998902121941809495e-01 9.999221870299043191e-01 9.997175879000768095e-01 9.999110871072942608e-01
9.998628419556189195e-01 9.999118700828483197e-01 9.998965752459932910e-01 9.999350312660552076e-01 9.997076038519588925e-01 9.997716737403395948e-01 9.999400559460006610e-01 9.999224277258862426e-01 9.999302440022420635e-01 9.997547944652960261e-01
9.998788219965553115e-01 9.999119191229889347e-01 9.999299843516095132e-01 9.999061137156539658e-01 9.997221675376753991e-01 9.999150983409766935e-01 9.995279221665576141e-01 9.996755381660684669e-01 9.999053268788781201e-01 9.999086970187811563e-01
9.998797722233209173e-01 9.996646526743425687e-01 9.998332870950484841e-01 9.999057324937062896e-01 9.999141522344872079e-01 9.997203228501982952e-01 9.994011548980471504e-01 9.998121076799746376e-01 9.998212212012382860e-01 9.998833954194055185e-01
9.998321366854144854e-01 9.998263386055554758e-01 9.998832431073313431e-01 9.998641563439885083e-01 9.998557518820347934e-01 9.997189554689183133e-01 9.997255528917271539e-01 9.996836840065601582e-01 9.998162559791156090e-01 9.998351635636293366e-01
9.998972570857240783e-01 9.999215670971639547e-01 9.998980727387987155e-01 9.998925116007721936e-01 9.999195033349244088e-01 9.998657202519963816e-01 9.998220676892950465e-01 9.997267822537528881e-01 9.999269904746331816e-01 9.999614892565371616e-01
9.997613138613918871e-01 9.997522369455036362e-01 9.999358562162036224e-01 9.998815300994322586e-01 9.998899970186669872e-01 9.998680063690027486e-01 9.997517550028151012e-01 9.996805619510071850e-01 9.998113777258290646e-01 9.995315075067152666e-01
9.998025366275286041e-01 9.996959100811132481e-01 9.997827908930534413e-01 9.999312061800414986e-01 9.998666674423641876e-01 9.996712311108214566e-01 9.997682284648843343e-01 9.997421625953823998e-01 9.997138136809168296e-01 9.998350906615109945e-01
9.998394991351503558e-01 9.993819749694284882e-01 9.997885703923662382e-01 9.999186455662820716e-01 9.997563284753232526e-01 9.998109961575958327e-01 9.999002819958573429e-01 9.995808138804165299e-01 9.998590907508446701e-01 9.998979820144756614e-01
9.998986716582233258e-01 9.995467855887731901e-01 9.998613644421500135e-01 9.997116347341881148e-01 9.999312594769105278e-01 9.998204329924006428e-01 9.999070783104745397e-01 9.997872494209925076e-01 9.999005910477430925e-01 9.992939938623917051e-01
9.998364272195369162e-01 9.998616862117694071e-01 9.997519651211443925e-01 9.998048119956463031e-01 9.998803472988846419e-01 9.996942914371446109e-01 9.998414480968402795e-01 9.999326056066207835e-01 9.994979008199260662e-01 9.997996312158323740e-01
9.998838168817743011e-01 9.998953854271247499e-01 9.999093879641609561e-01 9.998664876844707283e-01 9.999392018511842339e-01 9.998234520801728697e-01 9.998961874443687003e-01 9.996887859198073656e-01 9.995926360886054907e-01 9.998341916893468406e-01
9.998267533619862313e-01 9.999029220884865232e-01 9.997512985063162771e-01 9.998083126906692764e-01 9.995488175873389336e-01 9.995959101636221478e-01 9.999114359046977762e-01 9.999153707558883220e-01 9.998413478678567223e-01 9.997014987797114838e-01
9.998601115600300737e-01 9.998634879341771198e-01 9.998295478536134429e-01 9.997096408801602330e-01 9.998826660059652038e-01 9.998656892575555899e-01 9.998753809374932855e-01 9.998594051248346215e-01 9.998558324882055315e-01 9.995837893561694276e-01
9.998199662274255273e-01 9.996998957791133344e-01 9.999040827537288845e-01 9.998924440614453957e-01 9.995673191067380170e-01 9.999321507684529875e-01 9.999200638463325852e-01 9.996229753782102101e-01 9.999171548155233458e-01 9.999077388084510742e-01
9.999024564376832735e-01 9.998543842361405920e-01 9.999373573700727214e-01 9.999307855171284398e-01 9.999249187379412040e-01 9.998919068009923805e-01 9.995038098297434059e-01 9.998804272112241653e-01 9.998990087473550448e-01 9.998482542085102009e-01
9.996048859394552899e-01 9.999386028500676371e-01 9.998585083766391435e-01 9.997991657158653567e-01 9.999068974758245076e-01 9.998431572802299883e-01 9.998891930461597521e-01 9.998685954503893081e-01 9.998425856213294383e-01 9.995777005628703193e-01
9.997582725797415915e-01 9.999404324451114379e-01 9.998101250511310933e-01 9.996800894172298557e-01 9.989644461096798267e-01 9.995494497684762614e-01 9.998321033166178706e-01 9.998384602638487051e-01 9.986953625334828999e-01 9.998445381991040160e-01
9.999514784304014414e-01 9.999150015956850268e-01 9.999153234041000538e-01 9.999396366247670365e-01 9.998580862787593837e-01 9.999452211792234646e-01 9.997798950894742909e-01 9.998693983082569403e-01 9.998377819025479063e-01 9.998340147568983705e-01
9.998639341691084592e-01 9.999040696033024700e-01 9.998780604890210588e-01 9.991548653540698322e-01 9.993430472316146007e-01 9.996532372140636280e-01 9.998726200884345827e-01 9.998871659885549823e-01 9.998907662806190144e-01 9.999228840908138682e-01
9.995962681474661604e-01 9.993217306994497395e-01 9.989924623709055540e-01 9.992399238615041757e-01 9.999127686509876600e-01 9.997845975006497410e-01 9.999540348627415920e-01 9.998548768186522606e-01 9.999559947051899211e-01 9.997263846112920405e-01
9.999502026905492391e-01 9.998125008562047666e-01 9.994052850854489023e-01 9.997364177086186521e-01 9.997601175329396961e-01 9.999698453565593059e-01 9.993775247300742404e-01 9.998594197205527001e-01 9.998977244292560629e-01 9.998432289003519324e-01
9.997557556916399912e-01 9.998475795663271937e-01 9.999044905510234837e-01 9.997982118396724349e-01 9.998788150172992495e-01 9.995821452573947496e-01 9.998494817029915938e-01 9.998878579140978440e-01 9.997947115505296800e-01 9.999172704170868897e-01
9.997540012584079649e-01 9.998653044484799857e-01 9.997900143318179111e-01 9.995633966540563575e-01 9.998532379914699675e-01 9.998090566754609387e-01 9.996829327464354931e-01 9.998551063961723662e-01 9.997576746051303198e-01 9.998154131658328891e-01
9.998916484596233056e-01 9.999041440447857809e-01 9.999006015672898817e-01 9.998728769843283626e-01 9.998922212031020607e-01 9.999287446484724784e-01 9.999173865679717998e-01 9.997295157584650260e-01 9.995811661558446914e-01 9.998315594937493556e-01
9.997967548321609055e-01 9.996965707405084389e-01 9.999518748495763720e-01 9.997811992065874787e-01 9.997529872498582826e-01 9.998337762264931650e-01 9.994833828612543769e-01 9.997908715569966409e-01 9.998969113599242009e-01 9.996653529769079505e-01
9.997091623147852379e-01 9.998879171947151479e-01 9.999283439904410598e-01 9.998204691553826962e-01 9.997754817156087048e-01 9.998487420411265036e-01 9.998217572831267219e-01 9.998962620910618604e-01 9.998813027527210240e-01 9.998996554648127422e-01
9.996611708729973289e-01 9.998558261893247812e-01 9.999134324394641782e-01 9.999452714325913760e-01 9.999388080300291026e-01 9.996262643607556342e-01 9.999645420607157220e-01 9.999111425425348809e-01 9.998401235607266013e-01 9.998969279357304840e-01
9.998547908318150546e-01 9.998037514729873898e-01 9.997617185837979203e-01 9.999292401656835194e-01 9.994116614826792366e-01 9.999114293646917950e-01 9.997841874271901075e-01 9.997627883642287161e-01 9.991774916509255089e-01 9.999121012988491097e-01
9.993983834421616974e-01 9.998824274974801307e-01 9.998049880086368191e-01 9.999382034172598077e-01 9.999535732633046958e-01 9.998897033936058332e-01 9.998812215935597436e-01 9.997924801979071185e-01 9.996532752455803417e-01 9.999454037208037605e-01
9.999418041227348120e-01 9.998991130943577499e-01 9.997554035092961477e-01 9.998737948718808832e-01 9.999108481534767501e-01 9.997493836546713641e-01 9.999193577743363814e-01 9.999328689347191101e-01 9.999180801060362223e-01 9.999071230598942650e-01
9.998890012311154596e-01 9.999405264395178072e-01 9.998252788505137545e-01 9.998788790428275730e-01 9.998133875367111179e-01 9.991919927253718470e-01 9.998705405443530925e-01 9.998460337330993264e-01 9.999574619225316541e-01 9.998919533075733002e-01
9.999565456991951207e-01 9.999141872257213404e-01 9.999507554011057842e-01 9.999066970923535802e-01 9.997924458861089381e-01 9.995910995479898586e-01 9.998286785711280045e-01 9.998447539247533600e-01 9.998293968243223695e-01 9.998820114877380316e-01
9.998673941006452903e-01 9.999114949627728732e-01 9.995780015158931553e-01 9.999190795080754590e-01 9.998487768010707599e-01 9.999281896484458754e-01 9.998351624619086220e-01 9.999081988586258074e-01 9.998521221954622673e-01 9.999453003150815533e-01
9.999223292265978502e-01 9.999167332563314581e-01 9.999003724491029033e-01 9.998905204348518261e-01 9.998471781354154597e-01 9.998547819829812777e-01 9.998481388736271125e-01 9.998079620422288816e-01 9.998344008529527205e-01 9.999204089631380521e-01
9.998367437995143714e-01 9.999329940593030264e-01 9.999280388300402223e-01 9.999405386947426422e-01 9.999547783398129441e-01 9.997545540045211787e-01 9.997785559062680738e-01 9.997480724409456565e-01 9.997303313758324483e-01 9.994291157526868918e-01
9.998985143287173472e-01 9.999264031736208036e-01 9.998788287657993656e-01 9.998194878979622668e-01 9.998910814905757061e-01 9.990950370266933334e-01 9.998375660447030855e-01 9.996873181143122178e-01 9.998609866266702229e-01 9.999102575927115710e-01
9.998022065482734533e-01 9.998646686698937636e-01 9.997861825603906460e-01 9.996842050127833224e-01 9.996044620879614984e-01 9.998354567973596341e-01 9.999323651214211406e-01 9.998684327581324194e-01 9.997316041137147558e-01 9.998155659205787416e-01
9.999181436997055528e-01 9.998825284877957964e-01 9.998264645707499731e-01 9.997413229514283683e-01 9.999656963659043774e-01 9.997021876125117279e-01 9.998219257017714190e-01 9.998105356353937934e-01 9.998781705091805971e-01 9.998310856169556615e-01
9.996860491120236336e-01 9.998884220718009530e-01 9.996050778167767659e-01 9.999274557284638654e-01 9.998441432706329790e-01 9.994977787546952541e-01 9.998694712835655141e-01 9.989315629187771606e-01 9.999076013346975822e-01 9.999557228898904304e-01
9.997706162665922491e-01 9.998876573414972047e-01 9.997642490541728266e-01 9.997808156085450371e-01 9.999074176344070475e-01 9.996861236629144276e-01 9.997849639798203070e-01 9.997969306823596414e-01 9.998452223746668865e-01 9.999132932138284913e-01
9.999378887168769436e-01 9.998638457569005711e-01 9.996603978977823823e-01 9.996278944423557800e-01 9.998661731846989476e-01 9.998354713534257643e-01 9.998792818118916736e-01 9.999424778029831762e-01 9.999219487976629406e-01 9.998538091499709068e-01
9.999103871602380567e-01 9.994574221649423773e-01 9.999360630436273656e-01 9.990720170056558436e-01 9.998329113317515615e-01 9.996983619666747201e-01 9.990939413435596661e-01 9.991193476669439910e-01 9.998729097033766111e-01 9.981942366325132765e-01
9.998838423965563660e-01 9.999140769608744206e-01 9.998641682852515977e-01 9.997708810746708252e-01 9.999522866562499113e-01 9.999488556470681466e-01 9.998865567012917843e-01 9.999512063512628890e-01 9.999591113758211636e-01 9.999547978337999243e-01
9.998578676012432886e-01 9.999326664773245943e-01 9.996594230461245401e-01 9.992815368472169890e-01 9.998793639850069859e-01 9.999309795291798642e-01 9.998026863419159360e-01 9.999457959109209204e-01 9.998868938593430400e-01 9.998742871271834032e-01
9.996470733157626354e-01 9.998144884590270953e-01 9.998131891991465237e-01 9.999495393619697303e-01 9.998292735001138576e-01 9.998672879640223554e-01 9.998982549427978261e-01 9.999058978056725167e-01 9.997790099350963855e-01 9.998972133618245772e-01
9.998922895350506046e-01 9.998870212722691386e-01 9.999441372770710990e-01 9.997781894767979738e-01 9.998952618083487565e-01 9.998147621172800426e-01 9.999008179046315892e-01 9.996377643109733979e-01 9.998907989590561929e-01 9.998824356335994645e-01
9.976904297772197783e-01 9.998124572221724904e-01 9.998240051108513438e-01 9.998130911095025608e-01 9.999360390062622672e-01 9.998195780291168067e-01 9.997753637992380371e-01 9.994138342227353311e-01 9.998390670768284583e-01 9.998854198767442858e-01
9.998714923048848124e-01 9.997789346451094739e-01 9.997824062139406553e-01 9.995090827796767607e-01 9.999134416028483408e-01 9.998216171652768436e-01 9.999029444102119912e-01 9.998858983547846968e-01 9.997107081716503085e-01 9.998959738434248790e-01
9.999098026240957893e-01 9.993882586378443067e-01 9.998812041035425313e-01 9.997365005979790276e-01 9.994774234890713149e-01 9.998975506000009617e-01 9.999022771914971575e-01 9.991972643605453452e-01 9.999158230560496463e-01 9.997901643627727930e-01
9.998618787044394329e-01 9.998925689470626876e-01 9.999333846404466764e-01 9.999128554313240214e-01 9.997571382571982523e-01 9.998985263099693377e-01 9.999243189897403239e-01 9.999095171329696052e-01 9.999357539555486785e-01 9.999534634697565538e-01
9.998937510498911996e-01 9.997889021734378545e-01 9.999396470098099732e-01 9.999344838990641415e-01 9.998728469157878163e-01 9.996359123728058016e-01 9.998808529329068495e-01 9.998005896252607494e-01 9.997542359589371985e-01 9.998066715661007020e-01
9.998028603421493798e-01 9.997046974297069122e-01 9.998726740352593678e-01 9.999184344851698159e-01 9.998830076131738354e-01 9.996977890903879782e-01 9.997782839061243321e-01 9.999345873323309819e-01 9.998879711458275032e-01 9.991606265601654657e-01
9.998488469208238749e-01 9.998447178181478767e-01 9.997784472408942635e-01 9.999292927190045477e-01 9.999478095343489192e-01 9.998059917258368401e-01 9.997153230019576453e-01 9.999377302945666735e-01 9.998841172255544807e-01 9.998443712171998232e-01
9.996387033378294484e-01 9.995224038103014408e-01 9.998007424893234907e-01 9.976641230034903884e-01 9.998178455100606987e-01 9.999624382075547047e-01 9.997892589640157146e-01 9.999076474033326001e-01 9.999461711120418705e-01 9.998608381052016547e-01
9.998136022259465072e-01 9.998886422271889840e-01 9.998991908105795412e-01 9.998845501716094875e-01 9.997320832286472614e-01 9.998788323904128639e-01 9.999325249034429763e-01 9.998963515520010725e-01 9.994314412793862124e-01 9.998993612459077251e-01
9.994444315262085432e-01 9.997831037738894588e-01 9.996960734057654951e-01 9.996628546984790420e-01 9.998367359008433208e-01 9.996517020522650565e-01 9.998701564698452282e-01 9.995971671653032242e-01 9.992434159404983696e-01 9.999021999263290050e-01
9.998767755218922471e-01 9.997086820803430252e-01 9.979883514871651373e-01 9.998617221392256393e-01 9.998502248348424271e-01 9.997420835194731348e-01 9.998121966719982767e-01 9.996579021421131417e-01 9.998877739907859885e-01 9.993689474403951722e-01
9.999386831614496263e-01 9.998425108417208218e-01 9.998419319299293173e-01 9.997627843528412717e-01 9.998399140869889123e-01 9.996457272215060197e-01 9.999074325020025356e-01 9.999252009685158926e-01 9.998365424058974771e-01 9.997473211827341277e-01
9.998160136966247613e-01 9.999330893599623904e-01 9.998522399459238708e-01 9.997017548122140163e-01 9.998819305062623952e-01 9.995308685006839555e-01 9.998199388738795435e-01 9.998162584155197985e-01 9.996599623560056269e-01 9.998287886143855108e-01
9.997673639357844699e-01 9.998024698465947102e-01 9.997694482439112296e-01 9.997338520154857022e-01 9.999237919629314630e-01 9.997380440440145621e-01 9.998190833316432657e-01 9.997099693284821065e-01 9.998245669333289953e-01 9.999043384526555833e-01
9.993474240130423292e-01 9.999159842831157885e-01 9.993136737062433550e-01 9.999453872988832703e-01 9.999032214662468832e-01 9.998253945381242458e-01 9.996018897417979776e-01 9.987620184191279282e-01 9.997274269532772095e-01 9.995490761481610198e-01
9.998131576493280992e-01 9.998883794804800385e-01 9.997540730203535730e-01 9.996785407767032616e-01 9.997758430004295427e-01 9.997403582445126835e-01 9.998663695739812285e-01 9.998256645602283665e-01 9.993938552587978696e-01 9.997911773286741743e-01
9.998204221636495248e-01 9.997608676174816189e-01 9.998786236473767852e-01 9.999095072817165697e-01 9.998302288291083251e-01 9.997678066923119111e-01 9.997134345963536450e-01 9.998997838424327211e-01 9.998903558743426068e-01 9.998361935134900680e-01
9.999262451313560840e-01 9.999457222929274414e-01 9.995016017851015011e-01 9.997215521273773442e-01 9.993518872290525490e-01 9.998762434137100641e-01 9.999353775362090913e-01 9.997901302314435856e-01 9.999086116421939119e-01 9.997269550418322881e-01
9.998660862154490347e-01 9.998008364195298814e-01 9.998525249765518597e-01 9.998368855757643336e-01 9.997410055787622207e-01 9.998396673852589789e-01 9.998594274054137809e-01 9.998854094669717973e-01 9.998917144384622535e-01 9.999016787554519947e-01
9.998664729086934599e-01 9.999193530728376356e-01 9.999150781160526247e-01 9.996984252065128640e-01 9.999207999326885643e-01 9.998380202099819147e-01 9.999184385716144430e-01 9.996044770447856109e-01 9.995121671364310956e-01 9.998854858093940701e-01
9.998986554249220671e-01 9.999487497272664394e-01 9.997950981096769274e-01 9.998051816816880821e-01 9.998131522190640830e-01 9.995491553377937599e-01 9.998337509207309015e-01 9.996702596130893070e-01 9.998606360332746856e-01 9.999320071632841200e-01
9.998756241863651084e-01 9.998114189682204556e-01 9.993206782931532972e-01 9.996610976122275449e-01 9.984464492698486016e-01 9.997666805439386906e-01 9.999158282796749564e-01 9.998949323505924580e-01 9.998196655608979633e-01 9.998466953160197734e-01
9.998392700697308344e-01 9.998360796933304373e-01 9.998637776696019941e-01 9.994704336213946494e-01 9.996454467913244990e-01 9.998708776324600755e-01 9.998721093622110478e-01 9.999403216138318395e-01 9.999303258384102389e-01 9.997989560150702948e-01
