9.999926742320472961e-01 9.999956350945964356e-01 9.999946331436625480e-01 9.999950533188538548e-01 9.999937382669092933e-01 9.999945874238213017e-01 9.999947723696118729e-01 9.999944433589237347e-01 9.999938963521526336e-01 9.999938988713042987e-01
9.999949713096508708e-01 9.999932416264939450e-01 9.999948855937418335e-01 9.999933533529050678e-01 9.999953944703684483e-01 9.999955496674908240e-01 9.999939580598180555e-01 9.999956598113295403e-01 9.999949008249465754e-01 9.999926559723434361e-01
9.999952264864594431e-01 9.999932441977339437e-01 9.999930894282581528e-01 9.999928095760058921e-01 9.999949233601315157e-01 9.999961985962217970e-01 9.999929923019584832e-01 9.999943048191253236e-01 9.999954425325595642e-01 9.999956064565397318e-01
9.999958634483671061e-01 9.999944522701961214e-01 9.999940151027776336e-01 9.999956030290749753e-01 9.999961591554246132e-01 9.999946303488856936e-01 9.999926203650927325e-01 9.999949149773863510e-01 9.999939278302035772e-01 9.999943980831226265e-01
9.999942391571704503e-01 9.999942421358989364e-01 9.999928944789890917e-01 9.999939097994933190e-01 9.999952646401950584e-01 9.999940042395861761e-01 9.999936912665934319e-01 9.999920246047705463e-01 9.999957864591180190e-01 9.999943654860488085e-01
9.999962004956213235e-01 9.999956062732321405e-01 9.999912721870983789e-01 9.999938459943302771e-01 9.999934231727071188e-01 9.999952342507640868e-01 9.999958426601290862e-01 9.999952079561973406e-01 9.999950277674023447e-01 9.999940430112658207e-01
9.999946225183991011e-01 9.999950925931898604e-01 9.999910743122916168e-01 9.999954707246672125e-01 9.999931233011711829e-01 9.999951409227735288e-01 9.999955596254749279e-01 9.999951271359411864e-01 9.999923547186456707e-01 9.999935541691171714e-01
9.999945102902065841e-01 9.999945972852347653e-01 9.999949990134567868e-01 9.999950321568559231e-01 9.999951794281743966e-01 9.999941916452009805e-01 9.999944350599884180e-01 9.999960745318837718e-01 9.999913797307944385e-01 9.999945115846480270e-01
9.999950132147330528e-01 9.999941285023310478e-01 9.999940502676432086e-01 9.999944834887376510e-01 9.999953244779944406e-01 9.999936591474737346e-01 9.999919777436264701e-01 9.999935348359190179e-01 9.999948662352555750e-01 9.999956803828510266e-01
9.999931353774438314e-01 9.999949897217993433e-01 9.999944892482521830e-01 9.999945367210866243e-01 9.999957295575613303e-01 9.999941590492749111e-01 9.999943412137618504e-01 9.999933235738918125e-01 9.999955674024284535e-01 9.999934481372249051e-01
9.999952841542465443e-01 9.999947502112318531e-01 9.999934097623067730e-01 9.999946250529682112e-01 9.999953126040179718e-01 9.999941984813423002e-01 9.999930660302395191e-01 9.999944993934577475e-01 9.999961971995361409e-01 9.999931459349968854e-01
9.999938177002138939e-01 9.999943275404941101e-01 9.999943591633344564e-01 9.999950582223295914e-01 9.999931447815878505e-01 9.999936458084481838e-01 9.999966112919416172e-01 9.999944149491319934e-01 9.999952509275967794e-01 9.999943573109072448e-01
9.999933353555234827e-01 9.999947661156339818e-01 9.999955771400522719e-01 9.999930597268984478e-01 9.999941927936289998e-01 9.999952141895668278e-01 9.999913881846183017e-01 9.999937335971611496e-01 9.999961489123441183e-01 9.999950534148071002e-01
9.999927018932187606e-01 9.999955800716128218e-01 9.999944308443468044e-01 9.999929081775040807e-01 9.999944603220435324e-01 9.999943751472936126e-01 9.999938228575553367e-01 9.999903048152730678e-01 9.999949456861091379e-01 9.999951971388366667e-01
9.999947556733729259e-01 9.999934409770437904e-01 9.999951288330618526e-01 9.999916226321431401e-01 9.999931751285010550e-01 9.999945531074916349e-01 9.999943998517664134e-01 9.999950290035819478e-01 9.999947388631570400e-01 9.999930778562278189e-01
9.999935953312181214e-01 9.999949621250626697e-01 9.999943548517169489e-01 9.999945064810410456e-01 9.999965445370714301e-01 9.999960663702452957e-01 9.999939419708553379e-01 9.999934983729716897e-01 9.999937976848372045e-01 9.999957858252876974e-01
9.999943097997741059e-01 9.999977138229335649e-01 9.999932573170757788e-01 9.999949749308753022e-01 9.999949005021990800e-01 9.999943521371480459e-01 9.999960565311891703e-01 9.999931892944693423e-01 9.999947225804225459e-01 9.999951820921625378e-01
9.999957483185754059e-01 9.999944313218737113e-01 9.999951406151864619e-01 9.999960888949018800e-01 9.999939120970131601e-01 9.999920520253330336e-01 9.999925401152153226e-01 9.999943013192386099e-01 9.999948601933340564e-01 9.999946918047758482e-01
9.999960086467286624e-01 9.999936202539677632e-01 9.999948626574752808e-01 9.999949241544521250e-01 9.999938601953887174e-01 9.999933664711169179e-01 9.999946062760585175e-01 9.999939027359084909e-01 9.999952794587454452e-01 9.999939366067803759e-01
9.999934719088695578e-01 9.999943690637796978e-01 9.999964688515288191e-01 9.999959635187157803e-01 9.999935067525639321e-01 9.999946436733403443e-01 9.999955638500102051e-01 9.999961649300158628e-01 9.999932250697026737e-01 9.999960557618118306e-01
9.999957672907392459e-01 9.999939306319021171e-01 9.999944939142402234e-01 9.999930126024167976e-01 9.999955841920512567e-01 9.999951745691469940e-01 9.999954677323713570e-01 9.999952751314979960e-01 9.999938819864399031e-01 9.999938504659220406e-01
9.999939721517657754e-01 9.999952325113300455e-01 9.999946611149085340e-01 9.999955502006260266e-01 9.999936361696379894e-01 9.999949529466309883e-01 9.999940485899753151e-01 9.999964037479615042e-01 9.999955660297071836e-01 9.999947166152219902e-01
9.999922908336993377e-01 9.999943961194645015e-01 9.999952340716704580e-01 9.999930757790157498e-01 9.999940589625526677e-01 9.999957925733096165e-01 9.999951037830006051e-01 9.999938583933539737e-01 9.999949484627010943e-01 9.999939810202979062e-01
9.999942858907502341e-01 9.999946490820272871e-01 9.999937195009456214e-01 9.999934467295571450e-01 9.999957725592810709e-01 9.999947218367889468e-01 9.999932380472975613e-01 9.999958197182878816e-01 9.999949315576436293e-01 9.999939851926864520e-01
9.999945182073682881e-01 9.999931506782480106e-01 9.999932103238238223e-01 9.999946089398933369e-01 9.999946420230755306e-01 9.999943926563263918e-01 9.999929470545816379e-01 9.999961906437635495e-01 9.999945322082319787e-01 9.999957521987866693e-01
9.999944852335395096e-01 9.999944016754225284e-01 9.999948263114244451e-01 9.999955274568688157e-01 9.999956210794520572e-01 9.999945411663900829e-01 9.999957745687984012e-01 9.999961345234782417e-01 9.999931901974266069e-01 9.999960362488894416e-01
9.999926793201963093e-01 9.999959066465196056e-01 9.999925846609819535e-01 9.999948903250781562e-01 9.999955285154896734e-01 9.999954204793058965e-01 9.999951077572896141e-01 9.999918932823017581e-01 9.999926784710346794e-01 9.999946102678921589e-01
9.999947339122918777e-01 9.999949390253187742e-01 9.999964836539857460e-01 9.999957105042954764e-01 9.999951623862679551e-01 9.999948982266324560e-01 9.999930062952149257e-01 9.999941547350876814e-01 9.999957328213945340e-01 9.999941647536723099e-01
9.999947756799223431e-01 9.999930138877034524e-01 9.999949938509704594e-01 9.999960353362106202e-01 9.999940712093409179e-01 9.999958779156643551e-01 9.999918169925513523e-01 9.999942360462004132e-01 9.999940425746934869e-01 9.999934387099801425e-01
9.999939956766732418e-01 9.999962922008244215e-01 9.999951668719997411e-01 9.999955202527626152e-01 9.999926541867221186e-01 9.999946242388294548e-01 9.999935724813754367e-01 9.999953015245390819e-01 9.999954280295436648e-01 9.999953122653567616e-01
9.999947896091390120e-01 9.999946788489061378e-01 9.999945554024314287e-01 9.999937883262330907e-01 9.999952720576437137e-01 9.999945454231674580e-01 9.999923504433083643e-01 9.999955663557393848e-01 9.999946066265006372e-01 9.999939633269770978e-01
9.999963976763120987e-01 9.999940648868194115e-01 9.999931775275580081e-01 9.999934493008398873e-01 9.999948372695611765e-01 9.999939441543498342e-01 9.999942474982331797e-01 9.999953234209939534e-01 9.999939773187392911e-01 9.999953399163582501e-01
9.999942435749026304e-01 9.999945608032395628e-01 9.999938635948836252e-01 9.999936742261749112e-01 9.999954578319163456e-01 9.999935494734608632e-01 9.999940095838588672e-01 9.999945163269293724e-01 9.999953697667555153e-01 9.999935870635000557e-01
9.999944586158069360e-01 9.999936308404394625e-01 9.999933528563206275e-01 9.999929393061950389e-01 9.999912204389566073e-01 9.999951142676087867e-01 9.999950228066197822e-01 9.999938670876122870e-01 9.999950095866453337e-01 9.999939945075138059e-01
9.999939051547364066e-01 9.999957624539747014e-01 9.999950846531416859e-01 9.999937775771970960e-01 9.999965001094154315e-01 9.999956720259569609e-01 9.999936068735331141e-01 9.999950229222300813e-01 9.999933335183516236e-01 9.999936502852919684e-01
9.999954497022378597e-01 9.999957577914204698e-01 9.999949063634682167e-01 9.999945971106024567e-01 9.999957524856963875e-01 9.999910655767385581e-01 9.999946427116985781e-01 9.999945882602152558e-01 9.999931203164305060e-01 9.999923516797202261e-01
9.999947959931242414e-01 9.999939079797622865e-01 9.999944940347885725e-01 9.999952888657532846e-01 9.999942331841107368e-01 9.999931380239672762e-01 9.999943327997604658e-01 9.999946902223483258e-01 9.999947131065441974e-01 9.999954767250991416e-01
9.999942878273622160e-01 9.999950774668293629e-01 9.999945338546883944e-01 9.999954875540610910e-01 9.999954205502777915e-01 9.999932028292498609e-01 9.999934697691510443e-01 9.999952849126094723e-01 9.999925606540132073e-01 9.999941969035688327e-01
9.999944020104916120e-01 9.999942074611136711e-01 9.999953497709241912e-01 9.999952812550849668e-01 9.999940059109940771e-01 9.999940178282569203e-01 9.999939082368061172e-01 9.999925288039016591e-01 9.999945350806090927e-01 9.999959311625923331e-01
9.999956688494354706e-01 9.999955604004974186e-01 9.999952065076186392e-01 9.999941817219338835e-01 9.999959005432940140e-01 9.999944375611692360e-01 9.999946383687899898e-01 9.999944170618763062e-01 9.999948968666211302e-01 9.999931221986515517e-01
9.999941272873997811e-01 9.999946463486155679e-01 9.999949974361600491e-01 9.999950395487933186e-01 9.999953821796487841e-01 9.999944953418050675e-01 9.999946488272516421e-01 9.999962231169980953e-01 9.999926713000653056e-01 9.999950951705325330e-01
9.999944404703058343e-01 9.999963863782067586e-01 9.999947792167273031e-01 9.999940358718574229e-01 9.999959026836960918e-01 9.999938969598175520e-01 9.999949403072611043e-01 9.999948833667329229e-01 9.999965168192153087e-01 9.999954394607000197e-01
9.999940708428733949e-01 9.999947388109566848e-01 9.999960814369001083e-01 9.999936183880527851e-01 9.999945560044826154e-01 9.999949827251241041e-01 9.999932711287869980e-01 9.999945437378374713e-01 9.999928638078634524e-01 9.999943236335837593e-01
9.999951069264315651e-01 9.999946020126024848e-01 9.999921679716209377e-01 9.999939904602440643e-01 9.999955075372570779e-01 9.999959374195114270e-01 9.999954031947848598e-01 9.999963266006641760e-01 9.999909571472305192e-01 9.999937733845076782e-01
9.999935832886930331e-01 9.999967169472613326e-01 9.999932697390333525e-01 9.999936124295272233e-01 9.999941973837082054e-01 9.999947330928939948e-01 9.999930079903812663e-01 9.999961811514667120e-01 9.999966850405160868e-01 9.999934148587001914e-01
9.999951568899474452e-01 9.999962199762980619e-01 9.999933961164593210e-01 9.999957529092964315e-01 9.999957466387006111e-01 9.999940853596366308e-01 9.999944537326899141e-01 9.999953684285793898e-01 9.999928245862785836e-01 9.999908021306361805e-01
9.999949532376534167e-01 9.999930586198058080e-01 9.999941049925921144e-01 9.999957110391091142e-01 9.999945893605604041e-01 9.999949221383681586e-01 9.999932658654349105e-01 9.999941267885922302e-01 9.999946244302826415e-01 9.999941509048596577e-01
9.999948612962556993e-01 9.999937916659489279e-01 9.999957785442478153e-01 9.999940007138556908e-01 9.999944801969607999e-01 9.999940053064746426e-01 9.999942386062985467e-01 9.999949819913237503e-01 9.999955878670983012e-01 9.999966059562972465e-01
9.999929120817800943e-01 9.999943119373891909e-01 9.999942965820743934e-01 9.999938814742955762e-01 9.999936960612429981e-01 9.999954065059108999e-01 9.999941206222808798e-01 9.999946932515684228e-01 9.999942381441115913e-01 9.999943588784148130e-01
9.999953500445276644e-01 9.999950936633230647e-01 9.999931185952134483e-01 9.999938390973482916e-01 9.999961740902888474e-01 9.999953425796087592e-01 9.999940917384196881e-01 9.999954967329099942e-01 9.999944950027969126e-01 9.999953390839494416e-01
9.999941185266014720e-01 9.999943911723264689e-01 9.999948923872059581e-01 9.999931942118763795e-01 9.999950224731986026e-01 9.999935142150525591e-01 9.999951014891222956e-01 9.999945602393743860e-01 9.999943539876843257e-01 9.999946413874323259e-01
9.999962043700848513e-01 9.999945382671319161e-01 9.999939481113223616e-01 9.999940527987266625e-01 9.999959571947052428e-01 9.999955026956726112e-01 9.999938571571652668e-01 9.999937748189657860e-01 9.999940782330621891e-01 9.999953527307734458e-01
9.999942389845268842e-01 9.999952789470708536e-01 9.999949184336992536e-01 9.999945611504134080e-01 9.999932106010135380e-01 9.999945689582661057e-01 9.999945159706009612e-01 9.999948942719648626e-01 9.999944813555057266e-01 9.999942008561317763e-01
9.999941108179788429e-01 9.999945011774915571e-01 9.999960099978318917e-01 9.999936235914502758e-01 9.999955607540074176e-01 9.999914980370956386e-01 9.999944282559909414e-01 9.999959710520243128e-01 9.999949549532074489e-01 9.999941511201330124e-01
9.999931151458107959e-01 9.999950406126190128e-01 9.999942337774515577e-01 9.999953509818800823e-01 9.999934578500443427e-01 9.999949320495360450e-01 9.999954870855575217e-01 9.999939897234148001e-01 9.999939101563911636e-01 9.999958093798536618e-01
9.999948337228443673e-01 9.999927648447808348e-01 9.999944258704371869e-01 9.999963443506757477e-01 9.999961838716248108e-01 9.999958958242718410e-01 9.999902571669203599e-01 9.999951521341307048e-01 9.999952807929830545e-01 9.999931712864974509e-01
9.999954771547948651e-01 9.999955674895442126e-01 9.999936703693365070e-01 9.999943627272753766e-01 9.999947121049718168e-01 9.999957750769769005e-01 9.999951618842956025e-01 9.999931900141434404e-01 9.999947952099393911e-01 9.999942732937863177e-01
9.999943187517160714e-01 9.999942342467612599e-01 9.999937893930463950e-01 9.999943669017354875e-01 9.999958600287881527e-01 9.999906876847767245e-01 9.999947520055867400e-01 9.999941008487468475e-01 9.999954949824273465e-01 9.999965341142796893e-01
9.999946499133403055e-01 9.999933279462289715e-01 9.999943654904988044e-01 9.999948744279145707e-01 9.999960993952200505e-01 9.999961351614864435e-01 9.999920847434834448e-01 9.999929249661140274e-01 9.999947264887522058e-01 9.999949914169160570e-01
9.999938532644662148e-01 9.999939227043787016e-01 9.999953392818201614e-01 9.999941058111859737e-01 9.999958732671530015e-01 9.999964103783497427e-01 9.999954365936748468e-01 9.999961892087735338e-01 9.999947403089618492e-01 9.999960141265457070e-01
9.999947558353330379e-01 9.999947905450499164e-01 9.999945680909479995e-01 9.999947193741198781e-01 9.999940304372377797e-01 9.999954028091300184e-01 9.999930350013912506e-01 9.999952738354904724e-01 9.999949170963565726e-01 9.999948538668887998e-01
9.999943499693735305e-01 9.999942099927923156e-01 9.999954011092339057e-01 9.999967804567534424e-01 9.999942646152328862e-01 9.999950649917844769e-01 9.999923355794774205e-01 9.999958177494033817e-01 9.999948040506261293e-01 9.999930540951658120e-01
9.999928722059132635e-01 9.999949175990598960e-01 9.999956822465181361e-01 9.999943351212698950e-01 9.999943358491887313e-01 9.999940477345954370e-01 9.999923748863960293e-01 9.999936218930911558e-01 9.999964102264715660e-01 9.999959889724994166e-01
9.999932994291463872e-01 9.999960380965084994e-01 9.999946090491201867e-01 9.999939509860901188e-01 9.999946988850709761e-01 9.999943721055253310e-01 9.999935471643820462e-01 9.999931589687891531e-01 9.999958205379164689e-01 9.999954313221959268e-01
9.999949393723864821e-01 9.999950810719249183e-01 9.999949897527264930e-01 9.999932289098885096e-01 9.999956153935942726e-01 9.999934698230785735e-01 9.999952829214565631e-01 9.999944369830874313e-01 9.999957954101862390e-01 9.999954787163588543e-01
9.999944920822644301e-01 9.999927929445003860e-01 9.999940086438918740e-01 9.999948548660505532e-01 9.999934639144623105e-01 9.999946596640845176e-01 9.999916190786833914e-01 9.999955869506287343e-01 9.999939516290426988e-01 9.999941048959605228e-01
9.999940493493461036e-01 9.999933560329878901e-01 9.999938230210696499e-01 9.999948262086474360e-01 9.999954709936734742e-01 9.999947139488524206e-01 9.999933728753259699e-01 9.999937449183615712e-01 9.999936894640683027e-01 9.999934298791149923e-01
9.999939442944215662e-01 9.999939422579203763e-01 9.999929749604105078e-01 9.999954152187277012e-01 9.999946680272927546e-01 9.999958470987628800e-01 9.999951372364442870e-01 9.999946834847064370e-01 9.999949215378431955e-01 9.999950761600208127e-01
9.999954486429607492e-01 9.999945403039209868e-01 9.999951128488925312e-01 9.999926868725838025e-01 9.999961579656112542e-01 9.999939923726181012e-01 9.999932938235414071e-01 9.999959534459506028e-01 9.999967149626538543e-01 9.999929734778534307e-01
9.999929061326449098e-01 9.999938647912365308e-01 9.999950962818389133e-01 9.999947555138052335e-01 9.999936233023760668e-01 9.999956299494753287e-01 9.999933454294215318e-01 9.999954329913435247e-01 9.999955012943982924e-01 9.999937275830249606e-01
9.999955583389914526e-01 9.999948691751949781e-01 9.999944662446349497e-01 9.999955910637805534e-01 9.999958297226623216e-01 9.999951490031382395e-01 9.999948267521137080e-01 9.999921432408817035e-01 9.999952669140340644e-01 9.999937003427659121e-01
9.999933616671478065e-01 9.999939949864043998e-01 9.999948297855673074e-01 9.999951972875851247e-01 9.999953568960880945e-01 9.999939679746824295e-01 9.999944975432413230e-01 9.999949736025269820e-01 9.999927143812562536e-01 9.999941404793265542e-01
9.999929643127201118e-01 9.999941239443466134e-01 9.999943962777481099e-01 9.999950098751687610e-01 9.999953923361303287e-01 9.999949361561453198e-01 9.999943426050381667e-01 9.999959274953355015e-01 9.999950654380246329e-01 9.999952922530652710e-01
9.999913025490074769e-01 9.999949840363474562e-01 9.999941067056105082e-01 9.999942925714331299e-01 9.999959418342660999e-01 9.999963138444371014e-01 9.999924254907684995e-01 9.999954269258959361e-01 9.999939784677345234e-01 9.999933851830471454e-01
9.999930957644900253e-01 9.999949861985213406e-01 9.999952914521360592e-01 9.999945219198275170e-01 9.999947106148407983e-01 9.999945584867169224e-01 9.999935937891833992e-01 9.999944492115858674e-01 9.999942396435098635e-01 9.999943820756574953e-01
9.999960628623488779e-01 9.999910870596778745e-01 9.999938897882308941e-01 9.999941659608927447e-01 9.999930607692585349e-01 9.999959911663576229e-01 9.999964505474334686e-01 9.999955094816569412e-01 9.999953999713889763e-01 9.999949973331271336e-01
9.999950764020291150e-01 9.999952089785708598e-01 9.999961077117945907e-01 9.999955431582360221e-01 9.999944155019500069e-01 9.999955793069621457e-01 9.999951343191807451e-01 9.999934821052615108e-01 9.999954197179145021e-01 9.999962201234090520e-01
9.999960840474396706e-01 9.999943598958012103e-01 9.999950705028958220e-01 9.999947847750552121e-01 9.999961357475547485e-01 9.999936964400463202e-01 9.999959703630246777e-01 9.999944826800176712e-01 9.999960727818810735e-01 9.999954189771853574e-01
9.999957067348799189e-01 9.999956577929384194e-01 9.999943374043995803e-01 9.999949401799927973e-01 9.999963732867944710e-01 9.999914750084776260e-01 9.999945761337296624e-01 9.999943025942236163e-01 9.999943216261341083e-01 9.999942057621065139e-01
9.999941621847945328e-01 9.999962306245411270e-01 9.999958020932768754e-01 9.999946686905994975e-01 9.999935056311533010e-01 9.999934102419542059e-01 9.999954738731364756e-01 9.999917444815692447e-01 9.999960482310884524e-01 9.999929059870886761e-01
9.999955872565857717e-01 9.999948162580606370e-01 9.999966476594959186e-01 9.999947818605972039e-01 9.999956148097355335e-01 9.999935180809398361e-01 9.999941049784432101e-01 9.999953240453630654e-01 9.999942256426008758e-01 9.999951759209958491e-01
9.999934983282448009e-01 9.999956527800825112e-01 9.999948713227519992e-01 9.999937553133855239e-01 9.999961014439519014e-01 9.999964322017660390e-01 9.999950457634146916e-01 9.999957438849513824e-01 9.999936012082749626e-01 9.999936878207362767e-01
9.999944648704650607e-01 9.999957258003693283e-01 9.999954820053262861e-01 9.999942102324401727e-01 9.999953271104986552e-01 9.999964213876768593e-01 9.999958591464198632e-01 9.999953882627961033e-01 9.999951485731096712e-01 9.999949970193071636e-01
9.999946238207558791e-01 9.999931482664390359e-01 9.999942895417663902e-01 9.999959941422840171e-01 9.999954755857295430e-01 9.999959626136116775e-01 9.999950243903606983e-01 9.999941678317129101e-01 9.999945040102100613e-01 9.999926394404377028e-01
9.999944065970063356e-01 9.999950155623490433e-01 9.999948206807590667e-01 9.999957227824904926e-01 9.999948725331586630e-01 9.999953404224810605e-01 9.999951165151172994e-01 9.999957106169993226e-01 9.999959726578656616e-01 9.999951084822132907e-01
9.999950155559677034e-01 9.999927076503730694e-01 9.999949634985449975e-01 9.999965035902036448e-01 9.999953176414035916e-01 9.999945323622583260e-01 9.999945271291713622e-01 9.999930688474897300e-01 9.999964192723682643e-01 9.999937156149658612e-01
9.999951521721112124e-01 9.999947792188501605e-01 9.999927557965354596e-01 9.999954647421276377e-01 9.999957667122973959e-01 9.999962363894765449e-01 9.999938936783031584e-01 9.999952889259745570e-01 9.999951630780706813e-01 9.999958031608713327e-01
9.999943097776187173e-01 9.999973531704039464e-01 9.999948812133365728e-01 9.999960388432970193e-01 9.999962667475494893e-01 9.999943656229399735e-01 9.999963891908708602e-01 9.999942087519650968e-01 9.999953924253593973e-01 9.999950809800668416e-01
9.999954218450942678e-01 9.999943990816666517e-01 9.999954470124546857e-01 9.999951228080907750e-01 9.999938824655847380e-01 9.999945095432730691e-01 9.999945414240226649e-01 9.999932109328785179e-01 9.999929470771936613e-01 9.999928684435902548e-01
9.999939881125415875e-01 9.999944076936416737e-01 9.999936899794809042e-01 9.999956233892773882e-01 9.999933167122243560e-01 9.999944111836348570e-01 9.999954066371562478e-01 9.999947255129264523e-01 9.999923314344687508e-01 9.999956136198454582e-01
9.999956660066561254e-01 9.999945612945561058e-01 9.999921969918981191e-01 9.999954053664025233e-01 9.999934279311899488e-01 9.999935830993931241e-01 9.999948571040585543e-01 9.999957176386270463e-01 9.999952794167091819e-01 9.999953469506284165e-01
9.999956404439723778e-01 9.999931969545100552e-01 9.999923155029720734e-01 9.999950896825793301e-01 9.999952405729266580e-01 9.999951262023508702e-01 9.999933110754424259e-01 9.999950587812892477e-01 9.999959858843159299e-01 9.999937265103460149e-01
9.999942967455318632e-01 9.999919758664966851e-01 9.999934210067039642e-01 9.999950739423588697e-01 9.999949132282113240e-01 9.999940505002151703e-01 9.999949908137146792e-01 9.999931503518437736e-01 9.999942595321560379e-01 9.999949883336605172e-01
9.999953264141100417e-01 9.999937674003831489e-01 9.999946857020146629e-01 9.999951486971775383e-01 9.999954752631960986e-01 9.999954261501919905e-01 9.999922037400182928e-01 9.999950061893356779e-01 9.999948507898014372e-01 9.999947255036194527e-01
9.999943317331937420e-01 9.999926251707431657e-01 9.999946448344322336e-01 9.999960469709125999e-01 9.999955133205636892e-01 9.999934736125682955e-01 9.999943352792086682e-01 9.999939408210758440e-01 9.999961484886241703e-01 9.999959095439857615e-01
9.999922032460522026e-01 9.999922129422114114e-01 9.999938038185188782e-01 9.999964093725994818e-01 9.999935362422150975e-01 9.999941929004279029e-01 9.999947396303828784e-01 9.999961767344017760e-01 9.999944980704585928e-01 9.999938516467997696e-01
9.999952224869522732e-01 9.999941218966269529e-01 9.999963943993908089e-01 9.999952392369838572e-01 9.999944963960334388e-01 9.999955680629557531e-01 9.999949353843426980e-01 9.999942315776242374e-01 9.999949922782932488e-01 9.999949819082637470e-01
9.999940199308873234e-01 9.999955589058423522e-01 9.999948022958814464e-01 9.999932718274444632e-01 9.999935984585743842e-01 9.999943261525169325e-01 9.999968805224567214e-01 9.999958720444296345e-01 9.999963250094356937e-01 9.999915944018593628e-01
9.999924607581097691e-01 9.999931510815774915e-01 9.999954272835235303e-01 9.999950525448735306e-01 9.999953157954041272e-01 9.999944793156314571e-01 9.999945348644809773e-01 9.999942522518374677e-01 9.999941487528657413e-01 9.999950332933502661e-01
9.999930467227921005e-01 9.999938900274158993e-01 9.999952319637727127e-01 9.999937971147541127e-01 9.999946020995935658e-01 9.999942317875608611e-01 9.999967922149844979e-01 9.999948091607726575e-01 9.999954737711278518e-01 9.999947278103277215e-01
