9.999517182368824475e-01 9.999474628032924972e-01 9.998287965528800392e-01 9.999063741556271090e-01 9.998034523439851551e-01 9.999104166709675834e-01 9.998853755249998976e-01 9.998885297936354055e-01 9.999365121968544212e-01 9.998918963489247247e-01
9.998424127654870208e-01 9.998043183183429328e-01 9.999059984308117377e-01 9.999230009505274408e-01 9.998468481146106646e-01 9.999517317743933376e-01 9.999300446530170472e-01 9.998805233039931295e-01 9.999378630864412809e-01 9.998585519947610356e-01
9.998643903501037711e-01 9.999303990082822891e-01 9.999435173167380286e-01 9.999409165626885754e-01 9.999496702604314669e-01 9.998985339360203506e-01 9.998567039364709697e-01 9.999379402325492272e-01 9.998659277287550440e-01 9.997883530633439042e-01
9.998561490792861051e-01 9.999088147398764725e-01 9.998252377072515129e-01 9.999380566358097022e-01 9.998641843985819344e-01 9.998542306699015336e-01 9.998931037053073734e-01 9.999156821607081413e-01 9.999124012794250449e-01 9.999147666371868137e-01
9.999039546516207411e-01 9.999132994641467542e-01 9.998628796295521148e-01 9.999121893523769122e-01 9.999369124271704212e-01 9.998707411281521074e-01 9.998892600177919920e-01 9.998730964578204095e-01 9.998869984297116265e-01 9.998453869263164151e-01
9.999254519448427247e-01 9.999158779202670377e-01 9.999157067890784845e-01 9.999069069052544112e-01 9.998343262253739372e-01 9.998640998576278083e-01 9.999275716419266935e-01 9.999198642693765127e-01 9.999153293319634761e-01 9.998882137028122230e-01
9.999202634600088402e-01 9.998263978323899126e-01 9.998998928844466949e-01 9.998882792666659025e-01 9.999072045701705713e-01 9.998774835663365446e-01 9.999094191697796008e-01 9.998881686731846408e-01 9.998163051492254816e-01 9.998692751694211456e-01
9.998917112147752695e-01 9.999188793798396979e-01 9.999021261419136497e-01 9.999139050414326269e-01 9.998820844497786631e-01 9.998327728114480006e-01 9.999449072587689447e-01 9.998619414932989891e-01 9.998446633135850137e-01 9.998903301107503472e-01
9.999448989250903086e-01 9.999527904113328924e-01 9.999546316654644995e-01 9.999735210517621820e-01 9.999056918029166630e-01 9.998901534506563493e-01 9.999247715615706689e-01 9.999069640814146620e-01 9.999385449987419072e-01 9.998918327074681756e-01
9.999105731243083106e-01 9.999148902631237457e-01 9.998733417542416957e-01 9.999539652152104052e-01 9.998787135572044793e-01 9.998768946443994388e-01 9.998846683510355104e-01 9.999435086947326967e-01 9.998885956889606019e-01 9.998641546317696971e-01
9.999028325450373123e-01 9.999405025978728156e-01 9.999051709084917361e-01 9.999428399286173219e-01 9.998962510335296372e-01 9.998908211617233421e-01 9.998894107623972349e-01 9.998666535134265176e-01 9.999016148009255422e-01 9.998988178518941616e-01
9.998913148249127802e-01 9.998774153552100197e-01 9.999179242477840290e-01 9.998698498686761083e-01 9.998894003578319145e-01 9.998807839922722041e-01 9.998734556110138172e-01 9.999018687622081014e-01 9.999167747840715936e-01 9.998999113838402675e-01
9.999188802803170573e-01 9.998722746910058135e-01 9.999427672631576725e-01 9.999251085638320991e-01 9.998399930569662475e-01 9.998434661158065451e-01 9.999074751295939922e-01 9.999016992205115306e-01 9.999249590086679573e-01 9.999023701977656220e-01
9.999097246367604219e-01 9.997643843348797965e-01 9.998827597272682555e-01 9.999153087140587592e-01 9.999567542709274504e-01 9.998798759590789009e-01 9.999367757440061899e-01 9.999276734845841119e-01 9.999297961153578163e-01 9.999746533252253933e-01
9.999411113003281448e-01 9.999038387224818969e-01 9.999051762800396093e-01 9.997914159436309678e-01 9.998617719362024037e-01 9.999352078497684149e-01 9.998983461751034252e-01 9.999037920868037999e-01 9.999246678214164241e-01 9.999060216155044589e-01
9.999452114096499811e-01 9.999166349844677004e-01 9.998377542329969225e-01 9.998683571898541178e-01 9.999129574699349154e-01 9.999214777470651905e-01 9.996338806745480587e-01 9.998993135770708474e-01 9.999197587900779949e-01 9.998959487376207766e-01
9.999362278161761930e-01 9.999145912485225551e-01 9.998472624082626048e-01 9.999661045733453379e-01 9.999031918495242532e-01 9.998983142128019530e-01 9.998385349205693995e-01 9.999522097801838427e-01 9.998996140988957171e-01 9.999101828886217680e-01
9.999559664379398249e-01 9.998938301895983205e-01 9.997719110886428284e-01 9.998503612583478084e-01 9.999053154876222926e-01 9.999076692199638794e-01 9.999203965463381305e-01 9.999172853615567735e-01 9.998158347329912932e-01 9.999742541564536902e-01
9.998388136551417116e-01 9.999158755209623939e-01 9.999520404536075269e-01 9.999302387398441017e-01 9.998256458580730976e-01 9.999235583239665104e-01 9.998862463461450911e-01 9.998983055381348573e-01 9.999054594711594968e-01 9.999371549451657737e-01
9.999405121892205317e-01 9.998667201792994508e-01 9.999605996371275785e-01 9.997796237477171166e-01 9.998384722262090296e-01 9.999405696455853088e-01 9.998772002382565471e-01 9.998931849697479946e-01 9.999315868228187965e-01 9.999136831064268094e-01
9.998837694155088274e-01 9.998761100257748113e-01 9.998781908863186851e-01 9.998987079686484369e-01 9.999371476678432513e-01 9.999053808528522991e-01 9.999093166037674729e-01 9.999364176378484625e-01 9.998906567231761189e-01 9.998959435888330471e-01
9.999376812391010949e-01 9.999216892120852407e-01 9.998396043330333161e-01 9.999271906934757981e-01 9.999814519436996951e-01 9.999269457659446525e-01 9.999368175846522488e-01 9.999221320581995753e-01 9.999122007820105962e-01 9.999165812238904882e-01
9.998158133303688411e-01 9.999171157257025211e-01 9.998922741446979456e-01 9.998527441807377736e-01 9.999011201838152729e-01 9.997479629102428156e-01 9.998994379224488416e-01 9.999253979715566620e-01 9.998693741711580651e-01 9.998709350203567325e-01
9.999133849727311896e-01 9.998568600986469379e-01 9.999395501809877906e-01 9.999479807175062351e-01 9.999355716047569897e-01 9.998504345911071178e-01 9.998789079586047901e-01 9.998712110236699369e-01 9.998786856090432495e-01 9.997925100165800938e-01
9.998457306282069190e-01 9.998360897475919717e-01 9.999187646405709451e-01 9.998769345026369271e-01 9.998817196131458696e-01 9.999504043784487317e-01 9.999225748954171378e-01 9.999074805983857450e-01 9.998630626014286538e-01 9.998526442872714970e-01
9.999423449579323275e-01 9.998897117336288387e-01 9.998845183692228744e-01 9.999180165633194672e-01 9.998319839596777614e-01 9.999358576353319927e-01 9.998547808922753077e-01 9.998871362188088696e-01 9.999003494759085564e-01 9.998393191962399174e-01
9.999595917285685198e-01 9.999309468827570768e-01 9.998972992040060515e-01 9.998998584196809869e-01 9.999258799395095432e-01 9.998732123044952180e-01 9.999365505158123169e-01 9.998844393852834855e-01 9.999105381512231050e-01 9.998835746912045908e-01
9.997282704032729450e-01 9.998992336176829587e-01 9.998951689879846949e-01 9.998898375176994424e-01 9.997075853518191391e-01 9.998666987097729608e-01 9.998618767838279853e-01 9.999377816688872489e-01 9.999309589491733874e-01 9.999138396420241826e-01
9.999338607927287237e-01 9.998435804639655977e-01 9.999221624880250125e-01 9.999085073051020567e-01 9.999346281838649153e-01 9.999460273323799164e-01 9.998996223380933746e-01 9.999216981989985653e-01 9.998525723584900105e-01 9.998554590068553516e-01
9.999041104689138093e-01 9.998606822159671337e-01 9.998965253806703091e-01 9.999075246907176417e-01 9.999425313576156826e-01 9.998964897080554470e-01 9.998467232831037554e-01 9.999059702783799075e-01 9.999408213995985006e-01 9.999289969626886654e-01
9.999278111742041508e-01 9.998882400521434954e-01 9.998818597608067904e-01 9.998553418386914027e-01 9.998588917030903911e-01 9.999272320178692608e-01 9.999364128441902144e-01 9.999162080822726617e-01 9.998731624855281552e-01 9.999180313091051708e-01
9.998631988830984918e-01 9.998716838234358306e-01 9.998907906223813979e-01 9.999243579027085049e-01 9.998342892407865445e-01 9.999413182631424757e-01 9.999201156943378077e-01 9.998873120144056159e-01 9.999532254062037939e-01 9.998750343562580190e-01
9.999094252065113819e-01 9.998480995157362772e-01 9.998229668838222173e-01 9.998822337837827146e-01 9.998984161080964883e-01 9.998806521329008934e-01 9.999463707457940664e-01 9.999319197440135198e-01 9.998795917898524177e-01 9.998518301621081017e-01
9.999061938577720188e-01 9.998771342113897953e-01 9.999076019238775093e-01 9.999345727029794739e-01 9.999090866359093832e-01 9.999154190643662066e-01 9.998810238271748085e-01 9.999204788761932861e-01 9.999583000110661146e-01 9.999125671390423076e-01
9.998739958334458278e-01 9.998759062612708748e-01 9.998602224566318641e-01 9.998255738332363363e-01 9.998934244611473732e-01 9.999133422710927421e-01 9.999466966353030006e-01 9.998735470298085737e-01 9.999466437838981925e-01 9.998804569278764154e-01
9.998791672012475873e-01 9.999355537783594094e-01 9.998674154600732944e-01 9.999170287862055861e-01 9.999463106631296672e-01 9.998827091091428976e-01 9.999186776240296393e-01 9.998416305407860083e-01 9.999443038660148497e-01 9.999471310952423586e-01
9.997185761773009771e-01 9.998154906330974923e-01 9.999037003765516296e-01 9.998816637466978463e-01 9.999176632937774034e-01 9.997943920833259890e-01 9.999208270378805441e-01 9.999293867009249048e-01 9.999158072348709458e-01 9.999325050279798122e-01
9.999150773916841706e-01 9.999087765928889038e-01 9.999496027155225786e-01 9.999008967862952346e-01 9.997931219259238445e-01 9.999353272311393148e-01 9.998380055048620152e-01 9.998758969314966993e-01 9.999395032924953686e-01 9.999304562055991719e-01
9.999390719494132274e-01 9.999567399578934701e-01 9.999067866023741979e-01 9.999458819225257589e-01 9.999038648288952613e-01 9.999558536930052144e-01 9.999047086914337745e-01 9.998978410336413214e-01 9.999349848063647794e-01 9.999037978580588293e-01
9.999342531856463268e-01 9.998967817145794079e-01 9.999184557985327793e-01 9.999247801137164382e-01 9.999117866399035437e-01 9.997816849700922326e-01 9.998792342039068970e-01 9.999416305589882148e-01 9.998825130162694030e-01 9.999053371323104455e-01
9.999255022921642588e-01 9.998865967588690395e-01 9.998645175419318409e-01 9.997699899898475628e-01 9.999508723457681825e-01 9.999009951679743713e-01 9.998689499830281102e-01 9.998125668856134851e-01 9.999159524746963346e-01 9.999334867642336588e-01
9.998379239621345560e-01 9.998121456488606729e-01 9.999271144771358921e-01 9.999182286421549604e-01 9.999687845105383888e-01 9.998849218635466052e-01 9.999302016702661389e-01 9.998681908277440300e-01 9.998668313829197629e-01 9.999043296974227113e-01
9.998481370886053154e-01 9.998801869331397363e-01 9.999119788325920855e-01 9.998607961735416216e-01 9.999500923472144365e-01 9.998988450941326267e-01 9.999318748370307208e-01 9.999156768892697444e-01 9.999428576121204282e-01 9.998978706727904564e-01
9.998581527063508112e-01 9.999511875297368846e-01 9.998306832185682724e-01 9.999303023296446380e-01 9.999067151111843410e-01 9.998947942345893791e-01 9.998804318405152269e-01 9.998930850812229876e-01 9.999074522192934467e-01 9.998882893815475015e-01
9.999337043331666397e-01 9.999480157164081229e-01 9.999436118978665133e-01 9.999426412642901107e-01 9.999155522537555019e-01 9.998366841779776637e-01 9.999080349336366691e-01 9.999124796793938952e-01 9.999000024265157771e-01 9.998925735451584806e-01
9.999100449621280973e-01 9.998641357469940649e-01 9.999022494464656630e-01 9.999319889916800097e-01 9.999055494784641063e-01 9.998417578063634181e-01 9.999324584159791085e-01 9.999624837168479274e-01 9.998628932726740803e-01 9.998919428249808394e-01
9.998017032988522068e-01 9.998561817677319441e-01 9.998168697557268114e-01 9.998660859485493102e-01 9.998271312772505359e-01 9.998961304067530698e-01 9.998815906385838392e-01 9.998920955772020447e-01 9.998389768016762158e-01 9.998472954125676715e-01
9.999032828382894422e-01 9.999249358588540026e-01 9.999575657904083981e-01 9.999079041679894697e-01 9.999139943190591406e-01 9.998150743514334637e-01 9.999412551608465316e-01 9.998566058896302122e-01 9.999130435206956546e-01 9.998669949208419672e-01
9.998993406584495425e-01 9.999369195609656424e-01 9.999554736858550230e-01 9.999039941010687826e-01 9.999171058265416967e-01 9.998673294617852481e-01 9.999361071824921510e-01 9.999328726463168060e-01 9.998829803334998712e-01 9.998523426509959844e-01
9.999046458157160311e-01 9.998867001108173724e-01 9.998749875959115352e-01 9.999594822076418588e-01 9.999008064730179335e-01 9.999011456007433907e-01 9.999088796634600929e-01 9.999292787868018229e-01 9.999006522973021838e-01 9.999113507018940750e-01
9.999550275937766353e-01 9.998837564595564054e-01 9.999531960970748923e-01 9.999246181829958280e-01 9.998311470964622583e-01 9.999019576207403004e-01 9.999487160161572019e-01 9.998632553080887275e-01 9.999218416982487145e-01 9.998850760979527408e-01
9.999448693026221635e-01 9.999304830398056954e-01 9.999295424913320351e-01 9.998750983166003747e-01 9.998786945337260201e-01 9.998858911827290807e-01 9.998646603782845865e-01 9.999202069919367331e-01 9.998631605637396946e-01 9.999146866944869094e-01
9.999039818381240119e-01 9.999275280792080389e-01 9.999608759621718690e-01 9.998809950007043756e-01 9.999206992551317175e-01 9.999508105076094777e-01 9.998564107734213557e-01 9.999437722972412956e-01 9.998298209487406218e-01 9.999068100245306345e-01
9.998133524811286810e-01 9.999278464929122201e-01 9.998912054316388964e-01 9.999201526312856414e-01 9.999160515863321219e-01 9.999404818389320271e-01 9.999527116999269438e-01 9.998628581894706269e-01 9.999115029230907226e-01 9.998426575971032237e-01
9.999336047584399534e-01 9.998364377604457287e-01 9.998748033024236204e-01 9.999021798789915483e-01 9.998747442461711765e-01 9.997939503903412461e-01 9.998472814179744095e-01 9.998816260809367806e-01 9.998380729033198300e-01 9.998467470885770148e-01
9.998487102499873380e-01 9.997858450779434358e-01 9.999174460003401599e-01 9.999102992434931725e-01 9.998273887626503154e-01 9.999093798837768166e-01 9.998611141739014441e-01 9.998986430919043489e-01 9.999506005727020197e-01 9.998317026104871497e-01
9.999140256085250478e-01 9.998730154989591279e-01 9.999624013037686776e-01 9.998738341101978122e-01 9.998344916345169864e-01 9.999167483272715096e-01 9.998424135625687548e-01 9.998438341289624942e-01 9.999406280442553197e-01 9.998877977796070127e-01
9.999105677144147775e-01 9.999099568591097720e-01 9.999649172818737553e-01 9.998775459907217611e-01 9.998827762066873071e-01 9.999552289615114553e-01 9.998760613834339894e-01 9.999185319670494954e-01 9.998862241449757438e-01 9.999261830275468776e-01
9.999460088647025291e-01 9.998674418456240387e-01 9.998419819769405192e-01 9.999492085703955979e-01 9.998678528829577639e-01 9.998884328704101820e-01 9.999274623928094963e-01 9.999386185942317207e-01 9.999270842468814813e-01 9.999210262524577120e-01
9.998128809993176436e-01 9.999115182379111344e-01 9.999037112441129249e-01 9.998765628715204912e-01 9.998906528220741219e-01 9.999625269130950622e-01 9.999323880375837748e-01 9.999312627101079043e-01 9.998763067820638506e-01 9.999220255937529833e-01
9.999296380195611400e-01 9.999499864810575955e-01 9.998965587381475340e-01 9.999157982682383983e-01 9.998682250991578480e-01 9.999085234733434691e-01 9.999050428916652633e-01 9.998109788782124641e-01 9.999022967934269035e-01 9.998953149276896823e-01
9.999321679859665135e-01 9.997891166415183717e-01 9.999330189095184673e-01 9.998702772733550903e-01 9.999521990803371674e-01 9.998407642346816004e-01 9.999118971360727581e-01 9.998931270145374750e-01 9.999159274933677732e-01 9.998842730939614398e-01
9.999257856132764966e-01 9.998993545693515284e-01 9.999272097617258881e-01 9.998959960215868525e-01 9.999337493163785728e-01 9.998969949593815576e-01 9.998767315675353151e-01 9.999598100283391133e-01 9.998182879607376838e-01 9.998841512938101417e-01
9.999416265982175034e-01 9.998737870094007718e-01 9.998539978495327718e-01 9.999211340526346081e-01 9.998967473873411338e-01 9.999171952433807409e-01 9.998560066622090847e-01 9.999304131571851162e-01 9.999235120176322988e-01 9.999523442064101042e-01
9.999439402701179036e-01 9.998915617498321806e-01 9.998604145302746327e-01 9.998951331943156662e-01 9.999082520415201181e-01 9.998146941121157649e-01 9.999182174234032550e-01 9.999412018972034799e-01 9.999149205145366759e-01 9.998994972231490808e-01
9.999498431456242953e-01 9.998529979021311132e-01 9.999298701146153157e-01 9.998672406197881557e-01 9.997624195661795055e-01 9.999166172666805741e-01 9.997281244661906374e-01 9.999211631533054812e-01 9.998418347194608646e-01 9.999494168979812247e-01
9.998925556444426821e-01 9.998945843320311555e-01 9.998937976611126377e-01 9.999440918111793808e-01 9.997740365790661610e-01 9.998707728980041898e-01 9.998633570129591419e-01 9.999181738428366550e-01 9.999042661623256389e-01 9.998701352773866624e-01
9.999354347994782177e-01 9.999116162220922366e-01 9.998934056521143754e-01 9.999077796062183499e-01 9.998749109103995947e-01 9.998435249755543985e-01 9.999334470407809095e-01 9.999303336357642236e-01 9.999039128777909013e-01 9.999218294676772700e-01
9.998633748398858545e-01 9.998729054105965908e-01 9.998937560342846531e-01 9.999434053524967059e-01 9.999256553534360270e-01 9.998908118391114375e-01 9.999393099986684241e-01 9.998174834236100983e-01 9.998147489063502480e-01 9.998319651346849746e-01
9.999142825047996341e-01 9.999036701181867048e-01 9.999330155552582644e-01 9.999479536167125149e-01 9.999145424661157744e-01 9.998451507968850738e-01 9.998770959616259946e-01 9.998829422355278718e-01 9.998811123645399146e-01 9.998830315156594928e-01
9.998939009445945159e-01 9.998740063565506597e-01 9.998959777837296281e-01 9.998498112430844742e-01 9.998627192435582955e-01 9.998134928348871853e-01 9.998753517691599813e-01 9.998433274510878377e-01 9.999032847697968407e-01 9.998623254552566619e-01
9.999117684127039052e-01 9.998724069903990319e-01 9.998670197200962839e-01 9.999038789093522839e-01 9.998884411252723092e-01 9.999184795212855414e-01 9.999361472993484323e-01 9.999286348674137903e-01 9.999407137711581184e-01 9.999182184164071563e-01
9.999280694545514825e-01 9.999150945313022287e-01 9.998610291660881000e-01 9.998992863236110251e-01 9.998925155192018854e-01 9.998809893561333428e-01 9.998814001692102327e-01 9.999121728783607610e-01 9.998616460038350917e-01 9.999274182283952594e-01
9.999168695448177324e-01 9.998945964271500619e-01 9.997840965825982584e-01 9.998980704130729924e-01 9.998225835162888320e-01 9.998128384247809697e-01 9.998882159494452138e-01 9.999032346373667446e-01 9.999112399526156603e-01 9.999242467120602607e-01
9.998393241361749340e-01 9.998781130358793678e-01 9.998509073475669862e-01 9.999162966059934599e-01 9.999308333727227049e-01 9.998659919588530620e-01 9.999174398355150650e-01 9.998801465650550835e-01 9.999115060113066278e-01 9.999255852718291759e-01
9.998811637041206124e-01 9.999273010093437941e-01 9.999189078673692554e-01 9.998327587675475137e-01 9.999336872197540638e-01 9.999210196167950260e-01 9.999497258816625322e-01 9.998860649464108574e-01 9.998588104892943695e-01 9.999164557530447750e-01
9.999144501783301386e-01 9.998311205405077118e-01 9.998893221093739792e-01 9.998865447441287468e-01 9.998888869954580816e-01 9.998986718143461072e-01 9.999414841866498538e-01 9.999181328855046846e-01 9.999198153986688098e-01 9.999307371673286093e-01
9.999429502942041026e-01 9.998225418416409882e-01 9.999096016686487287e-01 9.998342350859846794e-01 9.999335729500355985e-01 9.998840929127956745e-01 9.998338520876868252e-01 9.998797096324291145e-01 9.999516598320909999e-01 9.999175549069523328e-01
9.998819001809768903e-01 9.997380997066762642e-01 9.998257200936488953e-01 9.999255415117193069e-01 9.998990967621412818e-01 9.999130528069849477e-01 9.998571553616980578e-01 9.999495697391808102e-01 9.999619753889437135e-01 9.998603912957825246e-01
9.999259420375437024e-01 9.998839340279335186e-01 9.999352682324290642e-01 9.998845563172429340e-01 9.999486527008589754e-01 9.998957811755199154e-01 9.999314563823349378e-01 9.998944792127549830e-01 9.999292952985758820e-01 9.999363945137139664e-01
9.999241824646430965e-01 9.999465647013578984e-01 9.999322533648372646e-01 9.999633049991951683e-01 9.998828080852416589e-01 9.998913498492715268e-01 9.998826170195973528e-01 9.998365329803333701e-01 9.998836812253778517e-01 9.998057795094946743e-01
9.998001656683386251e-01 9.998775498699729036e-01 9.998925071652530194e-01 9.999433472056911132e-01 9.999254940618069742e-01 9.999221959003440352e-01 9.998260634852799145e-01 9.998450983651648860e-01 9.998974809772495087e-01 9.999178203108953777e-01
9.999382808195594885e-01 9.999463337021904374e-01 9.999098896639735390e-01 9.999015856101857169e-01 9.999276015407380092e-01 9.998188128290416143e-01 9.999144890950005804e-01 9.999505431003693490e-01 9.998560945319644455e-01 9.997983040637719032e-01
9.999312163947569054e-01 9.999576150011403319e-01 9.998870311036331948e-01 9.999052281607037074e-01 9.998752370754024899e-01 9.998877663015395267e-01 9.998226169421445819e-01 9.998720506674473318e-01 9.998812887570746044e-01 9.998235485320160487e-01
9.999564866313912503e-01 9.998896113911996952e-01 9.999318088470162680e-01 9.999391689679202333e-01 9.999549934850000543e-01 9.999221388181845915e-01 9.999451242499192150e-01 9.999052612374261795e-01 9.999379847349434414e-01 9.998218804193621523e-01
9.998898458799004851e-01 9.997809929212612134e-01 9.998645076035999057e-01 9.999090950008937551e-01 9.998674284422517378e-01 9.999468649315897961e-01 9.998898387871721916e-01 9.999348318246013001e-01 9.998084117238735802e-01 9.999286606260371357e-01
9.998960003350061410e-01 9.999066598777606174e-01 9.998749737062317955e-01 9.999283087551352756e-01 9.998465077446676563e-01 9.998973306323675203e-01 9.998638264105488282e-01 9.999155051371133585e-01 9.999285935249639934e-01 9.998216142375210280e-01
9.998699723267108208e-01 9.998974672781107964e-01 9.998914015519866361e-01 9.999072106460804576e-01 9.999521346455451098e-01 9.999187687081585452e-01 9.999403792289096593e-01 9.998541234227659169e-01 9.997681159946743001e-01 9.999065195682159679e-01
9.998362566636238569e-01 9.999050505094607688e-01 9.998727545924551707e-01 9.999422730814007121e-01 9.999456399775918936e-01 9.999580351809778112e-01 9.999061066136619713e-01 9.999216937204427058e-01 9.999049894900764457e-01 9.999160689080335285e-01
9.997712326330855381e-01 9.997705668026520831e-01 9.998424504909677601e-01 9.999230385673439914e-01 9.998812378278070234e-01 9.999834847226748424e-01 9.999225871554102696e-01 9.998974614185677234e-01 9.996790281048607563e-01 9.998548147085879467e-01
9.999261840241975285e-01 9.998892148965723425e-01 9.999372084660153037e-01 9.999162201666024208e-01 9.998965445294667465e-01 9.998708211683912106e-01 9.998579899013765315e-01 9.999348414415094588e-01 9.999324766597392777e-01 9.999443154941402012e-01
9.999134347296965153e-01 9.998930665286607233e-01 9.998974057570320095e-01 9.999138814579661139e-01 9.998121634953849313e-01 9.998702477817699164e-01 9.998904120642889692e-01 9.999275775639923092e-01 9.999553384393662370e-01 9.998403174544926442e-01
9.999124653398797635e-01 9.997886563953818362e-01 9.998776784044537402e-01 9.999217056941996917e-01 9.998417879495458127e-01 9.998973662592579581e-01 9.999522226361378108e-01 9.999238781915906760e-01 9.999088975364149867e-01 9.999267712611941139e-01
9.999263065536301287e-01 9.999000039368027837e-01 9.999228169457440307e-01 9.998364313097461986e-01 9.999005423930651393e-01 9.999228921488645394e-01 9.998786992979615817e-01 9.999276890745543156e-01 9.998526356797156067e-01 9.999486264163717220e-01
9.999023977353443948e-01 9.999074225769484237e-01 9.999183371134857667e-01 9.998529383744296783e-01 9.998408829733989034e-01 9.999608219416459276e-01 9.998642592946702656e-01 9.998828771338618138e-01 9.998669113891066607e-01 9.999273780037579717e-01
9.998624717931137162e-01 9.998804700533476808e-01 9.999279814949075806e-01 9.999116090470073770e-01 9.999649155201766337e-01 9.998301454811679978e-01 9.999397276909752774e-01 9.998975543635961749e-01 9.999503720435247711e-01 9.999040594269332782e-01
9.999583469721705642e-01 9.999336580813479314e-01 9.999166636864910140e-01 9.998924474057818701e-01 9.998932845904772160e-01 9.998609594136773637e-01 9.999322105632336699e-01 9.998780001272528084e-01 9.999202407995213537e-01 9.998845057367137246e-01
9.999540223378963200e-01 9.999220546144310662e-01 9.999095568387235122e-01 9.998978962685759475e-01 9.999051638009798237e-01 9.998989029932897621e-01 9.998793659939737566e-01 9.998908578574945416e-01 9.998802734649258062e-01 9.998893117627164484e-01
9.998425605442188280e-01 9.999360393252197943e-01 9.998789151861575686e-01 9.999419735930710207e-01 9.998834682127077933e-01 9.999127186297338543e-01 9.999270603919636624e-01 9.999148882377865144e-01 9.998763528360882225e-01 9.998402892388145169e-01
9.999378419960068820e-01 9.998313605087308931e-01 9.999512764722252589e-01 9.999027941016772614e-01 9.999102870405222054e-01 9.999215111668147138e-01 9.999164967877381960e-01 9.998815721036728998e-01 9.999198466618116621e-01 9.998785779195019652e-01
