9.999992667877067865e-01 9.999990298687314594e-01 9.999992111594956379e-01 9.999992581116147194e-01 9.999985629573202583e-01 9.999970964703936982e-01 9.999998802087106675e-01 9.999982730976001433e-01 9.999986226544945733e-01 9.999996005057801840e-01
9.999975713421145329e-01 9.999992419620684636e-01 9.999974753782168158e-01 9.999995044945985123e-01 9.999993014270546210e-01 9.999982923715986516e-01 9.999993565457172551e-01 9.999987932745987296e-01 9.999996680779783542e-01 9.999997843198636938e-01
9.999990965663108078e-01 9.999994985494742306e-01 9.999987061584356685e-01 9.999991545930307923e-01 9.999997300305034642e-01 9.999987005090941183e-01 9.999964028843625341e-01 9.999994179988066501e-01 9.999977855753001688e-01 9.999960353450586537e-01
9.999996884752276882e-01 9.999972683393777428e-01 9.999987516812430810e-01 9.999985139586163863e-01 9.999975507156472210e-01 9.999982561390508007e-01 9.999988656157827727e-01 9.999992486653942469e-01 9.999989353542952930e-01 9.999998248325644434e-01
9.999998289662515027e-01 9.999991394700412650e-01 9.999975906713224338e-01 9.999990591694850606e-01 9.999971916726254628e-01 9.999985716393140489e-01 9.999984424128433025e-01 9.999966784441747247e-01 9.999980017389815679e-01 9.999981342178437815e-01
9.999965697077793925e-01 9.999993483105531489e-01 9.999997888993958917e-01 9.999990057126857401e-01 9.999990183447637904e-01 9.999997804534020984e-01 9.999990906040550076e-01 9.999992352182630606e-01 9.999972075621389456e-01 9.999987075011569360e-01
9.999995463970258180e-01 9.999982771834814432e-01 9.999988333102717286e-01 9.999977070781062016e-01 9.999996818274599075e-01 9.999984664789769440e-01 9.999990746552520626e-01 9.999993394379872447e-01 9.999980123660086040e-01 9.999992639726167365e-01
9.999985920539853357e-01 9.999987905250491416e-01 9.999984789014790820e-01 9.999994775638337829e-01 9.999990623576133775e-01 9.999994841276652613e-01 9.999983476843667951e-01 9.999994439992108131e-01 9.999991445894815811e-01 9.999969209506462953e-01
9.999978510946776478e-01 9.999993332641793353e-01 9.999996068562471141e-01 9.999993230808859046e-01 9.999991476902096998e-01 9.999985300385534348e-01 9.999987559181900965e-01 9.999957177730536273e-01 9.999987009601030152e-01 9.999991653367946709e-01
9.999980286832931275e-01 9.999993264053281816e-01 9.999989334540165808e-01 9.999985982438258647e-01 9.999993415485159964e-01 9.999995835260936383e-01 9.999980290950744033e-01 9.999985926191026220e-01 9.999984038468249237e-01 9.999990949348488423e-01
9.999983789671708090e-01 9.999982824788958835e-01 9.999990967567317091e-01 9.999982775383607914e-01 9.999986562123845957e-01 9.999994886793747151e-01 9.999985706271777852e-01 9.999985229026578937e-01 9.999994129842375568e-01 9.999971422778874963e-01
9.999986644998171137e-01 9.999972980215166007e-01 9.999994676719980990e-01 9.999982821635423624e-01 9.999992066482940034e-01 9.999985855629772713e-01 9.999970092931170784e-01 9.999983634331391924e-01 9.999993915370171127e-01 9.999989242431457370e-01
9.999995887051468246e-01 9.999959915713111380e-01 9.999983043606224253e-01 9.999985910493334185e-01 9.999988414992708741e-01 9.999991738717824985e-01 9.999985122878292110e-01 9.999991560736991580e-01 9.999990083135731345e-01 9.999993854757163181e-01
9.999991409161945732e-01 9.999987989577641123e-01 9.999982097694498639e-01 9.999993803587002850e-01 9.999986003841480064e-01 9.999988854745097688e-01 9.999989524631084370e-01 9.999994223413716243e-01 9.999995179353847741e-01 9.999973185276193055e-01
9.999984787710302081e-01 9.999972443839387770e-01 9.999988375744365277e-01 9.999994490304842110e-01 9.999984796648234697e-01 9.999986279297176095e-01 9.999978721218405475e-01 9.999993308370807021e-01 9.999984216571211615e-01 9.999990904561540939e-01
9.999986585657598681e-01 9.999972941998647169e-01 9.999989754734761593e-01 9.999984951969701497e-01 9.999992460413158479e-01 9.999993735335126477e-01 9.999995836266437621e-01 9.999993116979687402e-01 9.999980086198674289e-01 9.999990598936854269e-01
9.999988025871585640e-01 9.999991598345442378e-01 9.999994594556604888e-01 9.999979823919226130e-01 9.999982186667980555e-01 9.999975522631442404e-01 9.999987476364902150e-01 9.999988948792013499e-01 9.999985633430430454e-01 9.999995257831613138e-01
9.999988892434161780e-01 9.999996815696257091e-01 9.999995816074580546e-01 9.999993426415650921e-01 9.999991461483215271e-01 9.999989197200609414e-01 9.999976325801110955e-01 9.999993994881795079e-01 9.999988629682271535e-01 9.999993143295938802e-01
9.999994393668578674e-01 9.999983315952025720e-01 9.999969947173763529e-01 9.999988063870597355e-01 9.999992040805287807e-01 9.999990562630973745e-01 9.999984831329845614e-01 9.999988859520966278e-01 9.999984512680285542e-01 9.999991688807222667e-01
9.999971497047259739e-01 9.999979276548726093e-01 9.999992650874915956e-01 9.999998250821090506e-01 9.999984808047795992e-01 9.999994883414029534e-01 9.999977494880937234e-01 9.999990988860625318e-01 9.999992442657115177e-01 9.999987117272416404e-01
9.999992272643157820e-01 9.999982718429311079e-01 9.999984983289949003e-01 9.999988832152157947e-01 9.999989234461263976e-01 9.999985696552006198e-01 9.999996899625782643e-01 9.999992138503730477e-01 9.999994040674473617e-01 9.999984032040223347e-01
9.999960600161288404e-01 9.999983926550779501e-01 9.999996214481091661e-01 9.999988314258546618e-01 9.999993128874219428e-01 9.999985472474663961e-01 9.999972820753524338e-01 9.999987217469795686e-01 9.999989629817482850e-01 9.999983865435644326e-01
9.999979357079873399e-01 9.999992795823405833e-01 9.999962838976255153e-01 9.999996962269470657e-01 9.999982335487682672e-01 9.999996016393680742e-01 9.999991829484949912e-01 9.999990920446018006e-01 9.999988011060424453e-01 9.999995325945718605e-01
9.999984529623465734e-01 9.999988197787791355e-01 9.999986884199234538e-01 9.999998080215558582e-01 9.999978728685002816e-01 9.999987412033561895e-01 9.999989138828957458e-01 9.999993293928398641e-01 9.999993744973297849e-01 9.999995991320453914e-01
9.999972311581161177e-01 9.999989940086354556e-01 9.999988608393681755e-01 9.999989479267457071e-01 9.999981505550821215e-01 9.999993837905701843e-01 9.999990811174609417e-01 9.999990662134085051e-01 9.999992064787817103e-01 9.999985763574710251e-01
9.999982643320892706e-01 9.999988513330585471e-01 9.999991462476008897e-01 9.999986225236664472e-01 9.999992645489943488e-01 9.999983003625066980e-01 9.999995681998112840e-01 9.999978685278971824e-01 9.999988934767974902e-01 9.999989407335260205e-01
9.999991416122154808e-01 9.999983334410655900e-01 9.999992528929538826e-01 9.999995543881269322e-01 9.999994057809235004e-01 9.999990845058533973e-01 9.999987529109426454e-01 9.999978678700421897e-01 9.999973907231248793e-01 9.999955443275606592e-01
9.999984960911340037e-01 9.999976497959883748e-01 9.999984822632007608e-01 9.999993208935182842e-01 9.999989942411771082e-01 9.999963924894160749e-01 9.999982317133885301e-01 9.999971029017271640e-01 9.999972908907813762e-01 9.999998443156498107e-01
9.999994169478459982e-01 9.999995168962487746e-01 9.999982085950975819e-01 9.999995749220697006e-01 9.999994793854398711e-01 9.999997612231985578e-01 9.999998537908401097e-01 9.999966274064316929e-01 9.999993853971601565e-01 9.999986275181009798e-01
9.999989624449603376e-01 9.999988128483829897e-01 9.999991555753584560e-01 9.999995115561807202e-01 9.999994341815089394e-01 9.999988928680521028e-01 9.999986779823837324e-01 9.999999082354514846e-01 9.999986347282509014e-01 9.999977299905656869e-01
9.999986380467692504e-01 9.999974850863753151e-01 9.999985469785352965e-01 9.999994777705021320e-01 9.999982017044459770e-01 9.999985685654171341e-01 9.999978404881338934e-01 9.999988012859244435e-01 9.999987479627354681e-01 9.999975766938360433e-01
9.999967032145924417e-01 9.999981291207304945e-01 9.999989560523210308e-01 9.999975704971489909e-01 9.999981572193220591e-01 9.999986121447491660e-01 9.999995895024041959e-01 9.999968879434386615e-01 9.999964657019781988e-01 9.999990060889030197e-01
9.999993673292403296e-01 9.999987532352399011e-01 9.999986619477494454e-01 9.999984038881378767e-01 9.999976298720116841e-01 9.999989165670414293e-01 9.999985560123062500e-01 9.999997851879021127e-01 9.999993982529090664e-01 9.999983118471248433e-01
9.999994013287313299e-01 9.999992246781113092e-01 9.999985297254332384e-01 9.999998274418325783e-01 9.999975882372809100e-01 9.999991129596983441e-01 9.999992002131814495e-01 9.999995020214613728e-01 9.999996111653484121e-01 9.999994514777736931e-01
9.999984800991272849e-01 9.999990650026343575e-01 9.999995607508549433e-01 9.999984373448819186e-01 9.999974137340514879e-01 9.999987486744734699e-01 9.999973043280460105e-01 9.999986518227498289e-01 9.999992039078448025e-01 9.999988170684656064e-01
9.999998087371337885e-01 9.999983050182984501e-01 9.999996877641879056e-01 9.999991983318207156e-01 9.999978142725629571e-01 9.999995620593948864e-01 9.999966328790861336e-01 9.999996177936246733e-01 9.999996028248850921e-01 9.999991733000793692e-01
9.999993400008727606e-01 9.999991717211876852e-01 9.999986013009408703e-01 9.999993232803322529e-01 9.999978584407686055e-01 9.999987324500809738e-01 9.999986296369079986e-01 9.999973692881298781e-01 9.999984227446445662e-01 9.999991842218552973e-01
9.999994303457732103e-01 9.999987258743681107e-01 9.999992438637091974e-01 9.999993836552049098e-01 9.999988524666444389e-01 9.999993958198729604e-01 9.999986288411546465e-01 9.999988295767768820e-01 9.999998226169685145e-01 9.999993923367412885e-01
9.999989830009675673e-01 9.999987693404137623e-01 9.999989411486035484e-01 9.999994441880672991e-01 9.999978313874575697e-01 9.999993076853398444e-01 9.999997821859093472e-01 9.999990644824484631e-01 9.999988051195064509e-01 9.999978662063692125e-01
9.999991176136854287e-01 9.999991498800576695e-01 9.999979340712300546e-01 9.999980156523594621e-01 9.999994232700119001e-01 9.999992367290837514e-01 9.999976661685082702e-01 9.999993554904585968e-01 9.999983339962377205e-01 9.999990555978131024e-01
9.999966886718506531e-01 9.999980327922670664e-01 9.999992280486365015e-01 9.999993269554066089e-01 9.999987072009803857e-01 9.999989403053514136e-01 9.999980542617900037e-01 9.999993566796205879e-01 9.999992143858540405e-01 9.999979980466205953e-01
9.999986739679763703e-01 9.999973954038330337e-01 9.999972102181364786e-01 9.999997793849166872e-01 9.999978067863914966e-01 9.999989021182351667e-01 9.999989276141072470e-01 9.999965945570363779e-01 9.999995698306588521e-01 9.999993317799583670e-01
9.999988891008825265e-01 9.999987339483330517e-01 9.999978434428539176e-01 9.999995298032136049e-01 9.999991922630241392e-01 9.999980721714484266e-01 9.999979561947842654e-01 9.999984394503043106e-01 9.999993179952139100e-01 9.999985729451827954e-01
9.999975392337315805e-01 9.999988735120749483e-01 9.999984387795782803e-01 9.999997203507053900e-01 9.999992461789712905e-01 9.999986786674061046e-01 9.999984430992892026e-01 9.999989719982507186e-01 9.999989572615757272e-01 9.999984201000012840e-01
9.999982354592774625e-01 9.999976264687324701e-01 9.999991574934854466e-01 9.999959387093396712e-01 9.999983942244847768e-01 9.999992155480452727e-01 9.999980544833774188e-01 9.999995764631044448e-01 9.999972220744722806e-01 9.999990081302637668e-01
9.999989567888060149e-01 9.999965466732976260e-01 9.999985813329470563e-01 9.999993131940076996e-01 9.999987018472437095e-01 9.999979143041313190e-01 9.999987074356113670e-01 9.999986816624177877e-01 9.999984796955975197e-01 9.999985944969125296e-01
9.999981293563917628e-01 9.999988109257840208e-01 9.999992558441274104e-01 9.999997125263431208e-01 9.999981863739345611e-01 9.999971623590977465e-01 9.999994141027849226e-01 9.999981831698553369e-01 9.999991318476609825e-01 9.999987385089709191e-01
9.999988830753140379e-01 9.999989351500720991e-01 9.999985237950187456e-01 9.999990612391029821e-01 9.999978341113519020e-01 9.999993436611780417e-01 9.999981718263530883e-01 9.999978603788876041e-01 9.999986723131889521e-01 9.999987540537245145e-01
9.999989589975930571e-01 9.999997733240866271e-01 9.999986547294185124e-01 9.999996477751166291e-01 9.999990659896158540e-01 9.999950842408524831e-01 9.999989716318945510e-01 9.999984635953377277e-01 9.999995896602030809e-01 9.999992437240781129e-01
9.999994846895190470e-01 9.999978985625712635e-01 9.999994454109405462e-01 9.999984657811975541e-01 9.999991207666071302e-01 9.999992738951327675e-01 9.999984158463172124e-01 9.999984916258858325e-01 9.999995154056385838e-01 9.999977019105037446e-01
9.999989378522171624e-01 9.999978726544297425e-01 9.999984091703640887e-01 9.999990330659845883e-01 9.999996573852028003e-01 9.999988792870089238e-01 9.999988830462219758e-01 9.999992109411817154e-01 9.999981359753629118e-01 9.999988667291701550e-01
9.999988112064162049e-01 9.999997174486190410e-01 9.999995413809807943e-01 9.999989634306680752e-01 9.999993905311437281e-01 9.999989824703851005e-01 9.999986527573486716e-01 9.999986012636874477e-01 9.999987419804030608e-01 9.999993952230108452e-01
9.999981778419596568e-01 9.999994704464402195e-01 9.999972577210525237e-01 9.999995596884093674e-01 9.999994504047753363e-01 9.999982214309567352e-01 9.999980457103354592e-01 9.999993260840186471e-01 9.999992534133413935e-01 9.999998435893907578e-01
9.999988382911190188e-01 9.999996698824292762e-01 9.999996142063570792e-01 9.999981185135772277e-01 9.999997293211021487e-01 9.999986727831365885e-01 9.999984428147083992e-01 9.999990452145349762e-01 9.999960159965365358e-01 9.999978280292373123e-01
9.999996412510432364e-01 9.999995857041673597e-01 9.999971344905629334e-01 9.999987774909612215e-01 9.999992228750154144e-01 9.999985064675048774e-01 9.999990892039893886e-01 9.999978222515696347e-01 9.999993004913552141e-01 9.999989370961979152e-01
9.999995656457542070e-01 9.999997507676745556e-01 9.999994901671592773e-01 9.999961192271661359e-01 9.999981819321460685e-01 9.999993379064427979e-01 9.999988696037592772e-01 9.999989488473199906e-01 9.999981813729923452e-01 9.999997937979789864e-01
9.999985196452066960e-01 9.999988654304589053e-01 9.999989822720773969e-01 9.999992031514519653e-01 9.999988878727547048e-01 9.999992230940851767e-01 9.999992226318547006e-01 9.999985330127940664e-01 9.999991455712682331e-01 9.999983932555790433e-01
9.999995922305124907e-01 9.999981074560057026e-01 9.999988665832016954e-01 9.999997236424829072e-01 9.999974796004276190e-01 9.999997796566223451e-01 9.999991746875207532e-01 9.999984131136764320e-01 9.999990242215393010e-01 9.999991025085770424e-01
9.999989657493973949e-01 9.999991017953097083e-01 9.999985582309466325e-01 9.999996032893434528e-01 9.999971118878462351e-01 9.999997808320182369e-01 9.999981100614491192e-01 9.999996270315650859e-01 9.999985784989955384e-01 9.999995659712717089e-01
9.999994599749856272e-01 9.999977238436859039e-01 9.999991905084162358e-01 9.999986827362102870e-01 9.999994675949830381e-01 9.999985248877978350e-01 9.999984695845853810e-01 9.999990718329601069e-01 9.999988617823177828e-01 9.999995207237982742e-01
9.999982443607352556e-01 9.999980655874896041e-01 9.999978016801744918e-01 9.999995330138308214e-01 9.999992982175601730e-01 9.999987243445094265e-01 9.999994011789673509e-01 9.999981759889549071e-01 9.999990260336473202e-01 9.999988396467474061e-01
9.999984492935863889e-01 9.999984008860325346e-01 9.999985071254883229e-01 9.999989596003998615e-01 9.999994230316289201e-01 9.999990881835414402e-01 9.999985728369022997e-01 9.999994109738780113e-01 9.999984298041544317e-01 9.999983425181160346e-01
9.999995483379077177e-01 9.999987281051717636e-01 9.999992094896893446e-01 9.999988797972563237e-01 9.999987203120122015e-01 9.999991718017661180e-01 9.999978073285860081e-01 9.999995141848058156e-01 9.999982360605828013e-01 9.999976889792039358e-01
9.999996559129843421e-01 9.999993664222419643e-01 9.999993731142599040e-01 9.999991078547101342e-01 9.999991200991783513e-01 9.999992733740871165e-01 9.999976254973259593e-01 9.999979412696264891e-01 9.999989209537929469e-01 9.999984123986538354e-01
9.999984090040037188e-01 9.999992361617762171e-01 9.999989145207751617e-01 9.999978228003252312e-01 9.999992151141113839e-01 9.999991541156657560e-01 9.999968709069377848e-01 9.999994463469386030e-01 9.999989703080487402e-01 9.999992529863476198e-01
9.999995596447418533e-01 9.999976503181495779e-01 9.999992182284094255e-01 9.999988418455514338e-01 9.999996787196927528e-01 9.999976220244753966e-01 9.999981433391931240e-01 9.999984265675633255e-01 9.999985968060460806e-01 9.999986396028347491e-01
9.999984815441977926e-01 9.999974647586339360e-01 9.999998054168067751e-01 9.999988966671166102e-01 9.999989917432100528e-01 9.999983458267671654e-01 9.999973313964345412e-01 9.999989083553654234e-01 9.999983597035867477e-01 9.999989579591569422e-01
9.999985216968833024e-01 9.999980041154232779e-01 9.999988232516119346e-01 9.999985347766373600e-01 9.999987929812138576e-01 9.999995846361691143e-01 9.999991266929629807e-01 9.999996916212419151e-01 9.999972613355262441e-01 9.999993239549190838e-01
9.999992753399267187e-01 9.999991172281658125e-01 9.999989131214650495e-01 9.999992003485282943e-01 9.999985579854993034e-01 9.999993351184809365e-01 9.999987570668175119e-01 9.999993324076814627e-01 9.999995557117098421e-01 9.999959347488212025e-01
9.999975733594039795e-01 9.999990257935563731e-01 9.999992524725982435e-01 9.999989298412909067e-01 9.999987200401373455e-01 9.999994908858733655e-01 9.999983748368411751e-01 9.999990940133134387e-01 9.999977887906874585e-01 9.999993778413955869e-01
9.999974958425336125e-01 9.999985147395143992e-01 9.999994572856035768e-01 9.999970159415901838e-01 9.999992991281365651e-01 9.999990419054084478e-01 9.999991821509612855e-01 9.999978605692035893e-01 9.999988321216649600e-01 9.999996988279562515e-01
9.999997250170875596e-01 9.999985686594389245e-01 9.999980007547288885e-01 9.999986169022632154e-01 9.999980725565751349e-01 9.999982827037446897e-01 9.999972001678523181e-01 9.999994956828891501e-01 9.999997801587728885e-01 9.999988965563832988e-01
9.999978930177647607e-01 9.999985322794481268e-01 9.999988960567738339e-01 9.999984465391082988e-01 9.999991706691541138e-01 9.999990240474340153e-01 9.999989067758611183e-01 9.999983482051946204e-01 9.999993162421388915e-01 9.999983748748372259e-01
9.999995292489786136e-01 9.999981616067070700e-01 9.999988018722774097e-01 9.999980977522049397e-01 9.999992349278650217e-01 9.999984833997789258e-01 9.999988718780876695e-01 9.999985580006809371e-01 9.999987577618599799e-01 9.999983114894384073e-01
9.999980709564931791e-01 9.999983979100384168e-01 9.999987726452725934e-01 9.999984112300630557e-01 9.999993506074951188e-01 9.999986841639291191e-01 9.999984699973992752e-01 9.999987687381353130e-01 9.999989026287752214e-01 9.999992978550462652e-01
9.999987241963760320e-01 9.999991134487415945e-01 9.999988147351394074e-01 9.999987328433268541e-01 9.999990989290032939e-01 9.999995165570312317e-01 9.999984863627889853e-01 9.999992772545567288e-01 9.999987557477014732e-01 9.999996571090968844e-01
9.999985345738349185e-01 9.999995784346491501e-01 9.999992071222461032e-01 9.999989707550408502e-01 9.999991589987754503e-01 9.999975376439488306e-01 9.999974373922299042e-01 9.999976002063868386e-01 9.999987350818048126e-01 9.999994839159589421e-01
9.999981272653258868e-01 9.999996255384600019e-01 9.999994003613810190e-01 9.999982664941379218e-01 9.999986790579574736e-01 9.999985163930920073e-01 9.999973027392692337e-01 9.999997688540562812e-01 9.999977373202183495e-01 9.999988933799466295e-01
9.999990323239978940e-01 9.999992833472611808e-01 9.999991993367154386e-01 9.999995579049603123e-01 9.999988188936014266e-01 9.999990649522340069e-01 9.999995255314534370e-01 9.999979792162693171e-01 9.999996656968999087e-01 9.999989281833091548e-01
9.999993427141821156e-01 9.999983670624135179e-01 9.999986314311892777e-01 9.999982086434870965e-01 9.999993717298033546e-01 9.999984779058422868e-01 9.999987532452516703e-01 9.999989010482096541e-01 9.999978421271623619e-01 9.999993415373387151e-01
9.999995525854762368e-01 9.999995013336189231e-01 9.999979478719412951e-01 9.999995664694890651e-01 9.999995780707878756e-01 9.999989316740671708e-01 9.999996650586132629e-01 9.999986627973438402e-01 9.999987835729213792e-01 9.999989130082519440e-01
9.999990179647477717e-01 9.999993480324814721e-01 9.999995282263013374e-01 9.999997201716526174e-01 9.999992959745100940e-01 9.999971597398072953e-01 9.999992462437116147e-01 9.999994080191433321e-01 9.999982651637940867e-01 9.999995511553025906e-01
9.999996759293399151e-01 9.999988438790825551e-01 9.999987373162075865e-01 9.999976082323336346e-01 9.999990135958217730e-01 9.999985557950717974e-01 9.999983833957858392e-01 9.999982976880675833e-01 9.999992135614089728e-01 9.999982458634882887e-01
9.999997730676930541e-01 9.999987398407572670e-01 9.999966224220538935e-01 9.999990153374699320e-01 9.999994699931072928e-01 9.999969659782563802e-01 9.999991130555035967e-01 9.999958787181523201e-01 9.999979268487129147e-01 9.999997857951575808e-01
9.999990006041615809e-01 9.999999103436438830e-01 9.999984396804200149e-01 9.999980963190971961e-01 9.999983982718138043e-01 9.999982233430726453e-01 9.999989674485244562e-01 9.999996358568435939e-01 9.999988516524712656e-01 9.999998421787565928e-01
9.999982371054567665e-01 9.999981443789194291e-01 9.999966665577884051e-01 9.999994116271464506e-01 9.999991225097073499e-01 9.999977617891689929e-01 9.999995005938404624e-01 9.999993601439129964e-01 9.999985779829051458e-01 9.999988858448026763e-01
9.999987790569740964e-01 9.999988765064198315e-01 9.999985279589028719e-01 9.999995348663154315e-01 9.999999500760470283e-01 9.999985288536628047e-01 9.999985490235480112e-01 9.999987368700226087e-01 9.999979886326442191e-01 9.999990907742994928e-01
9.999948755379323151e-01 9.999990560340618062e-01 9.999985091095334733e-01 9.999984476002466982e-01 9.999992801012872468e-01 9.999972258328122532e-01 9.999972267178486307e-01 9.999985862610939469e-01 9.999996355175263529e-01 9.999985396317347952e-01
9.999990128062450356e-01 9.999979676858680167e-01 9.999993357834878749e-01 9.999998663707032609e-01 9.999984354859070557e-01 9.999978197832242177e-01 9.999988568895057384e-01 9.999986724294359641e-01 9.999992974820363090e-01 9.999992394497362325e-01
9.999981860837493519e-01 9.999989069676720188e-01 9.999995492168134437e-01 9.999996929994905415e-01 9.999992439477681794e-01 9.999991666892527054e-01 9.999980615960387675e-01 9.999995058169841577e-01 9.999990388959176801e-01 9.999991473772110728e-01
9.999997252436165773e-01 9.999986594641471216e-01 9.999978411745530371e-01 9.999979579790898576e-01 9.999994729540403471e-01 9.999983113100651133e-01 9.999996931560215518e-01 9.999992445646500583e-01 9.999991339135555490e-01 9.999978936236516569e-01
9.999994275976986646e-01 9.999989410306878712e-01 9.999983361752882161e-01 9.999993235800075375e-01 9.999991605182506627e-01 9.999994467311398294e-01 9.999985380909263144e-01 9.999991664142148240e-01 9.999992402255988289e-01 9.999984815899611856e-01
9.999992019726273718e-01 9.999980556589324054e-01 9.999991304333312181e-01 9.999986800376855500e-01 9.999985372642827830e-01 9.999985557176050976e-01 9.999978662221697956e-01 9.999991198830395778e-01 9.999993229536086048e-01 9.999981056496042298e-01
9.999993805518654355e-01 9.999983584484299914e-01 9.999988989434518416e-01 9.999984457013921801e-01 9.999974477447430843e-01 9.999980680347325679e-01 9.999992491865811184e-01 9.999987718175543661e-01 9.999993691039021915e-01 9.999989818147463350e-01
9.999993317205173593e-01 9.999990685092958742e-01 9.999986942544919488e-01 9.999982222925001274e-01 9.999987886621379829e-01 9.999980775199751593e-01 9.999987636612599484e-01 9.999992946341331734e-01 9.999980751833602577e-01 9.999994415569599671e-01
9.999984417259020208e-01 9.999978268555691496e-01 9.999996425862569538e-01 9.999964649418378038e-01 9.999983052848128162e-01 9.999980532205832162e-01 9.999981415487876335e-01 9.999994570232439983e-01 9.999992510126108902e-01 9.999991475085947545e-01
9.999979794826686641e-01 9.999981486377056417e-01 9.999992250187634824e-01 9.999985725991689112e-01 9.999987761542655784e-01 9.999987075772899248e-01 9.999989065631231799e-01 9.999988532855973444e-01 9.999991096630292953e-01 9.999989301243746853e-01
9.999972249136829250e-01 9.999984826802745808e-01 9.999992254423585303e-01 9.999985446332282368e-01 9.999985081344555660e-01 9.999973957881482800e-01 9.999965838739370838e-01 9.999992032875401060e-01 9.999977930658947578e-01 9.999989483595552731e-01
9.999992730303697286e-01 9.999992456511320738e-01 9.999980795813526724e-01 9.999982549129938780e-01 9.999991732068326256e-01 9.999996237410478939e-01 9.999981743870346440e-01 9.999980428244450437e-01 9.999995880415264438e-01 9.999992181268978486e-01
9.999997340339502605e-01 9.999991484889495519e-01 9.999993322490778880e-01 9.999983481142175057e-01 9.999970790424583811e-01 9.999979515917526429e-01 9.999995755487192106e-01 9.999995349163456337e-01 9.999986033985945877e-01 9.999985026526426735e-01
