9.969538844394363331e-01 9.994501657361992697e-01 9.982502885557633654e-01 9.984089618420300960e-01 9.983221310325396392e-01 9.994783083398164347e-01 9.986527312999753381e-01 9.978181316783396593e-01 9.993165219993335180e-01 9.991572057787562189e-01
9.991979901377187057e-01 9.995590069646552722e-01 9.991122345705362173e-01 9.993058264023519932e-01 9.951305158403646045e-01 9.970193964097470163e-01 9.985509656117668165e-01 9.958999427369695789e-01 9.996078583754833824e-01 9.982644112350287369e-01
9.992408341628484791e-01 9.984190551569387395e-01 9.994088833129348703e-01 9.988642506559197720e-01 9.969651471669057630e-01 9.983392175431993198e-01 9.996132363627100448e-01 9.995850008690952970e-01 9.994449681402788332e-01 9.990607537947874262e-01
9.990602501804428659e-01 9.990824030051843607e-01 9.992947975314669939e-01 9.993129146242308858e-01 9.970604252769196263e-01 9.992369434261578753e-01 9.993413999004013837e-01 9.986506528253982218e-01 9.988759150486684613e-01 9.990584248437988091e-01
9.996068867158329763e-01 9.990120552959678157e-01 9.996457603488273502e-01 9.994927605374007706e-01 9.995597183758295756e-01 9.990978484876631427e-01 9.997364642825176118e-01 9.995742004612375720e-01 9.980425697864169221e-01 9.991264983423255863e-01
9.976944348677372343e-01 9.995555303628872457e-01 9.990722197418627770e-01 9.991212224499707029e-01 9.989792007869600088e-01 9.994048611929441384e-01 9.993211620332661527e-01 9.991014126059968303e-01 9.986081988406794174e-01 9.986897050110020713e-01
9.988838251360483422e-01 9.993398566960944862e-01 9.990238855362889581e-01 9.996783967808501314e-01 9.994957032677304065e-01 9.987064103285290262e-01 9.991977526193022152e-01 9.987454487824913851e-01 9.988915280075533198e-01 9.990276559525554934e-01
9.995441413019751087e-01 9.986230614036561981e-01 9.982883413688918850e-01 9.993131967699551144e-01 9.993174508819252511e-01 9.986101422951125794e-01 9.993777592470752813e-01 9.987465431468675048e-01 9.983610170194039402e-01 9.992146527909339104e-01
9.990167738305724132e-01 9.990608324692360487e-01 9.992277863125604842e-01 9.989595384295079095e-01 9.991884981993510717e-01 9.994587439193681755e-01 9.992120853173329653e-01 9.992257282064934687e-01 9.990383115196701524e-01 9.989843205397317405e-01
9.991453173640447716e-01 9.983867208038509355e-01 9.987767066160502250e-01 9.995633686719811450e-01 9.993754879919832801e-01 9.987450051771281645e-01 9.991186772274104344e-01 9.987870998056903593e-01 9.994048686916139346e-01 9.994176836944295150e-01
9.995172195932986448e-01 9.961920684107460344e-01 9.996564395054681196e-01 9.994773215156029789e-01 9.994743088833544231e-01 9.991636485256624178e-01 9.977437125981960531e-01 9.871400892726218679e-01 9.991386213725305110e-01 9.982529576469342247e-01
9.988499832860664451e-01 9.993848660879788293e-01 9.990308878559684969e-01 9.992559574415066370e-01 9.975859475840209711e-01 9.988024754360728119e-01 9.992990660694277549e-01 9.992887969650317004e-01 9.992035360235108632e-01 9.956546791666164298e-01
9.995666075139308937e-01 9.992905559136091576e-01 9.991065109088415053e-01 9.995539494375708101e-01 9.996166469050863368e-01 9.995519947239540626e-01 9.993698480697050801e-01 9.986120077134703621e-01 9.979030163871736026e-01 9.940581413223013030e-01
9.986899253764313089e-01 9.988819295059674364e-01 9.994805410864580075e-01 9.987153344845847158e-01 9.990332758347353348e-01 9.995741719790431912e-01 9.985698825237608878e-01 9.992391545043654011e-01 9.986711363849150036e-01 9.992000364862627659e-01
9.982454627573422723e-01 9.991423591375352409e-01 9.994675181801406794e-01 9.987526170857978780e-01 9.990275021735240957e-01 9.988560275189374282e-01 9.995627930094935776e-01 9.984564828916541179e-01 9.994455091263908519e-01 9.994269300331863892e-01
9.972174241154028174e-01 9.990695253905574891e-01 9.996264532320214835e-01 9.991044990276199966e-01 9.960574498742359451e-01 9.994842308844393841e-01 9.989572752207654949e-01 9.985403132578367646e-01 9.977341145763345409e-01 9.980304530258642393e-01
9.962222751059534032e-01 9.991868829750534253e-01 9.979161646135006336e-01 9.993215849526366767e-01 9.991854826098328646e-01 9.996879068319579620e-01 9.994338117015985068e-01 9.990149202946634333e-01 9.992557321762236544e-01 9.997524735190856937e-01
9.991694867806838465e-01 9.991417777742751527e-01 9.994348484599792082e-01 9.993302886620957226e-01 9.994492006820817620e-01 9.988465376855089062e-01 9.992886642186762369e-01 9.976868975570152287e-01 9.995333753917446939e-01 9.992308054699605702e-01
9.988095221714189398e-01 9.993645701362433575e-01 9.988929315341139592e-01 9.995687971835591767e-01 9.992913175167179585e-01 9.988740020000972386e-01 9.991763595698470724e-01 9.983278638993289267e-01 9.967913648756684397e-01 9.995616173459643816e-01
9.989966691545988375e-01 9.990963965485284426e-01 9.994208455650867018e-01 9.992908954923287457e-01 9.991503060677646708e-01 9.993012561189469345e-01 9.993246445723631410e-01 9.987652526845621770e-01 9.992703696484112053e-01 9.992248920943952450e-01
9.993524634758543801e-01 9.996410170561316200e-01 9.992735416172378038e-01 9.994586420102139490e-01 9.996608304664700295e-01 9.986523193635848950e-01 9.993692714064279503e-01 9.995632074626781272e-01 9.997216161696139691e-01 9.984802415515585672e-01
9.994872563495135198e-01 9.992443652420339717e-01 9.984244640299163587e-01 9.994728404232006147e-01 9.965141383557925003e-01 9.974087715490317363e-01 9.995099001606542188e-01 9.993337965671037493e-01 9.994734884946997466e-01 9.980559577647704073e-01
9.983682127543010987e-01 9.995169920408154551e-01 9.984568269485635250e-01 9.993005463017359258e-01 9.991271263465065777e-01 9.993243085821753580e-01 9.994027395983239304e-01 9.991821890635795844e-01 9.992490009468482093e-01 9.996634803403610103e-01
9.990480529849501412e-01 9.982037610948250039e-01 9.982039285647534843e-01 9.995438869885866495e-01 9.992685462022844467e-01 9.992219185835189421e-01 9.992744042146644023e-01 9.983165695980226184e-01 9.991190006413784852e-01 9.991833340794515905e-01
9.994513070828547896e-01 9.973738967093429553e-01 9.988681018922594967e-01 9.988282020947477635e-01 9.988068762894125596e-01 9.995402990869394211e-01 9.992162223345826266e-01 9.985691903505699019e-01 9.995708094686561740e-01 9.993943911362814791e-01
9.995573017774564972e-01 9.993435684799412133e-01 9.983365408720933365e-01 9.996998695287083736e-01 9.980553306366587440e-01 9.982898363333065905e-01 9.980443416951239044e-01 9.989925149582478126e-01 9.990643904272182851e-01 9.986365330519012540e-01
9.993403861464260629e-01 9.994068018983810475e-01 9.994604793907571061e-01 9.993029125846830674e-01 9.994632580643894038e-01 9.988847270564044090e-01 9.957323320255436760e-01 9.994438886008270018e-01 9.991636413505944336e-01 9.981605602623733198e-01
9.979248359723802420e-01 9.993471650532980144e-01 9.992199274184653257e-01 9.996198501542160608e-01 9.984210624882874363e-01 9.991104226189105875e-01 9.987032251816159167e-01 9.993121839611632806e-01 9.994607965574624497e-01 9.980401894371413452e-01
9.996457831600895627e-01 9.995665081334418334e-01 9.993146462846386191e-01 9.988657745196525273e-01 9.978676223647280352e-01 9.994694019236601834e-01 9.993637371151440352e-01 9.994860657740545218e-01 9.993004194451091671e-01 9.994060750905852109e-01
9.977210857230531804e-01 9.991065592131891382e-01 9.974700144681138969e-01 9.994818220625090177e-01 9.994513892636224250e-01 9.983030168348818734e-01 9.993611645799275189e-01 9.993931255045247486e-01 9.994507161222513369e-01 9.996305040700094180e-01
9.997423809233437764e-01 9.978263833351458389e-01 9.990084388759316036e-01 9.987816511282143761e-01 9.993217172153467942e-01 9.986612050804946072e-01 9.997254608503598483e-01 9.993706040220072806e-01 9.990269561444077295e-01 9.990445120698383530e-01
9.982246749589172019e-01 9.920962991183058799e-01 9.994237966912775661e-01 9.996395758574597723e-01 9.977372841089636735e-01 9.954227724101460950e-01 9.979363250372209615e-01 9.993723553198321508e-01 9.993438535423234681e-01 9.988977386559028115e-01
9.995865807943381531e-01 9.993445191156644647e-01 9.993477623676612076e-01 9.992596100417602267e-01 9.993003253398667907e-01 9.993867098885472755e-01 9.989375138490695916e-01 9.995894615742384470e-01 9.973904240845797853e-01 9.958258700632257598e-01
9.979041435927912262e-01 9.982407101512467129e-01 9.996845970104724088e-01 9.947193410010840564e-01 9.995897689100792238e-01 9.996843544610197752e-01 9.976199319469952753e-01 9.993977667121692887e-01 9.996006291294595725e-01 9.993226581118989094e-01
9.995912256537001772e-01 9.987938814628308792e-01 9.992282720184052502e-01 9.995563808920342463e-01 9.991092281578833889e-01 9.990163335441062387e-01 9.993717491413758314e-01 9.997105295553188054e-01 9.956324113822643262e-01 9.988444204439496099e-01
9.991538072647168089e-01 9.995559255336227134e-01 9.985641549761982150e-01 9.994193736950779394e-01 9.987408397397038451e-01 9.995736843514981818e-01 9.994821645200324678e-01 9.991935237073470422e-01 9.983797375852329070e-01 9.995117097235596271e-01
9.994183318495603041e-01 9.993082420528585086e-01 9.979973209959840386e-01 9.993103908954842352e-01 9.982985672651117914e-01 9.974094554481711672e-01 9.993459859496958142e-01 9.994275297886358045e-01 9.985522569720532982e-01 9.989200984778275894e-01
9.986583502212820207e-01 9.990862444913911622e-01 9.992102927277968227e-01 9.985388086514580541e-01 9.993253133667240329e-01 9.985583199239467245e-01 9.987675914286059387e-01 9.982801755375212416e-01 9.978364321872191800e-01 9.987642751408831732e-01
9.992082676343719827e-01 9.992198581870526120e-01 9.992231605640244929e-01 9.967718391773895403e-01 9.984898435076141610e-01 9.973939427865631258e-01 9.991717108235896871e-01 9.996696430043064963e-01 9.965655124889114536e-01 9.989276033880509775e-01
9.994223332012854843e-01 9.988175663094529533e-01 9.983575479615804937e-01 9.997475268369866441e-01 9.984417430767268398e-01 9.996849052742053932e-01 9.994615658121592805e-01 9.996152235747086667e-01 9.994815419765581410e-01 9.886071287055984147e-01
9.972801413016953997e-01 9.992205849347881585e-01 9.993634456593230020e-01 9.990650100682962886e-01 9.987571033787343566e-01 9.993065791915776153e-01 9.979530068472413085e-01 9.995625869812567732e-01 9.991835097356096540e-01 9.990271002345104678e-01
9.991904938469965414e-01 9.990701567693096585e-01 9.985369400025301267e-01 9.986128910908846912e-01 9.982915978636821563e-01 9.994907484837164402e-01 9.990318241399893662e-01 9.991720610244044787e-01 9.924754724317901289e-01 9.987197526882667376e-01
9.982898303293283870e-01 9.994465408980176546e-01 9.967230327252238897e-01 9.991462604169916162e-01 9.982082498707410823e-01 9.977805122745504463e-01 9.973512880759143329e-01 9.970093030275769541e-01 9.991596817124953622e-01 9.995098287977967066e-01
9.988123460275583065e-01 9.904071301574939312e-01 9.982369680448939242e-01 9.996971962647802634e-01 9.996480907827645090e-01 9.992169649850607405e-01 9.993878046632603818e-01 9.983260247705574297e-01 9.986052842161993182e-01 9.994717988582402235e-01
9.985574243286368112e-01 9.993840590316591665e-01 9.990474382197030989e-01 9.980081801209564896e-01 9.980830086797750633e-01 9.994232472047334115e-01 9.981125373842648640e-01 9.991909585833499419e-01 9.993169509487533908e-01 9.990333674350644344e-01
9.990790986238345939e-01 9.991947324011193343e-01 9.992041855906209635e-01 9.985499249815477096e-01 9.995095649034546614e-01 9.991900965146038871e-01 9.943010295589206349e-01 9.987996006602973820e-01 9.986134661471002261e-01 9.993320429855122589e-01
9.993533802846910064e-01 9.995623640904299778e-01 9.980252001180563992e-01 9.994502207257931481e-01 9.995519795471187185e-01 9.985499669515727206e-01 9.994111729709859171e-01 9.993671903452127081e-01 9.995574889738674251e-01 9.963323970335640212e-01
9.979207528303732921e-01 9.988029902592795439e-01 9.991482711332835276e-01 9.980308278650775744e-01 9.978529093194739019e-01 9.991094368651590729e-01 9.993556019381584221e-01 9.993942351115582268e-01 9.994203664316563263e-01 9.991123341357874832e-01
9.994635864806661329e-01 9.992581006540912636e-01 9.995734492294038320e-01 9.977882376431783662e-01 9.992531777452126063e-01 9.978799412220435983e-01 9.995978203996299660e-01 9.993593937506835001e-01 9.995667220751992543e-01 9.995951803125933122e-01
9.987858634143684800e-01 9.989372048711471219e-01 9.991917327960623263e-01 9.988880770642848406e-01 9.983900772596190354e-01 9.977277987804846759e-01 9.989044825712194431e-01 9.990832270121851044e-01 9.987336599979269591e-01 9.992070335127070102e-01
9.988127840190594853e-01 9.989801414839211136e-01 9.997655254143238412e-01 9.992817828033546679e-01 9.983603036853008206e-01 9.982375974977111266e-01 9.994173584749073136e-01 9.994523593455078014e-01 9.988343117686405703e-01 9.989460946212495029e-01
9.995197789911379749e-01 9.993708970086507826e-01 9.988495724151398303e-01 9.965140850553553253e-01 9.981290854343197738e-01 9.982240000525648416e-01 9.990614764540745041e-01 9.990898601914193211e-01 9.972752784186224018e-01 9.991094054993338025e-01
9.993479391777994048e-01 9.988290274779023648e-01 9.993037306226444372e-01 9.974755522062387358e-01 9.979534386398755119e-01 9.988207336515471102e-01 9.993054643455216990e-01 9.993433916662202154e-01 9.988697585205280616e-01 9.996154622700269554e-01
9.978311537565129896e-01 9.994564854933660758e-01 9.989943053983697530e-01 9.986643166240590785e-01 9.992741365880469795e-01 9.991862696244619979e-01 9.988915261037863980e-01 9.992632933991755229e-01 9.985805860928772537e-01 9.992135782774237418e-01
9.996372021797498286e-01 9.990116537388142870e-01 9.979454504021778583e-01 9.991480277707995850e-01 9.986011634379391433e-01 9.995190263579333267e-01 9.994485815714918564e-01 9.995584987910163255e-01 9.996578455895687165e-01 9.990502116223549667e-01
9.988841855464233310e-01 9.994296333818997180e-01 9.994456737648961253e-01 9.987763915633777190e-01 9.992692596223691215e-01 9.990798313220341509e-01 9.985237181284263297e-01 9.989590167240000040e-01 9.991380553206616888e-01 9.994943700396459185e-01
9.987609772299744781e-01 9.990513265837960288e-01 9.995174647501146037e-01 9.988768704746063820e-01 9.995756386816272432e-01 9.962844265016377321e-01 9.997254478182181492e-01 9.991202257625488858e-01 9.995024467082797015e-01 9.924584241902342230e-01
9.978279728999343012e-01 9.983567195686242624e-01 9.979161927254802666e-01 9.989635365240333575e-01 9.992477331245037675e-01 9.991550330642257061e-01 9.970471070222112209e-01 9.964151167440292722e-01 9.996270393475135130e-01 9.981881080473592460e-01
9.997523853132556093e-01 9.963892525566981906e-01 9.990772139517103412e-01 9.996592993919377612e-01 9.993018719783435255e-01 9.997154229418920846e-01 9.997516697954044185e-01 9.996675188362279529e-01 9.990224537660081783e-01 9.983995712008258971e-01
9.996740594077967446e-01 9.991646698980977126e-01 9.995638378532630819e-01 9.994067376492125065e-01 9.995376310542436471e-01 9.991642005595502418e-01 9.983612702137892869e-01 9.971113620169251845e-01 9.994527970399591510e-01 9.991030029090729458e-01
9.994861466450036813e-01 9.991476342827879664e-01 9.986489961231047596e-01 9.980384047315532525e-01 9.994368347065739622e-01 9.992643818923050425e-01 9.995713347203699639e-01 9.992976747967080575e-01 9.994437197088655855e-01 9.990871969750487747e-01
9.995731551701328987e-01 9.975217011564747605e-01 9.994572594398748455e-01 9.991393327817256198e-01 9.983320219703807341e-01 9.988279332998298843e-01 9.991660357921943181e-01 9.984336122507088129e-01 9.996410338630786763e-01 9.991685657550652966e-01
9.986126113845589236e-01 9.989874981767010720e-01 9.984856134532995586e-01 9.996358408163598108e-01 9.993339414971387225e-01 9.986333626349145343e-01 9.993699741175213758e-01 9.991162756654439203e-01 9.994508990395852832e-01 9.993623236090918294e-01
9.971085482478070361e-01 9.991881448736268378e-01 9.992350526313668047e-01 9.991862783171796547e-01 9.979205481215338569e-01 9.993391714800567982e-01 9.993720830340394601e-01 9.990546048865817097e-01 9.993171011550071592e-01 9.990723143326410982e-01
9.993036140137118162e-01 9.993441482828719913e-01 9.966656046500064203e-01 9.982582569226973179e-01 9.988051832194611013e-01 9.996595328393473867e-01 9.994784786553698730e-01 9.996182344901499706e-01 9.935256184314651406e-01 9.996757008323371441e-01
9.993132540635168981e-01 9.993880687322287404e-01 9.992372109875140573e-01 9.939306622947130521e-01 9.993277646424487681e-01 9.996632446994789811e-01 9.988618784659047956e-01 9.991021873603591619e-01 9.944956549059530415e-01 9.991662331960543542e-01
9.996238828854633329e-01 9.989243996499604927e-01 9.956840600200205227e-01 9.988791210978381629e-01 9.975931827438815347e-01 9.978255431455799185e-01 9.988062140117069942e-01 9.996457951638528794e-01 9.994498394344000225e-01 9.992765724938855731e-01
9.992709958049700303e-01 9.993092511638408393e-01 9.992915737340608562e-01 9.989987347350330893e-01 9.994324271155966555e-01 9.993540535670490943e-01 9.994919841164052743e-01 9.993986860903727454e-01 9.991375658217759304e-01 9.980488135177483233e-01
9.992881935650635983e-01 9.992259833183972928e-01 9.995340680229550800e-01 9.995569244848524493e-01 9.991843395757622481e-01 9.990739816954107289e-01 9.992602975190149062e-01 9.995167635424448971e-01 9.992173519788074554e-01 9.996689454874564396e-01
9.994388113943405427e-01 9.978921341644987342e-01 9.990558293644221655e-01 9.985857000085692770e-01 9.995155433993293537e-01 9.993199716078736694e-01 9.990648414208831429e-01 9.991119652131176254e-01 9.994957527521564078e-01 9.994354841254718957e-01
9.996992898403741501e-01 9.977286491589626438e-01 9.990125611353298796e-01 9.995881057605674469e-01 9.967282293199151155e-01 9.992779813435481717e-01 9.993316514254132477e-01 9.989366794905970570e-01 9.991646780339707989e-01 9.982085609318671615e-01
9.983799361904381886e-01 9.989445799557603589e-01 9.990010494933034835e-01 9.990940549049986963e-01 9.982693449695941856e-01 9.994337934301767978e-01 9.990227665296569359e-01 9.994970681509093291e-01 9.986738160907583373e-01 9.992310633616687809e-01
9.993040463053326494e-01 9.991949000292859040e-01 9.991572266057845431e-01 9.988598644548312144e-01 9.982575594775596750e-01 9.986406875550459805e-01 9.985908091559068112e-01 9.992932903686390089e-01 9.990587995954872680e-01 9.988636131086113812e-01
9.994420579374390101e-01 9.994298547283758660e-01 9.996678489796605449e-01 9.994322917324008904e-01 9.996422587923964320e-01 9.984952194677700898e-01 9.994831097730172420e-01 9.989256825993332312e-01 9.993113113121152580e-01 9.996824325231068453e-01
9.991308819598068158e-01 9.987335759683854119e-01 9.990628917701381839e-01 9.990508018012750346e-01 9.994413982257297491e-01 9.986766374824735948e-01 9.993566648969495203e-01 9.996069343204589952e-01 9.988459971789639402e-01 9.977974107608067467e-01
9.986313260296709737e-01 9.993438090795280226e-01 9.985347999884305326e-01 9.990150341818224700e-01 9.993220278573203830e-01 9.993057063366751480e-01 9.967068975038249068e-01 9.993712805010742661e-01 9.995230541103037325e-01 9.992397161653879811e-01
9.986475807918460124e-01 9.995570053245910191e-01 9.994331155720964643e-01 9.939892703122945594e-01 9.946038113380559764e-01 9.993311921881604665e-01 9.982939366890730692e-01 9.993628154948797082e-01 9.992609584570594228e-01 9.991703009410188852e-01
9.993596539575511084e-01 9.972482201144358127e-01 9.989457938664502157e-01 9.993614308374497712e-01 9.992156530787619229e-01 9.985758485656893724e-01 9.990128370337200137e-01 9.986578856113799141e-01 9.985747733790695246e-01 9.991981182140814433e-01
9.992366841083055728e-01 9.980641259685995026e-01 9.992497617593699699e-01 9.984144004206929601e-01 9.991532839549648326e-01 9.982039718218889135e-01 9.960779452268638812e-01 9.992828811366992747e-01 9.982567923384513264e-01 9.985894985359129450e-01
9.991948431636774597e-01 9.993180225983611109e-01 9.976650530710552411e-01 9.994491423447305900e-01 9.993749901615746056e-01 9.987598740561649535e-01 9.984440805423063781e-01 9.996286712902631155e-01 9.996396799172760916e-01 9.983892092874727675e-01
9.997191516130441435e-01 9.995393759245423393e-01 9.983304859476221926e-01 9.991157223953806010e-01 9.994272769915738541e-01 9.997065218755011307e-01 9.990150845859172568e-01 9.993971079105630206e-01 9.993005112134948353e-01 9.983522917196900881e-01
9.990577211974923655e-01 9.943627477504823897e-01 9.995345275104523530e-01 9.972798972996944622e-01 9.995263275268080339e-01 9.917386939815411306e-01 9.994392526920170550e-01 9.995835352743388524e-01 9.997014868481701733e-01 9.992425179336530405e-01
9.994141533438495317e-01 9.988885812946888265e-01 9.973743551850908773e-01 9.990156634379970813e-01 9.987951242700987553e-01 9.965580266857956282e-01 9.993155964721178730e-01 9.981904221460106141e-01 9.988542378820053358e-01 9.993752127427072418e-01
9.974699767198612621e-01 9.981957773166878489e-01 9.988824427544915618e-01 9.994229227212384492e-01 9.993226536322151743e-01 9.988773903866837722e-01 9.987693965830496401e-01 9.996716418982520835e-01 9.978636837340638666e-01 9.988842214209324721e-01
9.971329579938873477e-01 9.994418122641385294e-01 9.995038650157873628e-01 9.987182116207046212e-01 9.993897842348921090e-01 9.995060808055999946e-01 9.994923983454524485e-01 9.973708176233108125e-01 9.995440647161287773e-01 9.992798731274571411e-01
9.994659780866680387e-01 9.929843691274181650e-01 9.979487628110900177e-01 9.987158399556500532e-01 9.996750557101233836e-01 9.997284710775835581e-01 9.997444894955935801e-01 9.994559280006831692e-01 9.993338018888620056e-01 9.995300825317939841e-01
9.990989748909212542e-01 9.996181751276358440e-01 9.976399124801519358e-01 9.994912203884113167e-01 9.991226287959230623e-01 9.994793220544153645e-01 9.988105287686451783e-01 9.989077283993353928e-01 9.994014482577737724e-01 9.989380692266039974e-01
9.976981698935655229e-01 9.996698290713221802e-01 9.990327314807337933e-01 9.992740825060347776e-01 9.982336245407792408e-01 9.983407386235404468e-01 9.987283499368233564e-01 9.986090087690320249e-01 9.976975771276934690e-01 9.996261368470857889e-01
9.989501588520194320e-01 9.986053115578705786e-01 9.989827213501063508e-01 9.991205078651529403e-01 9.993802842229041472e-01 9.987810548475515304e-01 9.993782653290889106e-01 9.991674823673848405e-01 9.990675382624432110e-01 9.975578557324003004e-01
9.989967315436912854e-01 9.983604945939446029e-01 9.987692948174126117e-01 9.988900829026517991e-01 9.988453891183327604e-01 9.995812764126205119e-01 9.978614209135520108e-01 9.989971664957280062e-01 9.994295775378890800e-01 9.995085178480332955e-01
9.995925326294595736e-01 9.992093680064468852e-01 9.996450667288722114e-01 9.992195021809335831e-01 9.984389223104038757e-01 9.990292785717875823e-01 9.936479559758951696e-01 9.986757031212347702e-01 9.970195970754421877e-01 9.994680296339523151e-01
9.993806366450439516e-01 9.995414459273601615e-01 9.987320100210570484e-01 9.996281944546006049e-01 9.980488372822713394e-01 9.992277530076693060e-01 9.987791075975809285e-01 9.980709607392173055e-01 9.995026506170040514e-01 9.989613444026788081e-01
9.995070947056959865e-01 9.992016496577804663e-01 9.992614198978602147e-01 9.984504812001998575e-01 9.993443666058888786e-01 9.992227901839253468e-01 9.989009989751116425e-01 9.993790218471552134e-01 9.995472089998368448e-01 9.937474129465236894e-01
9.993642435808591795e-01 9.991255691145403128e-01 9.991817455468416931e-01 9.993662731840406988e-01 9.987601995425657853e-01 9.923843717580532742e-01 9.995286047684898145e-01 9.987310916742448974e-01 9.973902331087126649e-01 9.994247870596981720e-01
9.989769951645800505e-01 9.983861134627852740e-01 9.985110510200437828e-01 9.989942038096616406e-01 9.985967391258268044e-01 9.985731407255558079e-01 9.984399707140840796e-01 9.992424251663395429e-01 9.992868353935090431e-01 9.992413951815269924e-01
9.979571796952648732e-01 9.995786201576631891e-01 9.991061763421897890e-01 9.990819087280037314e-01 9.994214544531700994e-01 9.972221567121419827e-01 9.996108029054867616e-01 9.987341478312380394e-01 9.973809757272430465e-01 9.997130294494956937e-01
9.995086757499442864e-01 9.996053750133904181e-01 9.995476245346212041e-01 9.991763392628995044e-01 9.990237217412227810e-01 9.992674609969925958e-01 9.982696698176259931e-01 9.991507938114422283e-01 9.989802438065644719e-01 9.992460828368818770e-01
9.988284899754025226e-01 9.987678015248560026e-01 9.988624653862255842e-01 9.963144194549593546e-01 9.991486500430308837e-01 9.987468472058872448e-01 9.994321305969059432e-01 9.984959052526567458e-01 9.973672159735952336e-01 9.974449731007556386e-01
9.990502949284117973e-01 9.993637156345739347e-01 9.995729414080158914e-01 9.995839137712082545e-01 9.995369083949303679e-01 9.994186140430392218e-01 9.988698115095588914e-01 9.994087894971060981e-01 9.987353283136988225e-01 9.994474172485086072e-01
9.979740112782785610e-01 9.989393765817550230e-01 9.995346102331966742e-01 9.993508594230655628e-01 9.996252483478164086e-01 9.996629439166719866e-01 9.974332924097115693e-01 9.986242521184126586e-01 9.981955998492143545e-01 9.993579044264060407e-01
