9.998925893742265369e-01 9.999808616836596276e-01 9.999543607616047103e-01 9.999584534583358941e-01 9.999488793421482669e-01 9.999671015078946956e-01 9.999690628730213415e-01 9.999805233258616255e-01 9.999211650752812819e-01 9.999452527735130936e-01
9.999731100333290046e-01 9.999410804244539541e-01 9.998082642252364982e-01 9.999551863133512297e-01 9.999570053996484909e-01 9.999786139202033741e-01 9.999833066842879203e-01 9.999731995370637616e-01 9.998474262920910016e-01 9.999124208798125801e-01
9.999852588369839701e-01 9.999480969227928506e-01 9.999595080092359423e-01 9.999605155429593939e-01 9.999797917207217113e-01 9.999578740455684622e-01 9.999610646573583450e-01 9.999196842538426999e-01 9.998747568775571137e-01 9.999845843305696924e-01
9.999654957311312486e-01 9.999748331729386708e-01 9.999478561157754131e-01 9.999835025476830896e-01 9.999617309968750201e-01 9.999692430943410981e-01 9.999614072011328014e-01 9.998837386012130457e-01 9.999604223170502904e-01 9.999579371397195882e-01
9.999587925635995411e-01 9.999608393492089853e-01 9.999699028335105044e-01 9.999538848570299621e-01 9.999432614776521122e-01 9.999820193264983281e-01 9.999602181808717738e-01 9.999047458442518188e-01 9.999896523122562275e-01 9.998935999519805717e-01
9.999859390809938686e-01 9.999893457363630001e-01 9.999558834305551924e-01 9.999857945391769087e-01 9.999719828805361255e-01 9.999791434030191883e-01 9.999184481686727022e-01 9.999893644417408023e-01 9.999560778350866652e-01 9.999378706234752778e-01
9.999072750775036544e-01 9.999589057456238494e-01 9.999617754709698714e-01 9.999845300806619042e-01 9.999895829807321501e-01 9.999567517788806592e-01 9.999830577180455204e-01 9.999858060687272232e-01 9.999633557734378675e-01 9.990433212730884804e-01
9.999590954799447706e-01 9.999636701768981339e-01 9.999628329944160177e-01 9.999700129228731305e-01 9.999436357587422330e-01 9.999246662288887588e-01 9.999527550197915282e-01 9.999026433647806300e-01 9.999637259912819154e-01 9.999701885179309579e-01
9.999645739822050627e-01 9.999753517297423899e-01 9.999826609980916325e-01 9.999740264321573813e-01 9.999371085600498033e-01 9.999533759610242933e-01 9.999514594056527761e-01 9.999857639660220121e-01 9.999472535158195896e-01 9.999800227108048833e-01
9.999428866382237269e-01 9.999365294813563620e-01 9.999654990170698809e-01 9.999597864995388719e-01 9.999586807429516888e-01 9.999760718882413357e-01 9.999753256868457729e-01 9.999085387040079764e-01 9.999686474188987928e-01 9.999698655162058136e-01
9.999892667806661306e-01 9.999825224788828626e-01 9.997866540244401135e-01 9.999822685343157103e-01 9.996879743777097316e-01 9.998308824505026671e-01 9.999613192726207744e-01 9.999359171073283203e-01 9.999833800993527255e-01 9.999287146573736518e-01
9.999876133643287313e-01 9.999807549686932084e-01 9.999745531420852762e-01 9.999711795808617909e-01 9.999608572204122803e-01 9.998522904282867163e-01 9.999786317990314588e-01 9.999722073371196673e-01 9.999785475299727278e-01 9.999717912450917234e-01
9.999319924987126740e-01 9.999683303180629812e-01 9.999419299614896728e-01 9.999502683411681803e-01 9.999627588855909410e-01 9.999641152046008230e-01 9.999006724656007705e-01 9.999717271250223583e-01 9.999828839945066328e-01 9.999115355465482136e-01
9.999807300738984273e-01 9.999903478246120470e-01 9.998355047879780022e-01 9.996980605064472725e-01 9.998817060537971146e-01 9.999804394115738848e-01 9.999437728940444581e-01 9.999707577530150271e-01 9.999889686436754799e-01 9.999699151683203446e-01
9.999864142615274565e-01 9.998763084807168466e-01 9.998934217487301934e-01 9.999729165770221417e-01 9.999565412104930440e-01 9.999509472886943806e-01 9.999551234052169724e-01 9.999240605555473893e-01 9.999753931987394040e-01 9.999716626214926185e-01
9.996436820343287399e-01 9.999158341339837719e-01 9.999887035123257162e-01 9.999270197838527885e-01 9.999790968248618572e-01 9.999895984479875155e-01 9.999638128086232314e-01 9.999666025835324268e-01 9.999107094050574407e-01 9.998604991440327439e-01
9.998785382323115423e-01 9.999241994851501003e-01 9.999627596937482599e-01 9.999688819887054825e-01 9.999361395460810709e-01 9.999590390995111155e-01 9.999834218652705609e-01 9.999296290772249352e-01 9.999364966625895468e-01 9.999743747943155014e-01
9.999833361313567037e-01 9.999604360931100278e-01 9.999678622300782749e-01 9.999689231327690830e-01 9.999743572909011169e-01 9.999644654780021069e-01 9.999319926498630995e-01 9.999678147541432027e-01 9.999820529766697552e-01 9.999777267319219787e-01
9.999753630815949590e-01 9.999500348197916111e-01 9.999150828102996158e-01 9.999774142777494434e-01 9.999681737100184487e-01 9.999641673374374262e-01 9.998649809216361151e-01 9.999234746670727647e-01 9.999507954670433518e-01 9.998477908574670003e-01
9.999424752985047737e-01 9.999745573045055735e-01 9.999745242026470970e-01 9.999727242543603456e-01 9.999761396260096191e-01 9.999892706646398288e-01 9.999883819010013664e-01 9.999829914640433470e-01 9.999602443104862459e-01 9.999421752433663713e-01
9.999785575335604637e-01 9.995918379279924437e-01 9.999713086768977632e-01 9.999666643128685140e-01 9.999871175038814730e-01 9.999866880822914084e-01 9.999747990618031990e-01 9.999767925698771487e-01 9.999691417185747611e-01 9.999696406954029504e-01
9.999809268619890279e-01 9.999601912193016862e-01 9.999800496447991405e-01 9.999850734473118008e-01 9.999678309035826551e-01 9.998980539650944577e-01 9.999642243136077635e-01 9.999752703848470148e-01 9.999643035701810678e-01 9.999482361580193102e-01
9.999686482340781613e-01 9.998138471314670372e-01 9.999782179947734884e-01 9.999709877730091900e-01 9.999427030515954939e-01 9.999805947094659864e-01 9.999768171690224250e-01 9.999615330203809327e-01 9.999222306131477778e-01 9.999727708040339058e-01
9.999755949630378948e-01 9.998606308694962808e-01 9.999012215723348529e-01 9.999685910389443100e-01 9.999742568320374447e-01 9.999489404556951566e-01 9.999463098542353823e-01 9.998801313581183736e-01 9.999836990377990453e-01 9.999877617748241798e-01
9.999682996792026435e-01 9.999645046742666743e-01 9.999746284803877616e-01 9.999655853303862640e-01 9.999907644030568976e-01 9.999587799076626871e-01 9.999653907407659581e-01 9.999815557525636445e-01 9.999335527170458704e-01 9.999716231648276832e-01
9.999756162706486817e-01 9.999817162421671402e-01 9.999693411827369482e-01 9.999864442496617656e-01 9.999422551378951418e-01 9.999805434231170409e-01 9.999740287236754677e-01 9.999588639913933319e-01 9.999735219923626683e-01 9.999909814007931219e-01
9.999215528677162235e-01 9.999644108690465272e-01 9.999622995759428479e-01 9.999498206327721572e-01 9.999733400433742370e-01 9.999512627306291757e-01 9.999644862717160798e-01 9.998964576363248424e-01 9.998456921223833893e-01 9.999842173660123956e-01
9.998683429334754846e-01 9.999633021115682530e-01 9.999833222181089276e-01 9.999669590046275092e-01 9.999803074171922379e-01 9.999663434316985455e-01 9.997650812572855816e-01 9.999773454484500723e-01 9.999673562046806907e-01 9.999606907096932895e-01
9.999628928974690911e-01 9.999586694602016212e-01 9.999674104533805563e-01 9.999602974839041369e-01 9.999766586506023680e-01 9.999077117711585583e-01 9.999655265830051931e-01 9.999707894809739539e-01 9.998451238636152372e-01 9.999527538380676983e-01
9.999065147888122063e-01 9.999695618691660792e-01 9.999767232386946869e-01 9.999582006632325992e-01 9.999839180817368112e-01 9.999338912947718372e-01 9.999719308533305817e-01 9.999858006517421405e-01 9.999787312299501796e-01 9.998072204742388669e-01
9.999623347212542868e-01 9.999880890150640855e-01 9.999818572114821391e-01 9.999737488308523270e-01 9.999604165809459211e-01 9.998827292812755285e-01 9.999497986100363001e-01 9.998849388033338448e-01 9.999504469980183829e-01 9.998970585554016743e-01
9.999096020587607825e-01 9.999784515074066071e-01 9.998690767562846693e-01 9.999637846387791074e-01 9.999595818938785685e-01 9.999767915310928679e-01 9.999236545792429265e-01 9.999165815630235432e-01 9.999686360596159451e-01 9.999813091064719828e-01
9.999225243313977218e-01 9.999710085724544673e-01 9.999378504023344050e-01 9.999440636627064949e-01 9.999879493178955858e-01 9.999268010114656935e-01 9.999854391733858927e-01 9.999804044153921545e-01 9.999744924603588547e-01 9.999706455619079559e-01
9.999817875170518011e-01 9.998886038671521703e-01 9.999731345376651204e-01 9.999574193193854210e-01 9.999588923780615701e-01 9.999476279444746707e-01 9.999904131139214503e-01 9.999667976436211747e-01 9.999752360776177351e-01 9.999750270709819588e-01
9.998867390383352483e-01 9.999791810774509848e-01 9.999733174862400764e-01 9.999886092914226365e-01 9.998815710865387452e-01 9.999911151461687853e-01 9.999419538111645744e-01 9.999747365922577735e-01 9.999429908520572896e-01 9.998204142153018781e-01
9.999663443458272072e-01 9.998868617660210401e-01 9.998165108628780384e-01 9.998944269582230593e-01 9.999416825218950811e-01 9.999527806004325781e-01 9.999755144180578759e-01 9.999438126812306704e-01 9.999366422201250160e-01 9.997840887403063315e-01
9.998936335658127339e-01 9.999603242336774223e-01 9.999519402912754318e-01 9.999645619331893887e-01 9.999532216082505087e-01 9.999667073337275003e-01 9.999804612231113499e-01 9.999508243455226264e-01 9.999577989693073654e-01 9.999827170979679325e-01
9.999842205620232960e-01 9.999737577258833721e-01 9.999817739231284808e-01 9.999782514244532905e-01 9.999513030652255052e-01 9.999657910675301409e-01 9.999625205980927634e-01 9.999772783564625511e-01 9.999700608689955361e-01 9.999582889500838734e-01
9.999385566969071215e-01 9.998770260025388046e-01 9.996206937681477722e-01 9.999795419709440747e-01 9.999462344304942407e-01 9.999547758504412354e-01 9.999571003992998586e-01 9.999056321147647974e-01 9.999527142468909169e-01 9.999401475346385570e-01
9.999363844147161062e-01 9.999496053896749226e-01 9.999654838663145640e-01 9.999566495066271044e-01 9.999777870568127280e-01 9.999644597185869399e-01 9.999207372857406018e-01 9.999537410158303441e-01 9.999333885178589565e-01 9.999670567797428467e-01
9.999742766316683795e-01 9.999756574572392642e-01 9.999759901223377323e-01 9.999680536967876510e-01 9.999801436083290973e-01 9.999691697935173540e-01 9.999766090937050045e-01 9.999827965902639004e-01 9.999613333298954521e-01 9.999710697955286332e-01
9.999544076252498970e-01 9.999525749854728529e-01 9.998071620114061808e-01 9.999799800842190667e-01 9.999725727291218780e-01 9.999605463134517702e-01 9.998995677814522809e-01 9.999762214058481868e-01 9.999603207943793537e-01 9.999750476065251137e-01
9.999148649966345115e-01 9.999831440720534648e-01 9.999776859900029180e-01 9.999439053124544730e-01 9.999671691181342137e-01 9.999870166611508626e-01 9.999377330604504177e-01 9.999600923538659591e-01 9.999855496182430414e-01 9.999571523749505308e-01
9.999725765014234602e-01 9.999078655980624397e-01 9.999476316084848770e-01 9.999833461256472100e-01 9.999634343705047224e-01 9.997936890844965063e-01 9.999751256670349475e-01 9.999760471558589714e-01 9.999476046641865290e-01 9.999679247806679827e-01
9.999421570118131042e-01 9.999009642886921290e-01 9.999373865539725736e-01 9.998900227700022736e-01 9.999377355931042821e-01 9.999604714889609447e-01 9.999435925045693230e-01 9.999839847422681283e-01 9.999712334872908892e-01 9.999315815715338340e-01
9.997336142307411411e-01 9.999610844533929344e-01 9.998930823943247281e-01 9.999657635851277870e-01 9.999663711381967524e-01 9.999737266237105349e-01 9.999732965245627936e-01 9.999714890187823002e-01 9.999707311292436174e-01 9.999760836507336492e-01
9.999242196302481345e-01 9.999783588087662878e-01 9.999786681502693675e-01 9.999804074873949178e-01 9.999345710599033543e-01 9.997803240612423981e-01 9.999744018095331199e-01 9.999830014205962625e-01 9.999209990128924419e-01 9.999790275641066151e-01
9.999820199456035397e-01 9.999471698988838808e-01 9.999700608093712306e-01 9.999693099139378427e-01 9.998508497271224593e-01 9.999804143536198398e-01 9.999018273164570481e-01 9.999676885331832965e-01 9.999637077769955029e-01 9.999665120861271905e-01
9.999631086924921641e-01 9.999737194266595797e-01 9.999526211812318488e-01 9.999522082249784338e-01 9.999708721036637549e-01 9.999856239521113244e-01 9.999117526915071164e-01 9.999384503884530817e-01 9.999849735170119880e-01 9.998418018839734245e-01
9.999423593350730277e-01 9.999717285539579947e-01 9.999433909776498375e-01 9.999796495607430336e-01 9.999834659242283763e-01 9.999516192379317436e-01 9.999155320284642823e-01 9.999559428550663931e-01 9.999790371133948641e-01 9.999523995499244311e-01
9.999665980773501106e-01 9.999621948787367209e-01 9.999820965301441378e-01 9.999750105407394507e-01 9.997633316353630173e-01 9.999612220261179241e-01 9.999729124564410432e-01 9.999735779254318446e-01 9.999415517645272589e-01 9.999619485813174835e-01
9.999863962917628912e-01 9.999655515852337029e-01 9.999570162777617899e-01 9.999390216749824978e-01 9.999697079254948884e-01 9.999743985571983851e-01 9.999153075926148215e-01 9.999364940909416521e-01 9.999561809388268774e-01 9.999834334397945668e-01
9.999558120090102920e-01 9.999817212927104570e-01 9.999332070334679967e-01 9.999739322087158877e-01 9.999838091931544382e-01 9.999441415155064794e-01 9.999447737692759297e-01 9.999371603710568435e-01 9.999613898294749115e-01 9.999490266510849823e-01
9.998834312056517071e-01 9.999707819655433427e-01 9.999731346144182798e-01 9.999285091836147554e-01 9.999370944027959895e-01 9.999800549329129762e-01 9.998032104179476187e-01 9.999282052979867608e-01 9.999538091373663118e-01 9.999679889880049855e-01
9.998895428347225334e-01 9.999518160676093004e-01 9.999477988918344940e-01 9.999551969803915918e-01 9.999609268977363019e-01 9.998938678406560365e-01 9.999818713816062132e-01 9.998527336902213181e-01 9.999041112812467880e-01 9.999853468782511356e-01
9.999829117871740225e-01 9.999864989249022118e-01 9.999369152098667168e-01 9.999509793170501259e-01 9.999506195548990561e-01 9.999732666720683172e-01 9.999073453010761670e-01 9.999896755676366267e-01 9.999279042731573641e-01 9.999606956595784579e-01
9.999700569137957018e-01 9.999881075244698714e-01 9.999802726229325422e-01 9.999822971656225912e-01 9.999501501940880610e-01 9.999767210012179275e-01 9.999787040794708703e-01 9.999625060597692183e-01 9.999619686144132213e-01 9.999596156779213540e-01
9.997983065982267714e-01 9.999763077263628119e-01 9.999678386055127488e-01 9.999438993417268939e-01 9.999273054793069715e-01 9.999663450018911881e-01 9.999677849900033832e-01 9.999237579535923404e-01 9.999518008994083829e-01 9.999651452692923659e-01
9.999590254166804693e-01 9.999444137950236344e-01 9.999578894146552432e-01 9.999524184748274092e-01 9.999631711403496048e-01 9.999748512033097558e-01 9.999522029887824015e-01 9.999514244117728712e-01 9.999826109755002301e-01 9.999702101140374166e-01
9.999607807439201412e-01 9.999695407274553638e-01 9.999392648539354722e-01 9.999064220097109157e-01 9.999848032959932631e-01 9.999752957995485803e-01 9.999786127111395251e-01 9.999621269183078809e-01 9.999636715189614833e-01 9.999329129524032744e-01
9.999328944023768706e-01 9.999562887568841374e-01 9.999605757542460172e-01 9.999794127557605217e-01 9.999460769944015226e-01 9.999734852035184751e-01 9.999518429229614647e-01 9.999724666369138593e-01 9.999369946166475343e-01 9.999595769477421792e-01
9.999671839831457687e-01 9.999345126728214073e-01 9.999630311942239169e-01 9.999901964648725272e-01 9.999467417535162772e-01 9.999574132370649959e-01 9.999349299440577488e-01 9.999651198543292319e-01 9.999689438145417109e-01 9.999720843340974552e-01
9.996759646053942072e-01 9.999662052126896405e-01 9.999668872936060549e-01 9.999662705828591402e-01 9.999074134304544170e-01 9.999835735958183536e-01 9.998954246279431191e-01 9.999156968003559687e-01 9.999725389622827754e-01 9.998663863913886951e-01
9.999662734167598099e-01 9.999509634140048009e-01 9.999631475937903469e-01 9.999831074083136428e-01 9.999124543955661970e-01 9.999800856254007497e-01 9.999563564968677598e-01 9.999577830696733116e-01 9.999129675015313579e-01 9.999702350333700140e-01
9.999771271584111387e-01 9.998658339520603011e-01 9.999661015258463070e-01 9.999512767314120421e-01 9.999878226175054063e-01 9.999623073772236914e-01 9.999272439841491167e-01 9.999781727754650795e-01 9.999703033668726482e-01 9.999568476891742552e-01
9.999666903104483806e-01 9.998531080790091785e-01 9.999576655598061414e-01 9.998549588113458952e-01 9.999690771939028222e-01 9.999689584902495820e-01 9.999173132593108804e-01 9.999633178671452072e-01 9.999457648082905603e-01 9.999408883572021844e-01
9.999748447662891726e-01 9.999655616259761626e-01 9.999565153087670577e-01 9.999786157044552315e-01 9.999850216724246454e-01 9.999304459532727396e-01 9.999761062046033100e-01 9.999247151626285968e-01 9.999178609608554424e-01 9.999768345587382035e-01
9.999319212664833367e-01 9.999890873804160307e-01 9.999665112683574497e-01 9.999750146163116638e-01 9.998793953020677083e-01 9.999823655509664233e-01 9.999318877513896364e-01 9.997449147017181126e-01 9.999779821266611135e-01 9.999361682070737611e-01
9.999866679971088912e-01 9.999433667316049990e-01 9.999594100410149622e-01 9.999632921852508183e-01 9.999520462509114971e-01 9.999696392352713792e-01 9.999763810493331739e-01 9.999473268140873783e-01 9.999538104631076063e-01 9.999390519738844407e-01
9.999508976146658235e-01 9.999673085865639077e-01 9.999573966850739959e-01 9.999341058721054054e-01 9.999581351536184215e-01 9.999748016261218453e-01 9.999563775051442116e-01 9.999321491468277090e-01 9.999123038344839287e-01 9.999570538989643875e-01
9.999889767351092251e-01 9.999912505360685211e-01 9.999686126747840964e-01 9.999832814897166022e-01 9.999882092543860290e-01 9.999817150482430694e-01 9.999305395148653242e-01 9.998752804319910314e-01 9.999591463125856450e-01 9.999334764693477151e-01
9.998130630143091668e-01 9.999655586196249946e-01 9.999123017619163667e-01 9.999395441419187680e-01 9.999873503423722942e-01 9.998907000579879689e-01 9.999176377193316201e-01 9.999584941439222385e-01 9.999644744170547161e-01 9.998781782707567567e-01
9.999000543286468146e-01 9.999727532770451566e-01 9.999662683865140345e-01 9.999670537094863532e-01 9.999711611340895701e-01 9.999784166656908724e-01 9.999591876531570556e-01 9.999785543421717549e-01 9.999515268520940969e-01 9.998968665063187045e-01
9.999512785232317347e-01 9.999789473172367993e-01 9.997806698343068010e-01 9.999425868482131330e-01 9.999501774334585980e-01 9.999819031104352218e-01 9.999751047703465678e-01 9.999537732149911262e-01 9.999601282836202421e-01 9.999734959603314710e-01
9.999586510490607871e-01 9.999492418931700266e-01 9.999281816867424677e-01 9.998657301377644746e-01 9.999695382259251586e-01 9.999701581479206736e-01 9.999128644829529122e-01 9.998960299245067684e-01 9.999301360358775481e-01 9.999548980460974956e-01
9.999870911113516447e-01 9.999196627564561624e-01 9.999910179648535680e-01 9.999715354019197422e-01 9.999360440674286421e-01 9.999900859243808782e-01 9.999899867046049273e-01 9.999904903552613300e-01 9.999629990841694127e-01 9.999853703714188802e-01
9.999562529917134235e-01 9.999648554906698239e-01 9.999581673854390784e-01 9.999687749331840347e-01 9.999403856126121148e-01 9.999693838952610214e-01 9.999690185885575788e-01 9.999634991175978538e-01 9.998973417271779240e-01 9.999665975075674451e-01
9.999806276287664941e-01 9.999226418758744295e-01 9.999832867218975130e-01 9.999264437014190321e-01 9.999828981299616615e-01 9.999560499364004151e-01 9.999798556466641397e-01 9.999743290573078758e-01 9.999383309868823400e-01 9.999726918703712997e-01
9.999714342129097933e-01 9.999677376482106750e-01 9.999755646306008883e-01 9.999544309768038097e-01 9.999604057309343652e-01 9.998553478538690920e-01 9.999668299664605797e-01 9.999193520106877120e-01 9.999616614301585216e-01 9.999621662499692532e-01
9.999592756733743926e-01 9.999749454457684816e-01 9.998306279076656367e-01 9.999788014859847252e-01 9.999831521419418889e-01 9.998242615282348922e-01 9.999119578739855685e-01 9.999326114615567640e-01 9.999785592182064420e-01 9.999657621259555595e-01
9.999910050083302693e-01 9.999835223046670274e-01 9.999848321210375035e-01 9.999630777586917540e-01 9.999583507641645053e-01 9.999317289444243917e-01 9.999581709992249046e-01 9.999463243595184681e-01 9.999616048429884607e-01 9.999867122251921980e-01
9.998519246047442577e-01 9.999075667946277779e-01 9.998278543460246137e-01 9.999579558492197595e-01 9.999874128234856885e-01 9.999897433279277825e-01 9.999630146876448133e-01 9.999861700644967488e-01 9.994793824368563007e-01 9.999333499579068363e-01
9.999755696771506219e-01 9.999870208588967913e-01 9.999843778893996449e-01 9.999851672159484339e-01 9.999147225746748413e-01 9.999808518665821433e-01 9.999857784797246962e-01 9.999754910533648067e-01 9.999798130637311822e-01 9.999267769969979458e-01
9.999801248812520971e-01 9.999713354720315417e-01 9.999707456417734619e-01 9.999750766015756964e-01 9.999853503889161166e-01 9.999829936190820501e-01 9.999637223148879484e-01 9.999691289203830324e-01 9.999588688726500640e-01 9.999601597151005494e-01
9.999745177651775396e-01 9.999894633261530164e-01 9.999810754570758187e-01 9.999176127102249456e-01 9.999525149275633185e-01 9.997091043533323784e-01 9.999879228417956067e-01 9.999793868777001604e-01 9.999851369758188113e-01 9.998623304515829036e-01
9.999119646987869592e-01 9.999666239059222805e-01 9.999395581024558277e-01 9.999576274605318504e-01 9.999527319093782785e-01 9.999711037284015891e-01 9.999858883963458345e-01 9.998969164947834054e-01 9.999800126870205252e-01 9.997807059863140777e-01
9.999888311150544329e-01 9.999729862248587509e-01 9.998181238595746922e-01 9.999599308097540939e-01 9.999805649469372115e-01 9.999859833333925030e-01 9.999450708403195831e-01 9.999872921992561947e-01 9.999830525764016320e-01 9.999847051582086976e-01
9.999893924050153871e-01 9.999703175851877290e-01 9.999578439263319130e-01 9.999529327632915576e-01 9.999850742909877077e-01 9.999790738409145563e-01 9.999302980051949508e-01 9.999372669293909999e-01 9.999535613964130043e-01 9.999840752505109176e-01
9.998976309227407544e-01 9.999625374757624696e-01 9.999192168083990140e-01 9.999270843882275273e-01 9.999479117741735257e-01 9.999795616098153817e-01 9.999774315729438312e-01 9.999615606759124642e-01 9.999672849401425312e-01 9.999270645568343330e-01
9.999760056089987970e-01 9.999557479609036958e-01 9.999475257762097113e-01 9.999767355314648221e-01 9.999596686462899342e-01 9.998972184704153499e-01 9.999801605815125116e-01 9.999814309873746865e-01 9.998569259072532800e-01 9.999827326135941608e-01
9.999676414724676388e-01 9.999077414867523217e-01 9.999738103342493689e-01 9.999760594705280337e-01 9.999671423554997718e-01 9.999470159868704133e-01 9.999807859190333881e-01 9.999643447577573063e-01 9.999569657635585251e-01 9.999811462412491192e-01
9.999821313716247273e-01 9.999819330697119479e-01 9.999572161739123111e-01 9.999521561240113376e-01 9.999534203360819218e-01 9.999754004876151292e-01 9.999420800648699537e-01 9.999724607822264577e-01 9.999674352946309464e-01 9.999381103822477801e-01
9.999732030096203372e-01 9.999258502028713913e-01 9.999724892348232919e-01 9.999762172602227883e-01 9.999781552180382338e-01 9.999826393171810102e-01 9.999807790816291897e-01 9.999646850941442677e-01 9.999616758565605945e-01 9.999050807368814464e-01
9.999726706911438168e-01 9.999838211835138102e-01 9.999769267612992341e-01 9.999357286362866581e-01 9.999149133950787638e-01 9.999528611343507789e-01 9.999243758516466185e-01 9.999652538505456878e-01 9.999704487628645611e-01 9.999427757677995521e-01
9.999780396037033503e-01 9.999288080766094433e-01 9.999764377016627792e-01 9.999706737249519639e-01 9.999715195663190226e-01 9.999758163094999430e-01 9.999680190207617114e-01 9.999624924187627828e-01 9.999795651228251536e-01 9.998350430571484315e-01
9.998395954108476591e-01 9.999530192963334008e-01 9.998908538680281177e-01 9.999862750371592002e-01 9.999402845681885088e-01 9.999745803486939089e-01 9.999789645296723872e-01 9.999763442247702194e-01 9.999554784463869916e-01 9.999766951154298589e-01
9.999835105543022351e-01 9.999642198585166897e-01 9.999685778691171922e-01 9.999629425314185971e-01 9.999813675472563057e-01 9.999852853936479491e-01 9.999776069384354038e-01 9.999791299223186325e-01 9.998838347413870897e-01 9.999455766637868059e-01
9.999630750259497214e-01 9.999830954206386791e-01 9.999055815737042385e-01 9.999725799236577339e-01 9.999606356067812785e-01 9.999403295634694544e-01 9.999322751626903427e-01 9.999349206133625323e-01 9.999790969116459927e-01 9.998856184031358341e-01
9.999556469212366183e-01 9.999464075119640638e-01 9.999818426407458549e-01 9.999837705284450040e-01 9.999771709858540358e-01 9.999783773021875266e-01 9.999785703350545507e-01 9.999148646391019524e-01 9.999675275338164582e-01 9.999597213720542443e-01
9.999567132594412433e-01 9.999768958796927398e-01 9.999271536795324433e-01 9.999382651532858768e-01 9.999812183142715583e-01 9.999560794806348074e-01 9.999548520858703160e-01 9.999581691553149909e-01 9.999594993865811299e-01 9.999521933948475327e-01
