9.999949794820506277e-01 9.999910520183901141e-01 9.999930515736256131e-01 9.999904229626234153e-01 9.999920928745614779e-01 9.999968522981675934e-01 9.999934843029109066e-01 9.999911707829027829e-01 9.999940226649979280e-01 9.999930667394590911e-01
9.999914805079146429e-01 9.999904267737323993e-01 9.999862122060781955e-01 9.999921383497591965e-01 9.999909692730541977e-01 9.999948307531542069e-01 9.999933699650163099e-01 9.999942313728468202e-01 9.999947648536752220e-01 9.999929051684439685e-01
9.999922387863801054e-01 9.999910282816999452e-01 9.999876150954583043e-01 9.999939459465558844e-01 9.999873630423092852e-01 9.999915472839542296e-01 9.999937031180115010e-01 9.999920230543417610e-01 9.999944650281549219e-01 9.999938178555289880e-01
9.999932909727911046e-01 9.999942953747000818e-01 9.999931859112155541e-01 9.999922146302776538e-01 9.999938615831303057e-01 9.999885456186841104e-01 9.999887741195527813e-01 9.999942340908324345e-01 9.999972225072145671e-01 9.999897935098568391e-01
9.999946466107423326e-01 9.999926855770658873e-01 9.999935364998259191e-01 9.999920297578781536e-01 9.999902432482116188e-01 9.999913945152036909e-01 9.999952445393883727e-01 9.999938106812692462e-01 9.999961687175504821e-01 9.999947428583286779e-01
9.999923505036070193e-01 9.999929783221329638e-01 9.999882393773341649e-01 9.999889360003709760e-01 9.999941135264209802e-01 9.999895323452053786e-01 9.999935087021984970e-01 9.999871404156024379e-01 9.999901980412446711e-01 9.999916886109486702e-01
9.999927324622914782e-01 9.999926980142599398e-01 9.999925577201023152e-01 9.999917981333042993e-01 9.999934770833923681e-01 9.999898910208568914e-01 9.999911110798525016e-01 9.999934016216999177e-01 9.999917134143467834e-01 9.999943628783247718e-01
9.999935545497401490e-01 9.999936030309547474e-01 9.999856229251326001e-01 9.999919620032529100e-01 9.999916685632170843e-01 9.999937830197234145e-01 9.999910001874693366e-01 9.999907940146425256e-01 9.999879770829164238e-01 9.999936419501337381e-01
9.999915808257364702e-01 9.999908814136083679e-01 9.999906455498890345e-01 9.999877713395787238e-01 9.999930563734212852e-01 9.999919543927060506e-01 9.999967260705402428e-01 9.999914710701726106e-01 9.999939312209535913e-01 9.999908549960262460e-01
9.999939916373304927e-01 9.999938104841842312e-01 9.999852755967628681e-01 9.999944984403128512e-01 9.999945727525193506e-01 9.999954881002354190e-01 9.999931096433333222e-01 9.999903661565513469e-01 9.999919637031244868e-01 9.999926864233370516e-01
9.999936084998842789e-01 9.999906182244288066e-01 9.999947423934630875e-01 9.999921047971994659e-01 9.999943551397184605e-01 9.999936729276008851e-01 9.999945264350509344e-01 9.999928146581963384e-01 9.999934815147150102e-01 9.999898964057952755e-01
9.999915827836909354e-01 9.999940076479997275e-01 9.999913826347731627e-01 9.999964553161327929e-01 9.999912203814763645e-01 9.999924291114941077e-01 9.999924849126449189e-01 9.999914816521995320e-01 9.999904217717915378e-01 9.999901290309651802e-01
9.999896188912373862e-01 9.999898856347243514e-01 9.999946061156095301e-01 9.999924269208572136e-01 9.999943843068409555e-01 9.999891153928969212e-01 9.999927514894479952e-01 9.999923960606403872e-01 9.999930790575735085e-01 9.999934425148554462e-01
9.999964156576313101e-01 9.999932132633548854e-01 9.999958000226462085e-01 9.999922810513026672e-01 9.999871298884484005e-01 9.999937146806101573e-01 9.999948314693083429e-01 9.999930515209691784e-01 9.999932322907213456e-01 9.999937433377364959e-01
9.999953881470988737e-01 9.999919974051959537e-01 9.999949900487018484e-01 9.999902001104649107e-01 9.999923559638677073e-01 9.999896389201894387e-01 9.999912745831119887e-01 9.999924344168035217e-01 9.999888331969540856e-01 9.999935573636326014e-01
9.999908089683404722e-01 9.999924985708465996e-01 9.999904296162536177e-01 9.999934810607888913e-01 9.999956347117917588e-01 9.999913877103596693e-01 9.999936571822000131e-01 9.999898322381948201e-01 9.999913641190560920e-01 9.999929511284019190e-01
9.999959048350886004e-01 9.999950006688840265e-01 9.999891327384750062e-01 9.999915971528593461e-01 9.999930598516575397e-01 9.999924063214198355e-01 9.999916751198280052e-01 9.999914362949499091e-01 9.999921297885312477e-01 9.999928624991973880e-01
9.999930401565748639e-01 9.999878564211136522e-01 9.999874369479375691e-01 9.999905794119865465e-01 9.999896836685576718e-01 9.999898890092672188e-01 9.999946241301528316e-01 9.999933778185764455e-01 9.999946425502186376e-01 9.999947214926553363e-01
9.999898318119163632e-01 9.999944098831787809e-01 9.999890134226153693e-01 9.999906736815008523e-01 9.999950138990544302e-01 9.999939406181206358e-01 9.999904871004257068e-01 9.999912399900373616e-01 9.999921832929887788e-01 9.999940259554124244e-01
9.999948096162547539e-01 9.999969045419312419e-01 9.999949020514418141e-01 9.999881993540834513e-01 9.999928788911940369e-01 9.999939732270624049e-01 9.999932136224786161e-01 9.999900767278339098e-01 9.999938345703837106e-01 9.999854500618620134e-01
9.999894324394439371e-01 9.999931282518546016e-01 9.999908823455273543e-01 9.999915080970839254e-01 9.999921885157860846e-01 9.999940500309280056e-01 9.999947902693669954e-01 9.999912947402758157e-01 9.999900330973564566e-01 9.999925059502118296e-01
9.999926083875962934e-01 9.999947522159277069e-01 9.999945186100008820e-01 9.999911773757510502e-01 9.999930103865785069e-01 9.999937005185381977e-01 9.999941521738527905e-01 9.999906766912906031e-01 9.999922588089500408e-01 9.999935288147056012e-01
9.999938256234420786e-01 9.999940538410158064e-01 9.999926873478871547e-01 9.999944815706054424e-01 9.999876998867932576e-01 9.999906874376014443e-01 9.999924764407680522e-01 9.999914592608667441e-01 9.999939049526345158e-01 9.999950242643451670e-01
9.999952160738371232e-01 9.999916084335965794e-01 9.999955704679215351e-01 9.999888097788565133e-01 9.999952933244706799e-01 9.999922101321601087e-01 9.999939418622763032e-01 9.999900695174251952e-01 9.999949649201274049e-01 9.999896918734840767e-01
9.999945403939622945e-01 9.999920118034048011e-01 9.999889821126426437e-01 9.999933524350008707e-01 9.999939720415802480e-01 9.999934611548745300e-01 9.999918657671730271e-01 9.999904670674298890e-01 9.999936968296501139e-01 9.999934121662782394e-01
9.999908665558994159e-01 9.999887594206793295e-01 9.999939643051076743e-01 9.999953412018087739e-01 9.999935602090084252e-01 9.999899756377508275e-01 9.999912898699502284e-01 9.999903426853247179e-01 9.999907499734355110e-01 9.999959111311533810e-01
9.999891773602265221e-01 9.999897049145279881e-01 9.999913300131095806e-01 9.999932913687215041e-01 9.999892343167416930e-01 9.999959778552086620e-01 9.999942542936678391e-01 9.999920582277377346e-01 9.999942117187125001e-01 9.999904957466716482e-01
9.999940926068953129e-01 9.999933300936807434e-01 9.999908924524547604e-01 9.999874363307633685e-01 9.999917949538235096e-01 9.999922709341417804e-01 9.999897178389731689e-01 9.999922595489056931e-01 9.999916385370765104e-01 9.999893844587026681e-01
9.999950308273785060e-01 9.999934669779484420e-01 9.999875297064375612e-01 9.999908638654333437e-01 9.999961687556820911e-01 9.999896834292365533e-01 9.999916798720747124e-01 9.999930856725869344e-01 9.999947275419025505e-01 9.999896911997591120e-01
9.999893919179041468e-01 9.999895874700955867e-01 9.999932393978639977e-01 9.999920153396446576e-01 9.999940323221545579e-01 9.999914492698315227e-01 9.999901806640951740e-01 9.999891356109870122e-01 9.999958704472544646e-01 9.999933801453211313e-01
9.999951111141990312e-01 9.999944836508455337e-01 9.999925639309319436e-01 9.999950211242867315e-01 9.999901930248407123e-01 9.999847758067584857e-01 9.999921545621796026e-01 9.999873275806628881e-01 9.999945244115391318e-01 9.999907251018073095e-01
9.999889423556254098e-01 9.999916324675592882e-01 9.999972061783810595e-01 9.999947844869169211e-01 9.999879612913860072e-01 9.999952897441108934e-01 9.999905654481940909e-01 9.999907244922284777e-01 9.999936881229243291e-01 9.999939759191626143e-01
9.999954547109790592e-01 9.999915716429941259e-01 9.999955197748385816e-01 9.999902532074225192e-01 9.999933437045375184e-01 9.999959772651538792e-01 9.999930702098596136e-01 9.999934598172598443e-01 9.999897105855375390e-01 9.999929628472171705e-01
9.999925747995805914e-01 9.999931306034837153e-01 9.999900460931614443e-01 9.999934321752314004e-01 9.999916276763971545e-01 9.999897591667823438e-01 9.999972366282615654e-01 9.999927221191141635e-01 9.999905198244861682e-01 9.999901845622072294e-01
9.999945422675007300e-01 9.999910635583657559e-01 9.999928153459817226e-01 9.999923594818717065e-01 9.999930256094488046e-01 9.999948113010477257e-01 9.999959839478712587e-01 9.999930864412682752e-01 9.999890657033427832e-01 9.999941664746118120e-01
9.999928936162734150e-01 9.999909461685808632e-01 9.999950305615729063e-01 9.999932708822407701e-01 9.999965587896235686e-01 9.999922777402888707e-01 9.999922637331009057e-01 9.999934590603446471e-01 9.999947487805160851e-01 9.999948299371650418e-01
9.999930142116916221e-01 9.999921921234496969e-01 9.999950488048652275e-01 9.999947427101532060e-01 9.999918451394290697e-01 9.999916649859975637e-01 9.999926835931095548e-01 9.999946092438558587e-01 9.999918842989344858e-01 9.999946168620895692e-01
9.999901681900837946e-01 9.999942528253514817e-01 9.999896803536544310e-01 9.999889796696822541e-01 9.999847699763891873e-01 9.999895529163478347e-01 9.999924614946249513e-01 9.999908700957831353e-01 9.999904893762553426e-01 9.999918948314725498e-01
9.999907560900961334e-01 9.999947778872544379e-01 9.999918930733686651e-01 9.999933469447290779e-01 9.999833378357824154e-01 9.999892662845270008e-01 9.999913877795633121e-01 9.999951706017909947e-01 9.999929281971002837e-01 9.999940400392500761e-01
9.999897646233240067e-01 9.999944026783408324e-01 9.999928856186712789e-01 9.999936190552478621e-01 9.999923654305655774e-01 9.999932746902461256e-01 9.999915528710197066e-01 9.999948427942507712e-01 9.999938161826238403e-01 9.999933140241094032e-01
9.999921805750290327e-01 9.999929816208011912e-01 9.999915691749179381e-01 9.999916878643696494e-01 9.999955060388586725e-01 9.999927643124295606e-01 9.999927492700138032e-01 9.999951415173946589e-01 9.999957326055904927e-01 9.999926526744700173e-01
9.999905091769504262e-01 9.999911261950392705e-01 9.999895770892435198e-01 9.999945827146208277e-01 9.999908871813460998e-01 9.999922888629582118e-01 9.999961180247873838e-01 9.999954826089889615e-01 9.999894524028070109e-01 9.999909329322901330e-01
9.999921572840929640e-01 9.999905770178927344e-01 9.999934977427803462e-01 9.999944716752463547e-01 9.999909435612673869e-01 9.999952509438048143e-01 9.999887958931698018e-01 9.999940379201863738e-01 9.999945718869167610e-01 9.999930196581148234e-01
9.999913661756516525e-01 9.999921879268720559e-01 9.999873559042932181e-01 9.999906743299691314e-01 9.999958831733282150e-01 9.999876823168359907e-01 9.999930102653836750e-01 9.999941463073591663e-01 9.999954633503423951e-01 9.999963619532520331e-01
9.999900734152363801e-01 9.999872135972083242e-01 9.999919357314329682e-01 9.999878476154743234e-01 9.999918134204095477e-01 9.999915192748747295e-01 9.999858301117556802e-01 9.999917583727359061e-01 9.999906527835065173e-01 9.999926547699522494e-01
9.999937009099715279e-01 9.999931681302935971e-01 9.999910100657168899e-01 9.999932999453190474e-01 9.999916633605872018e-01 9.999884004108336999e-01 9.999899793218273159e-01 9.999914301063410615e-01 9.999879683518591023e-01 9.999898793999882907e-01
9.999941359632052995e-01 9.999922446675714172e-01 9.999895879886350203e-01 9.999917785964403949e-01 9.999934238588114033e-01 9.999889751509771774e-01 9.999927996795898721e-01 9.999926353258948852e-01 9.999944013591086645e-01 9.999906077227761481e-01
9.999936526905293110e-01 9.999937383427619508e-01 9.999926465689152888e-01 9.999893762341590664e-01 9.999930579477792625e-01 9.999964070398618121e-01 9.999926567392803944e-01 9.999958175072675148e-01 9.999916911939006336e-01 9.999935908635833037e-01
9.999933447276109222e-01 9.999903299138925838e-01 9.999884015663913495e-01 9.999911049831260446e-01 9.999888017492125636e-01 9.999906446677088168e-01 9.999921061497537567e-01 9.999930790489629517e-01 9.999868457064933214e-01 9.999921557547762907e-01
9.999954781108628676e-01 9.999895730400891747e-01 9.999928202967786062e-01 9.999932365526459366e-01 9.999934519251768572e-01 9.999891263051305934e-01 9.999914397645081054e-01 9.999913025779232356e-01 9.999932227988225231e-01 9.999917441298857845e-01
9.999948036770306414e-01 9.999959289393338668e-01 9.999958299709398313e-01 9.999926857153472737e-01 9.999909556116013398e-01 9.999933483774862131e-01 9.999915062748608863e-01 9.999931002178921169e-01 9.999890982590865507e-01 9.999941856187716249e-01
9.999934272170180050e-01 9.999922447468257980e-01 9.999926077919271128e-01 9.999932328739821186e-01 9.999946712137652849e-01 9.999899642584668680e-01 9.999894498793464592e-01 9.999909694908785118e-01 9.999942313272948136e-01 9.999927383846047846e-01
9.999939899632797058e-01 9.999963646456327959e-01 9.999915320829034782e-01 9.999944191467079468e-01 9.999905030749456358e-01 9.999905764122365426e-01 9.999938172995713748e-01 9.999908046456772448e-01 9.999942874303644480e-01 9.999926928561071460e-01
9.999859841032435748e-01 9.999889827371698514e-01 9.999947333791315840e-01 9.999945721839941237e-01 9.999951097613047901e-01 9.999904903382149657e-01 9.999923142579951740e-01 9.999894249185347084e-01 9.999925153431861169e-01 9.999887512038738713e-01
9.999941574583472992e-01 9.999909356082639089e-01 9.999888912594286916e-01 9.999929457210439132e-01 9.999902732001207939e-01 9.999911501506143496e-01 9.999928027547728693e-01 9.999955081637870169e-01 9.999898581582651325e-01 9.999872347513937276e-01
9.999933949185810800e-01 9.999916447980067291e-01 9.999930309674618378e-01 9.999874473752977666e-01 9.999942981738834114e-01 9.999935054108156640e-01 9.999937469367324860e-01 9.999961271200455970e-01 9.999911283262714612e-01 9.999918266391288890e-01
9.999924971109062088e-01 9.999915330206525788e-01 9.999879437136514060e-01 9.999942919308211220e-01 9.999920740861879542e-01 9.999939084677827994e-01 9.999942688551871628e-01 9.999919949776950867e-01 9.999952524595694392e-01 9.999967243633628433e-01
9.999905182019743766e-01 9.999862944367662321e-01 9.999910798911525456e-01 9.999951096886157131e-01 9.999892250888811063e-01 9.999860359016438105e-01 9.999956476767936087e-01 9.999908927452394458e-01 9.999920884968710455e-01 9.999904188181403253e-01
9.999953700687085334e-01 9.999893872905937231e-01 9.999953867692251697e-01 9.999953257218706648e-01 9.999926104013779904e-01 9.999942061716120545e-01 9.999911321354228999e-01 9.999932704742194867e-01 9.999958474329551095e-01 9.999938027795522988e-01
9.999939533879377285e-01 9.999921508303387663e-01 9.999901305884055791e-01 9.999903444984562517e-01 9.999924429017161831e-01 9.999941102049811903e-01 9.999917384317273950e-01 9.999898560769415745e-01 9.999949731225514782e-01 9.999887380832029882e-01
9.999916161400375092e-01 9.999906987992320806e-01 9.999944760470134142e-01 9.999893199705411906e-01 9.999930538703373228e-01 9.999935681767224693e-01 9.999922722479692716e-01 9.999935340793770777e-01 9.999912027997458486e-01 9.999879338216453029e-01
9.999947409686288369e-01 9.999930285847965505e-01 9.999902217225535850e-01 9.999915178652407644e-01 9.999915522672860879e-01 9.999924905566602851e-01 9.999915705607252958e-01 9.999953342865134376e-01 9.999931293200740035e-01 9.999932431211516759e-01
9.999839726534289763e-01 9.999904524619266377e-01 9.999866586091837872e-01 9.999880818254227588e-01 9.999950880732412228e-01 9.999932604013455073e-01 9.999934741999698673e-01 9.999947813308075473e-01 9.999916655256879672e-01 9.999926640405167877e-01
9.999940363641518504e-01 9.999931266231733007e-01 9.999938789591323873e-01 9.999896006310893259e-01 9.999921193237429895e-01 9.999920217962139368e-01 9.999944154402373719e-01 9.999881262883494326e-01 9.999912937185639894e-01 9.999912379374729099e-01
9.999900571998925347e-01 9.999901494323204520e-01 9.999933123474590291e-01 9.999952717994721185e-01 9.999898412685234161e-01 9.999908658537139949e-01 9.999916691827771542e-01 9.999873737980642385e-01 9.999931280086709062e-01 9.999932904698983771e-01
9.999937232429545464e-01 9.999924451247860224e-01 9.999962724438435924e-01 9.999939668848818464e-01 9.999940539729069711e-01 9.999971940473350029e-01 9.999901862459904534e-01 9.999907782358716801e-01 9.999923569126983880e-01 9.999921094170042268e-01
9.999927487130463311e-01 9.999908087010495050e-01 9.999865482599625821e-01 9.999857782378148707e-01 9.999915056983731398e-01 9.999903325086360040e-01 9.999871785275789016e-01 9.999927369398008414e-01 9.999935854845706240e-01 9.999939482410167280e-01
9.999904586124003236e-01 9.999941504629714650e-01 9.999886385689601420e-01 9.999890284618851988e-01 9.999934637216807420e-01 9.999933601598104405e-01 9.999950389208858148e-01 9.999951127684401087e-01 9.999887437502110732e-01 9.999922002792023257e-01
9.999886439341665323e-01 9.999925196157136709e-01 9.999924678104570308e-01 9.999896019612273257e-01 9.999942538665322900e-01 9.999936870030422531e-01 9.999905810885011403e-01 9.999910423314825048e-01 9.999918470450445129e-01 9.999942431062321946e-01
9.999912216314024160e-01 9.999933304033923331e-01 9.999930972224858605e-01 9.999927913939349322e-01 9.999933748990317284e-01 9.999904028982971038e-01 9.999869804044770882e-01 9.999896736232773975e-01 9.999921658419820281e-01 9.999950745840113786e-01
9.999881083980114438e-01 9.999936572811447544e-01 9.999905434271851856e-01 9.999860543477374630e-01 9.999960730753942872e-01 9.999923934771310918e-01 9.999944771486555251e-01 9.999945454575416282e-01 9.999920951754371901e-01 9.999957316894463322e-01
9.999940476547231061e-01 9.999897195971894082e-01 9.999933875181379328e-01 9.999956252890397357e-01 9.999914536378159413e-01 9.999866244267293647e-01 9.999920862636056951e-01 9.999921983859613173e-01 9.999933356477109792e-01 9.999935842949868592e-01
9.999935327785256511e-01 9.999927779938453387e-01 9.999897243104187705e-01 9.999917609802391194e-01 9.999928012599060834e-01 9.999899830417281477e-01 9.999940324097331690e-01 9.999906918487305729e-01 9.999914232708204676e-01 9.999941382668675605e-01
9.999903667723200051e-01 9.999933218850343142e-01 9.999939774098508538e-01 9.999947963084668823e-01 9.999922352974049966e-01 9.999905376746670571e-01 9.999911364743753195e-01 9.999928425741012594e-01 9.999890106471867046e-01 9.999917408481879821e-01
9.999849609848152632e-01 9.999908414242703047e-01 9.999926959206143495e-01 9.999946850221915762e-01 9.999952110803931316e-01 9.999911741836299273e-01 9.999915438303490500e-01 9.999935750403762258e-01 9.999901989750666909e-01 9.999903133334134830e-01
9.999943365745252999e-01 9.999925813330274860e-01 9.999937387541759648e-01 9.999901763915785002e-01 9.999868922432528784e-01 9.999914767599931142e-01 9.999945400232951309e-01 9.999907603618333196e-01 9.999902627815506762e-01 9.999871163061080370e-01
9.999878419734213875e-01 9.999929718415814239e-01 9.999943959323808196e-01 9.999951322491561490e-01 9.999958738826729698e-01 9.999927366119363281e-01 9.999958207916004316e-01 9.999917937695084191e-01 9.999929976593628922e-01 9.999931617353247093e-01
9.999915097246284690e-01 9.999929396631926926e-01 9.999921096878326976e-01 9.999904018359894176e-01 9.999931581973091621e-01 9.999893305061202664e-01 9.999949179411080635e-01 9.999908101480351474e-01 9.999940517193572909e-01 9.999901084465980805e-01
9.999939748296412523e-01 9.999937848209643487e-01 9.999882331399403412e-01 9.999934188334800300e-01 9.999884955053565117e-01 9.999907837667121324e-01 9.999926337402434973e-01 9.999922620341121782e-01 9.999924483936583064e-01 9.999930648521087040e-01
9.999881501454673804e-01 9.999959267230836835e-01 9.999897049392958426e-01 9.999948938563495426e-01 9.999918004216163947e-01 9.999910130633872241e-01 9.999932844972361234e-01 9.999918071580989887e-01 9.999925984049380379e-01 9.999952285091774362e-01
9.999941109952880103e-01 9.999907147841726740e-01 9.999934652392635792e-01 9.999899310591368051e-01 9.999941386727416726e-01 9.999886544965406188e-01 9.999924677545377616e-01 9.999937746116114301e-01 9.999931464282846294e-01 9.999911916677798329e-01
9.999929347516928191e-01 9.999896954388327597e-01 9.999923292464510949e-01 9.999914641681724170e-01 9.999905440485021835e-01 9.999928265526996096e-01 9.999917906256374778e-01 9.999871389142122036e-01 9.999928600281339230e-01 9.999945409797441620e-01
9.999894862196903045e-01 9.999946991759128823e-01 9.999934897242910292e-01 9.999907152967412172e-01 9.999924709842189507e-01 9.999930535590476621e-01 9.999924123252518227e-01 9.999928647657280179e-01 9.999900624433490925e-01 9.999941364354496542e-01
9.999951474530874851e-01 9.999867439584456674e-01 9.999912584803589688e-01 9.999912462510738287e-01 9.999906873013878483e-01 9.999913936232837086e-01 9.999952606395586807e-01 9.999927713334758606e-01 9.999918778614198533e-01 9.999933639849671874e-01
9.999924865188101197e-01 9.999918051319804935e-01 9.999911139238200075e-01 9.999914265322424889e-01 9.999940060302308087e-01 9.999924137743815278e-01 9.999909818187884269e-01 9.999952486729685175e-01 9.999942009309228386e-01 9.999905870565990451e-01
9.999938960378517150e-01 9.999918133095370143e-01 9.999905802896723594e-01 9.999948476233989636e-01 9.999922094738494804e-01 9.999934903185490054e-01 9.999921779429266078e-01 9.999917156699864584e-01 9.999908269151052131e-01 9.999899649720424000e-01
9.999930966094126017e-01 9.999906811298417963e-01 9.999909395179678029e-01 9.999861895133594913e-01 9.999910016456579065e-01 9.999969296436346244e-01 9.999947293437129181e-01 9.999949320292038646e-01 9.999905061855943744e-01 9.999945293240922739e-01
9.999901799611222719e-01 9.999888755501943338e-01 9.999953912668940736e-01 9.999887680725547678e-01 9.999901714703717248e-01 9.999905456903850354e-01 9.999905957699336545e-01 9.999938721396649521e-01 9.999882991186676007e-01 9.999887236980186112e-01
9.999948080823910512e-01 9.999919301616092548e-01 9.999890370402299000e-01 9.999896088112935066e-01 9.999941454366226834e-01 9.999892378689699823e-01 9.999895300374390672e-01 9.999926813177155704e-01 9.999958469317821175e-01 9.999911090765776223e-01
9.999955493403281936e-01 9.999896360962379216e-01 9.999907104203215047e-01 9.999925653543462190e-01 9.999920073873884707e-01 9.999914079145061363e-01 9.999952446702764508e-01 9.999929730233453329e-01 9.999966875295169810e-01 9.999943048200721218e-01
9.999926191640607920e-01 9.999918765455939607e-01 9.999939222664987470e-01 9.999920005757244601e-01 9.999926793659732471e-01 9.999877648037128752e-01 9.999957029565907929e-01 9.999948049561478980e-01 9.999948035744491426e-01 9.999943001953086608e-01
9.999892991068556336e-01 9.999922183241397589e-01 9.999944546414382129e-01 9.999898893624953322e-01 9.999932642113691372e-01 9.999852750400840540e-01 9.999934377563512999e-01 9.999920958420854822e-01 9.999946751458594907e-01 9.999961581260538024e-01
9.999928963365546375e-01 9.999944360121991727e-01 9.999917743053092778e-01 9.999812927692244280e-01 9.999923248596859215e-01 9.999929509147805762e-01 9.999913485523963530e-01 9.999867248762960292e-01 9.999864797869534305e-01 9.999911473389716532e-01
9.999924951751525404e-01 9.999966663824773061e-01 9.999900176936818985e-01 9.999889480801239516e-01 9.999944184717055595e-01 9.999948827219188319e-01 9.999952148426892728e-01 9.999916422850534392e-01 9.999937580409760107e-01 9.999881858301451487e-01
9.999925311432176223e-01 9.999909978904431007e-01 9.999909323570229658e-01 9.999913231867356700e-01 9.999938985306231487e-01 9.999924289380137665e-01 9.999956565965132382e-01 9.999934960701393205e-01 9.999909081296115554e-01 9.999913353619983569e-01
9.999930988910533669e-01 9.999921400266166271e-01 9.999959344262412397e-01 9.999953149259491747e-01 9.999908117403121244e-01 9.999916016037718736e-01 9.999937000978097457e-01 9.999941515600078157e-01 9.999915581589360336e-01 9.999910022276619070e-01
9.999926267731662488e-01 9.999936837774910936e-01 9.999897849259148375e-01 9.999932311357857539e-01 9.999923836276835010e-01 9.999936658263834932e-01 9.999948870281658575e-01 9.999921643691077611e-01 9.999960202096456197e-01 9.999920787324999560e-01
9.999918243187310152e-01 9.999941463056354340e-01 9.999909407548248641e-01 9.999927197843433424e-01 9.999933462180596866e-01 9.999916403584648839e-01 9.999928115781470117e-01 9.999934754156667438e-01 9.999898747461185566e-01 9.999905950936425203e-01
9.999947818549664857e-01 9.999932106881875837e-01 9.999928841123233436e-01 9.999920310810588298e-01 9.999939824525929666e-01 9.999929846252946231e-01 9.999893097351201243e-01 9.999934672399946045e-01 9.999933221260978167e-01 9.999948402294340788e-01
9.999925376152417611e-01 9.999927653116545967e-01 9.999934881738773429e-01 9.999885085430131326e-01 9.999863799007029375e-01 9.999933242287568635e-01 9.999918656548419937e-01 9.999933169562204016e-01 9.999882684740899474e-01 9.999921922314239930e-01
