9.999887854548225041e-01 9.999950199426127506e-01 9.999863619773756707e-01 9.999728833429528674e-01 9.999910219099512609e-01 9.999910779588780940e-01 9.999942667575126842e-01 9.999930953835218794e-01 9.999924485254291229e-01 9.999888193728022623e-01
9.999924288681234508e-01 9.999957272010019382e-01 9.999871314662210908e-01 9.999890439384903074e-01 9.999958771745146580e-01 9.999934310120411896e-01 9.999839714713755212e-01 9.999954903587072730e-01 9.999922083268013573e-01 9.999952702022897322e-01
9.999906533221257776e-01 9.999702743144266437e-01 9.999717188553628455e-01 9.999935491982021585e-01 9.999785020231879429e-01 9.999927256379151919e-01 9.999883660919719475e-01 9.999894397779951483e-01 9.999840773511045056e-01 9.999861220782704230e-01
9.999533126212032386e-01 9.999744167402840889e-01 9.999867466852090381e-01 9.999862803456825988e-01 9.999474140485253848e-01 9.999949690268320479e-01 9.999956531020567363e-01 9.999900738700945313e-01 9.999863195252666204e-01 9.999926609772186170e-01
9.999695906456573802e-01 9.999922839540323904e-01 9.999929725428697846e-01 9.999952663949047693e-01 9.999964063822552873e-01 9.999969191398586643e-01 9.999953070023031021e-01 9.999963824869764206e-01 9.999964827745538853e-01 9.999866356474677032e-01
9.999925358961186950e-01 9.999867178589131322e-01 9.999908128323624634e-01 9.999888857150887045e-01 9.999843176477879458e-01 9.999805103423896613e-01 9.999832663297892887e-01 9.999928773169612928e-01 9.999947221700050681e-01 9.999881602922100488e-01
9.999960062959305507e-01 9.999881058150257296e-01 9.999968678122479471e-01 9.999926432595702686e-01 9.999941660232306573e-01 9.999942124055588577e-01 9.999946080013153438e-01 9.999969925872412846e-01 9.999967953219957018e-01 9.999945003965077239e-01
9.999943888595055341e-01 9.999919942429703612e-01 9.999937224739454678e-01 9.999944077074047755e-01 9.999910122002193535e-01 9.999955836828248179e-01 9.999922656202197002e-01 9.999805510739374625e-01 9.999280046436879177e-01 9.999874896283775794e-01
9.999929610942576153e-01 9.999941556708210610e-01 9.999955697487643569e-01 9.999782055369895728e-01 9.999929953346580191e-01 9.999320495314272250e-01 9.999889026724193553e-01 9.999922379023589158e-01 9.999935082237203510e-01 9.999793257795153156e-01
9.999918599744560543e-01 9.999932350485959409e-01 9.999854832756694956e-01 9.999945604149697020e-01 9.999844920954698013e-01 9.999858798595345766e-01 9.999929878278305262e-01 9.999905797993227097e-01 9.999931893800838578e-01 9.999734044251372689e-01
9.999650669465056652e-01 9.999894224550286426e-01 9.999783470897718463e-01 9.999940469833492607e-01 9.999869174126804205e-01 9.999774658148151696e-01 9.999916920806676268e-01 9.999962466534627614e-01 9.999922818521393975e-01 9.999942216468629130e-01
9.999810947155197693e-01 9.999852693434453377e-01 9.999929561391469601e-01 9.999887494959854850e-01 9.999333239806748042e-01 9.999938570380901837e-01 9.998939542038822736e-01 9.999943689385275558e-01 9.999880577211807120e-01 9.999813936724477603e-01
9.999897937877946230e-01 9.999864203198651769e-01 9.999782896798934395e-01 9.999892048790317567e-01 9.999951538619957780e-01 9.999950816564368017e-01 9.999829545640267492e-01 9.999941474328322144e-01 9.999625709757623548e-01 9.999852296675488805e-01
9.999849316180732250e-01 9.999943556579070636e-01 9.999810970431545210e-01 9.999920897261546093e-01 9.999898515118250675e-01 9.999836543122875288e-01 9.999859377138713423e-01 9.999957139474606738e-01 9.999802592291694436e-01 9.999873143328485980e-01
9.999894264388627940e-01 9.999904249277441481e-01 9.999885846382959853e-01 9.999959312615063212e-01 9.999933562953289279e-01 9.999793879935892083e-01 9.999909819304553249e-01 9.999836015989896909e-01 9.999908203792857719e-01 9.999906734128918284e-01
9.999911061998404405e-01 9.999913961335469281e-01 9.999937062838812896e-01 9.999886926837435741e-01 9.999796956646243018e-01 9.999933014196441539e-01 9.999965650364907033e-01 9.999946887832683595e-01 9.999888830658928418e-01 9.999922808376452421e-01
9.999907145947826148e-01 9.999781071611507643e-01 9.999926469907887139e-01 9.999785577995922159e-01 9.999896420788677576e-01 9.999843735404813083e-01 9.999945925670614688e-01 9.999941582736068257e-01 9.999941354947398109e-01 9.999875947522800512e-01
9.999960677251099606e-01 9.999896432811165026e-01 9.999816330753950044e-01 9.999950412624503127e-01 9.999958859731918892e-01 9.999779587047757934e-01 9.999659450007282180e-01 9.999887479244007338e-01 9.999319646703740405e-01 9.999733121894074372e-01
9.999868035465172555e-01 9.999896038395676978e-01 9.999665780553816941e-01 9.999921004190617246e-01 9.999912399254319295e-01 9.999829748454519551e-01 9.999900028588835088e-01 9.999839185830149413e-01 9.999829031067429819e-01 9.999944430788496597e-01
9.999695217019252125e-01 9.999874922704953262e-01 9.999912650622927446e-01 9.999927217546257241e-01 9.999864555256909870e-01 9.999905894552895136e-01 9.999916869575048439e-01 9.999962540366267305e-01 9.999727149626573830e-01 9.999902868987091686e-01
9.999916352325566304e-01 9.999960949212908234e-01 9.999878085280344830e-01 9.998037242727585427e-01 9.999959528333535186e-01 9.999845853371061022e-01 9.999960161550318638e-01 9.999845154898436839e-01 9.999932036076780717e-01 9.999879032447104299e-01
9.999818533110271801e-01 9.999955324136001744e-01 9.999812838278705485e-01 9.999959161720687328e-01 9.999683090034603428e-01 9.999873906098760701e-01 9.999946946731632647e-01 9.999811125386359745e-01 9.999933650292373022e-01 9.999894430228928321e-01
9.999909335696307577e-01 9.999926031754823308e-01 9.999935957436457690e-01 9.999858229381450858e-01 9.999971703311887339e-01 9.999850255268232235e-01 9.999895439408917897e-01 9.999917566396369084e-01 9.999821645151070193e-01 9.999949471880341667e-01
9.999882084533858739e-01 9.999923424175843900e-01 9.999909858454211209e-01 9.999928982020068746e-01 9.999927973158243555e-01 9.999963023815752194e-01 9.999785799589477886e-01 9.999946666703743992e-01 9.999933438567171207e-01 9.999763070621935368e-01
9.999812254400536338e-01 9.999908941894749548e-01 9.999920658034656684e-01 9.999967456585017178e-01 9.999867310873469251e-01 9.999910822532180887e-01 9.999896945542999793e-01 9.999744825625914713e-01 9.999880738738261554e-01 9.999928153161381505e-01
9.999856803842799291e-01 9.999888830933281181e-01 9.999951829657025559e-01 9.999938295642696318e-01 9.999725426422558794e-01 9.999891856259565115e-01 9.999917445479307165e-01 9.999930540857990824e-01 9.999949113870381101e-01 9.999955323397837770e-01
9.999670140459756551e-01 9.999922615034351203e-01 9.999855341043113466e-01 9.999682736953070528e-01 9.999964064929562912e-01 9.999634319246561986e-01 9.999888962902784284e-01 9.999781755217767021e-01 9.999852152265821248e-01 9.999933938527834076e-01
9.999955352869808189e-01 9.999961450830699983e-01 9.999896166088541039e-01 9.999922386351847159e-01 9.999859100584257421e-01 9.999947631087959810e-01 9.999916470033767268e-01 9.999934028129843222e-01 9.999950420082649449e-01 9.999566571404411297e-01
9.999782742791073487e-01 9.999936771708902716e-01 9.999906543238360479e-01 9.999840236958484896e-01 9.999856411096181841e-01 9.999923792628920838e-01 9.999909924838322750e-01 9.999915759240785018e-01 9.999914885739323855e-01 9.999936290847384335e-01
9.999953741119305128e-01 9.999739571919591397e-01 9.999894023137324561e-01 9.999935490602920307e-01 9.999840957719473566e-01 9.999806958113029998e-01 9.999895691165477940e-01 9.999931197079706680e-01 9.999923041909013488e-01 9.999928776642875716e-01
9.999916837078773879e-01 9.999924897257576051e-01 9.999927597451409023e-01 9.999934515445753069e-01 9.999931918424613819e-01 9.999950517685737283e-01 9.999664131661213373e-01 9.999944275351242418e-01 9.999913849175351421e-01 9.999871552164906197e-01
9.999909797001340639e-01 9.999825312129941857e-01 9.999879577134527242e-01 9.999841908050226547e-01 9.999822609150590402e-01 9.999938549850576619e-01 9.999819202233722892e-01 9.999891276813860364e-01 9.999918569560564130e-01 9.999933249023684745e-01
9.999926461182447879e-01 9.999890085194939049e-01 9.999938253539132349e-01 9.999952825685622937e-01 9.999745110869694420e-01 9.999829768809943564e-01 9.999829553840773322e-01 9.999883602946528782e-01 9.999787895227578716e-01 9.999847552825104069e-01
9.999868859604951199e-01 9.999953372559121645e-01 9.999827188464655014e-01 9.999854179890145245e-01 9.999965352466160251e-01 9.999803218412580685e-01 9.998286517962903241e-01 9.999939805413775584e-01 9.999961338818535994e-01 9.999935401527303425e-01
9.999678363875421638e-01 9.999943571671398024e-01 9.999902817043296865e-01 9.999939418828013293e-01 9.999885959042444927e-01 9.999668988450188811e-01 9.999859840364569985e-01 9.999905938804393157e-01 9.999858396134109206e-01 9.999935040449976498e-01
9.999963200411741138e-01 9.999973400670971735e-01 9.999961334103144583e-01 9.999715875654038300e-01 9.999847248147414325e-01 9.999961891869623143e-01 9.999921484137643812e-01 9.999886494976568674e-01 9.999940728103562382e-01 9.999896446779370507e-01
9.999932045121072699e-01 9.999947558077462162e-01 9.999891229314904484e-01 9.999931980095558837e-01 9.999947559635784522e-01 9.999932546597154470e-01 9.999941982295342813e-01 9.999728304420475444e-01 9.999961162749052557e-01 9.999929154699820355e-01
9.999940610383253325e-01 9.999862121918337010e-01 9.999958972744690255e-01 9.999573768844963739e-01 9.999893808840928378e-01 9.999898122188602967e-01 9.999877921516230339e-01 9.999935517683157249e-01 9.999884837518226988e-01 9.999847732154686364e-01
9.999913377749204413e-01 9.999716987755078446e-01 9.999967720504877589e-01 9.999880375104400754e-01 9.999916958250260057e-01 9.999940351032704511e-01 9.999940347342480829e-01 9.999930339175699956e-01 9.999895568988451666e-01 9.999879612762586634e-01
9.999846706512260930e-01 9.999869351223974467e-01 9.999949814785574764e-01 9.999872475523982063e-01 9.999945938805845369e-01 9.999816718686262984e-01 9.999766603471837989e-01 9.999934556099597804e-01 9.999945336976295840e-01 9.999872997769925220e-01
9.999880712703089758e-01 9.999939167657541095e-01 9.999910201267911969e-01 9.999936801208900716e-01 9.999915070476763646e-01 9.999947725210711624e-01 9.999887829471656442e-01 9.999968259619329558e-01 9.999938922839746169e-01 9.999954778974080583e-01
9.999598275080471277e-01 9.999956236580326285e-01 9.999974486667426721e-01 9.999870029150332851e-01 9.999827119527224806e-01 9.999947932773616266e-01 9.999798160686406145e-01 9.999912764357230532e-01 9.999956822523701216e-01 9.999856870425273270e-01
9.999904345664570871e-01 9.999919655128494123e-01 9.999913133311315594e-01 9.999979040276605335e-01 9.999777091309015598e-01 9.999920723288879820e-01 9.999946954153556833e-01 9.999878140474015575e-01 9.999941828277347788e-01 9.999903472495053069e-01
9.999964434330054219e-01 9.999922447936385739e-01 9.999904870235399867e-01 9.999960878730128622e-01 9.999517099975834267e-01 9.999926829923945215e-01 9.999757913156949174e-01 9.999965328840231260e-01 9.999917471484889298e-01 9.999899725138582385e-01
9.999803565546471207e-01 9.999837464874825610e-01 9.999943990251171089e-01 9.999962591686765156e-01 9.999960585462679408e-01 9.999947281007484090e-01 9.999903496555290205e-01 9.999568153906106538e-01 9.999914628816372053e-01 9.999893442996872217e-01
9.999899363044110201e-01 9.999921521511352385e-01 9.999845130768095780e-01 9.999919456385132355e-01 9.999947339758200604e-01 9.999914080229109770e-01 9.999895112723032886e-01 9.999949120166857774e-01 9.999939635981589525e-01 9.999892442177177321e-01
9.999952636796836103e-01 9.999930096045142047e-01 9.999221726014608791e-01 9.999890907592359213e-01 9.999920986527913724e-01 9.999964305429431821e-01 9.999936342418462853e-01 9.999892801052239211e-01 9.999916117582065000e-01 9.999635824598044342e-01
9.999954697632427170e-01 9.999911787455446621e-01 9.999959732800658418e-01 9.999780292436135642e-01 9.999912471176450879e-01 9.999713245907784209e-01 9.999956626107583402e-01 9.999883237453145446e-01 9.999957730088713248e-01 9.999955333030775551e-01
9.999948102419379259e-01 9.999861790832701436e-01 9.999952693007261306e-01 9.999805745156791215e-01 9.999943932969925786e-01 9.999937677542465320e-01 9.999482400800786541e-01 9.999918545011545756e-01 9.999968885307355393e-01 9.999923316710768173e-01
9.999744554083452863e-01 9.999944648848464457e-01 9.999918488744778955e-01 9.999904678095558053e-01 9.999914240767454610e-01 9.999736281690407846e-01 9.999971714265274425e-01 9.999848602171204082e-01 9.999884567336058128e-01 9.999833685177669240e-01
9.999905569847037379e-01 9.999940760987673372e-01 9.999775639047214781e-01 9.999943463271748767e-01 9.999947724048258157e-01 9.999944382653488395e-01 9.999897216011570666e-01 9.999962074404799006e-01 9.999954430001598560e-01 9.999927917460162963e-01
9.999933234298692408e-01 9.999921793537394077e-01 9.999912292411922143e-01 9.999839819757695425e-01 9.999895801676923490e-01 9.999946264355742409e-01 9.999873817580751112e-01 9.999954613153398952e-01 9.999931488671039981e-01 9.999926172005031422e-01
9.999796599404009445e-01 9.999877043944256361e-01 9.999929675013549124e-01 9.999868639290047101e-01 9.999766802487054518e-01 9.999934036265675230e-01 9.999945231201803342e-01 9.999823150486062406e-01 9.999961302019910736e-01 9.999798839988824906e-01
9.999953390402117614e-01 9.999908543885041023e-01 9.999887641207250155e-01 9.999911614479636279e-01 9.999962300463445253e-01 9.999917012685988205e-01 9.999896047166633162e-01 9.999943218456345262e-01 9.999935446064427413e-01 9.999928951623324735e-01
9.999850300526326174e-01 9.999938849421796672e-01 9.999886635527892587e-01 9.999899203281079618e-01 9.999957018200217318e-01 9.999887725768108471e-01 9.999909562047695211e-01 9.999888638918241757e-01 9.999869678913412274e-01 9.999964470005566763e-01
9.999964554458721233e-01 9.999942302673097139e-01 9.999954402552120314e-01 9.999651955007100579e-01 9.999966719211935695e-01 9.999923605126876947e-01 9.999857581036063481e-01 9.999906832838090232e-01 9.999952044350191027e-01 9.999868483346647796e-01
9.999955911627791405e-01 9.999900580132021766e-01 9.999931191485182946e-01 9.999947053181836853e-01 9.999867291946104020e-01 9.999886202816136160e-01 9.999899909636571493e-01 9.999883736006379698e-01 9.999905787052245643e-01 9.999943985445013395e-01
9.999935676659590378e-01 9.999949906577234593e-01 9.999856727618834373e-01 9.999817902429005700e-01 9.999933751466164589e-01 9.999310101065137513e-01 9.999922923394435337e-01 9.999934692517623569e-01 9.999932184380890821e-01 9.999530940868509576e-01
9.999867221596051570e-01 9.999952331129420280e-01 9.999936918781949791e-01 9.999940575939458842e-01 9.999813358102784822e-01 9.999922201116171472e-01 9.999872021299944791e-01 9.999932348840219198e-01 9.999925868768885229e-01 9.999856812200647038e-01
9.999886431846195523e-01 9.999887648776129012e-01 9.999901082361039029e-01 9.999935221265365826e-01 9.999927404151625066e-01 9.999920594693426645e-01 9.999923556073493369e-01 9.999797984052843924e-01 9.999934903959986077e-01 9.999966722973323563e-01
9.999849406770806581e-01 9.999885333545918131e-01 9.999925822978128487e-01 9.999960196084454189e-01 9.999944518388396153e-01 9.999945457790178072e-01 9.999948303889102386e-01 9.999930991489015542e-01 9.999911994669036241e-01 9.999949461243485827e-01
9.999877410817233914e-01 9.999967837832671735e-01 9.999862128670453654e-01 9.999882790263773247e-01 9.999911067042138724e-01 9.999935730153911573e-01 9.999903883358046697e-01 9.999842896226189826e-01 9.999071015080979175e-01 9.999896849437301949e-01
9.999775136286828126e-01 9.999870479068263540e-01 9.999898599627463636e-01 9.999930367390937880e-01 9.999964533434618774e-01 9.999945519642123859e-01 9.999930094970744809e-01 9.999903699038008575e-01 9.999943908666552028e-01 9.999936456894054082e-01
9.999950011660866389e-01 9.999867267245006186e-01 9.999806159638694458e-01 9.999922800998305439e-01 9.999849883978496612e-01 9.999879119262213845e-01 9.999838905892850516e-01 9.999900660486196191e-01 9.999609094002555043e-01 9.999929189855022438e-01
9.999957229742111320e-01 9.999879518672396550e-01 9.999720726401136739e-01 9.999788857632250227e-01 9.999932293348229306e-01 9.999829812469760437e-01 9.999937998920740423e-01 9.999937257697238957e-01 9.999590982173091058e-01 9.999863277467898603e-01
9.999928698965045992e-01 9.999629812924496486e-01 9.999944158469122879e-01 9.999942725516882680e-01 9.999912960374174320e-01 9.999378585384478546e-01 9.999869407814749867e-01 9.999913843234915500e-01 9.999942940005038805e-01 9.999756270980704187e-01
9.999845816518131425e-01 9.999796963644338454e-01 9.999774691320134634e-01 9.999930609988485486e-01 9.999950898377980568e-01 9.999954024891565263e-01 9.999924511523070603e-01 9.999904385785762795e-01 9.999680156501141726e-01 9.999895920131400828e-01
9.999887063215557870e-01 9.999907536390278961e-01 9.999955877078551270e-01 9.999907710375036674e-01 9.999831508820143933e-01 9.999940188532718821e-01 9.999918413760503499e-01 9.999958978793197506e-01 9.999871609932163841e-01 9.999951050265688535e-01
9.999916886957640472e-01 9.999951261802684233e-01 9.999930287645868443e-01 9.999930167589680119e-01 9.999959374845241999e-01 9.999920879191301903e-01 9.999834028368860261e-01 9.999967356912730088e-01 9.999866959188972171e-01 9.999922168476832463e-01
9.999944912771233652e-01 9.999860199238036484e-01 9.999954847648280243e-01 9.999950552447025576e-01 9.999949846350086879e-01 9.999898241276493627e-01 9.999869636374955073e-01 9.999904329995034091e-01 9.999933318171372321e-01 9.999898212786479945e-01
9.999862403129318178e-01 9.999961265832649771e-01 9.999863545756629835e-01 9.999821511300268639e-01 9.999959538199503228e-01 9.999598711558843611e-01 9.999889779469756101e-01 9.999844340894314954e-01 9.999801138282905510e-01 9.999950091237310712e-01
9.999917410919730854e-01 9.999895948971925241e-01 9.999869825282297064e-01 9.999872230118034278e-01 9.999864566224417883e-01 9.999935390114271794e-01 9.999841238042567193e-01 9.999914325491106037e-01 9.999842022521724383e-01 9.999895821636006765e-01
9.999941089918399362e-01 9.999909258252600575e-01 9.999837401744378074e-01 9.999952449181878089e-01 9.999759704969940488e-01 9.999910217236339660e-01 9.999897296654515211e-01 9.999835721423224744e-01 9.999906704633008125e-01 9.999959305062982029e-01
9.999947355124030324e-01 9.999895022009188672e-01 9.999953710974792687e-01 9.999888349762524609e-01 9.999921995101798133e-01 9.999897850628977070e-01 9.999597383639927672e-01 9.999713617853536185e-01 9.999910106204019655e-01 9.999865923432442738e-01
9.998895523593701595e-01 9.999963391503627896e-01 9.999868430234838401e-01 9.999858291078681516e-01 9.999782065897688810e-01 9.999900943722007662e-01 9.999815489751920916e-01 9.999953291930172572e-01 9.999964179091693772e-01 9.999950797804330049e-01
9.999939188749500385e-01 9.999828092416191971e-01 9.999859931397890866e-01 9.999402759571186516e-01 9.999932570683697231e-01 9.999939315646110272e-01 9.999931495690710381e-01 9.999875623588263540e-01 9.999857023564104885e-01 9.999946113758764188e-01
9.999946694559946891e-01 9.999908043352563336e-01 9.999822233047104270e-01 9.999812744981599888e-01 9.999933915435501586e-01 9.999960922336510460e-01 9.999909405271575347e-01 9.999628489766246853e-01 9.999905045312993401e-01 9.999794276768234624e-01
9.999965849763517989e-01 9.999953987818032131e-01 9.999959978136239158e-01 9.999878512785351781e-01 9.999876946555940060e-01 9.999951021113012706e-01 9.999662404378839575e-01 9.999936183788614708e-01 9.999833506263100524e-01 9.999895996141905385e-01
9.999881923788473959e-01 9.999923495153597575e-01 9.999834856826290697e-01 9.999898589120446157e-01 9.999920089017589886e-01 9.999820722308969678e-01 9.999946464429327886e-01 9.999954827922417078e-01 9.999929100264969284e-01 9.999944731224902350e-01
9.999966744496647797e-01 9.999940181299125097e-01 9.999851157836857629e-01 9.999977136613343864e-01 9.999800469642641243e-01 9.999964590908515527e-01 9.999915029246900788e-01 9.999876165289165453e-01 9.999920224535061575e-01 9.999893746249715054e-01
9.999929714955492210e-01 9.999860196405896406e-01 9.999899976803825474e-01 9.999965808579019955e-01 9.999867114810945257e-01 9.999963120116034387e-01 9.999718650995292890e-01 9.999834027949805471e-01 9.999762357411935421e-01 9.999935088829047247e-01
9.999886515959682809e-01 9.999856863822523811e-01 9.999903713611210110e-01 9.999891312044686398e-01 9.999861507013868556e-01 9.999846683362934030e-01 9.999952501357308732e-01 9.999936642684207344e-01 9.999944143908721106e-01 9.999260294928828952e-01
9.999919967693309264e-01 9.999911714886360325e-01 9.999864604121753153e-01 9.999915047525326228e-01 9.999816149009306265e-01 9.999927614062730230e-01 9.999876680378987359e-01 9.999871119233665340e-01 9.999890025620439271e-01 9.999950037503769762e-01
9.999938510902571798e-01 9.999897195956882756e-01 9.999887165341129203e-01 9.999869849821341194e-01 9.999833612087246637e-01 9.999815491547141555e-01 9.999862257351306294e-01 9.999863377378879203e-01 9.999901094953062008e-01 9.999935507862327544e-01
9.999810862200408934e-01 9.999946623196196427e-01 9.999962605388164061e-01 9.999863624214962998e-01 9.999671535929737232e-01 9.999756402811942335e-01 9.999913513480900296e-01 9.999825470674540417e-01 9.999934556422496179e-01 9.999917358824627067e-01
9.999880554306912472e-01 9.999956336331071727e-01 9.999959098841805227e-01 9.999958796933662297e-01 9.999936914136937638e-01 9.999946652207878373e-01 9.999961548296425473e-01 9.999930592480913427e-01 9.999936601574468398e-01 9.999837407826969171e-01
9.999974074480509900e-01 9.999940082925414808e-01 9.999896193916909537e-01 9.999931277090702286e-01 9.999921265827599326e-01 9.999922153613763909e-01 9.999876901436833831e-01 9.999922658267338393e-01 9.999895299628868139e-01 9.999929534476598159e-01
9.999960991662560916e-01 9.999933833647949299e-01 9.999947293733821851e-01 9.999383534301582444e-01 9.999950363308340862e-01 9.999962774631634410e-01 9.999953348770475037e-01 9.999932931771546851e-01 9.999914191949371700e-01 9.999932392469500497e-01
9.999937944871776230e-01 9.999967210576949928e-01 9.999820005653792254e-01 9.999850000311442111e-01 9.999415387331158644e-01 9.999937233313010987e-01 9.999922554064489821e-01 9.999895919511617715e-01 9.999926034576815947e-01 9.999881911603092366e-01
9.999680316733613461e-01 9.999627287678680698e-01 9.999915456483501330e-01 9.999892733556977609e-01 9.999909353664813150e-01 9.998488876203648346e-01 9.999788570312806435e-01 9.999704469043271260e-01 9.999813374827373202e-01 9.999852763529728517e-01
9.999877520976699907e-01 9.999942898240407052e-01 9.999806832002178236e-01 9.999957748387092726e-01 9.999898914224887303e-01 9.999936215850359078e-01 9.999642751303348120e-01 9.999909958127524146e-01 9.999878378591157135e-01 9.999931272568781671e-01
9.999927158791818149e-01 9.999953263935604797e-01 9.999568222783381533e-01 9.999496981816656804e-01 9.999941519318980010e-01 9.999958191843412170e-01 9.999936515372972456e-01 9.999942100999043015e-01 9.999933960034259606e-01 9.999577333696852977e-01
9.999890751934600308e-01 9.999693915656004961e-01 9.999945869254310837e-01 9.999907104327452334e-01 9.999924902572505658e-01 9.999888342399375629e-01 9.999920752252429157e-01 9.999885256981647652e-01 9.999941130809477663e-01 9.999781418725979254e-01
9.999913408799966374e-01 9.999944777727199918e-01 9.999945627424984274e-01 9.999963640418939592e-01 9.999950404018639327e-01 9.999948391006389103e-01 9.999903251568859064e-01 9.999899958036853054e-01 9.999935239642120388e-01 9.999949534634997583e-01
9.999872007531145357e-01 9.999905718332191551e-01 9.999924449743478050e-01 9.999948592614010812e-01 9.999806863531102152e-01 9.999857259556601541e-01 9.999911652682121899e-01 9.999122699234800349e-01 9.999937468426232101e-01 9.999855290679866560e-01
9.999910128939164533e-01 9.999946815691935775e-01 9.999884557509453042e-01 9.999948201226593891e-01 9.999918996777233948e-01 9.999946820654392887e-01 9.999822877412092303e-01 9.999932726098457181e-01 9.999888104007349510e-01 9.999938154530186862e-01
9.999919615811106999e-01 9.999703898310203787e-01 9.999900452163398290e-01 9.999918060512431595e-01 9.999428834270490674e-01 9.999934150597400428e-01 9.999842286316431572e-01 9.999762086891618162e-01 9.999917961802823330e-01 9.999921360790083869e-01
9.999834288539111160e-01 9.999856269889773053e-01 9.999910537749508999e-01 9.999653704661980447e-01 9.999867891684672827e-01 9.999970657877684799e-01 9.999512335258243789e-01 9.999810436344893638e-01 9.999944929304522834e-01 9.999949790222489865e-01
9.999879228092849459e-01 9.999942581180387702e-01 9.999957894206370490e-01 9.999931005157262076e-01 9.999970472737197413e-01 9.999948690725664058e-01 9.999942591857432506e-01 9.999854539389926300e-01 9.999953512286559043e-01 9.999899574732200591e-01
9.999862608067956460e-01 9.999951242569264931e-01 9.999751363280441341e-01 9.999963058948736494e-01 9.999924222655648398e-01 9.999701633373110354e-01 9.999915778231638352e-01 9.999794222392236476e-01 9.999898122113668464e-01 9.999963943064587024e-01
