9.999670440605195054e-01 9.999809074019430088e-01 9.999601196636965783e-01 9.999814307919209222e-01 9.999744003149408922e-01 9.999778805634739198e-01 9.999678623150969337e-01 9.999464302875694655e-01 9.999660238120460232e-01 9.999645355050869044e-01
9.999753621059893627e-01 9.999361120514306256e-01 9.999642850670070748e-01 9.999673829143390646e-01 9.999617501188602375e-01 9.999782343103299498e-01 9.999628903033115357e-01 9.999729451564620675e-01 9.999643959636471680e-01 9.999673535413446945e-01
9.999737365462793015e-01 9.999484458529654951e-01 9.999753746879607164e-01 9.999608119847696042e-01 9.999020198056955966e-01 9.999838065354005323e-01 9.999855447433331213e-01 9.999628217145577480e-01 9.999727281818555635e-01 9.999706318901284696e-01
9.999397528876822205e-01 9.999829300739477844e-01 9.999700896460412824e-01 9.999725049591411397e-01 9.999783661128762713e-01 9.999668103493073446e-01 9.999477191400917286e-01 9.999811527664022037e-01 9.999692156121832154e-01 9.999456660188670298e-01
9.999602537652637624e-01 9.999776161141559205e-01 9.999629832885779113e-01 9.999649696512936670e-01 9.999638187612895912e-01 9.999631778656296044e-01 9.999402023266994455e-01 9.999766482069062379e-01 9.999798132023768327e-01 9.999706451570673504e-01
9.999663276071127926e-01 9.999735621550445153e-01 9.999798456975682592e-01 9.999613965387050829e-01 9.999448490942297596e-01 9.999686635723181727e-01 9.999639981654323551e-01 9.999563212351593178e-01 9.999604616781893052e-01 9.999720464815807786e-01
9.999794408117118616e-01 9.999788264236870727e-01 9.999665606387075911e-01 9.999677033827856221e-01 9.999877442040859821e-01 9.999681666305042516e-01 9.999561038995098405e-01 9.999640002438312525e-01 9.999548865401387543e-01 9.999808325925938490e-01
9.999740070110456625e-01 9.999587195911258108e-01 9.999691666719232597e-01 9.999711871054924872e-01 9.999879717363231446e-01 9.999766605590358903e-01 9.999773851649779166e-01 9.999809784773934229e-01 9.999857501096962586e-01 9.999726023052513124e-01
9.999697444532498203e-01 9.999731544842630493e-01 9.999775647509628884e-01 9.999609493856791431e-01 9.999613233997715067e-01 9.999421265063013209e-01 9.999860741777123474e-01 9.999593764640616333e-01 9.999808010897993649e-01 9.999494507317835401e-01
9.999541584332355404e-01 9.999799471411459084e-01 9.999810792871478560e-01 9.999565242489560912e-01 9.999791729362519366e-01 9.999508057117668658e-01 9.999816981398853555e-01 9.999815485696721407e-01 9.999593755359820202e-01 9.999683415991613700e-01
9.999492309685621416e-01 9.999750064952340756e-01 9.999776352090105069e-01 9.999760865088661577e-01 9.999309547355146321e-01 9.999635537985915867e-01 9.999789457398905457e-01 9.999531287619329856e-01 9.999748894766598006e-01 9.999751044008460266e-01
9.999373099574402346e-01 9.999619678423333768e-01 9.999820431086551276e-01 9.999749843557250717e-01 9.999832767280724122e-01 9.999511493637582848e-01 9.999583494443217146e-01 9.999680846906130460e-01 9.999826890533267676e-01 9.999631213898318993e-01
9.999788294099518637e-01 9.999607629838294098e-01 9.999649852765333247e-01 9.999705539411500865e-01 9.999649731398622121e-01 9.999575886513635270e-01 9.999813471874865467e-01 9.999737619125329546e-01 9.999594467889301175e-01 9.999571022199050807e-01
9.999407523158614364e-01 9.999660329309895124e-01 9.999559046614510116e-01 9.999503568006331555e-01 9.999875079427812397e-01 9.999670702241024722e-01 9.999485054081878044e-01 9.999721114555218948e-01 9.999607325040755779e-01 9.999728455676449856e-01
9.999745347636974646e-01 9.999817311566763234e-01 9.999624207205207727e-01 9.999724974636586827e-01 9.999850514223150855e-01 9.999619922502106517e-01 9.999835734585108549e-01 9.999533422503921187e-01 9.999358575022813111e-01 9.999728581133658922e-01
9.999678378688011682e-01 9.999714299853152966e-01 9.999634793208681538e-01 9.999820799543696070e-01 9.999612150332165550e-01 9.999529160787917759e-01 9.999465426319842365e-01 9.999595649913486373e-01 9.999647237027100566e-01 9.999759695463039666e-01
9.999865048241614041e-01 9.999090623509704345e-01 9.999585460740396670e-01 9.999670655778762907e-01 9.999906719181009818e-01 9.999789317654645959e-01 9.999623285731950029e-01 9.999545802789686633e-01 9.999657560815414792e-01 9.999842036257335920e-01
9.999828845313125658e-01 9.999633595898610450e-01 9.999658301390521586e-01 9.999740324338762809e-01 9.999502709356846708e-01 9.999775671679604905e-01 9.999788849741647612e-01 9.999601218729632368e-01 9.999635336754886250e-01 9.999649967968449182e-01
9.999821925399124956e-01 9.999654392469355946e-01 9.999624215181419640e-01 9.999659094269774950e-01 9.999837506324038561e-01 9.999626217857822130e-01 9.999829976965952660e-01 9.999479259274447474e-01 9.999913474325019536e-01 9.999823742540554505e-01
9.999662816914057784e-01 9.999779198850423656e-01 9.999748192690259829e-01 9.999692216462020555e-01 9.999351147122449435e-01 9.999593135428523905e-01 9.999830169179978467e-01 9.999872563300421513e-01 9.999719116475634939e-01 9.999782263767919011e-01
9.999442331191422673e-01 9.999699469270616481e-01 9.999722088521610930e-01 9.999693129742770470e-01 9.999669353279885264e-01 9.999590110216054484e-01 9.999793474967783036e-01 9.999791009260547980e-01 9.999605932073387660e-01 9.999459543014586060e-01
9.999766705725570137e-01 9.999874480215427131e-01 9.999464760434695343e-01 9.999800441587860522e-01 9.999762449326180525e-01 9.999805734492187570e-01 9.999683306640910763e-01 9.999580134842573909e-01 9.999463795496044138e-01 9.999733933745322823e-01
9.999725692734711124e-01 9.999791247630444024e-01 9.999466900109568179e-01 9.999497156778083262e-01 9.999767185595297425e-01 9.999779157204831126e-01 9.999585374321624531e-01 9.999612753409886645e-01 9.999720132241282089e-01 9.999784037924810409e-01
9.999738086406182447e-01 9.999402290401058213e-01 9.999778676136050759e-01 9.999759550054865276e-01 9.999688518005075410e-01 9.999692704700715584e-01 9.999728244537609001e-01 9.999717144881962172e-01 9.999735600594819029e-01 9.999762816848387637e-01
9.999741326992674928e-01 9.999508503669722881e-01 9.999831551532120111e-01 9.999732600385684567e-01 9.999477816838094890e-01 9.999637104091849693e-01 9.999696898630117126e-01 9.999538250842679998e-01 9.999767423617401674e-01 9.999794712149572273e-01
9.999753444080707876e-01 9.999803707731385050e-01 9.999463633088906400e-01 9.999325356897625916e-01 9.999089315058609095e-01 9.999586441240690959e-01 9.999736638177517678e-01 9.999391701151252310e-01 9.999715880928424783e-01 9.999617889894762968e-01
9.999675510853914817e-01 9.999570618790041276e-01 9.999679704081295695e-01 9.999695898301494967e-01 9.999561540101267187e-01 9.999577086180089225e-01 9.999723038365427863e-01 9.999801464774666915e-01 9.999711079213635667e-01 9.999658445519774563e-01
9.999865046297558013e-01 9.999492256894109143e-01 9.999630410185866847e-01 9.999809445165006583e-01 9.999627548599865356e-01 9.999643090033705217e-01 9.999777766534220236e-01 9.999725251869454601e-01 9.999386571596183826e-01 9.999822194911832662e-01
9.999715601697927170e-01 9.999761931952451111e-01 9.999682829651481697e-01 9.999699246422179000e-01 9.999561505453461452e-01 9.999560244002598797e-01 9.999726203225623999e-01 9.999470922836890541e-01 9.999604560995247748e-01 9.999792197302880270e-01
9.999814601085247334e-01 9.999617470323094448e-01 9.999553150184143924e-01 9.999444696664846477e-01 9.999789282718509753e-01 9.999274150197027256e-01 9.999709063117462327e-01 9.999553398337361898e-01 9.999619213474554291e-01 9.999759505143274163e-01
9.999720490225597613e-01 9.999474484016752651e-01 9.999656719120684212e-01 9.999551451410236824e-01 9.999874347370039107e-01 9.999785280927461217e-01 9.999623774487820249e-01 9.999650099667702907e-01 9.999784800312303545e-01 9.999618997891313033e-01
9.999816082207756418e-01 9.999444951251877933e-01 9.999728190548026197e-01 9.999803386023689011e-01 9.999604008051220516e-01 9.999697136066236780e-01 9.999633005747695647e-01 9.999567038523161644e-01 9.999741585973278557e-01 9.999810830616938651e-01
9.999722282791405625e-01 9.999495425607469734e-01 9.999723698924388726e-01 9.999886543299313368e-01 9.999238316906883250e-01 9.999777185404911117e-01 9.999651332248572499e-01 9.999752394865711880e-01 9.999724429260835601e-01 9.999662180720439997e-01
9.999660810676080924e-01 9.999794771267500604e-01 9.999625665173436095e-01 9.999687480055061695e-01 9.999620243241155171e-01 9.999791135971933809e-01 9.999778434030333063e-01 9.999694962233240947e-01 9.999644598005146268e-01 9.999564577822506184e-01
9.999606322585546936e-01 9.999708656838151022e-01 9.999415347005603527e-01 9.999520157353016803e-01 9.999817080801736147e-01 9.999856682597916269e-01 9.999890830597550906e-01 9.999842779690343297e-01 9.999693162930373136e-01 9.999623873383044481e-01
9.999648616579169813e-01 9.999675386675506150e-01 9.999467280105616140e-01 9.999688533796806666e-01 9.999570571944986774e-01 9.999760890681456127e-01 9.999560139307310802e-01 9.999750830778568744e-01 9.999803907877516940e-01 9.999642450700516605e-01
9.999726595273622509e-01 9.999711970284491658e-01 9.999715486056081071e-01 9.999603147211399978e-01 9.999743935969812592e-01 9.999761532876320080e-01 9.999830475354195558e-01 9.999801501659102421e-01 9.999763675472695956e-01 9.999836345020204353e-01
9.999851254911259479e-01 9.999741736387601776e-01 9.999773112570707889e-01 9.999550505081410412e-01 9.999775363240078763e-01 9.999790383986359998e-01 9.999775384996828498e-01 9.999632000041392965e-01 9.999567937392277450e-01 9.999651441316901312e-01
9.999749408330413925e-01 9.999700043427928176e-01 9.999783481805728513e-01 9.999549685162738566e-01 9.999771283411903466e-01 9.999531824501884936e-01 9.999804384317797501e-01 9.999866350846954299e-01 9.999741990134183300e-01 9.999797399870747894e-01
9.999526796587202560e-01 9.999667797512854506e-01 9.999479467613086037e-01 9.999506779385761712e-01 9.999395307875268424e-01 9.999543700108950439e-01 9.999509277839343513e-01 9.999614607098173957e-01 9.999821166386358984e-01 9.999720748831130157e-01
9.999724568151919790e-01 9.999511922955242049e-01 9.999528313624946874e-01 9.999399712510895766e-01 9.999616826932782310e-01 9.999621295564198320e-01 9.999447544524038278e-01 9.999694383649364582e-01 9.999046916209135549e-01 9.999662896066886519e-01
9.999756547758705816e-01 9.999833736927553618e-01 9.999422364095319482e-01 9.999708166883934934e-01 9.999919208772710677e-01 9.999462707326473021e-01 9.999637774513717714e-01 9.999503340385882399e-01 9.999677986112579520e-01 9.999659303862232784e-01
9.999786695470299636e-01 9.999616654145111472e-01 9.999853309697056547e-01 9.999656712544708892e-01 9.999590823019403052e-01 9.999849786614124492e-01 9.999560135084810675e-01 9.999830925006417681e-01 9.999661607651249007e-01 9.999751997096756329e-01
9.999617196780685724e-01 9.999463701446734687e-01 9.999621343318123579e-01 9.999510158941339322e-01 9.999735492364493217e-01 9.999632379632460433e-01 9.999512724325182456e-01 9.999838607176063654e-01 9.999770439368950159e-01 9.999777096635267259e-01
9.999672306987358317e-01 9.999770941551732184e-01 9.999667489799390907e-01 9.999705586206694141e-01 9.999735755722013453e-01 9.999598314584909886e-01 9.999763931774159342e-01 9.999859268965446413e-01 9.999816369620690981e-01 9.999643352367034721e-01
9.999366836839318484e-01 9.999640536536571478e-01 9.999676706580282737e-01 9.999601509885219786e-01 9.999557861695781424e-01 9.999787371929586000e-01 9.999366875165526247e-01 9.999851085239015447e-01 9.999799244954071797e-01 9.999528210449656340e-01
9.999416470845424731e-01 9.999856042064809714e-01 9.999763744634871943e-01 9.999637393733047386e-01 9.998936529218581670e-01 9.999721424892805688e-01 9.999402820999345742e-01 9.999678541757315298e-01 9.999632112044717358e-01 9.999481797312387288e-01
9.999735006798349257e-01 9.999719520693922670e-01 9.999807962237652337e-01 9.999669059009002048e-01 9.999603433422665777e-01 9.999748087598493429e-01 9.999635839273282034e-01 9.999559439394859472e-01 9.999681259206687489e-01 9.999704628685224250e-01
9.999694756748583879e-01 9.999741803071504620e-01 9.999724141876558114e-01 9.999604466711597972e-01 9.999712473708037841e-01 9.999232856405722014e-01 9.999752266307232462e-01 9.999796072208598785e-01 9.999661014372628332e-01 9.999603967334521615e-01
9.999759111186915517e-01 9.999733153553375109e-01 9.999610636367237682e-01 9.999674507928271172e-01 9.999677106415207906e-01 9.999542959038472123e-01 9.999511925629067655e-01 9.999819840772729007e-01 9.999590334066622566e-01 9.999588904521861110e-01
9.999568834177382515e-01 9.999667077990861408e-01 9.999775694095212053e-01 9.999741750393381645e-01 9.999796276869400424e-01 9.999490112695472721e-01 9.999790974722425618e-01 9.999234433742815176e-01 9.999716335729946781e-01 9.999711612320634213e-01
9.999459004618553859e-01 9.999592002173184335e-01 9.999807963349809370e-01 9.999770154099858477e-01 9.999841013108643484e-01 9.999773632709747506e-01 9.999811067575010703e-01 9.999482371482928400e-01 9.999715030242384284e-01 9.999759185520792348e-01
9.999877693117720234e-01 9.999674324813728754e-01 9.999566194750186821e-01 9.999657039338052389e-01 9.999787829390499594e-01 9.999739143533949992e-01 9.999754820837175595e-01 9.999649982943741300e-01 9.999477320003994363e-01 9.999750784473160348e-01
9.999508988853961222e-01 9.999555681161219622e-01 9.999427341006514869e-01 9.999593163291348175e-01 9.999706782726414112e-01 9.999841859208482564e-01 9.999881373735824974e-01 9.999854288695478877e-01 9.999462744538624159e-01 9.999755091846573851e-01
9.999390045656644244e-01 9.999782656042175422e-01 9.999718611607811836e-01 9.999533585373296951e-01 9.999767892600525121e-01 9.999678269311844669e-01 9.999684048708359363e-01 9.999599567874014605e-01 9.999627697997615083e-01 9.999748646109812844e-01
9.999810583906895145e-01 9.999584163972325968e-01 9.999822813404114497e-01 9.999811213473598359e-01 9.999610635062999853e-01 9.999765236410196323e-01 9.999635214670085093e-01 9.999773015520325714e-01 9.999652516340428177e-01 9.999610435184730362e-01
9.999596850319982799e-01 9.999742104027852241e-01 9.999714889832064246e-01 9.999746809391633073e-01 9.999825314919830177e-01 9.999364053308074096e-01 9.999808107204896102e-01 9.999512975454387664e-01 9.999707240217724502e-01 9.999655096755322159e-01
9.999753908042802175e-01 9.999717011972996117e-01 9.999700616430744482e-01 9.999610293529300753e-01 9.999339733929175633e-01 9.999745230921427419e-01 9.999403742715381460e-01 9.999702453230117083e-01 9.999752158922345924e-01 9.999782842268889471e-01
9.999763168901283361e-01 9.999785090195798531e-01 9.999768102040035300e-01 9.999831732592361355e-01 9.999806209492356768e-01 9.999739450298588128e-01 9.999722734793634604e-01 9.999652990863011626e-01 9.999587214726078921e-01 9.999698824472234016e-01
9.999706884019042841e-01 9.999664419896620027e-01 9.999556952939737675e-01 9.999759110198687129e-01 9.999764249492911761e-01 9.999821673530129296e-01 9.999609557874213905e-01 9.999802736098256650e-01 9.999574117482168401e-01 9.999401794645667030e-01
9.999671524640053599e-01 9.999553117794097723e-01 9.999695666234226232e-01 9.999915987093916936e-01 9.999703250499545337e-01 9.999615936896829593e-01 9.999564011944181985e-01 9.999566449214152275e-01 9.999756204491572209e-01 9.999412182332836352e-01
9.999703248002511646e-01 9.999664450198871846e-01 9.999219872988235336e-01 9.999488492489763125e-01 9.999690279613683286e-01 9.999611996497281829e-01 9.999768836763980318e-01 9.999762265032788866e-01 9.999732465583370811e-01 9.999656575507390732e-01
9.999623002621125245e-01 9.999719461988340052e-01 9.999424937087032506e-01 9.999716713951781744e-01 9.999667058242365236e-01 9.999588330336953712e-01 9.999711196213212361e-01 9.999653624588378253e-01 9.999603500375170428e-01 9.999732084598204063e-01
9.999740617634308437e-01 9.999669670334341287e-01 9.999654062909909547e-01 9.999822667320757974e-01 9.999805104702705894e-01 9.999693482956503177e-01 9.999410276669473685e-01 9.999774120562862079e-01 9.999577235162012689e-01 9.999659141037373633e-01
9.999663760308649119e-01 9.999795240204323310e-01 9.999626696255898839e-01 9.999776055754713289e-01 9.999909107132067820e-01 9.999562950533561478e-01 9.999648177238311675e-01 9.999898613301256844e-01 9.999602810018480836e-01 9.999648613142145814e-01
9.999710998086785985e-01 9.999428718817405803e-01 9.999613364922450565e-01 9.999468819735419789e-01 9.999698347097090156e-01 9.999529594020826195e-01 9.999697619486395128e-01 9.999484845603292538e-01 9.999418437511421454e-01 9.999684545803348978e-01
9.999787812003450016e-01 9.999734468677951016e-01 9.999749311721098932e-01 9.999287020758504951e-01 9.999655839618278863e-01 9.999849520713302020e-01 9.999803911356351938e-01 9.999818797957328309e-01 9.999801025870724835e-01 9.999665732566684895e-01
9.999753034570776355e-01 9.999602541270291578e-01 9.999801888111643500e-01 9.999753062008669424e-01 9.999485659183260378e-01 9.999771836614353981e-01 9.999629933670737270e-01 9.999700475084709606e-01 9.999661648419491122e-01 9.999646578009220299e-01
9.999756778500793475e-01 9.999681807201556971e-01 9.999683421166967179e-01 9.999555025760986648e-01 9.999772390839481995e-01 9.999577675763299256e-01 9.999665419227432572e-01 9.999516504263183947e-01 9.999776716070921667e-01 9.999856743695865191e-01
9.999666328866766429e-01 9.999758125435261880e-01 9.999620431583321478e-01 9.999576187010003059e-01 9.999101545960379367e-01 9.999496520462345384e-01 9.999822473961637037e-01 9.999813063729806606e-01 9.999774833327359502e-01 9.999795725848971140e-01
9.999849299678923442e-01 9.999490170606811779e-01 9.999833393338785070e-01 9.999582498987248380e-01 9.999786879082930291e-01 9.999680077381848387e-01 9.999698063511878177e-01 9.999741163899427132e-01 9.999794188020705299e-01 9.999440674690596165e-01
9.999645296051153931e-01 9.999631014717230704e-01 9.999512106667604039e-01 9.999462288341063321e-01 9.999601394183531555e-01 9.999707248463441944e-01 9.999768765124354974e-01 9.999757688038113379e-01 9.999673830786554030e-01 9.999768791552132718e-01
9.999415478372081223e-01 9.999729258326860437e-01 9.999578500200964060e-01 9.999759619332448946e-01 9.999589477986863262e-01 9.999410095970786561e-01 9.999918910274573358e-01 9.999738979354243495e-01 9.999711667647522839e-01 9.999839648508704881e-01
9.999767014637637175e-01 9.999756739794528615e-01 9.999647313728566855e-01 9.999652921542586670e-01 9.999786535592889436e-01 9.999630539765823611e-01 9.999699276577331819e-01 9.999600414221158085e-01 9.999713126915437122e-01 9.999481375879565315e-01
9.999682280125481437e-01 9.999650520550071864e-01 9.999793589226906310e-01 9.999657851760888061e-01 9.999812226822850647e-01 9.999553438094415103e-01 9.999689869962186117e-01 9.999786858824654123e-01 9.999753689703736459e-01 9.999608415814338347e-01
9.999670192451869388e-01 9.999834603885159323e-01 9.999770059885602080e-01 9.999789748310146109e-01 9.999390324877126535e-01 9.999690966632636124e-01 9.999889678246374203e-01 9.999670907302657952e-01 9.999746617841119845e-01 9.999859449839488823e-01
9.999412491193474528e-01 9.999740640371345135e-01 9.999575521309083115e-01 9.999755111519882389e-01 9.999705406863339530e-01 9.999896352139659994e-01 9.999362878664441734e-01 9.999820774259561285e-01 9.999715664506995116e-01 9.999642197663949350e-01
9.999578546522563949e-01 9.999714925323704984e-01 9.999747159391233486e-01 9.999444190200800220e-01 9.999654985601768020e-01 9.999487964106842375e-01 9.999803427651708931e-01 9.999764648340605522e-01 9.999566501090343396e-01 9.999639131858233387e-01
9.999782500883546144e-01 9.999556367440662896e-01 9.999590494338062019e-01 9.999560740905447664e-01 9.999798572453196810e-01 9.999661411912457165e-01 9.999796382731469535e-01 9.999866798497750731e-01 9.999780830094666673e-01 9.999635021277007985e-01
9.999525412381164990e-01 9.999565888744478270e-01 9.999704250537682082e-01 9.999669130910340265e-01 9.999610712028242920e-01 9.999746022191320360e-01 9.999838157399637550e-01 9.999683919033822699e-01 9.999641957664667791e-01 9.999461727938937505e-01
9.999867294454387601e-01 9.999638444732894538e-01 9.999689116191117222e-01 9.999368853882869557e-01 9.999425336921924368e-01 9.999596443971519033e-01 9.999846381458817879e-01 9.999820084730094427e-01 9.999674865018000069e-01 9.999742893223620976e-01
9.999691164238603269e-01 9.999627925902638825e-01 9.999727388336270284e-01 9.999793910433266708e-01 9.999555111628114501e-01 9.999328871158907894e-01 9.999576812010047000e-01 9.999345961587277065e-01 9.999554448633519721e-01 9.999611582243238539e-01
9.999774891231453244e-01 9.999912128257959498e-01 9.999575401294826804e-01 9.999643290354073288e-01 9.999636095692201465e-01 9.999600375484615222e-01 9.999398395006646734e-01 9.999166803245701507e-01 9.999830887796605783e-01 9.999615403981713113e-01
9.999280056441470776e-01 9.999408934901210522e-01 9.999897444421381731e-01 9.999730652277187826e-01 9.999580843473735436e-01 9.999843302893077768e-01 9.999862046467512533e-01 9.999422010184498832e-01 9.999796327568609700e-01 9.999575791540850078e-01
9.999589747922396077e-01 9.999678634178648107e-01 9.999616180909700613e-01 9.999755817484416998e-01 9.999471317217567545e-01 9.999708646941962709e-01 9.999476478811498703e-01 9.999661734453360040e-01 9.999692505405216592e-01 9.999462353904238210e-01
9.999707402129857092e-01 9.999781809319723269e-01 9.999663371676650314e-01 9.999800058129645342e-01 9.999681519709229249e-01 9.999809805061667944e-01 9.999676096867740061e-01 9.999745977719772805e-01 9.999599479891900788e-01 9.999293194404880181e-01
9.999520307492799631e-01 9.999748434148252318e-01 9.999639586395699942e-01 9.999502903300140355e-01 9.999484648820999855e-01 9.999519981788366207e-01 9.999717459033738987e-01 9.999822479649441709e-01 9.999701785187691261e-01 9.999751062770851906e-01
9.999710494717540810e-01 9.999363376083081345e-01 9.999614662289956213e-01 9.999785920406644157e-01 9.999282235752514625e-01 9.999696086315100763e-01 9.999614720364381482e-01 9.999446973429207963e-01 9.999903151436222437e-01 9.999622657260155423e-01
9.999579702793872649e-01 9.999625077438399900e-01 9.999539147940147421e-01 9.999781064396253694e-01 9.999513158174582195e-01 9.999667181248674819e-01 9.999673707431478986e-01 9.999575131291033037e-01 9.999659324371287239e-01 9.999726214264924584e-01
9.999454749711833568e-01 9.999575185999840521e-01 9.999764760850112788e-01 9.999840845541551060e-01 9.999840670395644393e-01 9.999887765506049186e-01 9.999757291823647698e-01 9.999844148892199636e-01 9.999742541766817316e-01 9.999588078890899734e-01
9.999575866561873916e-01 9.999748940937780439e-01 9.999791163399094351e-01 9.999836923315431614e-01 9.999418975108194108e-01 9.999883904231907650e-01 9.999419665060846896e-01 9.999714365363679969e-01 9.999442640786241343e-01 9.999811355046503980e-01
9.999913903236602453e-01 9.999784161716684938e-01 9.999833145473286944e-01 9.999605966849774985e-01 9.999658710269677675e-01 9.999669363171805880e-01 9.999497230182301521e-01 9.999500775228583604e-01 9.999822333952952391e-01 9.999413286989791150e-01
9.999545591568088643e-01 9.999620299794795830e-01 9.999644159938128052e-01 9.999842030643217861e-01 9.999738150278140170e-01 9.999746828210912541e-01 9.999579239998165336e-01 9.999733584032735045e-01 9.999639528916861586e-01 9.999774210822670595e-01
9.999764027397080035e-01 9.999740473075999780e-01 9.999541683135799719e-01 9.999746500313209108e-01 9.999749890474214364e-01 9.999726967168640623e-01 9.999746727635943078e-01 9.999596459782246205e-01 9.999767278684147387e-01 9.999790101968246692e-01
9.999895033332603100e-01 9.999893814351653587e-01 9.999739191193859345e-01 9.999821816094567328e-01 9.999754460141033752e-01 9.999474433869445233e-01 9.999436096198761614e-01 9.999619781296459342e-01 9.999768817430091383e-01 9.999592864039232865e-01
9.999556851514275202e-01 9.999794483631623265e-01 9.999607365889151556e-01 9.999730494935282765e-01 9.999619909736616741e-01 9.999820560577346029e-01 9.999707867977939424e-01 9.999718746136004865e-01 9.999519941820499414e-01 9.999692509619452219e-01
9.999589736938929718e-01 9.999628468737655762e-01 9.999778716101891396e-01 9.999751902118261260e-01 9.999726610600190302e-01 9.999651725665557045e-01 9.999713090101424173e-01 9.999811314271143114e-01 9.999440788318909590e-01 9.999860575660814987e-01
9.999302592294299075e-01 9.999458255604148915e-01 9.999679249467853248e-01 9.999718974339114608e-01 9.999806244217196438e-01 9.999865954564695070e-01 9.999413033653590244e-01 9.999819130831349989e-01 9.999839179124172528e-01 9.999748760920041946e-01
9.999531001731826185e-01 9.999552187851088458e-01 9.999655481832196990e-01 9.999722207301399157e-01 9.999760161187384311e-01 9.999590106679475676e-01 9.999705952300173006e-01 9.999675817412750911e-01 9.999613321783588082e-01 9.999427984275669479e-01
9.999772456601171422e-01 9.999700279307446316e-01 9.999608207150426642e-01 9.999687360907165701e-01 9.999776630753872686e-01 9.999579896002637192e-01 9.999581359671046998e-01 9.999787098808865515e-01 9.999872712856089363e-01 9.999845346454080408e-01
