9.998987222931956520e-01 9.999196220984611916e-01 9.998777909242235751e-01 9.998767884830136454e-01 9.998867531017451293e-01 9.998996770141808099e-01 9.998752199607086055e-01 9.999100984965459959e-01 9.999013918825865321e-01 9.998796999472139291e-01
9.998424433374417664e-01 9.998852710690599999e-01 9.999000319865589681e-01 9.998826033114630585e-01 9.998851479127548458e-01 9.998618274604778033e-01 9.998890413741777783e-01 9.998782424035786986e-01 9.998953496545334163e-01 9.998483931421686677e-01
9.998799600573528013e-01 9.998708448825592843e-01 9.998896490082520572e-01 9.999005730419733284e-01 9.998657955641624406e-01 9.999069303134795472e-01 9.998810237695996417e-01 9.998817265492923045e-01 9.999017006232033822e-01 9.998891790118935585e-01
9.998803948976817679e-01 9.998791748816505676e-01 9.999027457047777734e-01 9.998885137367107268e-01 9.999000754269592450e-01 9.998705837528216733e-01 9.998589479692556736e-01 9.998811925494217601e-01 9.999073312675944569e-01 9.998865925569238033e-01
9.998592924015561323e-01 9.999050251272377787e-01 9.998802790767514770e-01 9.999022939946794475e-01 9.998998410052696295e-01 9.998879654899550662e-01 9.998796634650041204e-01 9.999020763805709366e-01 9.999063898158343511e-01 9.998792691042627245e-01
9.998273891841995553e-01 9.998896127082238516e-01 9.998939921729143032e-01 9.999001717385228583e-01 9.998772971214877625e-01 9.998621616770320131e-01 9.998702450952806631e-01 9.999150257528259811e-01 9.998752956179215445e-01 9.998893248937402722e-01
9.998898300488989754e-01 9.998760581431789252e-01 9.998894191648305396e-01 9.998835602801344757e-01 9.998794075865126141e-01 9.999119763002319861e-01 9.998902321566253137e-01 9.998912170321738735e-01 9.999139777062080459e-01 9.999009975891756108e-01
9.998441529297409369e-01 9.998950225319449547e-01 9.999068175177712181e-01 9.998884145221869080e-01 9.998920654317101642e-01 9.998681306491489229e-01 9.998902455389294675e-01 9.998877023106955697e-01 9.998752330918678766e-01 9.998640896657989829e-01
9.998857019326986562e-01 9.999101007203526903e-01 9.998768869301909445e-01 9.998498887594331475e-01 9.998855928253760350e-01 9.999017527295674945e-01 9.998491130162352469e-01 9.998656265064156390e-01 9.998806982517045583e-01 9.998878312049089834e-01
9.998690776140238823e-01 9.998952643110502470e-01 9.998883900882072906e-01 9.998928782099354429e-01 9.998830881457839714e-01 9.998815892642584080e-01 9.999078725963592706e-01 9.998768799907384874e-01 9.998885034984550391e-01 9.999165590469502041e-01
9.998816025015380138e-01 9.998868312482075416e-01 9.998746142829022521e-01 9.998749029533877675e-01 9.998691193164903623e-01 9.998614318949790025e-01 9.999016719132289843e-01 9.998738828584798899e-01 9.998838902208463386e-01 9.998825882180074620e-01
9.998626647643769072e-01 9.998736875714180350e-01 9.998682157821524585e-01 9.998690404983403557e-01 9.998771568196779258e-01 9.998950978789804545e-01 9.998754813762577021e-01 9.998650244974858214e-01 9.998865936278983346e-01 9.998992148697252169e-01
9.998930603378807236e-01 9.998941047119981329e-01 9.998675103664939057e-01 9.998431066359904085e-01 9.998969121053035147e-01 9.999122766021926179e-01 9.999160288106133665e-01 9.998806759462324223e-01 9.998725303691048394e-01 9.998953289159416835e-01
9.999098355645226199e-01 9.999011898437419887e-01 9.998597499570284208e-01 9.998906035821919502e-01 9.998828957410780260e-01 9.998840513284218412e-01 9.998822670652380840e-01 9.998896577060613078e-01 9.998845993770651974e-01 9.998744238181903610e-01
9.998817928174675851e-01 9.999072364320443773e-01 9.998853182932723183e-01 9.999029317526036964e-01 9.999174159161126063e-01 9.999049511249646915e-01 9.999059259354502460e-01 9.998820665917643735e-01 9.998782514414471523e-01 9.998762352029547662e-01
9.999083573056514185e-01 9.998730905360528887e-01 9.998769706143761926e-01 9.998725096217476738e-01 9.998666053432488932e-01 9.998371735777505931e-01 9.998935000266362394e-01 9.999001321370413198e-01 9.998740488210092758e-01 9.998780070193018510e-01
9.998673071406781743e-01 9.998513147708479876e-01 9.998606570356737278e-01 9.998871064603699343e-01 9.998908633550672720e-01 9.998971518495799460e-01 9.998755118842775902e-01 9.998878586772038668e-01 9.998626887038397637e-01 9.998966420555095436e-01
9.998768863991402966e-01 9.998682806800524014e-01 9.998645785031807787e-01 9.998813413232627845e-01 9.998746067352043410e-01 9.998481247618061785e-01 9.998860371150607440e-01 9.998493718944737596e-01 9.999201648982354307e-01 9.999030939609447888e-01
9.998863037762847350e-01 9.998957174538046777e-01 9.998910299396969181e-01 9.998956961628893136e-01 9.998998891056600780e-01 9.998488053125281771e-01 9.998601103792446043e-01 9.998917588338909201e-01 9.998839354788128242e-01 9.998735068525571590e-01
9.998784426569206074e-01 9.998761684229046098e-01 9.998868480326152941e-01 9.998877699315885659e-01 9.999079597191095070e-01 9.999004046228464615e-01 9.998906863165496484e-01 9.998956635914590940e-01 9.998782600270889054e-01 9.998872163946892488e-01
9.998830361047685855e-01 9.998775647328890237e-01 9.998680164053402875e-01 9.998834649963530552e-01 9.998514786320092940e-01 9.998400144393633227e-01 9.998939369292227930e-01 9.998778655524743764e-01 9.998823219212218394e-01 9.998855321041840716e-01
9.998810621709516289e-01 9.998865750199080749e-01 9.998660204984883837e-01 9.998560791590738184e-01 9.998740224687232558e-01 9.999056084114930076e-01 9.999160604477812520e-01 9.998830845247764776e-01 9.998682862593205600e-01 9.998649019153265094e-01
9.998891589920759770e-01 9.998717518118039882e-01 9.998828930124168402e-01 9.998578044477223203e-01 9.998942756165769552e-01 9.998678813922925457e-01 9.998972522773136307e-01 9.998756855939227028e-01 9.998643598793565124e-01 9.999167980276599810e-01
9.998703817651708459e-01 9.998792590406402336e-01 9.998822272469229944e-01 9.998716146146841011e-01 9.999054141877434798e-01 9.998546356163356963e-01 9.998851057054026770e-01 9.998792282673275578e-01 9.998892053310785011e-01 9.999034930790789977e-01
9.998861667480556381e-01 9.999117262956068730e-01 9.998759840458264492e-01 9.999052006936630654e-01 9.998942885710337958e-01 9.998901590025865982e-01 9.998908507705108750e-01 9.998688137696273293e-01 9.998943692147970186e-01 9.999132353671652540e-01
9.998794089615764547e-01 9.998716502091359315e-01 9.998938115364635060e-01 9.998896332225513106e-01 9.998931635509219484e-01 9.998896808678938708e-01 9.998986141563871444e-01 9.998974103090881860e-01 9.998915329214560499e-01 9.998833603401966474e-01
9.998933388050865734e-01 9.998541211686171604e-01 9.998918315685730862e-01 9.998646100954887705e-01 9.998834024742530024e-01 9.999039845600894427e-01 9.998870638596097926e-01 9.998926284188660585e-01 9.998899885982748259e-01 9.998893969422995021e-01
9.999008162785429921e-01 9.998849914293579388e-01 9.999054312407998912e-01 9.998645220521477084e-01 9.998503406870760113e-01 9.998620563708264797e-01 9.999095095524864751e-01 9.999096897277802709e-01 9.998754012481434472e-01 9.998715414130134871e-01
9.998879486859355570e-01 9.998677481051202465e-01 9.998758565973900891e-01 9.998935164997645453e-01 9.999224941456010818e-01 9.998899971192920511e-01 9.998802519546762246e-01 9.998835925859412832e-01 9.998986995386466292e-01 9.998659956211684019e-01
9.999051532903718842e-01 9.998720011877600955e-01 9.998703296655473416e-01 9.998810486212119653e-01 9.998945207466110041e-01 9.998752309082924450e-01 9.998636579476640751e-01 9.998581279680126555e-01 9.998779242885306173e-01 9.999084452683977275e-01
9.998745906733689237e-01 9.998973113242692889e-01 9.999047171526015410e-01 9.998748463368717365e-01 9.998850563481542775e-01 9.998974466739681821e-01 9.998931106622885867e-01 9.998890830203084334e-01 9.998728627884246878e-01 9.998846346986355327e-01
9.999080777187967506e-01 9.998995026063870473e-01 9.998753259588933906e-01 9.998894025851201572e-01 9.998639606614239117e-01 9.998732773687509789e-01 9.999118297730046345e-01 9.998803945027185947e-01 9.998618997587145341e-01 9.999069286172320714e-01
9.999050734593459833e-01 9.998662748848463622e-01 9.998493684204312615e-01 9.998572532349997433e-01 9.998824955361429456e-01 9.998948888312968464e-01 9.998986151869531103e-01 9.999041712534161297e-01 9.998810742583550404e-01 9.998744644931046865e-01
9.998606825464078085e-01 9.998734950131742405e-01 9.999102481049271240e-01 9.998931040162866157e-01 9.998686190761051362e-01 9.998898205514572535e-01 9.998862048486211185e-01 9.998668350482393663e-01 9.998804468010386026e-01 9.998680177179670725e-01
9.998743937500059742e-01 9.999092551629290559e-01 9.998562996681830128e-01 9.998906608020283748e-01 9.998873595800888969e-01 9.998684860603155311e-01 9.999085627235457796e-01 9.998746578299446686e-01 9.998343379120475660e-01 9.998493668509104149e-01
9.998914888195505890e-01 9.998760662895929130e-01 9.998958152377134256e-01 9.999004264705968481e-01 9.999044501994709400e-01 9.998798946016356215e-01 9.998943321947415530e-01 9.998560205387813093e-01 9.998658468743936156e-01 9.999033419114801147e-01
9.998776404656939398e-01 9.999043634621747056e-01 9.998806740112835545e-01 9.998975832478880221e-01 9.998737895739218118e-01 9.998561092599475009e-01 9.998930729788234606e-01 9.998634046552314913e-01 9.999023180798608523e-01 9.998853480042568798e-01
9.998623273742431872e-01 9.998604080355979473e-01 9.998824594704699420e-01 9.998659326808626568e-01 9.998605280725988420e-01 9.999045194889333299e-01 9.998836293477270099e-01 9.998794877062017195e-01 9.998769195175833957e-01 9.998899783265368102e-01
9.998742398743364346e-01 9.998614215531286264e-01 9.999088225938376207e-01 9.998757177495626314e-01 9.998842738998661162e-01 9.998754983333240087e-01 9.998859691847811204e-01 9.998910384353842939e-01 9.998726615682110852e-01 9.999016579577063579e-01
9.998908324181852159e-01 9.998802852218343640e-01 9.999108517963796183e-01 9.998829483483493430e-01 9.998696767063451896e-01 9.998690937743646145e-01 9.998775448938406196e-01 9.998764290014873213e-01 9.998663492362986904e-01 9.998508482562168398e-01
9.998911511926946716e-01 9.998828804289995320e-01 9.998804112430762503e-01 9.998771204996425022e-01 9.999085434553571794e-01 9.998870107714498134e-01 9.998439646644292633e-01 9.998932218642776482e-01 9.998957488533742888e-01 9.998888074914902280e-01
9.998923081839428129e-01 9.998366008520709336e-01 9.998774201558556785e-01 9.998992902434181707e-01 9.998898069077156725e-01 9.998869830336973852e-01 9.998731564967341390e-01 9.998925734188798264e-01 9.999066667193770019e-01 9.998922990738460248e-01
9.998048947017904586e-01 9.998861213505338963e-01 9.998654600053312747e-01 9.998666628069630136e-01 9.998927333955426322e-01 9.999073487342191591e-01 9.998838691806334333e-01 9.998793281539898326e-01 9.998992060189428877e-01 9.998796172795882953e-01
9.999000084377287489e-01 9.998800595645438438e-01 9.999231349180291994e-01 9.998722044820764765e-01 9.998806380230641500e-01 9.999161437492999349e-01 9.999083724518282867e-01 9.998771721383845623e-01 9.998809024756761810e-01 9.998901072962615988e-01
9.998994807661490958e-01 9.998986153787522424e-01 9.998877877438188122e-01 9.998908083809432412e-01 9.998868157684484004e-01 9.998936306943199126e-01 9.998797358002157187e-01 9.998767226618028303e-01 9.998580334278319715e-01 9.998891319381834064e-01
9.998892814490643044e-01 9.998888760779982565e-01 9.998884030686389091e-01 9.998573441376552573e-01 9.999078718532006249e-01 9.998802523905954143e-01 9.999081323352186912e-01 9.998832637808952040e-01 9.998576002524588446e-01 9.998568580783824267e-01
9.999127070480738899e-01 9.998909679632468350e-01 9.999084347352890090e-01 9.998796393680119410e-01 9.998903364921719605e-01 9.998664407326375292e-01 9.998883836849261630e-01 9.998999352447489608e-01 9.998749972331778535e-01 9.998769142480775640e-01
9.999025710110063248e-01 9.998922548174314917e-01 9.998863441766752125e-01 9.999076065434031602e-01 9.998741362033201074e-01 9.999118445507210184e-01 9.999065986088552238e-01 9.999003196893370138e-01 9.998777779205616500e-01 9.998884699759064132e-01
9.999059441905905343e-01 9.998737111825284352e-01 9.998557471069992042e-01 9.999045706218173679e-01 9.998734852872064316e-01 9.998679477025682605e-01 9.998933335895580088e-01 9.998802924205019149e-01 9.998743564614129831e-01 9.998960341556671905e-01
9.998752234818671925e-01 9.998666536749325484e-01 9.998592194244899645e-01 9.998795593037224094e-01 9.998862670968914346e-01 9.998495036129348978e-01 9.998966646080431619e-01 9.999039651045857902e-01 9.998798130965499409e-01 9.998999122642241444e-01
9.998938813674017601e-01 9.998602210330894691e-01 9.998801757658984934e-01 9.998778088990379898e-01 9.999027818825662051e-01 9.998876916524978009e-01 9.998965148531816505e-01 9.998958993162341269e-01 9.998609296713203420e-01 9.998819866154470271e-01
9.998935716197252521e-01 9.998947795182263620e-01 9.999061301290583792e-01 9.998763089703444074e-01 9.998829195127798553e-01 9.998842970073421599e-01 9.998621088852882588e-01 9.998999313651365517e-01 9.999038590906628166e-01 9.998876547309430984e-01
9.998832758512763430e-01 9.998634279844833550e-01 9.999123546624155701e-01 9.998597248012911498e-01 9.998935844583543009e-01 9.998817211045020192e-01 9.998782832140139520e-01 9.998791499921119152e-01 9.999002139842487757e-01 9.998683993494843492e-01
9.998769162250648046e-01 9.998770163635142261e-01 9.998747705963849652e-01 9.998655612755152911e-01 9.998790661729695106e-01 9.998519063634643267e-01 9.998671972966325372e-01 9.998762669896481547e-01 9.998650177083207025e-01 9.998885204557149686e-01
9.998908925652129076e-01 9.998683671146170182e-01 9.998678554996295320e-01 9.998976835407702435e-01 9.998845094018345980e-01 9.998877928159787265e-01 9.998880589143055442e-01 9.998902651133438901e-01 9.998918652742122548e-01 9.998892745621599243e-01
9.998851339436740648e-01 9.998705221690045164e-01 9.998971326339942678e-01 9.998944228692370206e-01 9.998990253942017237e-01 9.998949181983035617e-01 9.998603876052480910e-01 9.998802686664415296e-01 9.998969430726857288e-01 9.998545856505506313e-01
9.998779788968830129e-01 9.998926800406930937e-01 9.998535498022910195e-01 9.998622387385024401e-01 9.998460992622576482e-01 9.998855934915011900e-01 9.999022817286410403e-01 9.998805803215914390e-01 9.998584018222367309e-01 9.999077171783690154e-01
9.998885876138278173e-01 9.998809394326746425e-01 9.998435477030115370e-01 9.999067563936119285e-01 9.998393084809522602e-01 9.998960100567134690e-01 9.998773981229165386e-01 9.998657336409368934e-01 9.998952412020533087e-01 9.998771821321762454e-01
9.999053578688882338e-01 9.999010809484062401e-01 9.998853780931562518e-01 9.998846868420515621e-01 9.998915750706827144e-01 9.999112608839234584e-01 9.998886715621415622e-01 9.998646743581384166e-01 9.998967830585773209e-01 9.998939224367914269e-01
9.998714810732194369e-01 9.999129771610547612e-01 9.998626168098506684e-01 9.998826514772843899e-01 9.999105592631623018e-01 9.998723543902433564e-01 9.998958345872672737e-01 9.998707358116583066e-01 9.998637832805287173e-01 9.998931698558478631e-01
9.998833850373834986e-01 9.998828446052413499e-01 9.998806995894028438e-01 9.999037048079151280e-01 9.999043682121424581e-01 9.998903423601289697e-01 9.998886310414540901e-01 9.998436117303681758e-01 9.998967513046318478e-01 9.998782985843387427e-01
9.999067654578061015e-01 9.999017303033922444e-01 9.998523152350337062e-01 9.998618118504979391e-01 9.998906791963781959e-01 9.999017966715417760e-01 9.998889275185338654e-01 9.999000310761845256e-01 9.998881078507564357e-01 9.998725630194083003e-01
9.998672398633907665e-01 9.998985839579961343e-01 9.998677716703944229e-01 9.998969161649711168e-01 9.999046287770195773e-01 9.999046173575670826e-01 9.998855042657160963e-01 9.998941701880961208e-01 9.999155318935758485e-01 9.998911017058929041e-01
9.998897468783348730e-01 9.998728909035320411e-01 9.999117403561886830e-01 9.998809542122373273e-01 9.998449015986415889e-01 9.998810002766629346e-01 9.998643504549578065e-01 9.998467960304977531e-01 9.998938340478947806e-01 9.998920203939656304e-01
9.999068218544497899e-01 9.998837759732418506e-01 9.998855219195610378e-01 9.998864620548831850e-01 9.998614303366695211e-01 9.998786075566485909e-01 9.998767651017036462e-01 9.998788290108306942e-01 9.998756167543594309e-01 9.998831255318089140e-01
9.998762329496192480e-01 9.998758818899706746e-01 9.998942572546438701e-01 9.998629618773066108e-01 9.998959974557340979e-01 9.998997555562615380e-01 9.998696634002196548e-01 9.998814818715719976e-01 9.998648072644586993e-01 9.998867151360121275e-01
9.998753672938258674e-01 9.998598790454032992e-01 9.998686936365205336e-01 9.998793770254271740e-01 9.998700753029234889e-01 9.999135163994150588e-01 9.998886010364045340e-01 9.999109204096787717e-01 9.998807589250806593e-01 9.998517925671996931e-01
9.998651845653019343e-01 9.998865949463096037e-01 9.999151047333977305e-01 9.998767931973533418e-01 9.998934166634014797e-01 9.998771799528164417e-01 9.998913144799452812e-01 9.999019117237256671e-01 9.998861656791440122e-01 9.998568363034865403e-01
9.998725027450274805e-01 9.998896339240552766e-01 9.998985982954673446e-01 9.998987565905954611e-01 9.998710883510388836e-01 9.998815889069803120e-01 9.998744323148748281e-01 9.999052496912509413e-01 9.998877007398098149e-01 9.998973302968890975e-01
9.999035710474676319e-01 9.998784051418230234e-01 9.998660443639979523e-01 9.998926144408761818e-01 9.999169767190182467e-01 9.998946818457878916e-01 9.998958493465430752e-01 9.998865250455667431e-01 9.999176743741889917e-01 9.999092323621711076e-01
9.998768807449885943e-01 9.998912308594666287e-01 9.998706044615663924e-01 9.998732028752591594e-01 9.998827592881039950e-01 9.998896344543222181e-01 9.998786117311870836e-01 9.998439101091104453e-01 9.999084835259842707e-01 9.998946897829330549e-01
9.998978728732420551e-01 9.998889666017557465e-01 9.998958148765388909e-01 9.998781354616637085e-01 9.998848656883003727e-01 9.998925224569275017e-01 9.998891950617940783e-01 9.998975132468214122e-01 9.998904963005499358e-01 9.998810929475512310e-01
9.998661374566524263e-01 9.999031218880304328e-01 9.999113100812652144e-01 9.998881085267271596e-01 9.998719646646987425e-01 9.998818118449358527e-01 9.999045245576203556e-01 9.998948045979808574e-01 9.998636008201621239e-01 9.998640039832207282e-01
9.998440255462487380e-01 9.999021049567213826e-01 9.998960427047678401e-01 9.998860853289437411e-01 9.998686459103709456e-01 9.998879124376622851e-01 9.998344466219194482e-01 9.999035507042303150e-01 9.999018509302779467e-01 9.999059590558102562e-01
9.998810755797570282e-01 9.998704279369382553e-01 9.998665729411323477e-01 9.998789254142386174e-01 9.998769927619769460e-01 9.998586644054572314e-01 9.999025550087161651e-01 9.998906774416553844e-01 9.998873612239859154e-01 9.998750594569797423e-01
9.998975027661795023e-01 9.998768197300289540e-01 9.998869874303111249e-01 9.998679841614602770e-01 9.998921563699261217e-01 9.999114359214815728e-01 9.998790253794020977e-01 9.999046801999084133e-01 9.998870960565854338e-01 9.999055826238578693e-01
9.998828536135808687e-01 9.998723420617429136e-01 9.998814731427940750e-01 9.998743658760860242e-01 9.998821923773849596e-01 9.998927590377200136e-01 9.999013056118120080e-01 9.998960901928215517e-01 9.998569979642963901e-01 9.999065303002462324e-01
9.998736168776968247e-01 9.998710475598497904e-01 9.998606322045285877e-01 9.998824561320307502e-01 9.998815092532943316e-01 9.998975090900434903e-01 9.998779569633345909e-01 9.998937256977762367e-01 9.998687403108523775e-01 9.998952611340854446e-01
9.999051226977362372e-01 9.998421612506527278e-01 9.998830939241953875e-01 9.998792938935950891e-01 9.999102630616180098e-01 9.998970614354151243e-01 9.998937634943514396e-01 9.998696021626135577e-01 9.998755346719353509e-01 9.998684942090234617e-01
9.999017020241559583e-01 9.998585685378542642e-01 9.999088061888123935e-01 9.998970544703906782e-01 9.999010748483633249e-01 9.998974629775910783e-01 9.998971341369324861e-01 9.998835821882348096e-01 9.999037634527382368e-01 9.998634088461498814e-01
9.998780628862685704e-01 9.998669486035542953e-01 9.998717268495819210e-01 9.998564347056329016e-01 9.999065168760900013e-01 9.998966170558761801e-01 9.998890474606917378e-01 9.998717966200776353e-01 9.998742232284122400e-01 9.998691458187174419e-01
9.998483129310219431e-01 9.998766031019555856e-01 9.998816262317270498e-01 9.998667280795366930e-01 9.998573911642160139e-01 9.998969026525348358e-01 9.998961212332669879e-01 9.998705356498853725e-01 9.998818233248826237e-01 9.999209836639805227e-01
9.998809181836531002e-01 9.998576465720612205e-01 9.998943821566874668e-01 9.998993157153424072e-01 9.998796838642906026e-01 9.998860856652891371e-01 9.998842090351621748e-01 9.998827693237817282e-01 9.999118838551098731e-01 9.998409530077838614e-01
9.998670154036967128e-01 9.998673361686867267e-01 9.998913906639805838e-01 9.998809962803574258e-01 9.998805573790041645e-01 9.998966300295711873e-01 9.998769800586259082e-01 9.999092575681169937e-01 9.998872148776510871e-01 9.998938189622229578e-01
9.998757513365510441e-01 9.998696555150151655e-01 9.998709911800028882e-01 9.998908802135738627e-01 9.998771902152365776e-01 9.998868194298683454e-01 9.998835298023976970e-01 9.998909119351510055e-01 9.999044724823560326e-01 9.998901722181263718e-01
9.999095449424433291e-01 9.998875367846707940e-01 9.998912310056393693e-01 9.998871680217434887e-01 9.998810030694131878e-01 9.998450066897982547e-01 9.998941121059929937e-01 9.998928120567801558e-01 9.998577839056723704e-01 9.999037056715393001e-01
9.999053959303663142e-01 9.998853079821600209e-01 9.999107415695367429e-01 9.998724419210610614e-01 9.998818392331647598e-01 9.998710129673125113e-01 9.998410916423605688e-01 9.998540001710741754e-01 9.998797117081961172e-01 9.998564686009888680e-01
9.999146957556530602e-01 9.998902260488812255e-01 9.999046581871402495e-01 9.998708755153814520e-01 9.998620016859770532e-01 9.999101759626214392e-01 9.998768572786659314e-01 9.998869271165099493e-01 9.999003706753650800e-01 9.999040016092751726e-01
9.999075721951236062e-01 9.998754823985416262e-01 9.998778686467434396e-01 9.998957776575794210e-01 9.998908921179118225e-01 9.998884164744333836e-01 9.999036146377259238e-01 9.998775696760781040e-01 9.998593194553966335e-01 9.998480885758869174e-01
9.999086096636317089e-01 9.998903676998142087e-01 9.998598470247559433e-01 9.998489840592367228e-01 9.998820447943796985e-01 9.998895583249978181e-01 9.998916493537389760e-01 9.998466373788901240e-01 9.998934734918186740e-01 9.998860181729753993e-01
9.998959350420251191e-01 9.998886428818846150e-01 9.998913736486296777e-01 9.998807018340035713e-01 9.998930171162275782e-01 9.998823783385221153e-01 9.998958599180186591e-01 9.999031565367556551e-01 9.998799152190764872e-01 9.998943304983020086e-01
9.999094862883576296e-01 9.999066492110979532e-01 9.998912330090747869e-01 9.999035399320900241e-01 9.999109310428957453e-01 9.998796589184494321e-01 9.999058071980453377e-01 9.998953929184740685e-01 9.999154577419474554e-01 9.999004926017796002e-01
9.998646029708415650e-01 9.998741374647935887e-01 9.998818709513623837e-01 9.998902094840650401e-01 9.998852457029286933e-01 9.998943921659064760e-01 9.998909335764271100e-01 9.998802948011740188e-01 9.998694674251938919e-01 9.999068499758702044e-01
9.998675207159837264e-01 9.998858382962291236e-01 9.998604086867707297e-01 9.998944690661559775e-01 9.999077372425799748e-01 9.999044536755050672e-01 9.998651677074460453e-01 9.998868308838863017e-01 9.999006965359372723e-01 9.998543692414683104e-01
9.998914699198278022e-01 9.998890961423970714e-01 9.998884522125860430e-01 9.998801182845868940e-01 9.998943098162500487e-01 9.998809347983584894e-01 9.999074005513045593e-01 9.998923415284500793e-01 9.998664193440581771e-01 9.999293549398506897e-01
9.999070727047559837e-01 9.998636384502379570e-01 9.998870157297053973e-01 9.998995560980258324e-01 9.998925994543016449e-01 9.999017796310252226e-01 9.999190863362720227e-01 9.998784037969572491e-01 9.998729729246468301e-01 9.999070850086303475e-01
9.998797595908832658e-01 9.998737683709901791e-01 9.998758374752489964e-01 9.998916830786600540e-01 9.998679078889491922e-01 9.998622318609595716e-01 9.998565076447519795e-01 9.999011444377796654e-01 9.998849142686353497e-01 9.998867043723284054e-01
9.998870913442783337e-01 9.998855842994310850e-01 9.998709265225695919e-01 9.998971457212776359e-01 9.998675888683274948e-01 9.999010851854792659e-01 9.998470056503686587e-01 9.998888930777909412e-01 9.998842765980640035e-01 9.999041138657798200e-01
9.999179901386135993e-01 9.998919023970402886e-01 9.998989509526353681e-01 9.998829267876241378e-01 9.998831481631352824e-01 9.998854995434034443e-01 9.999081051910549967e-01 9.998844612325421544e-01 9.999004563295729175e-01 9.998740444283230611e-01
9.998841483643806649e-01 9.998757480161108990e-01 9.998795627581802403e-01 9.998804894469492943e-01 9.998794539829758410e-01 9.998920132230355584e-01 9.998741505394194151e-01 9.998736817990094838e-01 9.998969112106366186e-01 9.999038579732748566e-01
