9.999991253789198842e-01 9.999989345704634047e-01 9.999984907946911639e-01 9.999984613895366303e-01 9.999991964686989476e-01 9.999991859909278524e-01 9.999989588152929931e-01 9.999991298417353347e-01 9.999991669709481501e-01 9.999989514417291225e-01
9.999994301226883264e-01 9.999983694594370975e-01 9.999994879838038919e-01 9.999989544806838770e-01 9.999991660035132401e-01 9.999994476324439718e-01 9.999981610112814723e-01 9.999990076118965288e-01 9.999983906314116044e-01 9.999990418028924521e-01
9.999994661415760877e-01 9.999983919776754826e-01 9.999981619691030721e-01 9.999988538412123429e-01 9.999991897139193231e-01 9.999993374825506542e-01 9.999992259952871221e-01 9.999992448841306114e-01 9.999988244043966912e-01 9.999994091955259901e-01
9.999990365119018065e-01 9.999989854678501544e-01 9.999993593713161211e-01 9.999990809207961462e-01 9.999993193819846082e-01 9.999985929676602492e-01 9.999994065261973430e-01 9.999990560786435889e-01 9.999981623544229592e-01 9.999995102816128245e-01
9.999992243401371050e-01 9.999996152647164793e-01 9.999989066204792998e-01 9.999992985325503181e-01 9.999981712203925843e-01 9.999986392874266050e-01 9.999984582348512285e-01 9.999989153435105971e-01 9.999990491089882916e-01 9.999991598552383509e-01
9.999988833839268398e-01 9.999986284948334525e-01 9.999980981166330940e-01 9.999991778288142008e-01 9.999991696275226660e-01 9.999986906012691135e-01 9.999992741337937474e-01 9.999991418652229846e-01 9.999989675524438848e-01 9.999985661317840613e-01
9.999994882005072139e-01 9.999990597678255488e-01 9.999994293018003022e-01 9.999995229130506091e-01 9.999991998900708001e-01 9.999990659926305536e-01 9.999997501279639378e-01 9.999991709894846537e-01 9.999983213557043227e-01 9.999991983545194474e-01
9.999986286542482672e-01 9.999991548192425084e-01 9.999992049119723614e-01 9.999983479924622332e-01 9.999989908477721068e-01 9.999992097728751528e-01 9.999987916492196760e-01 9.999984354147239962e-01 9.999992462266086291e-01 9.999985619029766459e-01
9.999989771465755961e-01 9.999990407314613972e-01 9.999988747245832643e-01 9.999989315052061345e-01 9.999990375759824079e-01 9.999985688781996007e-01 9.999991983338579749e-01 9.999994029047024613e-01 9.999987266456710211e-01 9.999993695037022734e-01
9.999996474057732954e-01 9.999978718312864112e-01 9.999991743439432534e-01 9.999988241809038003e-01 9.999987620504416919e-01 9.999991832925736457e-01 9.999993911074341879e-01 9.999994019731671679e-01 9.999992993910368222e-01 9.999990117215641350e-01
9.999993708828346373e-01 9.999984676178916843e-01 9.999992207532008015e-01 9.999990468013539857e-01 9.999994144434263266e-01 9.999989014330088466e-01 9.999988568343799455e-01 9.999988679978717432e-01 9.999988910876539405e-01 9.999990746262095165e-01
9.999990571427501695e-01 9.999986033773138328e-01 9.999984069279307386e-01 9.999985524217139821e-01 9.999992268891417790e-01 9.999991867217706831e-01 9.999986814162945548e-01 9.999991709573443632e-01 9.999990398089899646e-01 9.999991229619811239e-01
9.999991281991812420e-01 9.999991010417133008e-01 9.999993100008699454e-01 9.999991575190019244e-01 9.999993217939284751e-01 9.999988609310228593e-01 9.999988640054255917e-01 9.999984264054628813e-01 9.999991231578003736e-01 9.999993814606942255e-01
9.999992130662964662e-01 9.999988929918139924e-01 9.999989324837084137e-01 9.999989015431546280e-01 9.999987958225294848e-01 9.999993104425942692e-01 9.999991743398252142e-01 9.999987165215645790e-01 9.999993309666703745e-01 9.999983640141166807e-01
9.999988148395156928e-01 9.999986366934593418e-01 9.999994179135370809e-01 9.999991290075753714e-01 9.999991348192807106e-01 9.999992483557587075e-01 9.999989873586548894e-01 9.999990795981712477e-01 9.999979381228524256e-01 9.999991981703402200e-01
9.999993889915347323e-01 9.999992774799613127e-01 9.999996962187862604e-01 9.999994090518176115e-01 9.999985582966421926e-01 9.999989399789674938e-01 9.999988363621016285e-01 9.999990691448604752e-01 9.999991518616453412e-01 9.999988681837413962e-01
9.999991740892890668e-01 9.999985149036347831e-01 9.999986502547628664e-01 9.999978949800012451e-01 9.999988382153163213e-01 9.999990957214267562e-01 9.999987056617909431e-01 9.999994917915304704e-01 9.999989625546314986e-01 9.999992867553446629e-01
9.999992926957802508e-01 9.999987708741870929e-01 9.999992735902045737e-01 9.999993558278379435e-01 9.999991707984963174e-01 9.999994734646755479e-01 9.999989308034147317e-01 9.999980548616840270e-01 9.999987965699531633e-01 9.999989691002734160e-01
9.999991824216448721e-01 9.999990256552779844e-01 9.999989600339881379e-01 9.999990121596050718e-01 9.999990706654645622e-01 9.999987577537460259e-01 9.999989453598910893e-01 9.999988286365093515e-01 9.999990691097285778e-01 9.999994864171124487e-01
9.999984261797174590e-01 9.999991233181392269e-01 9.999992201215877063e-01 9.999987335242108699e-01 9.999992824037584604e-01 9.999992737351446337e-01 9.999993950000511944e-01 9.999987959615079802e-01 9.999983640869036794e-01 9.999991702614816624e-01
9.999992511087963942e-01 9.999988177172631776e-01 9.999993747981756886e-01 9.999990980028581333e-01 9.999985878952333263e-01 9.999989010032355186e-01 9.999992045991864531e-01 9.999989732096474793e-01 9.999988515973188274e-01 9.999994080098205673e-01
9.999991173862505800e-01 9.999991381124783141e-01 9.999986636443952692e-01 9.999989891878743320e-01 9.999994494251619459e-01 9.999990878755969925e-01 9.999992136757613892e-01 9.999992769046329721e-01 9.999986749455096469e-01 9.999987138560512134e-01
9.999992048135148970e-01 9.999988852107182247e-01 9.999975380299573890e-01 9.999991375122608828e-01 9.999994116176074144e-01 9.999991084014341336e-01 9.999990163878956784e-01 9.999980467024399688e-01 9.999985407952799443e-01 9.999987097048715912e-01
9.999989290652780971e-01 9.999985214975772863e-01 9.999981414574945493e-01 9.999983511293992766e-01 9.999991257247503595e-01 9.999989386045361472e-01 9.999996041009381331e-01 9.999988129263218672e-01 9.999991975627848806e-01 9.999990510150147394e-01
9.999990469027721929e-01 9.999992902051000332e-01 9.999982493077255175e-01 9.999992103825854350e-01 9.999989881471776920e-01 9.999982662853401649e-01 9.999994922874522185e-01 9.999987891416342034e-01 9.999982900376016559e-01 9.999988409574397386e-01
9.999978177847560490e-01 9.999983980426999652e-01 9.999994657787768526e-01 9.999992684724446912e-01 9.999981009989746816e-01 9.999988804475339332e-01 9.999989212461475319e-01 9.999991150017588648e-01 9.999989391474208844e-01 9.999993564769319443e-01
9.999982748492326490e-01 9.999985667685373780e-01 9.999988774151864490e-01 9.999994872935609180e-01 9.999988457952779797e-01 9.999984445330363236e-01 9.999988852080208268e-01 9.999996920737941331e-01 9.999992312405988626e-01 9.999994942031495970e-01
9.999992440198838262e-01 9.999994739346781403e-01 9.999990238509883778e-01 9.999986254664203766e-01 9.999979567460758334e-01 9.999980746331953441e-01 9.999992933925312411e-01 9.999993761386143376e-01 9.999988104603751982e-01 9.999993298008295062e-01
9.999989975669264508e-01 9.999993397510569260e-01 9.999989888103872904e-01 9.999988912076576142e-01 9.999974340781416782e-01 9.999992322649601251e-01 9.999992244961959376e-01 9.999991511658425924e-01 9.999993968383596998e-01 9.999986082301466350e-01
9.999989899395868020e-01 9.999976336880370686e-01 9.999989903947200665e-01 9.999992265863067997e-01 9.999983848447406842e-01 9.999993669754627668e-01 9.999984759844240401e-01 9.999990766678874543e-01 9.999991370035478111e-01 9.999988862527758871e-01
9.999992164578637155e-01 9.999994552461390906e-01 9.999985131263102733e-01 9.999976672088328744e-01 9.999993978675738582e-01 9.999987091412374518e-01 9.999981195997653671e-01 9.999990699497782742e-01 9.999991883101466694e-01 9.999987349294696681e-01
9.999993927931929427e-01 9.999989771195298971e-01 9.999977500384177320e-01 9.999989560166284708e-01 9.999988270637920618e-01 9.999993366579377208e-01 9.999988052546842088e-01 9.999980902248800652e-01 9.999981971084358490e-01 9.999987065713450418e-01
9.999988937950670120e-01 9.999986744035306296e-01 9.999988782061157711e-01 9.999989367360324621e-01 9.999980328943446350e-01 9.999992384083200569e-01 9.999982899466709485e-01 9.999987035057665841e-01 9.999991080553617406e-01 9.999992251624976181e-01
9.999992097939469637e-01 9.999992867513984862e-01 9.999988095051338677e-01 9.999985956137410481e-01 9.999984781287217794e-01 9.999991264363945476e-01 9.999988472165395326e-01 9.999984240554796733e-01 9.999992824776785527e-01 9.999980496157738763e-01
9.999990230123442236e-01 9.999985864259879342e-01 9.999983519544077826e-01 9.999990819980411061e-01 9.999993245265271780e-01 9.999983685596215421e-01 9.999989803282322010e-01 9.999990698581424642e-01 9.999995336230140808e-01 9.999990408207559689e-01
9.999990403297347452e-01 9.999995086253365972e-01 9.999993182919049151e-01 9.999983565516841200e-01 9.999992757998131809e-01 9.999990603961586011e-01 9.999987989342882244e-01 9.999991345949703625e-01 9.999992391926489921e-01 9.999991565739665411e-01
9.999985304834476674e-01 9.999989511737200631e-01 9.999994594649619373e-01 9.999983218624656223e-01 9.999994156189865313e-01 9.999994431596062050e-01 9.999994131869386349e-01 9.999986854455745755e-01 9.999996531311409198e-01 9.999983456528093173e-01
9.999988115926448096e-01 9.999987712246709570e-01 9.999989656370856794e-01 9.999991993878339924e-01 9.999987309280639058e-01 9.999994395545391823e-01 9.999990037323941428e-01 9.999989509144620037e-01 9.999986748861253716e-01 9.999990012785395788e-01
9.999988654749587536e-01 9.999990455243362719e-01 9.999997034274878960e-01 9.999990165377274920e-01 9.999990581859036221e-01 9.999986955959369039e-01 9.999988799382598659e-01 9.999995762806659361e-01 9.999985795318704351e-01 9.999990946116996682e-01
9.999987202319586821e-01 9.999992465808542619e-01 9.999988150425398459e-01 9.999992008978795255e-01 9.999983720262073383e-01 9.999994352632577410e-01 9.999992854866945891e-01 9.999988742321530566e-01 9.999992899274491309e-01 9.999987540302035516e-01
9.999991290105951780e-01 9.999986063418258020e-01 9.999994006087008502e-01 9.999987085095116690e-01 9.999984776823609423e-01 9.999989243979027220e-01 9.999991295086536613e-01 9.999994485238822284e-01 9.999986743803582767e-01 9.999988085709454744e-01
9.999996338571803811e-01 9.999987017241956933e-01 9.999989606147204890e-01 9.999982909601331516e-01 9.999994632539309647e-01 9.999992264837606060e-01 9.999989549739151107e-01 9.999991641374191831e-01 9.999990945000576392e-01 9.999992803632788974e-01
9.999984535267415486e-01 9.999997135615291688e-01 9.999992266238134642e-01 9.999989286052791693e-01 9.999990811003213187e-01 9.999989182018395040e-01 9.999990336988068274e-01 9.999996509572968151e-01 9.999995925487727977e-01 9.999987451700835805e-01
9.999992495378486890e-01 9.999992157669063131e-01 9.999992303719471565e-01 9.999987956332025973e-01 9.999985356084818422e-01 9.999983274412195255e-01 9.999985654085521425e-01 9.999977585060648710e-01 9.999994611941878109e-01 9.999981406522132632e-01
9.999981239160673496e-01 9.999992565143666079e-01 9.999980620411580423e-01 9.999991673688536364e-01 9.999974438781694674e-01 9.999990428483923610e-01 9.999989739139866218e-01 9.999990762813707468e-01 9.999989789556136266e-01 9.999991550590034972e-01
9.999993350081117782e-01 9.999991144933491061e-01 9.999993722628156556e-01 9.999993597137076806e-01 9.999977800997031929e-01 9.999987513037488229e-01 9.999990905106740380e-01 9.999990567915580941e-01 9.999987704189288173e-01 9.999985001956755992e-01
9.999986865773488054e-01 9.999984373648179714e-01 9.999988802149739620e-01 9.999991130958770791e-01 9.999990472866762126e-01 9.999995968340402719e-01 9.999991278468761680e-01 9.999984469194737047e-01 9.999988786038731536e-01 9.999993008648350168e-01
9.999991368949149306e-01 9.999982868582376616e-01 9.999993574514949302e-01 9.999985758980375339e-01 9.999984431056676559e-01 9.999988440932493505e-01 9.999989352516852614e-01 9.999993180258442971e-01 9.999980296625752274e-01 9.999991684826284866e-01
9.999994450487227349e-01 9.999990648187356834e-01 9.999994442663738825e-01 9.999994878234833573e-01 9.999993239187373595e-01 9.999992349574851058e-01 9.999991294388131946e-01 9.999990053536769175e-01 9.999994019159484937e-01 9.999991470921938408e-01
9.999982724643934340e-01 9.999992246490523318e-01 9.999981807638168574e-01 9.999991347798315999e-01 9.999991680175571718e-01 9.999981436895780673e-01 9.999990658165803792e-01 9.999988822050083215e-01 9.999989202249167652e-01 9.999991627264438465e-01
9.999992161763692211e-01 9.999994852765717868e-01 9.999991804109246152e-01 9.999994070313786843e-01 9.999992955360524904e-01 9.999991387277615829e-01 9.999990206484949962e-01 9.999989224747232175e-01 9.999988224858569197e-01 9.999987005690154085e-01
9.999989991934598033e-01 9.999990303842115624e-01 9.999993165107277093e-01 9.999990557086619880e-01 9.999987061591417703e-01 9.999995123808776976e-01 9.999992051497338386e-01 9.999982540823726396e-01 9.999985904563091221e-01 9.999986558559266214e-01
9.999989602125000099e-01 9.999993952254011553e-01 9.999989536252916755e-01 9.999985486418373481e-01 9.999988406660788032e-01 9.999993995744425046e-01 9.999996496518075428e-01 9.999992687931136270e-01 9.999989141283770477e-01 9.999989662073508478e-01
9.999989834928842969e-01 9.999991629092355172e-01 9.999981053896295213e-01 9.999994255442704594e-01 9.999979276520630789e-01 9.999985490665669330e-01 9.999994929010777023e-01 9.999994006172682193e-01 9.999984618042259132e-01 9.999985996735434313e-01
9.999974757806817660e-01 9.999988737311789055e-01 9.999992313012276979e-01 9.999992251942193544e-01 9.999988708155004291e-01 9.999993952841018663e-01 9.999989250427647747e-01 9.999993814752689003e-01 9.999985758210251374e-01 9.999992194385534106e-01
9.999988736638935061e-01 9.999986668337350615e-01 9.999993973786061030e-01 9.999991552802717232e-01 9.999983502812352931e-01 9.999993589120529380e-01 9.999995511926182967e-01 9.999992165640492203e-01 9.999989615737954196e-01 9.999988700854997026e-01
9.999981027217910157e-01 9.999991398179142177e-01 9.999990172880747208e-01 9.999989173067120873e-01 9.999990674558467685e-01 9.999988828690469234e-01 9.999991344329753895e-01 9.999990497876624085e-01 9.999991444226532522e-01 9.999992825788889261e-01
9.999984436382529651e-01 9.999990865225766301e-01 9.999990265639022713e-01 9.999988380976345681e-01 9.999991673503575429e-01 9.999987795195894869e-01 9.999992167556234213e-01 9.999991291026126827e-01 9.999988161060888725e-01 9.999992665424722871e-01
9.999990545070652770e-01 9.999991762316706723e-01 9.999994639343040559e-01 9.999985905243294892e-01 9.999988221673385969e-01 9.999992022219929000e-01 9.999983190304294611e-01 9.999987265970592398e-01 9.999995073832770309e-01 9.999991724990566766e-01
9.999992122770425818e-01 9.999984330645773634e-01 9.999993540152281035e-01 9.999995123817305709e-01 9.999989815933104653e-01 9.999986567214657063e-01 9.999977994203648191e-01 9.999991292132913712e-01 9.999984158974278836e-01 9.999987099034788329e-01
9.999984570303154241e-01 9.999991171916448041e-01 9.999985499067184369e-01 9.999995514987481959e-01 9.999985277729078748e-01 9.999990515000791724e-01 9.999988320304808997e-01 9.999994499373280332e-01 9.999994440615205260e-01 9.999990353884270489e-01
9.999992607996974758e-01 9.999991279074030848e-01 9.999993823683327454e-01 9.999991925434481566e-01 9.999987761848155854e-01 9.999993792389501035e-01 9.999985606056626120e-01 9.999991255376836641e-01 9.999990561170510883e-01 9.999989907909784259e-01
9.999987458814620922e-01 9.999993316726072390e-01 9.999992832271510368e-01 9.999980824109484523e-01 9.999987193651317385e-01 9.999993761673704462e-01 9.999985099602027860e-01 9.999988762908299522e-01 9.999991575401541155e-01 9.999987021514670227e-01
9.999993649812264351e-01 9.999988176906040582e-01 9.999989397455318896e-01 9.999990252367840782e-01 9.999985056697238139e-01 9.999997478239247561e-01 9.999989598998595408e-01 9.999996822601119328e-01 9.999991308359946762e-01 9.999977337975626268e-01
9.999978617588382024e-01 9.999993577275466672e-01 9.999985993568178966e-01 9.999993725045875914e-01 9.999981536808453253e-01 9.999988675619555512e-01 9.999984760889982782e-01 9.999981478519971434e-01 9.999989104926202410e-01 9.999978924048993356e-01
9.999995063284857766e-01 9.999989429632392124e-01 9.999991674904907812e-01 9.999987548939744952e-01 9.999991498882224716e-01 9.999993243384153185e-01 9.999990708404657980e-01 9.999981299443260196e-01 9.999987516984875091e-01 9.999996351986011334e-01
9.999990396409984550e-01 9.999993043489443512e-01 9.999990148115107669e-01 9.999992246621700609e-01 9.999988148566255619e-01 9.999990800021962833e-01 9.999983333606076163e-01 9.999989875562840247e-01 9.999995097875765682e-01 9.999988829619952391e-01
9.999992286192431745e-01 9.999986284069759535e-01 9.999977649729084872e-01 9.999988518459028697e-01 9.999990984584394837e-01 9.999996596661634429e-01 9.999990961339368933e-01 9.999993852787870674e-01 9.999988345814783131e-01 9.999995454939215600e-01
9.999995407380720680e-01 9.999987004577332028e-01 9.999996578380092593e-01 9.999983259164139104e-01 9.999993931784946222e-01 9.999977187856836647e-01 9.999986893225589757e-01 9.999988346719272947e-01 9.999989410711930260e-01 9.999995211660031025e-01
9.999990750727825173e-01 9.999995092598148450e-01 9.999989651405034596e-01 9.999992271870866700e-01 9.999994017388469381e-01 9.999990202161839203e-01 9.999989310486635530e-01 9.999992653939714371e-01 9.999988558652816995e-01 9.999992322655030241e-01
9.999993603127189656e-01 9.999988424005797905e-01 9.999994569259427202e-01 9.999991366826250783e-01 9.999989962047711733e-01 9.999988240578019383e-01 9.999984051342953872e-01 9.999990557743030362e-01 9.999993307046667335e-01 9.999994549662464260e-01
9.999994112925112422e-01 9.999978726402450890e-01 9.999993195307271820e-01 9.999991264446430606e-01 9.999992113303278751e-01 9.999987444330042941e-01 9.999987366311289261e-01 9.999991417253889514e-01 9.999991793154768827e-01 9.999985351948861290e-01
9.999994683241931748e-01 9.999991611365052213e-01 9.999986952110637706e-01 9.999987590015542160e-01 9.999985563897045848e-01 9.999991745397336373e-01 9.999985099505028785e-01 9.999986305574816159e-01 9.999988063561031648e-01 9.999992661375661784e-01
9.999992800347429212e-01 9.999989106876070455e-01 9.999992881689542257e-01 9.999994255866896387e-01 9.999993452320629084e-01 9.999990133375360468e-01 9.999996145419064453e-01 9.999990503757402172e-01 9.999995012192535171e-01 9.999980963531058809e-01
9.999971650075523133e-01 9.999988897445732938e-01 9.999994277548250876e-01 9.999986779459550945e-01 9.999990121107442675e-01 9.999994655581542213e-01 9.999995549838867070e-01 9.999988650952644775e-01 9.999991405040101755e-01 9.999989730153927558e-01
9.999989188834088605e-01 9.999991243430638166e-01 9.999989014353660721e-01 9.999985505782073014e-01 9.999987411574953189e-01 9.999982235556130750e-01 9.999983081515358974e-01 9.999988430975830234e-01 9.999990594906424946e-01 9.999993285033202950e-01
9.999989088627577738e-01 9.999995961713302739e-01 9.999990410817157782e-01 9.999987260931615385e-01 9.999987766312370407e-01 9.999988806111455020e-01 9.999993874790223947e-01 9.999994510964866912e-01 9.999993279968698578e-01 9.999979222855318595e-01
9.999991035858361021e-01 9.999992219502088497e-01 9.999988957779211152e-01 9.999994057758750943e-01 9.999984990715727884e-01 9.999982936204315775e-01 9.999993543382311723e-01 9.999986208723324888e-01 9.999987754634517279e-01 9.999990176772767247e-01
9.999984771920034099e-01 9.999988335601548428e-01 9.999986983738132773e-01 9.999991666994052508e-01 9.999991116021275106e-01 9.999983271215280300e-01 9.999982293731215499e-01 9.999991682713826879e-01 9.999994638349366527e-01 9.999995602989130150e-01
9.999994415982327300e-01 9.999991615425537494e-01 9.999990007374854883e-01 9.999993334003552947e-01 9.999995725678011427e-01 9.999992495153895433e-01 9.999988132171229172e-01 9.999994037922268486e-01 9.999985938756743575e-01 9.999989690807759013e-01
9.999991880593197546e-01 9.999989754008808962e-01 9.999994609852487226e-01 9.999988799332787393e-01 9.999988999586616467e-01 9.999992801146136978e-01 9.999988758106217457e-01 9.999989484976576914e-01 9.999994281298885124e-01 9.999993206546250457e-01
9.999989252995412636e-01 9.999994862432455278e-01 9.999982745473765533e-01 9.999994624067259918e-01 9.999991092901299172e-01 9.999990954439639257e-01 9.999995374305503670e-01 9.999985067823710105e-01 9.999994251644848120e-01 9.999993525972705743e-01
9.999987968439951747e-01 9.999993358463042936e-01 9.999987528415676952e-01 9.999992772373702543e-01 9.999989932041156715e-01 9.999993543653894479e-01 9.999995095768428044e-01 9.999991671201300392e-01 9.999990040122515023e-01 9.999988185341081026e-01
9.999986647413677820e-01 9.999989128184905152e-01 9.999992036336637913e-01 9.999986794281180424e-01 9.999987472569578095e-01 9.999992772930690332e-01 9.999978838720777752e-01 9.999984866825405438e-01 9.999986410024609418e-01 9.999981288827426429e-01
9.999990533690634731e-01 9.999990336641378930e-01 9.999994757507678633e-01 9.999987075795339075e-01 9.999992232995174035e-01 9.999994569413399592e-01 9.999994866226559198e-01 9.999993381371057311e-01 9.999985677245125659e-01 9.999990826908159436e-01
9.999991127847770445e-01 9.999993571657600500e-01 9.999988790493360424e-01 9.999990769015049130e-01 9.999994296864584964e-01 9.999987492834649938e-01 9.999994988051814637e-01 9.999983448549626397e-01 9.999992273513655938e-01 9.999990100082473132e-01
9.999984545165090388e-01 9.999993012744782250e-01 9.999992077165048565e-01 9.999990908007995172e-01 9.999991520240455456e-01 9.999989979533460138e-01 9.999989544402319019e-01 9.999990893928812907e-01 9.999989148677865813e-01 9.999990044912170362e-01
9.999993207629743752e-01 9.999987205207820917e-01 9.999990387002269943e-01 9.999989734021522692e-01 9.999993195009949654e-01 9.999992584187109568e-01 9.999984252161933096e-01 9.999984248186134517e-01 9.999990833599030626e-01 9.999994495757522639e-01
9.999990604732076349e-01 9.999977721729318425e-01 9.999990672174677853e-01 9.999983216921749518e-01 9.999989295489473129e-01 9.999983854808556227e-01 9.999983406023288390e-01 9.999994228645805450e-01 9.999986085046099760e-01 9.999983347165476433e-01
9.999983904340077334e-01 9.999993798022339675e-01 9.999995072417339204e-01 9.999978371449058656e-01 9.999993835579126245e-01 9.999970105742708171e-01 9.999987248640381798e-01 9.999989153540235209e-01 9.999983993601156973e-01 9.999992560763049099e-01
9.999977548059729715e-01 9.999992427791982719e-01 9.999985265092451447e-01 9.999989384549823335e-01 9.999988350600181874e-01 9.999991904552434363e-01 9.999989573842344992e-01 9.999997104494188216e-01 9.999997956562443058e-01 9.999992981761322008e-01
9.999992370102755990e-01 9.999986452516250734e-01 9.999984543384081714e-01 9.999985889742045719e-01 9.999997588613344091e-01 9.999998290002880541e-01 9.999997447917962079e-01 9.999988218332676038e-01 9.999993310201147345e-01 9.999983939297312219e-01
9.999992918891177363e-01 9.999990381705202713e-01 9.999992141372299193e-01 9.999987183859945228e-01 9.999988398768836495e-01 9.999988569911082426e-01 9.999985684886643078e-01 9.999982177827952956e-01 9.999989731757901179e-01 9.999993839134962981e-01
9.999984209230462495e-01 9.999994577509692117e-01 9.999991432598950292e-01 9.999991161088238600e-01 9.999980082063452125e-01 9.999989525599831675e-01 9.999987111906138981e-01 9.999989072322864603e-01 9.999995066700537727e-01 9.999993598113700033e-01
9.999992202092969906e-01 9.999985968822303617e-01 9.999987872098907715e-01 9.999995345750298803e-01 9.999991222234464461e-01 9.999993921512577710e-01 9.999985466779239829e-01 9.999989814538996491e-01 9.999983441993234301e-01 9.999986487117582534e-01
9.999992990567316831e-01 9.999988946502426090e-01 9.999985010890625192e-01 9.999984873587584033e-01 9.999990379521950246e-01 9.999981350082089993e-01 9.999994250103407811e-01 9.999991135239698625e-01 9.999988896500846547e-01 9.999990743801433490e-01
9.999990967931545738e-01 9.999992375133847089e-01 9.999985778055017205e-01 9.999991052225790655e-01 9.999990376722912577e-01 9.999991877807046237e-01 9.999993219350308271e-01 9.999993443040053887e-01 9.999988524969133374e-01 9.999989656649931336e-01
9.999994145833082104e-01 9.999990865473339374e-01 9.999992783239909366e-01 9.999990211412761454e-01 9.999992882156035767e-01 9.999992568462559017e-01 9.999976639497816233e-01 9.999991393854605892e-01 9.999990757220307280e-01 9.999996435933533601e-01
9.999984872217982934e-01 9.999992451724136755e-01 9.999989466988568054e-01 9.999987148736243503e-01 9.999990529073281564e-01 9.999989171166642210e-01 9.999987534161375313e-01 9.999985310548157313e-01 9.999991475619895986e-01 9.999986469070419881e-01
9.999993994229181560e-01 9.999990863308103606e-01 9.999993174655149586e-01 9.999990023978927445e-01 9.999991314623889460e-01 9.999994110750335397e-01 9.999993771235966555e-01 9.999977687549574945e-01 9.999985592998388295e-01 9.999990106244431853e-01
