9.999735446194190081e-01 9.999951991460918066e-01 9.999806388179200978e-01 9.999871516569348584e-01 9.999952724245608771e-01 9.999766051955747415e-01 9.999947292823065936e-01 9.999953730176635025e-01 9.999841569936911423e-01 9.999883445440000962e-01
9.999917558064010947e-01 9.999851349473635187e-01 9.999951663891269993e-01 9.999817666871460009e-01 9.999866615462389419e-01 9.999981045118442324e-01 9.999956432812833196e-01 9.999941225452398941e-01 9.999980487395923046e-01 9.999953745505970604e-01
9.999882120212488790e-01 9.999919096366418625e-01 9.999855578442540249e-01 9.999926384847150906e-01 9.999973517180017479e-01 9.999936447969258735e-01 9.999938873116703819e-01 9.999889759249641630e-01 9.999849063768574409e-01 9.999694221982092790e-01
9.999892134618445505e-01 9.999892595960176989e-01 9.999902361541582740e-01 9.999928234520757409e-01 9.999936507048632350e-01 9.999832537750016348e-01 9.999957578920448675e-01 9.999896993969926706e-01 9.999844219765362530e-01 9.999623997174316159e-01
9.999842056264817147e-01 9.999860627972082527e-01 9.999854487541793846e-01 9.999832641306780623e-01 9.999877877830287698e-01 9.999944802762704699e-01 9.999907193407484574e-01 9.999897901815437695e-01 9.999914036289826447e-01 9.999810830923044902e-01
9.999954904956198654e-01 9.999748529397413099e-01 9.999943592677629223e-01 9.999894281097555515e-01 9.999953359269683206e-01 9.999907596230215301e-01 9.999931092589696702e-01 9.999943045205185177e-01 9.999884267348041478e-01 9.999745945622529053e-01
9.999685808467907444e-01 9.999830026676893580e-01 9.999902316592194085e-01 9.999906691305771034e-01 9.999948335284705170e-01 9.999810953674496128e-01 9.999801471444766943e-01 9.999935232707480859e-01 9.999786325939197251e-01 9.999753681926006887e-01
9.999696379094662468e-01 9.999975122929900540e-01 9.999977812692578683e-01 9.999865806406486035e-01 9.999932636814967690e-01 9.999819049007231397e-01 9.999832664696874929e-01 9.999863222869934676e-01 9.999795605194713444e-01 9.999767551323520687e-01
9.999944178241515491e-01 9.999855130460967301e-01 9.999902162414613382e-01 9.999966526738522932e-01 9.999640220900715137e-01 9.999978203345347705e-01 9.999815966706417925e-01 9.999910995915621825e-01 9.999784719726344528e-01 9.999820360558582255e-01
9.999829153025125983e-01 9.999878378498805453e-01 9.999904226111424599e-01 9.999878360144860423e-01 9.999926464401855952e-01 9.999766378168035708e-01 9.999884396382979768e-01 9.999903855905518668e-01 9.999955375660737333e-01 9.999671765826453340e-01
9.999859564561233150e-01 9.999932134313335164e-01 9.999973214647628339e-01 9.999897357887176375e-01 9.999741304882184822e-01 9.999871974807732489e-01 9.999993565719471622e-01 9.999744966828729709e-01 9.999688400708054425e-01 9.999883756647741651e-01
9.999943863869680261e-01 9.999748191513553319e-01 9.999854284472309285e-01 9.999906636203770294e-01 9.999919750211471170e-01 9.999874331490220536e-01 9.999804692676288465e-01 9.999960281748346835e-01 9.999807182017648177e-01 9.999818572188270416e-01
9.999940847307511316e-01 9.999848567857276826e-01 9.999827598506965121e-01 9.999892021196294944e-01 9.999900751726049641e-01 9.999838417661484069e-01 9.999662306040800752e-01 9.999826599716959974e-01 9.999899975746489034e-01 9.999768667234151254e-01
9.999845722027106421e-01 9.999762354136949583e-01 9.999903475171865175e-01 9.999934890950445965e-01 9.999933727642202896e-01 9.999928754549884946e-01 9.999894456375306717e-01 9.999801154766674305e-01 9.999888953066007335e-01 9.999886562527459111e-01
9.999750337896194941e-01 9.999910674603665894e-01 9.999735154502833456e-01 9.999956219041892247e-01 9.999940746839359740e-01 9.999874153335333027e-01 9.999875342622264185e-01 9.999826323047948939e-01 9.999721263219467637e-01 9.999963739993078526e-01
9.999872609985228644e-01 9.999913739764384468e-01 9.999819169592066848e-01 9.999913901118561155e-01 9.999866906367306241e-01 9.999869105025781524e-01 9.999970665939381664e-01 9.999948685922360747e-01 9.999872168292260888e-01 9.999883344609110658e-01
9.999915641551747614e-01 9.999929761370773829e-01 9.999965099447856165e-01 9.999852774538865452e-01 9.999928021423560853e-01 9.999907260244264018e-01 9.999927718924056519e-01 9.999877172143987192e-01 9.999740336339418834e-01 9.999882095494544432e-01
9.999938696339274458e-01 9.999736787293569407e-01 9.999907715418001608e-01 9.999909099808543811e-01 9.999596240468779929e-01 9.999924309511406539e-01 9.999779981667008544e-01 9.999962724183576457e-01 9.999880766745706806e-01 9.999910059774115290e-01
9.999902195168627328e-01 9.999895287198643512e-01 9.999717475120485366e-01 9.999914075091368426e-01 9.999927027606538843e-01 9.999828355073235864e-01 9.999869211137032421e-01 9.999975289606870543e-01 9.999903594184317290e-01 9.999873016788382030e-01
9.999902373444581327e-01 9.999897957572158047e-01 9.999814305486446342e-01 9.999707816690146522e-01 9.999923917753961167e-01 9.999881056540591562e-01 9.999777385685721942e-01 9.999996137020061848e-01 9.999806940489177620e-01 9.999981032904662337e-01
9.999949590422824164e-01 9.999883263795035226e-01 9.999911613104185415e-01 9.999944555455336781e-01 9.999932653898929713e-01 9.999889480905695960e-01 9.999916790888179197e-01 9.999732725291006208e-01 9.999882410286755619e-01 9.999944927794552907e-01
9.999966316659156806e-01 9.999918318264434669e-01 9.999902710775603332e-01 9.999844493891083541e-01 9.999791055737932144e-01 9.999890599915574052e-01 9.999877258401080882e-01 9.999928002538970295e-01 9.999858962686922759e-01 9.999863003188462773e-01
9.999847381608022445e-01 9.999946842041892436e-01 9.999944807639919997e-01 9.999836642623451954e-01 9.999841073225721466e-01 9.999927603308707003e-01 9.999846599323012342e-01 9.999859701675003487e-01 9.999752827613150874e-01 9.999951906884402275e-01
9.999876472993531884e-01 9.999854017430954700e-01 9.999772209569448567e-01 9.999912491423648131e-01 9.999899956618615304e-01 9.999920216861525324e-01 9.999921902208117608e-01 9.999836828413490863e-01 9.999734708783328818e-01 9.999704275577905310e-01
9.999884265303953246e-01 9.999897603603703500e-01 9.999949653790417559e-01 9.999790977928187941e-01 9.999512805400561088e-01 9.999805305052675841e-01 9.999974346236958356e-01 9.999885406834999602e-01 9.999885523364691053e-01 9.999863524602542464e-01
9.999961805410895188e-01 9.999766220874745093e-01 9.999798658132970086e-01 9.999839088268756004e-01 9.999883712101209632e-01 9.999949484050464354e-01 9.999906519897893142e-01 9.999915626336195462e-01 9.999542682743202127e-01 9.999839781190890120e-01
9.999758862653335134e-01 9.999889669625574573e-01 9.999898836694326443e-01 9.999806885868759432e-01 9.999783932689407795e-01 9.999925531002783474e-01 9.999929342086133488e-01 9.999947029677738186e-01 9.999840827667408893e-01 9.999560465086950733e-01
9.999864160739919683e-01 9.999720274140688758e-01 9.999841037633218077e-01 9.999923370706705894e-01 9.999883815870781456e-01 9.999900325445187921e-01 9.999879035891983126e-01 9.999944705215436658e-01 9.999940980871004914e-01 9.999931984239414096e-01
9.999980319129659900e-01 9.999840057448107222e-01 9.999929421947753028e-01 9.999909755847422588e-01 9.999863653178594491e-01 9.999731124840206542e-01 9.999974983056331146e-01 9.999865444418731819e-01 9.999875682181669223e-01 9.999861567424628284e-01
9.999922255702070606e-01 9.999908147267426717e-01 9.999886465722686024e-01 9.999817098653612790e-01 9.999812392646177939e-01 9.999882717879745586e-01 9.999916961092519818e-01 9.999885491092121992e-01 9.999955672767542048e-01 9.999887795964365056e-01
9.999917734805844338e-01 9.999794759342479633e-01 9.999637891054724559e-01 9.999890159539740475e-01 9.999972891039450307e-01 9.999868761134875772e-01 9.999847233427369142e-01 9.999897875217267362e-01 9.999809985389596090e-01 9.999885739255198747e-01
9.999913220352770749e-01 9.999954178728868159e-01 9.999800416571068551e-01 9.999934269611169269e-01 9.999797105459200530e-01 9.999897772441083132e-01 9.999881853312504454e-01 9.999840678173809172e-01 9.999918370063385353e-01 9.999942767154279544e-01
9.999832676081079619e-01 9.999947515955447397e-01 9.999897679325679967e-01 9.999922774454329533e-01 9.999931649305187076e-01 9.999873079170953361e-01 9.999637045742464370e-01 9.999959956195612065e-01 9.999752087970374959e-01 9.999964919481929559e-01
9.999846669741725425e-01 9.999844615150256244e-01 9.999820920456267137e-01 9.999887093285778628e-01 9.999787647441386040e-01 9.999882173205710822e-01 9.999874433374710270e-01 9.999876716126140375e-01 9.999839374411430004e-01 9.999981621344378180e-01
9.999900025254223612e-01 9.999916506152931595e-01 9.999929758434787930e-01 9.999874420780099360e-01 9.999762557552575037e-01 9.999916492070837215e-01 9.999858790899294192e-01 9.999709323626931878e-01 9.999960923722117645e-01 9.999853959069113785e-01
9.999794557084360491e-01 9.999840654490806946e-01 9.999938425182322010e-01 9.999856122768165934e-01 9.999934442846251104e-01 9.999740016871828674e-01 9.999888456248532398e-01 9.999849598548622431e-01 9.999866118706770557e-01 9.999920292080367590e-01
9.999888220019216289e-01 9.999957812629126641e-01 9.999889328546280876e-01 9.999814214381367306e-01 9.999905215778490675e-01 9.999841286349228087e-01 9.999880414063971878e-01 9.999849538821746764e-01 9.999883415946509979e-01 9.999790429886056264e-01
9.999875561167053117e-01 9.999944215153707683e-01 9.999796768990784068e-01 9.999922795316034119e-01 9.999857381545325108e-01 9.999950602134403121e-01 9.999949232354771178e-01 9.999873606036545626e-01 9.999875454156066379e-01 9.999963580768603810e-01
9.999928786984955131e-01 9.999779652519497075e-01 9.999781232695599265e-01 9.999750864066819789e-01 9.999873586475425125e-01 9.999967142775787465e-01 9.999803761419782111e-01 9.999781698046417144e-01 9.999785803257779104e-01 9.999775995490954861e-01
9.999951715804367147e-01 9.999928989152861991e-01 9.999939780315132420e-01 9.999720280803062744e-01 9.999950950732826582e-01 9.999898610553374922e-01 9.999854136367861690e-01 9.999931194676869861e-01 9.999865097348403786e-01 9.999895911847195284e-01
9.999933361553863254e-01 9.999949172548370235e-01 9.999848086226121868e-01 9.999890250388001611e-01 9.999891635445317117e-01 9.999940634284971708e-01 9.999932846118642082e-01 9.999774109479551143e-01 9.999841092751944327e-01 9.999935581238864613e-01
9.999907898806300599e-01 9.999846102805116654e-01 9.999890273749586500e-01 9.999934919464051886e-01 9.999777328767004425e-01 9.999940262275386349e-01 9.999793514378763071e-01 9.999872262902601561e-01 9.999835463277375602e-01 9.999967478083747752e-01
9.999903070850854059e-01 9.999940158006447311e-01 9.999766842819002299e-01 9.999910482368749021e-01 9.999885727377232358e-01 9.999882488782305678e-01 9.999637656339034342e-01 9.999916458456552526e-01 9.999919307425988446e-01 9.999904096384772956e-01
9.999918378936821783e-01 9.999943640224050467e-01 9.999914231566686684e-01 9.999969536080204335e-01 9.999937844820180333e-01 9.999740619795824959e-01 9.999789962677746447e-01 9.999975421348340499e-01 9.999826302350600660e-01 9.999956797757412197e-01
9.999922571764655599e-01 9.999949509198045039e-01 9.999938940420424194e-01 9.999805464351383399e-01 9.999686786391044357e-01 9.999917059649021667e-01 9.999909711284721281e-01 9.999741837609711359e-01 9.999788474842675745e-01 9.999821550646265100e-01
9.999651628213087617e-01 9.999810265934164777e-01 9.999765304865658733e-01 9.999768189791483630e-01 9.999761831833422487e-01 9.999928554068744369e-01 9.999786334800083720e-01 9.999904844123560510e-01 9.999799148974976015e-01 9.999819933520318616e-01
9.999810261153456725e-01 9.999829598178044954e-01 9.999919753833204084e-01 9.999817096261806038e-01 9.999975337675821585e-01 9.999964110695997999e-01 9.999785035736528105e-01 9.999814913362587987e-01 9.999857912978481478e-01 9.999885447170434594e-01
9.999965726444416392e-01 9.999858547510779294e-01 9.999876399635266866e-01 9.999880885688161580e-01 9.999858762158281289e-01 9.999875036841242570e-01 9.999704021823109246e-01 9.999814337825484456e-01 9.999765635637963834e-01 9.999972240475618612e-01
9.999901040431353749e-01 9.999930239023142597e-01 9.999949320303462841e-01 9.999911928547225992e-01 9.999824457116114340e-01 9.999885825075418566e-01 9.999911977716797740e-01 9.999948975324359779e-01 9.999850891008709164e-01 9.999802228957825889e-01
9.999865644720574709e-01 9.999934767763261068e-01 9.999777157751266188e-01 9.999972828011108872e-01 9.999906320560391082e-01 9.999800522852082540e-01 9.999865935652025861e-01 9.999674053039554478e-01 9.999871721273740910e-01 9.999830553528777921e-01
9.999757309555121765e-01 9.999934619110147915e-01 9.999885292311585516e-01 9.999888477687831623e-01 9.999839271368042848e-01 9.999855580674918976e-01 9.999913964420370505e-01 9.999923685826590525e-01 9.999803465348311438e-01 9.999902639179385488e-01
9.999937650080107376e-01 9.999865945379373677e-01 9.999944526523228960e-01 9.999938877298096829e-01 9.999946235761335567e-01 9.999947491417588985e-01 9.999731391628090549e-01 9.999928418687691334e-01 9.999871796452350914e-01 9.999899050327165639e-01
9.999905711164823741e-01 9.999802771413547342e-01 9.999858930612230967e-01 9.999825927190388875e-01 9.999804176627767882e-01 9.999934347947617708e-01 9.999876448711459975e-01 9.999902805625545676e-01 9.999902240578758539e-01 9.999967252491637204e-01
9.999929456008047612e-01 9.999822647757922178e-01 9.999845787700349931e-01 9.999608212457931078e-01 9.999871992195228376e-01 9.999875317364748106e-01 9.999868330693829632e-01 9.999934837996222736e-01 9.999801436331654525e-01 9.999944237409185144e-01
9.999803078068804085e-01 9.999853274108247980e-01 9.999865546840803754e-01 9.999870017786086640e-01 9.999807358110305300e-01 9.999972612306582409e-01 9.999963063541109642e-01 9.999927614648832508e-01 9.999918482299920974e-01 9.999963926152773963e-01
9.999828300292104011e-01 9.999650391777968883e-01 9.999801274001605123e-01 9.999882319489320492e-01 9.999938432707872193e-01 9.999887394867528201e-01 9.999857433911054638e-01 9.999879828256506009e-01 9.999779519788849491e-01 9.999934092852326151e-01
9.999626567810462330e-01 9.999796129004876466e-01 9.999907934358222006e-01 9.999843544634414716e-01 9.999990738763381293e-01 9.999917400262076095e-01 9.999850738067027622e-01 9.999882439278868773e-01 9.999751985740620297e-01 9.999862825159312463e-01
9.999866857816261945e-01 9.999887211028780643e-01 9.999745758854506894e-01 9.999972370578882330e-01 9.999925880984323889e-01 9.999985994981649418e-01 9.999810229921480831e-01 9.999915511554154923e-01 9.999915602283757643e-01 9.999903067629698494e-01
9.999801560735166461e-01 9.999917612240968312e-01 9.999900338484782880e-01 9.999862519932178895e-01 9.999892197302041597e-01 9.999781561048898260e-01 9.999959393718490519e-01 9.999819845355624182e-01 9.999933527365375552e-01 9.999824789374843759e-01
9.999832962045754892e-01 9.999912428000738984e-01 9.999851734939757542e-01 9.999813087121203203e-01 9.999938496400723187e-01 9.999842160185237194e-01 9.999936903527020249e-01 9.999938689827412297e-01 9.999811184693332411e-01 9.999965649512412291e-01
9.999915391364877504e-01 9.999785040453597063e-01 9.999773780667169376e-01 9.999957423782236399e-01 9.999817248614223386e-01 9.999747772232973064e-01 9.999852355493706879e-01 9.999749640295979569e-01 9.999848705224935186e-01 9.999856798756053822e-01
9.999826839703920278e-01 9.999875782607181574e-01 9.999849500694540927e-01 9.999948356691203966e-01 9.999944025369090772e-01 9.999828682420277559e-01 9.999974523193975173e-01 9.999965734303736253e-01 9.999836075598059759e-01 9.999973764614155103e-01
9.999798623420151911e-01 9.999848618332516370e-01 9.999822784897274275e-01 9.999917495331883677e-01 9.999937195754833308e-01 9.999894482412767793e-01 9.999864431175052859e-01 9.999737900900597110e-01 9.999843519314143281e-01 9.999851778810130432e-01
9.999926355930166544e-01 9.999891789442547640e-01 9.999968700419823442e-01 9.999721148052380659e-01 9.999895820309334660e-01 9.999934947855955159e-01 9.999950837834625794e-01 9.999707540369540126e-01 9.999876117434763900e-01 9.999799828570861138e-01
9.999938110649627676e-01 9.999803541442333632e-01 9.999737674742019689e-01 9.999917352898904932e-01 9.999916148928894577e-01 9.999885781596118406e-01 9.999968910711724002e-01 9.999804523511656162e-01 9.999751433142972656e-01 9.999876125734338261e-01
9.999957272251374096e-01 9.999937924997984728e-01 9.999699119196387986e-01 9.999809558335962523e-01 9.999789304578217131e-01 9.999911505830119118e-01 9.999869468229134473e-01 9.999855674815552042e-01 9.999812002778831754e-01 9.999904725330045485e-01
9.999753752042077615e-01 9.999954309556607912e-01 9.999934011705029491e-01 9.999777576868980056e-01 9.999942922140540036e-01 9.999961244605621857e-01 9.999860103257410815e-01 9.999861112166373855e-01 9.999893143686884311e-01 9.999951051317396145e-01
9.999883941692994105e-01 9.999691990985847267e-01 9.999845222715133541e-01 9.999866936852201960e-01 9.999920919578086931e-01 9.999920386800247307e-01 9.999869639022757051e-01 9.999862316748447943e-01 9.999819949258318408e-01 9.999815374618727937e-01
9.999959145626540202e-01 9.999885505236364436e-01 9.999977447047133650e-01 9.999868332697344764e-01 9.999887201799517733e-01 9.999908832693712446e-01 9.999908543009317086e-01 9.999942813873974323e-01 9.999977037002607538e-01 9.999945920762376428e-01
9.999785643433644067e-01 9.999824918202736557e-01 9.999885650545592419e-01 9.999876339513352752e-01 9.999774233129997691e-01 9.999889402398733917e-01 9.999850640828861215e-01 9.999850446166437257e-01 9.999719320884083995e-01 9.999916436237732409e-01
9.999944823238775538e-01 9.999923208772073524e-01 9.999673222608082002e-01 9.999923481877124321e-01 9.999849565589347122e-01 9.999920944945898116e-01 9.999880835023238213e-01 9.999792008764268880e-01 9.999843838526399908e-01 9.999927965235952954e-01
9.999904226536681096e-01 9.999784154874141739e-01 9.999949355479855750e-01 9.999741497337548690e-01 9.999907067033528829e-01 9.999866601252536125e-01 9.999695141001019305e-01 9.999944599294771086e-01 9.999864124558549561e-01 9.999860897152798023e-01
9.999885631736670222e-01 9.999846637367273416e-01 9.999935408942007831e-01 9.999873321416482552e-01 9.999894990168524123e-01 9.999904684312773684e-01 9.999738550616746879e-01 9.999967106807003958e-01 9.999885067353342372e-01 9.999934451771474997e-01
9.999976212483909777e-01 9.999846149612434676e-01 9.999922202662453463e-01 9.999800639847985506e-01 9.999843532048008354e-01 9.999892464064211728e-01 9.999936946012860650e-01 9.999890144200290765e-01 9.999937629252568794e-01 9.999955548503971503e-01
9.999955831056102085e-01 9.999853987377593789e-01 9.999678036496713052e-01 9.999819827162312880e-01 9.999914654262181957e-01 9.999799817900167920e-01 9.999702272512138723e-01 9.999661409226020536e-01 9.999891476915725441e-01 9.999652515443840928e-01
9.999873694316586681e-01 9.999837916694110929e-01 9.999808691101630398e-01 9.999895109647696234e-01 9.999946616725451376e-01 9.999855294002539807e-01 9.999814490483344143e-01 9.999808508692707987e-01 9.999810634360331019e-01 9.999810647005948905e-01
9.999858925984181912e-01 9.999928356753222669e-01 9.999923959716487953e-01 9.999921293163596125e-01 9.999912677237940972e-01 9.999742098960784364e-01 9.999959232274363563e-01 9.999973331651764719e-01 9.999953875344912424e-01 9.999963427711023867e-01
9.999941224302405507e-01 9.999952512928668158e-01 9.999850790740906215e-01 9.999885950116949029e-01 9.999869700092706148e-01 9.999853886161074179e-01 9.999915743572463933e-01 9.999968851957709015e-01 9.999829580209871338e-01 9.999762946819428233e-01
9.999685110767080332e-01 9.999800433338059680e-01 9.999967448291791072e-01 9.999915877977518797e-01 9.999816176741294083e-01 9.999920249127529637e-01 9.999821838105785732e-01 9.999771779668050753e-01 9.999855231662216903e-01 9.999925870907708791e-01
9.999941188444682050e-01 9.999953232244429557e-01 9.999935181475101409e-01 9.999864610807432941e-01 9.999875999542783278e-01 9.999900756621462605e-01 9.999867551631576035e-01 9.999928218855785866e-01 9.999827846160638245e-01 9.999958283701305684e-01
9.999812410969648457e-01 9.999863739612666613e-01 9.999870707108684531e-01 9.999746958923104723e-01 9.999870991120642927e-01 9.999947995931250944e-01 9.999883213815062843e-01 9.999906786706237449e-01 9.999917386149702603e-01 9.999757231831455373e-01
9.999700354868632513e-01 9.999726003168919464e-01 9.999891109683671786e-01 9.999823710445655545e-01 9.999883201006720679e-01 9.999634031852636662e-01 9.999840908508225157e-01 9.999884716523002037e-01 9.999933962987558322e-01 9.999832235479234610e-01
9.999736193335785339e-01 9.999751222494730474e-01 9.999920454559950711e-01 9.999901129410596612e-01 9.999772704603592244e-01 9.999960167238413078e-01 9.999858448081352380e-01 9.999847300422750607e-01 9.999824824072770513e-01 9.999859300442994758e-01
9.999873456659238435e-01 9.999906249397978453e-01 9.999968746889237314e-01 9.999902955344375233e-01 9.999948761174385359e-01 9.999943229091023955e-01 9.999907955307774099e-01 9.999899882164295928e-01 9.999984159227643943e-01 9.999864781984384443e-01
9.999808043165354654e-01 9.999835365332088166e-01 9.999786261059776526e-01 9.999941826970720760e-01 9.999929889080089174e-01 9.999791141090209612e-01 9.999825840140406097e-01 9.999917089275593973e-01 9.999921565059066708e-01 9.999950087110652808e-01
9.999881162193545725e-01 9.999810986743560282e-01 9.999972575772477779e-01 9.999973553040675256e-01 9.999811494490525865e-01 9.999873185333674197e-01 9.999898524807935285e-01 9.999870946572130270e-01 9.999743331662955814e-01 9.999911690546955390e-01
9.999778610093708053e-01 9.999940573983437941e-01 9.999860080817648544e-01 9.999909714368397928e-01 9.999955250209063840e-01 9.999770378193058029e-01 9.999679176557750848e-01 9.999955626829157840e-01 9.999920305854403946e-01 9.999823549386521737e-01
9.999925018524777887e-01 9.999947927654888602e-01 9.999946705193131224e-01 9.999921952049616314e-01 9.999911983498299684e-01 9.999871662357944224e-01 9.999924751478425078e-01 9.999840143746256960e-01 9.999821431535186322e-01 9.999949760280437694e-01
9.999854995031925986e-01 9.999960961947874649e-01 9.999910786868954071e-01 9.999892568902077894e-01 9.999753472888248673e-01 9.999701763473058946e-01 9.999782844598162912e-01 9.999949962850066543e-01 9.999793659307510962e-01 9.999957358263481533e-01
9.999771836115813883e-01 9.999936793616325259e-01 9.999944446249400265e-01 9.999918368730243978e-01 9.999759259437103198e-01 9.999889777575932115e-01 9.999940650330020331e-01 9.999874899958011154e-01 9.999967409192445089e-01 9.999895154800052532e-01
9.999580440206115028e-01 9.999949453211852690e-01 9.999647380314444778e-01 9.999947447435308945e-01 9.999793045468934327e-01 9.999862643045196453e-01 9.999921540410908749e-01 9.999892655363508132e-01 9.999823282933916202e-01 9.999963708952633867e-01
9.999864087542966740e-01 9.999957343503563800e-01 9.999870738718847907e-01 9.999843596700787041e-01 9.999859700150528496e-01 9.999818194711247443e-01 9.999949530381861962e-01 9.999982476375760543e-01 9.999955171961857348e-01 9.999889388890362829e-01
9.999836924411072969e-01 9.999887739059928338e-01 9.999917440911593181e-01 9.999921631965080770e-01 9.999937721226364040e-01 9.999947961002868535e-01 9.999980645504050747e-01 9.999847129421757241e-01 9.999850645446759501e-01 9.999798971133797565e-01
9.999850303034727439e-01 9.999473412628010482e-01 9.999911158129212163e-01 9.999766935460995265e-01 9.999949188278147716e-01 9.999714318347288078e-01 9.999862859270032267e-01 9.999899793048370178e-01 9.999919806732747718e-01 9.999964330980329885e-01
9.999897456524324824e-01 9.999930120012326951e-01 9.999904669857132555e-01 9.999949284569482622e-01 9.999889226880832593e-01 9.999812913226278077e-01 9.999974296519208439e-01 9.999694313146898494e-01 9.999853992080477427e-01 9.999908166852155000e-01
9.999971286520726865e-01 9.999752791150935405e-01 9.999907561240451992e-01 9.999880404417532676e-01 9.999874620013844417e-01 9.999884155233593752e-01 9.999898062680739885e-01 9.999915077972579835e-01 9.999908869472340367e-01 9.999913792073138463e-01
9.999964020679867893e-01 9.999933113875976165e-01 9.999918830819728433e-01 9.999837666782124268e-01 9.999709273323380554e-01 9.999768081270223874e-01 9.999863120484455692e-01 9.999746271594969205e-01 9.999940774255742237e-01 9.999902785701981767e-01
9.999639085711704567e-01 9.999799243168702167e-01 9.999907111559838135e-01 9.999833547581364890e-01 9.999620079524988991e-01 9.999850659836418965e-01 9.999969174072250722e-01 9.999662065569867586e-01 9.999891436362353669e-01 9.999667103944390734e-01
9.999926327277129934e-01 9.999889897458518195e-01 9.999942237170066361e-01 9.999823484881339430e-01 9.999860683567411979e-01 9.999846853716127804e-01 9.999952459867917920e-01 9.999897440756200240e-01 9.999943517881579869e-01 9.999822066610936089e-01
9.999894596896630183e-01 9.999716835885996691e-01 9.999921846275142689e-01 9.999991605603436584e-01 9.999847858338628548e-01 9.999889898739201533e-01 9.999852737776243616e-01 9.999971120250706891e-01 9.999961610867146300e-01 9.999983018019631409e-01
