9.999970193292144760e-01 9.999981762112624128e-01 9.999969831080141036e-01 9.999979164090888606e-01 9.999963820251085433e-01 9.999978399715416799e-01 9.999966504313226867e-01 9.999973403072918154e-01 9.999974579311766698e-01 9.999967921270411786e-01
9.999970025821020014e-01 9.999976811178663549e-01 9.999937650300733116e-01 9.999952837827037477e-01 9.999991456543682045e-01 9.999971541583158041e-01 9.999964646900236787e-01 9.999976967003163519e-01 9.999979182591990368e-01 9.999967420597245527e-01
9.999934996936437059e-01 9.999934860482244670e-01 9.999967719453638493e-01 9.999980696695741633e-01 9.999976098695946281e-01 9.999972989700498527e-01 9.999958435303347715e-01 9.999975005142698325e-01 9.999982498862604041e-01 9.999959971405989467e-01
9.999973943504132379e-01 9.999971074025127971e-01 9.999955481579312355e-01 9.999985099898992535e-01 9.999977780106703573e-01 9.999973734034018902e-01 9.999977197715055333e-01 9.999984168320910083e-01 9.999919470595602933e-01 9.999967916287665348e-01
9.999984638475323262e-01 9.999945828153314897e-01 9.999972624265789367e-01 9.999994333435208160e-01 9.999952399056341035e-01 9.999985507837664267e-01 9.999959360605632508e-01 9.999967247384831115e-01 9.999950602677669664e-01 9.999951689427747370e-01
9.999976661919508514e-01 9.999984064701168407e-01 9.999981800506130281e-01 9.999955006100981203e-01 9.999966146212836415e-01 9.999983970434727087e-01 9.999969371560943898e-01 9.999986860960284885e-01 9.999935352088592522e-01 9.999954281022696012e-01
9.999971612156947076e-01 9.999970615666450291e-01 9.999980886331941710e-01 9.999962853533326257e-01 9.999971419656288329e-01 9.999979636566862506e-01 9.999981119493256410e-01 9.999967516217335151e-01 9.999978595989680308e-01 9.999956993011892559e-01
9.999943521018441750e-01 9.999953786125204136e-01 9.999971867437025264e-01 9.999968819603823889e-01 9.999970746086478401e-01 9.999970300725069539e-01 9.999967333985861906e-01 9.999981068787335836e-01 9.999973459644665441e-01 9.999990211977977106e-01
9.999944431918752485e-01 9.999954832677085959e-01 9.999964208966367618e-01 9.999984523665640390e-01 9.999981744092908409e-01 9.999969461895183986e-01 9.999968001423644726e-01 9.999982594850129747e-01 9.999961481673175223e-01 9.999972352678265786e-01
9.999939062437082082e-01 9.999971938655243253e-01 9.999965908211059240e-01 9.999967860105903883e-01 9.999981634434230715e-01 9.999961108506119078e-01 9.999951943377760610e-01 9.999954206109427091e-01 9.999980936303314305e-01 9.999974351018539043e-01
9.999938286421043987e-01 9.999989891726867031e-01 9.999974854173714345e-01 9.999986679326184902e-01 9.999962621687413789e-01 9.999958459697745328e-01 9.999952823980453598e-01 9.999967375125409230e-01 9.999932524961869795e-01 9.999966780807297839e-01
9.999963277436466624e-01 9.999964064446066336e-01 9.999962794682508704e-01 9.999943943523562639e-01 9.999966866288964029e-01 9.999928906962082253e-01 9.999965450604789696e-01 9.999976650607284023e-01 9.999977377699096337e-01 9.999981091431654479e-01
9.999976164411089607e-01 9.999980060028489381e-01 9.999980548462925611e-01 9.999982936453293281e-01 9.999952966268812471e-01 9.999985957105687051e-01 9.999978415535594189e-01 9.999983480981765593e-01 9.999945257934319542e-01 9.999951784733998039e-01
9.999976240233721114e-01 9.999978338093775676e-01 9.999929724368453732e-01 9.999957159356984704e-01 9.999984385832052514e-01 9.999980526865736019e-01 9.999957717005935054e-01 9.999988077251950047e-01 9.999980119851297200e-01 9.999972496089060137e-01
9.999950915951992814e-01 9.999967530018100126e-01 9.999964343279091894e-01 9.999972152623186616e-01 9.999964761660351531e-01 9.999982289049443862e-01 9.999963064785636346e-01 9.999928297762512575e-01 9.999975372277105645e-01 9.999965760968849704e-01
9.999977414615126570e-01 9.999970947206623384e-01 9.999977569780341691e-01 9.999961207204620672e-01 9.999972915951962360e-01 9.999970515205327537e-01 9.999951284170215393e-01 9.999985212587334527e-01 9.999972254705633556e-01 9.999986089888609486e-01
9.999976933437403348e-01 9.999932341706754269e-01 9.999973781155351293e-01 9.999974390237419408e-01 9.999967866865108190e-01 9.999943299954116016e-01 9.999982153720086142e-01 9.999977561468340603e-01 9.999971113517838184e-01 9.999969366588011832e-01
9.999968599403251668e-01 9.999973530344706818e-01 9.999962037200764708e-01 9.999983339586795417e-01 9.999958031248493695e-01 9.999982997705837429e-01 9.999961310977052431e-01 9.999955205974401240e-01 9.999952353720167331e-01 9.999957739072028451e-01
9.999910385100915233e-01 9.999971436225989496e-01 9.999962615222961482e-01 9.999965382490129118e-01 9.999973467709786235e-01 9.999957710416543799e-01 9.999991965883384681e-01 9.999973638031486312e-01 9.999960988331726419e-01 9.999967277124408582e-01
9.999970604439085697e-01 9.999957289338231581e-01 9.999969376901386431e-01 9.999971821371413938e-01 9.999978661564404847e-01 9.999985316128280344e-01 9.999978572135487243e-01 9.999941763382291793e-01 9.999981669544870666e-01 9.999964342490493818e-01
9.999976608125186184e-01 9.999976327377032570e-01 9.999979232072280233e-01 9.999962142936886789e-01 9.999983899471781568e-01 9.999954781573835438e-01 9.999986347557635602e-01 9.999968688451189580e-01 9.999986607431622376e-01 9.999978795583494007e-01
9.999984342582302066e-01 9.999977690564990640e-01 9.999966794468676534e-01 9.999978275116196968e-01 9.999983399537369921e-01 9.999976751576874490e-01 9.999967824593505306e-01 9.999980862060359188e-01 9.999968716346978592e-01 9.999978881946440801e-01
9.999942243737390823e-01 9.999952070551328953e-01 9.999962719922257381e-01 9.999978613305482433e-01 9.999976028382349114e-01 9.999978796567077222e-01 9.999979426663517801e-01 9.999964766442703823e-01 9.999967170546214534e-01 9.999936078802157402e-01
9.999976579463707438e-01 9.999976963252499296e-01 9.999953320268676338e-01 9.999955165274282409e-01 9.999938272504249603e-01 9.999977329778623192e-01 9.999960097901606781e-01 9.999970287992790974e-01 9.999975156358416051e-01 9.999952442675962283e-01
9.999981287475719904e-01 9.999955710096889439e-01 9.999967242311277316e-01 9.999953837996644612e-01 9.999980077816236212e-01 9.999976481576741127e-01 9.999957222098899701e-01 9.999965059988280558e-01 9.999981980360039824e-01 9.999953055536018320e-01
9.999949498103936074e-01 9.999985391987090688e-01 9.999960855797582759e-01 9.999951669776110386e-01 9.999978056972580465e-01 9.999973061812784669e-01 9.999953167354779238e-01 9.999973363381325919e-01 9.999959610576087954e-01 9.999964459056096544e-01
9.999976096422158456e-01 9.999966097275418964e-01 9.999963549622370440e-01 9.999966900930765679e-01 9.999971592554344202e-01 9.999970628421004371e-01 9.999945583492276802e-01 9.999946035137660116e-01 9.999960853648778292e-01 9.999981242719341301e-01
9.999984010725776473e-01 9.999963750186673384e-01 9.999956846650562836e-01 9.999977022139333593e-01 9.999953187809997868e-01 9.999973665993195926e-01 9.999946831811056258e-01 9.999966119874303949e-01 9.999982424408497828e-01 9.999973868852507497e-01
9.999960550907663892e-01 9.999983397223629611e-01 9.999972827802694475e-01 9.999972773073143584e-01 9.999971755885140867e-01 9.999975194989584315e-01 9.999966656088856709e-01 9.999965339237708584e-01 9.999968302732129555e-01 9.999956976883338511e-01
9.999976789148515843e-01 9.999990886478127283e-01 9.999957203312553888e-01 9.999982390226170859e-01 9.999964915475043625e-01 9.999973453363987241e-01 9.999971913646962252e-01 9.999967224731701743e-01 9.999962978683650805e-01 9.999948748615927752e-01
9.999973693193120461e-01 9.999964088579549326e-01 9.999959974398234808e-01 9.999966474544638162e-01 9.999977098698447087e-01 9.999980007553277428e-01 9.999945941779777581e-01 9.999943701122997464e-01 9.999970003293878751e-01 9.999973345088252197e-01
9.999940036123856624e-01 9.999978066825537804e-01 9.999974711548580419e-01 9.999948612219038413e-01 9.999961063670383954e-01 9.999940764983911157e-01 9.999984607283541882e-01 9.999955420948236640e-01 9.999970438539653728e-01 9.999974899526301586e-01
9.999984733602589326e-01 9.999973619544498815e-01 9.999961377703361354e-01 9.999981084665464648e-01 9.999958406400776267e-01 9.999980210484061827e-01 9.999953329607204067e-01 9.999964059670906069e-01 9.999967946885744974e-01 9.999947482566641233e-01
9.999967173572462675e-01 9.999967084168818188e-01 9.999961565289157139e-01 9.999952411907823135e-01 9.999953961243525091e-01 9.999985018350519006e-01 9.999971285826982914e-01 9.999940914177420925e-01 9.999990902710778062e-01 9.999952040805121234e-01
9.999955467294220357e-01 9.999957836823717416e-01 9.999965324825600410e-01 9.999975425206807378e-01 9.999973868585898540e-01 9.999971809358693120e-01 9.999943354954229369e-01 9.999948902899199465e-01 9.999982237974669452e-01 9.999955169281607992e-01
9.999961531348714461e-01 9.999967045114132036e-01 9.999971566031966574e-01 9.999960285627469414e-01 9.999925484779188523e-01 9.999988095173594216e-01 9.999967229196035090e-01 9.999982374116076489e-01 9.999959571287703186e-01 9.999978569687115737e-01
9.999963702875577232e-01 9.999967636910972457e-01 9.999977250903604453e-01 9.999976868973463606e-01 9.999964415254047889e-01 9.999977271538278423e-01 9.999975882970887353e-01 9.999956149253204085e-01 9.999931098750325376e-01 9.999985465731030532e-01
9.999968552842130043e-01 9.999962810112565936e-01 9.999963282064933123e-01 9.999956499363243934e-01 9.999956176215896164e-01 9.999919792156450882e-01 9.999971860731105000e-01 9.999948706855669167e-01 9.999947615845521387e-01 9.999982218871504847e-01
9.999982613080738991e-01 9.999970021888887617e-01 9.999922904803706381e-01 9.999933553335406122e-01 9.999965264820839250e-01 9.999974126375522632e-01 9.999971077140740183e-01 9.999970232513372137e-01 9.999975896835304745e-01 9.999974873226077365e-01
9.999973118906858582e-01 9.999982050648480447e-01 9.999965618220775232e-01 9.999991311462379517e-01 9.999970175591765820e-01 9.999970387012829809e-01 9.999978572249100806e-01 9.999977301684264130e-01 9.999990627764310247e-01 9.999984992329256084e-01
9.999992981812605430e-01 9.999979327995606182e-01 9.999986408796419646e-01 9.999948049414938422e-01 9.999980928018120663e-01 9.999960446968030325e-01 9.999960102871878753e-01 9.999967562721533421e-01 9.999971410744309397e-01 9.999959124431659907e-01
9.999963938154889931e-01 9.999980237578003361e-01 9.999951141189203918e-01 9.999982823821950140e-01 9.999965980615540539e-01 9.999962480703296075e-01 9.999966806800371089e-01 9.999983837904324879e-01 9.999939269555030430e-01 9.999957340867136057e-01
9.999942774087080544e-01 9.999985590343078989e-01 9.999950587811040625e-01 9.999961605000617926e-01 9.999993001464032583e-01 9.999974343153662515e-01 9.999945989290804915e-01 9.999968405881664024e-01 9.999964438893276242e-01 9.999968178575087130e-01
9.999982213569951206e-01 9.999961360809227484e-01 9.999979966525244235e-01 9.999964591063025265e-01 9.999960977650742544e-01 9.999982516955358003e-01 9.999965782308325446e-01 9.999978475615926010e-01 9.999969908105704741e-01 9.999972121352384002e-01
9.999966718820803013e-01 9.999973814126977834e-01 9.999985950150039882e-01 9.999973528823237201e-01 9.999962308372112307e-01 9.999941385200777910e-01 9.999974155138838805e-01 9.999976102086196583e-01 9.999982617521525619e-01 9.999957794896939811e-01
9.999964149260944790e-01 9.999942594246280514e-01 9.999968519608652961e-01 9.999968265745532436e-01 9.999961955549117043e-01 9.999968123455241775e-01 9.999977502627536152e-01 9.999973450050981816e-01 9.999957190712035482e-01 9.999944903434848653e-01
9.999986435793998263e-01 9.999975874284557920e-01 9.999974890338942934e-01 9.999966973468006337e-01 9.999966547427329155e-01 9.999987005674677576e-01 9.999983165589074741e-01 9.999983441293909259e-01 9.999974495883346970e-01 9.999969078593611282e-01
9.999953132762255947e-01 9.999967605754958022e-01 9.999980629225077022e-01 9.999972151375480234e-01 9.999985349438674787e-01 9.999963763279746676e-01 9.999967515814425223e-01 9.999979881056085818e-01 9.999960283098822122e-01 9.999967533750230286e-01
9.999947419852753816e-01 9.999967440563592991e-01 9.999971154454723177e-01 9.999965011023487227e-01 9.999960425515210805e-01 9.999983847707066831e-01 9.999967671829843585e-01 9.999976308318251350e-01 9.999956736816814074e-01 9.999964611925606928e-01
9.999974420887441928e-01 9.999982309125076130e-01 9.999986971886591913e-01 9.999970864424564398e-01 9.999992179453297547e-01 9.999978530313149427e-01 9.999970040428829421e-01 9.999955591026487012e-01 9.999986406953759177e-01 9.999954826463922641e-01
9.999972348332888394e-01 9.999969001024544557e-01 9.999980297046067168e-01 9.999974001664657663e-01 9.999966892078450131e-01 9.999940041763279996e-01 9.999975990540065363e-01 9.999969849029967106e-01 9.999967451647729932e-01 9.999960818402882090e-01
9.999980559624848109e-01 9.999984701352540029e-01 9.999970041468766446e-01 9.999970561695896709e-01 9.999957135047033985e-01 9.999960986756123438e-01 9.999936977045417175e-01 9.999974758020591104e-01 9.999957855766229420e-01 9.999976558152035011e-01
9.999960241058261090e-01 9.999974789645291740e-01 9.999973529116911175e-01 9.999974803064008988e-01 9.999949649562543952e-01 9.999980513152787465e-01 9.999961420254557254e-01 9.999967534429790028e-01 9.999978669143421151e-01 9.999945967478363062e-01
9.999934702744096571e-01 9.999974885816055314e-01 9.999955716377094683e-01 9.999980880626161417e-01 9.999962531917068187e-01 9.999972351281114502e-01 9.999950129960092360e-01 9.999953827121549343e-01 9.999970778534206239e-01 9.999976017937327599e-01
9.999984582595642379e-01 9.999920504281399891e-01 9.999966839505131100e-01 9.999978251328885959e-01 9.999946504157413152e-01 9.999980404749964080e-01 9.999976810198271115e-01 9.999971665220576122e-01 9.999965499495887533e-01 9.999980308631774006e-01
9.999977916568234537e-01 9.999987154229528219e-01 9.999977138143206767e-01 9.999977368459752602e-01 9.999979040036105493e-01 9.999948293835762003e-01 9.999929409167910288e-01 9.999977185353373654e-01 9.999966467771526091e-01 9.999983076956916461e-01
9.999974950812376973e-01 9.999982883012896728e-01 9.999951934113462393e-01 9.999967644711130754e-01 9.999965057162395476e-01 9.999970867658184437e-01 9.999978176798161034e-01 9.999976842228062157e-01 9.999960184642423533e-01 9.999945276077440992e-01
9.999954693396316818e-01 9.999974469555180656e-01 9.999980442541710479e-01 9.999976025145763669e-01 9.999968499469311656e-01 9.999972400193436473e-01 9.999957058711452795e-01 9.999973982644755344e-01 9.999984569452917693e-01 9.999984576964382477e-01
9.999961694763358500e-01 9.999970667375096545e-01 9.999954657936195312e-01 9.999958966393330817e-01 9.999959359925935098e-01 9.999970457538415181e-01 9.999956691610166759e-01 9.999960088986868945e-01 9.999979135429722943e-01 9.999980250679797456e-01
9.999955260127227907e-01 9.999946499666795274e-01 9.999956209905476179e-01 9.999970781209359671e-01 9.999946673989370538e-01 9.999975070225567420e-01 9.999946018728637087e-01 9.999934027778860646e-01 9.999949088035734457e-01 9.999981768102294000e-01
9.999976740909448658e-01 9.999936802319389084e-01 9.999975300719744498e-01 9.999977570221313394e-01 9.999975959713984786e-01 9.999975381804407926e-01 9.999986626143824164e-01 9.999952579056393676e-01 9.999979630762659832e-01 9.999976508164815092e-01
9.999945438701715039e-01 9.999967960598329375e-01 9.999977798401785689e-01 9.999966011302254820e-01 9.999949432358276047e-01 9.999967611834862380e-01 9.999979262767463295e-01 9.999965499930818513e-01 9.999962797179908769e-01 9.999956284746808199e-01
9.999955222003285016e-01 9.999977044916916746e-01 9.999965453974155594e-01 9.999940335977979267e-01 9.999968593239402237e-01 9.999965067389298135e-01 9.999978425632701784e-01 9.999979664910163546e-01 9.999980873107570112e-01 9.999962275162076475e-01
9.999981895823756295e-01 9.999955327488527779e-01 9.999966426140449727e-01 9.999950890205258069e-01 9.999965797628902475e-01 9.999988079852610845e-01 9.999919635385856598e-01 9.999911165444822503e-01 9.999973427843478202e-01 9.999962982974661685e-01
9.999943004815531333e-01 9.999927624942496207e-01 9.999984068575743512e-01 9.999950278240177237e-01 9.999929062339705244e-01 9.999970297743625558e-01 9.999982073565376606e-01 9.999964684049557073e-01 9.999946682032745393e-01 9.999923779305645022e-01
9.999971040835664571e-01 9.999972925413214142e-01 9.999957013058279331e-01 9.999954467624208032e-01 9.999972975869918512e-01 9.999953932338194740e-01 9.999979860481330585e-01 9.999977240453334915e-01 9.999967760260918270e-01 9.999978438424969029e-01
9.999977991331182592e-01 9.999960732914295880e-01 9.999954564959302461e-01 9.999976298309192213e-01 9.999971020477259609e-01 9.999965040020559748e-01 9.999962597477709547e-01 9.999985831897442168e-01 9.999955897987341524e-01 9.999932714266388523e-01
9.999954383999443142e-01 9.999973221110831645e-01 9.999960879619391729e-01 9.999968534433082423e-01 9.999978898391149729e-01 9.999972090894337917e-01 9.999975465059679491e-01 9.999978482360321053e-01 9.999982700504194133e-01 9.999980515213039434e-01
9.999952440106890661e-01 9.999970438427814301e-01 9.999969698809082486e-01 9.999970754198510559e-01 9.999973160650382775e-01 9.999974181753918945e-01 9.999975001166874211e-01 9.999973043275961482e-01 9.999958456568524001e-01 9.999974951406839230e-01
9.999959742484174630e-01 9.999934911112536851e-01 9.999945647862751308e-01 9.999972758027485531e-01 9.999980091744004040e-01 9.999974190164402366e-01 9.999976205363544368e-01 9.999954923668239459e-01 9.999962243660946992e-01 9.999981566140108136e-01
9.999974762869934253e-01 9.999972592279143813e-01 9.999973974186846526e-01 9.999941680168064062e-01 9.999970993910218819e-01 9.999979479750391587e-01 9.999954551617729059e-01 9.999949950161260981e-01 9.999965033193798369e-01 9.999958428069086747e-01
9.999946565672703791e-01 9.999977210815470530e-01 9.999973642742819857e-01 9.999972056078260119e-01 9.999985206906918389e-01 9.999961270377629718e-01 9.999976146141799083e-01 9.999978884324534079e-01 9.999950354356241800e-01 9.999957938058660067e-01
9.999956190413696877e-01 9.999936325977155649e-01 9.999983574216968485e-01 9.999962263555871589e-01 9.999972443740988703e-01 9.999975261083472455e-01 9.999985651241540818e-01 9.999939618858668666e-01 9.999980632602287756e-01 9.999979661274928100e-01
9.999981496613723486e-01 9.999972495165329045e-01 9.999983155691772874e-01 9.999954934584589505e-01 9.999962096793505451e-01 9.999985792429205711e-01 9.999941988809670779e-01 9.999970016088206570e-01 9.999949224820143812e-01 9.999961071091824083e-01
9.999960672491834401e-01 9.999979289023869233e-01 9.999981638055193134e-01 9.999968558555408782e-01 9.999968141784533193e-01 9.999963483952514220e-01 9.999952662222166833e-01 9.999974358922448792e-01 9.999955957432250520e-01 9.999963458946304895e-01
9.999970908927325874e-01 9.999960588997969246e-01 9.999963578132317066e-01 9.999956122735553787e-01 9.999963283713697582e-01 9.999982011814152472e-01 9.999939215502692269e-01 9.999950321582261603e-01 9.999967202163267954e-01 9.999983202837358087e-01
9.999972643876513523e-01 9.999982029552920704e-01 9.999977770864408866e-01 9.999959358504317830e-01 9.999974546181157331e-01 9.999987739623078520e-01 9.999986603970193455e-01 9.999988258988015133e-01 9.999944899171676616e-01 9.999992373798689549e-01
9.999963741512241100e-01 9.999976773472447622e-01 9.999967963611108290e-01 9.999972978079509911e-01 9.999955090597796303e-01 9.999951712893804245e-01 9.999963911560892926e-01 9.999983847620946831e-01 9.999985725472448905e-01 9.999968154280584054e-01
9.999945094041893245e-01 9.999963776594230636e-01 9.999960743697156040e-01 9.999969009927660579e-01 9.999976580166859419e-01 9.999968749066212581e-01 9.999970527791045560e-01 9.999972826995339181e-01 9.999922370848237652e-01 9.999976101698434539e-01
9.999973997086104571e-01 9.999985739061199030e-01 9.999982915803451444e-01 9.999947185885236234e-01 9.999966674990734550e-01 9.999977926471617096e-01 9.999959137601958092e-01 9.999967807716583224e-01 9.999968870460439474e-01 9.999964072479223809e-01
9.999966584320174601e-01 9.999970687203540987e-01 9.999952486781084060e-01 9.999951958935646701e-01 9.999945029803972707e-01 9.999964654768972450e-01 9.999961461283509712e-01 9.999940065181692761e-01 9.999981862866335058e-01 9.999963518943507657e-01
9.999972790272484424e-01 9.999964644706867967e-01 9.999981281200418515e-01 9.999967800128631845e-01 9.999974364594028664e-01 9.999973408858970902e-01 9.999963718735577212e-01 9.999966499907492201e-01 9.999970350911927541e-01 9.999973383483037326e-01
9.999951638348334448e-01 9.999968429755056176e-01 9.999964062864059589e-01 9.999964551869710006e-01 9.999971695405409644e-01 9.999972410265317579e-01 9.999980418488574330e-01 9.999972630165645526e-01 9.999955435068599296e-01 9.999978777299691757e-01
9.999959109294441761e-01 9.999980036490139224e-01 9.999962199782225225e-01 9.999981806712557875e-01 9.999925356682535238e-01 9.999911838005465237e-01 9.999953189631916040e-01 9.999980707046471906e-01 9.999977631070761097e-01 9.999976426169894239e-01
9.999977528837070695e-01 9.999965300831674675e-01 9.999984234598221500e-01 9.999963552044779380e-01 9.999950711008535054e-01 9.999975129674898433e-01 9.999932771814125099e-01 9.999943437916297695e-01 9.999953992354675414e-01 9.999960571157909817e-01
9.999971947860168964e-01 9.999929667537693634e-01 9.999964186649175080e-01 9.999971611728041276e-01 9.999977442570939790e-01 9.999977915913758064e-01 9.999977650101345983e-01 9.999972946332406076e-01 9.999968376940324699e-01 9.999964195679843515e-01
9.999979062942286889e-01 9.999986842668449061e-01 9.999977790328334892e-01 9.999972768548728297e-01 9.999981130366846216e-01 9.999960780978063291e-01 9.999971437124689499e-01 9.999977573968065192e-01 9.999983544742713226e-01 9.999974510753562029e-01
9.999972121130302760e-01 9.999976315018095363e-01 9.999975122383342185e-01 9.999969381455856565e-01 9.999957625911072290e-01 9.999986090300089225e-01 9.999966166888962782e-01 9.999986144497344798e-01 9.999952091760361261e-01 9.999966252188665639e-01
9.999959686390236246e-01 9.999975423324817259e-01 9.999956863397464479e-01 9.999971850514611793e-01 9.999960642590987048e-01 9.999939400161204084e-01 9.999957043854111882e-01 9.999969352512818599e-01 9.999958262345000071e-01 9.999970724879422290e-01
9.999978659134384218e-01 9.999974213163653758e-01 9.999958798237289503e-01 9.999967310349539007e-01 9.999963442628319044e-01 9.999972136076443752e-01 9.999937881622655844e-01 9.999947170221856751e-01 9.999953517963637850e-01 9.999965914996137295e-01
9.999980260038595636e-01 9.999970488875317143e-01 9.999978443945688467e-01 9.999981114179163910e-01 9.999959494300820761e-01 9.999962405409275057e-01 9.999944395396856978e-01 9.999941737441135903e-01 9.999971037762704906e-01 9.999971291592261169e-01
9.999977134558973857e-01 9.999968004020612922e-01 9.999971203369421024e-01 9.999956993943324157e-01 9.999948755734047179e-01 9.999967821527369072e-01 9.999957449347827154e-01 9.999954462463916949e-01 9.999986777149246775e-01 9.999957472826140892e-01
9.999910667725462332e-01 9.999973305110217980e-01 9.999966403570469398e-01 9.999946129375085757e-01 9.999959134251895643e-01 9.999964404549651631e-01 9.999978451111737332e-01 9.999952344407445626e-01 9.999976294671482080e-01 9.999961053704238267e-01
9.999968728632715464e-01 9.999970385821828067e-01 9.999968041800124663e-01 9.999968911176047026e-01 9.999957401341945662e-01 9.999977945507382282e-01 9.999986904749298411e-01 9.999981221242900675e-01 9.999986008043086905e-01 9.999968294327965523e-01
9.999964974982424870e-01 9.999956715531436169e-01 9.999931487878808145e-01 9.999973321968596007e-01 9.999953888649909528e-01 9.999971201568896850e-01 9.999976650678586987e-01 9.999980172313690518e-01 9.999940412261222322e-01 9.999982154701566595e-01
9.999971578596040800e-01 9.999980618735658799e-01 9.999971861628677017e-01 9.999962898002346945e-01 9.999961454721584264e-01 9.999977294552943041e-01 9.999984682404049474e-01 9.999958749132341618e-01 9.999966233598105436e-01 9.999942479011131313e-01
9.999973947090499138e-01 9.999969624382792910e-01 9.999966232234949182e-01 9.999952649605642341e-01 9.999963405207408229e-01 9.999958569364524319e-01 9.999962772831946234e-01 9.999961802324198734e-01 9.999958984503071191e-01 9.999977902048364786e-01
9.999967035120405079e-01 9.999972601866043975e-01 9.999966095929313514e-01 9.999985110549203249e-01 9.999975352760334113e-01 9.999961593912723989e-01 9.999957960518769395e-01 9.999942228361992091e-01 9.999974941580815901e-01 9.999972893858487533e-01
9.999932753813358666e-01 9.999959444166915956e-01 9.999956224039390218e-01 9.999978087728533804e-01 9.999944073181372683e-01 9.999956460373243816e-01 9.999959963336418900e-01 9.999975906833397099e-01 9.999984728931424760e-01 9.999979616365892721e-01
9.999968770842880827e-01 9.999945403909455965e-01 9.999964518860384732e-01 9.999966017788322059e-01 9.999954322582249588e-01 9.999958634032557470e-01 9.999982913717335720e-01 9.999974393881450041e-01 9.999969804704770260e-01 9.999942524999960725e-01
