9.994685587167246865e-01 9.994469055916398448e-01 9.995990919205289815e-01 9.996919765987019035e-01 9.994328061938502206e-01 9.993667965719007507e-01 9.994149392915887553e-01 9.991074363541748715e-01 9.993702156009208748e-01 9.995720483776004972e-01
9.994293599962299490e-01 9.994307453492952131e-01 9.994345381381749549e-01 9.995200084319317835e-01 9.993515509760085846e-01 9.992161031368070878e-01 9.994701082382232427e-01 9.995288934091778321e-01 9.994704124006347223e-01 9.995421914928434015e-01
9.991747087963238627e-01 9.994393198801606593e-01 9.997231021329466838e-01 9.995817932306740872e-01 9.994785799266404647e-01 9.994337105027996104e-01 9.996108185308746341e-01 9.992096493040064642e-01 9.993535311370083107e-01 9.994039719234762975e-01
9.994801672868883768e-01 9.994682933286046511e-01 9.993393697286391264e-01 9.993147276925261613e-01 9.995117990486360737e-01 9.994208090425561464e-01 9.994457779859960977e-01 9.992804339322562956e-01 9.996044970337140123e-01 9.995450744691068978e-01
9.993508065599870926e-01 9.995328734191671893e-01 9.995254203827910189e-01 9.994316763794596215e-01 9.996248847832439610e-01 9.995960964205353738e-01 9.994483142949990295e-01 9.993685951315787186e-01 9.994726349901109641e-01 9.995628083473665493e-01
9.995969556351456120e-01 9.995115667051205355e-01 9.994221478331355435e-01 9.995551134965432460e-01 9.995249481791924628e-01 9.994330524988523923e-01 9.994949779972223114e-01 9.994001551329547706e-01 9.994529664834150839e-01 9.993836595141057932e-01
9.995787766390060725e-01 9.996010800232387750e-01 9.994277448975165123e-01 9.995630126806616111e-01 9.995458999791139165e-01 9.995604692877008146e-01 9.995194354605760889e-01 9.996125088794867164e-01 9.994686260222918062e-01 9.995855109098640279e-01
9.994854212545459804e-01 9.993956872612738129e-01 9.994233722830122568e-01 9.994992612281431432e-01 9.990315541958979528e-01 9.994191544615472766e-01 9.994651791541476760e-01 9.994366557813891827e-01 9.993964582592090862e-01 9.994843254368320773e-01
9.993698150109335820e-01 9.993610898158193923e-01 9.995940213282519249e-01 9.995955988407555504e-01 9.994280056741600138e-01 9.993559157525488956e-01 9.994100048297696048e-01 9.995239319526758592e-01 9.989023240467007625e-01 9.995997229690650743e-01
9.992458012814426915e-01 9.994814781864360675e-01 9.996378046353179281e-01 9.993716150688908284e-01 9.995045634026281656e-01 9.993674354873008925e-01 9.995408978999913430e-01 9.993903335668909982e-01 9.994830659281396246e-01 9.995240003141728780e-01
9.995733329661748989e-01 9.993816280082581383e-01 9.995681248809598074e-01 9.994725055290192284e-01 9.995175344238970139e-01 9.996001269956088509e-01 9.994447724181078074e-01 9.992713757587200485e-01 9.994058040045229463e-01 9.995967989652211338e-01
9.996060596171171264e-01 9.995463968532179999e-01 9.994598693804271905e-01 9.995868847953170988e-01 9.994446257147013846e-01 9.996513844924541647e-01 9.994682386154887244e-01 9.993755560311987640e-01 9.994193034703087175e-01 9.994640865036440447e-01
9.994018073617894071e-01 9.994121495852541504e-01 9.993727801428441415e-01 9.994947955789716953e-01 9.993934963681885275e-01 9.996190046555535336e-01 9.995358883500352620e-01 9.995845811953958382e-01 9.994655864858500438e-01 9.995434285843175504e-01
9.993135097633444319e-01 9.994707489993787108e-01 9.993548018864590876e-01 9.995389655573417853e-01 9.995617235320382044e-01 9.992085937032475496e-01 9.995090645915561955e-01 9.994512242831088411e-01 9.996505567279102555e-01 9.993532809262302141e-01
9.995959531924544228e-01 9.993688738823002238e-01 9.995269770043139212e-01 9.993352746758604743e-01 9.995316276236200226e-01 9.995814311099221472e-01 9.995459281965284326e-01 9.995672459481635963e-01 9.995653000938480304e-01 9.994703374365134785e-01
9.995377572496942919e-01 9.995632507434010217e-01 9.995070019118351690e-01 9.993695746059476637e-01 9.995487991412959072e-01 9.993586756461692033e-01 9.993485954953976735e-01 9.992343053660713847e-01 9.993252856026623165e-01 9.995574743848834043e-01
9.995888735227337341e-01 9.994145244922756355e-01 9.995903921316174889e-01 9.995735025899692427e-01 9.993376938557310130e-01 9.994458087562493320e-01 9.994437531064651603e-01 9.994843367227087549e-01 9.995950171279255336e-01 9.995505285510875026e-01
9.994097855858846691e-01 9.994418102839505158e-01 9.994519207879377642e-01 9.992205015277961788e-01 9.995295445597595085e-01 9.994962947198086090e-01 9.994907508412353980e-01 9.992908163759309792e-01 9.995107972832814047e-01 9.996488564012929734e-01
9.994860015441393575e-01 9.994477267129053821e-01 9.993005726867365546e-01 9.993406813753640261e-01 9.994832996622854404e-01 9.994525940102940709e-01 9.994596331929140876e-01 9.992873293579187521e-01 9.994516390518748405e-01 9.994739526698976917e-01
9.993731566229412389e-01 9.993457126724880624e-01 9.994430441959678557e-01 9.995443355775929239e-01 9.996299312498663214e-01 9.993276351146935799e-01 9.994869278951783453e-01 9.993113046947451616e-01 9.994297915514607222e-01 9.996296654255450997e-01
9.995369460851317722e-01 9.992869541788941268e-01 9.995315269370517175e-01 9.992729125205068730e-01 9.994053043562686200e-01 9.993816950728882098e-01 9.994355067932357839e-01 9.996177030361605986e-01 9.995372317611992408e-01 9.994452296679335879e-01
9.995729291579690257e-01 9.993410322562062964e-01 9.995196076174529543e-01 9.995849203719381348e-01 9.995309925482358526e-01 9.995776907552271773e-01 9.992353342621071999e-01 9.994684885926025109e-01 9.995772184047114761e-01 9.995672789888065957e-01
9.994984842048122431e-01 9.995416742661590304e-01 9.995020831932541761e-01 9.994209463984463637e-01 9.994895655462853190e-01 9.995230272417493511e-01 9.992623570941611133e-01 9.994144604322438008e-01 9.993577355409702934e-01 9.994541338527997976e-01
9.995719485488423484e-01 9.996303738924147142e-01 9.994286384875412654e-01 9.993641400058624891e-01 9.993672372141713112e-01 9.993599542355467991e-01 9.994932242626797247e-01 9.995021783410196203e-01 9.994923630252678937e-01 9.996302140466900576e-01
9.995060022047241866e-01 9.992597824815596663e-01 9.992459344908939389e-01 9.994128776936580527e-01 9.995829960870047382e-01 9.996218429999895738e-01 9.997302150655039688e-01 9.993852520708477183e-01 9.997092057935992315e-01 9.994846743985663640e-01
9.993299349875982562e-01 9.994863548892076732e-01 9.990871844375526223e-01 9.995894571092367453e-01 9.994773064353574821e-01 9.995031036373234201e-01 9.994174727175287876e-01 9.993306772382036796e-01 9.995784729493678578e-01 9.993396610327549556e-01
9.993294237961862780e-01 9.994489526745427010e-01 9.994945552963498958e-01 9.993037381456775226e-01 9.994884050234807971e-01 9.993544584139134601e-01 9.993198554747909634e-01 9.993141185792688841e-01 9.994790546865293113e-01 9.995426040333856843e-01
9.994598430267838118e-01 9.994335520669178630e-01 9.994787948034291603e-01 9.991915341575169363e-01 9.993450647099846318e-01 9.995326532661408248e-01 9.993519160750594654e-01 9.994046865374048849e-01 9.995764671829117098e-01 9.993370677133392999e-01
9.991137499683601098e-01 9.993815148240912105e-01 9.993070631447561469e-01 9.996124367172195546e-01 9.995084462774939116e-01 9.995346501141462170e-01 9.992290502493562654e-01 9.995694866136957124e-01 9.994812554132995741e-01 9.995304841474182966e-01
9.994301897395583278e-01 9.992954750807321318e-01 9.993223502390830015e-01 9.993639026143223969e-01 9.994659817767391763e-01 9.995370829099439192e-01 9.992807096622142726e-01 9.995084831526126479e-01 9.994291294688953942e-01 9.996306053617796117e-01
9.993643847537162506e-01 9.997208103366473919e-01 9.996578814389295298e-01 9.994715535077773882e-01 9.995749220101858290e-01 9.993655308747528832e-01 9.993037802761245425e-01 9.995848214476251714e-01 9.994956909358245767e-01 9.994163947449586916e-01
9.994821046832987887e-01 9.996045446128867251e-01 9.996046726560742224e-01 9.995014301290034986e-01 9.995038768055163336e-01 9.994988536618397701e-01 9.994068571952552382e-01 9.996085152330556056e-01 9.993184865195295918e-01 9.995747886945390848e-01
9.993630292160842199e-01 9.993508037873589656e-01 9.996092328359916790e-01 9.995283607152715133e-01 9.993612868341799071e-01 9.994214768953213479e-01 9.992376139319897321e-01 9.993269536674597164e-01 9.993076429254705850e-01 9.994833913142260329e-01
9.996348194812347820e-01 9.996157117977256812e-01 9.994646993691439496e-01 9.995129883036185658e-01 9.994584945546678423e-01 9.994364221033399387e-01 9.995255810228890203e-01 9.995536836554740345e-01 9.994527069292497012e-01 9.995574082922757952e-01
9.995339447929232346e-01 9.995695008107750024e-01 9.995428587731292058e-01 9.994516895773429832e-01 9.993042390158077826e-01 9.993753231985799124e-01 9.994633977820811532e-01 9.992048979804244446e-01 9.995260091464298613e-01 9.995801279923290927e-01
9.996454271504106037e-01 9.993076335685512346e-01 9.994477483643754434e-01 9.996302202162696826e-01 9.994778503649571766e-01 9.994519478729075868e-01 9.993389886963047752e-01 9.994628723542607895e-01 9.993429919717392584e-01 9.995523142025382057e-01
9.994736825267763747e-01 9.993730667726569150e-01 9.995192198128129979e-01 9.994932248019742227e-01 9.995818241486031930e-01 9.996429585534845064e-01 9.993907980923080192e-01 9.995177882908901079e-01 9.993295533470853975e-01 9.994399669127095320e-01
9.994193053926010428e-01 9.994329052317557638e-01 9.995067075947141610e-01 9.996513964636705163e-01 9.996202033366308193e-01 9.993350099916660234e-01 9.995328892563632994e-01 9.995032566933642615e-01 9.994489926435670135e-01 9.992682922983608940e-01
9.995518728463724800e-01 9.994447364603430417e-01 9.995777468914921471e-01 9.992099319100125054e-01 9.994818474672677588e-01 9.995347218297897518e-01 9.995688768899885224e-01 9.994937283112172999e-01 9.993388086375452062e-01 9.994654677797462083e-01
9.991903358853029271e-01 9.993992600344272503e-01 9.995243594782067253e-01 9.994683210883260616e-01 9.996183506208667913e-01 9.994218029398366232e-01 9.993927940640997543e-01 9.996616876661542639e-01 9.994793347627232150e-01 9.993729831377952122e-01
9.992445450577207566e-01 9.996008217014428210e-01 9.992139713787501210e-01 9.995076231959906243e-01 9.997315966927675657e-01 9.993167225212353788e-01 9.995387315583359467e-01 9.992604676456742219e-01 9.994106021614701518e-01 9.995181785395783614e-01
9.993717890867886977e-01 9.993290213597575411e-01 9.994325838613842272e-01 9.996919046189728375e-01 9.995154569294223412e-01 9.993810202576528523e-01 9.996056820502802198e-01 9.994079434163118947e-01 9.993559476863783653e-01 9.993367176117228246e-01
9.994449409986578825e-01 9.995030419692987333e-01 9.994096998958985623e-01 9.991991231561557774e-01 9.993980336817159804e-01 9.996053843561069074e-01 9.994612446536147443e-01 9.995464255515668084e-01 9.994866346399006174e-01 9.995486406317956041e-01
9.994102380436825639e-01 9.993307054150338820e-01 9.995571277780926911e-01 9.995403056289172694e-01 9.993329399102371946e-01 9.995340289343895845e-01 9.995407729529415253e-01 9.995497153029256898e-01 9.996640213501629679e-01 9.993665375300274656e-01
9.994118878925395411e-01 9.995440690608695666e-01 9.994312960463150874e-01 9.993273494962323644e-01 9.995657164519230475e-01 9.994731484702896740e-01 9.995720906207725687e-01 9.994703260377808540e-01 9.995174102829064156e-01 9.993887086586821233e-01
9.996643061282177722e-01 9.993038944666241541e-01 9.995282607285820298e-01 9.994842163258509382e-01 9.994277934535252816e-01 9.994311280891728932e-01 9.994997062714318092e-01 9.995069748674013654e-01 9.994758695150347538e-01 9.995706221525979540e-01
9.995455476591239563e-01 9.994405963836469065e-01 9.993392083146191984e-01 9.994918931219890501e-01 9.993755512690767340e-01 9.993696160135905338e-01 9.993219035921231397e-01 9.991373025602887648e-01 9.993236445750777186e-01 9.995831460148136838e-01
9.994601129101020609e-01 9.994427854638373576e-01 9.992413517257031641e-01 9.994528605753763006e-01 9.992800879494687649e-01 9.995732803106859299e-01 9.993704750077256893e-01 9.993838788880320401e-01 9.993414243576699274e-01 9.996193438966618494e-01
9.996320825495693674e-01 9.992866634609767207e-01 9.996525584659685659e-01 9.995354137336140976e-01 9.993160557977439629e-01 9.996012257449605753e-01 9.993306074842448483e-01 9.996210473527574747e-01 9.993822671681037439e-01 9.994040972916367060e-01
9.995878113015590483e-01 9.995517761365642073e-01 9.993155740559129807e-01 9.993120865263639407e-01 9.995251946326744186e-01 9.993319194018834839e-01 9.995095240697472461e-01 9.995168569516871271e-01 9.994764428790969824e-01 9.992952469125077064e-01
9.993735290494134560e-01 9.992840816679777749e-01 9.992095504976102882e-01 9.993505876273656163e-01 9.994692740715341861e-01 9.991563037531115965e-01 9.994139321487253147e-01 9.993662359087861491e-01 9.994867542312050324e-01 9.995014070081945645e-01
9.994081564067366363e-01 9.994107518747725738e-01 9.994853155608204309e-01 9.994135544192991327e-01 9.993606222048940779e-01 9.988795043660552153e-01 9.993573363303367429e-01 9.995802462539984390e-01 9.993441977924247821e-01 9.995278706516552703e-01
9.995579185732523797e-01 9.994050764330971726e-01 9.993698822127230486e-01 9.991930175277086157e-01 9.995288097503371993e-01 9.992718003748387590e-01 9.993008749764817900e-01 9.996539462570703805e-01 9.994366039544110292e-01 9.994241158361876209e-01
9.994159344783701826e-01 9.993149228266314799e-01 9.994482955960822812e-01 9.994769374777369153e-01 9.995044462840528832e-01 9.994636767011255696e-01 9.994859478733428837e-01 9.994556942903148888e-01 9.994356432176166871e-01 9.995603805136573650e-01
9.994384336203044894e-01 9.994654208744978563e-01 9.995535666155790366e-01 9.992421075811632747e-01 9.994589235424081730e-01 9.993855328148099071e-01 9.995746856525129509e-01 9.996039893324019099e-01 9.994773126914047179e-01 9.993540997911459778e-01
9.993836875771988648e-01 9.995042690736276603e-01 9.993934004518748582e-01 9.994468106429518217e-01 9.994724080331059968e-01 9.994902475658126173e-01 9.995865583582478342e-01 9.992397389510058181e-01 9.994264366544798328e-01 9.992407829572420574e-01
9.995141096521089619e-01 9.993672505444214371e-01 9.994642944206904023e-01 9.995380457425434573e-01 9.994150067689994144e-01 9.993317026016175220e-01 9.996448573480425370e-01 9.995162740067660145e-01 9.995503105819658618e-01 9.994885070244403646e-01
9.993398764371288490e-01 9.993916331819597820e-01 9.993254456532238983e-01 9.995391599198855115e-01 9.995226647405716092e-01 9.992807414287525614e-01 9.994784305863326779e-01 9.994902900022080150e-01 9.995099174694954680e-01 9.994208343534365380e-01
9.994086986045154219e-01 9.995805507080651742e-01 9.993390242257266243e-01 9.995269830952920875e-01 9.993384381222192303e-01 9.996319074377192360e-01 9.995905601453139999e-01 9.994805619992563894e-01 9.995463195137274104e-01 9.995506399985074619e-01
9.996331030201291989e-01 9.993873665013642826e-01 9.996568835018415644e-01 9.992881884208801857e-01 9.994516721848554219e-01 9.996475832155068408e-01 9.995593802476719913e-01 9.994596607584758097e-01 9.994770240909089942e-01 9.992675642364254873e-01
9.996099290224547129e-01 9.994339717559733716e-01 9.994787605663463248e-01 9.995186628282191066e-01 9.994089121760516559e-01 9.995919734571683257e-01 9.996018992711774853e-01 9.994548505016785933e-01 9.993827784568026784e-01 9.994314921958181719e-01
9.992470873908740892e-01 9.992802111849176105e-01 9.994967237077845290e-01 9.995072260097112027e-01 9.994626929337036003e-01 9.994155636524041375e-01 9.994605418854930479e-01 9.995893407921681018e-01 9.995038072277371288e-01 9.996235778472933875e-01
9.994503303244378634e-01 9.996091106592057685e-01 9.992945237374651901e-01 9.993416907192265164e-01 9.994870136219700107e-01 9.994757779830200084e-01 9.996613430798206856e-01 9.993130768352288529e-01 9.994319060996955661e-01 9.994342714151236429e-01
9.994723518770144421e-01 9.994375494264514659e-01 9.991776527362224991e-01 9.993883601322147703e-01 9.996038690867838916e-01 9.995445639704769736e-01 9.993620552540839475e-01 9.993587718127044939e-01 9.995429075168743571e-01 9.995405471192643221e-01
9.994669430372860042e-01 9.993989714922819623e-01 9.996041465738192411e-01 9.994123564539145743e-01 9.994374994853725269e-01 9.995348320474098935e-01 9.993569842051867047e-01 9.993306180284302620e-01 9.993071526159205131e-01 9.995090192069674417e-01
9.995970539863334725e-01 9.993818953570761110e-01 9.995784232665376745e-01 9.993544237871582192e-01 9.996242411087825630e-01 9.993135829642620926e-01 9.994545028438679424e-01 9.995555521221746176e-01 9.991916718295049682e-01 9.991780473804572349e-01
9.994411013242074926e-01 9.992578951984324442e-01 9.992004665730108703e-01 9.995445214367965070e-01 9.995660968513041533e-01 9.993773767234996885e-01 9.994625816856422817e-01 9.995408286036038259e-01 9.991744863965555945e-01 9.993808906494755506e-01
9.994283610177692179e-01 9.995141219590277792e-01 9.994554659355319171e-01 9.994114933098233733e-01 9.991674408009557640e-01 9.995723897800149471e-01 9.996117600088856303e-01 9.995411809394557645e-01 9.994231927422555506e-01 9.994405216994864949e-01
9.990012026476017271e-01 9.995528989159808697e-01 9.994133419235904370e-01 9.993951395287249406e-01 9.996358221547744227e-01 9.995187132227044691e-01 9.994675057303563648e-01 9.994215387895235558e-01 9.994187992071908999e-01 9.993488762142671566e-01
9.986115839308423725e-01 9.995904224530136606e-01 9.997043643413230374e-01 9.995895878969220938e-01 9.995593323417030218e-01 9.993592353809925832e-01 9.995306683710079021e-01 9.996306972148355507e-01 9.994617354564087064e-01 9.994931825220791932e-01
9.993618110075511707e-01 9.994587082424565283e-01 9.995052250872766830e-01 9.993565381498092925e-01 9.994868686390028234e-01 9.993213417653952213e-01 9.993330302717370328e-01 9.993862501811237031e-01 9.994709683788244314e-01 9.995096930230951138e-01
9.995401043401341834e-01 9.995168651998662668e-01 9.993241173612079642e-01 9.995039152699181084e-01 9.993873703769636796e-01 9.994290368937057689e-01 9.992285141672671012e-01 9.993966539801603099e-01 9.993450404762217465e-01 9.993687952457493973e-01
9.993230881698674795e-01 9.994307382526599337e-01 9.996418874836676682e-01 9.995327968449512213e-01 9.994412559591219214e-01 9.994721848105230233e-01 9.995994790869653368e-01 9.995057988669799887e-01 9.994864276420957205e-01 9.994175811695819034e-01
9.995220828654785006e-01 9.994419047914119281e-01 9.993855337063154431e-01 9.993552132935827892e-01 9.995946956940504613e-01 9.994528354365596057e-01 9.992634436269992593e-01 9.994958836258370782e-01 9.994026444598160808e-01 9.993651501113388624e-01
9.993537409758265211e-01 9.995353076106751056e-01 9.995067461753922577e-01 9.995815314730659429e-01 9.992530360765239372e-01 9.994238090037093070e-01 9.994828689658247223e-01 9.996558606594285745e-01 9.993826139963818411e-01 9.994315592202430709e-01
9.993931785643646037e-01 9.994029823701413573e-01 9.994521942405893977e-01 9.993760067994482688e-01 9.991781911380075432e-01 9.993517039713151195e-01 9.994322948682605734e-01 9.994716674226683528e-01 9.995498159268542127e-01 9.994733055118056875e-01
9.994166349002098215e-01 9.995901560326663216e-01 9.994442003405090702e-01 9.992706400734456818e-01 9.993521030433129004e-01 9.994597494488411948e-01 9.994409991796172621e-01 9.993207044546330575e-01 9.995051101149479145e-01 9.994418664171647038e-01
9.992524014635882912e-01 9.992817494666229594e-01 9.994942694913635517e-01 9.994840320198230543e-01 9.995795326754884913e-01 9.994449139311268882e-01 9.994354063017893974e-01 9.991971820396575721e-01 9.992138839899378233e-01 9.993352693486013960e-01
9.994960080830398441e-01 9.994269137041118523e-01 9.993592113495011198e-01 9.993027488183272578e-01 9.995479187339970650e-01 9.994425905800249366e-01 9.994340636238940867e-01 9.992843537791660236e-01 9.994620999444698839e-01 9.994184467374486180e-01
9.993286477541022395e-01 9.995376884790251326e-01 9.995618704087857465e-01 9.994375282846452713e-01 9.995556393683920904e-01 9.994394885127405592e-01 9.993902585069383004e-01 9.994078357884327302e-01 9.996251245471309277e-01 9.992646581671349448e-01
9.995217735749281074e-01 9.995394157417689662e-01 9.994926102278294255e-01 9.995973444610453118e-01 9.993758283214727589e-01 9.995081295645816821e-01 9.994235280460053161e-01 9.994418121172937708e-01 9.993401586877019849e-01 9.995327919440487596e-01
9.994801966521510428e-01 9.994384129711703091e-01 9.993450578419416086e-01 9.991140045009802018e-01 9.992927960654302000e-01 9.993343065934403580e-01 9.994620572777298539e-01 9.994551989247765222e-01 9.994001774752862000e-01 9.994137805377726336e-01
9.994898517914777569e-01 9.995135812084322557e-01 9.996669806650042567e-01 9.995473599516743191e-01 9.995641176182578080e-01 9.995371705300371001e-01 9.993473635090042162e-01 9.995445942050710242e-01 9.993779582713607779e-01 9.994525885097216289e-01
9.993953251165936802e-01 9.993251339980694370e-01 9.996675941173166491e-01 9.995352741486033255e-01 9.991843289808183259e-01 9.994766478733607684e-01 9.993863102357187778e-01 9.995202804809860675e-01 9.994671426020200755e-01 9.994820888157628369e-01
9.995718422987638352e-01 9.992760162477276609e-01 9.996824880650674316e-01 9.994790710555678803e-01 9.995493302089697440e-01 9.994364970750470034e-01 9.995404715017729425e-01 9.994697289131460050e-01 9.994642025837054966e-01 9.993437908051866492e-01
9.995035455773306765e-01 9.994015632796969806e-01 9.997023369907174217e-01 9.991754636038693294e-01 9.993694490380838902e-01 9.992277208461812776e-01 9.993273333194269137e-01 9.994848203604673742e-01 9.992720563768766606e-01 9.994797095130214526e-01
9.992666461894805785e-01 9.991643393110153371e-01 9.992735451454081153e-01 9.993014360614602687e-01 9.992753568588456092e-01 9.995813224857565960e-01 9.996312304052838993e-01 9.993306023609664912e-01 9.996038036340918476e-01 9.995126709294454015e-01
9.991719844330404499e-01 9.992018158299710295e-01 9.995808118766946748e-01 9.994687849587031714e-01 9.994665148161359092e-01 9.994460771065410976e-01 9.993925707260106206e-01 9.993632589055804205e-01 9.994247317320817947e-01 9.996116295924687423e-01
9.992819989609340592e-01 9.992882073677104016e-01 9.994137636157066629e-01 9.994423846141868850e-01 9.994871564382767914e-01 9.993542949993168278e-01 9.996239769736685599e-01 9.994861388201461416e-01 9.994037151934770380e-01 9.995639368180121442e-01
9.994275470461302380e-01 9.994900403031489189e-01 9.995090446560114250e-01 9.992616608415100243e-01 9.993421099075046055e-01 9.995096568848665930e-01 9.993446630122118091e-01 9.994138528587417358e-01 9.993021164875449669e-01 9.995294845198838818e-01
9.994472855818503643e-01 9.995969360162052508e-01 9.994041785240032061e-01 9.995643600955086416e-01 9.995328974809679634e-01 9.996002045592493612e-01 9.994399460920083689e-01 9.993144971873911819e-01 9.995272301221661548e-01 9.993132625365873656e-01
9.994283789428957121e-01 9.994844872879021791e-01 9.994199618300427801e-01 9.994297964080597341e-01 9.992927834719426139e-01 9.994522266474734629e-01 9.994157069691620432e-01 9.996371863298385563e-01 9.993778692608503711e-01 9.993870068990760025e-01
9.995723870003042633e-01 9.996391272314641974e-01 9.994986673276349265e-01 9.993635855028976112e-01 9.995836957055110883e-01 9.995061323926376362e-01 9.993686171025383258e-01 9.995875283898895125e-01 9.995437620104824505e-01 9.993513888518271715e-01
9.994385424925518180e-01 9.994452070099371088e-01 9.993975936033077101e-01 9.994586376907540481e-01 9.995831750253691972e-01 9.995508800441598174e-01 9.994999920444787023e-01 9.993353697533426949e-01 9.995753393294657396e-01 9.996471635525400190e-01
9.994989962776948955e-01 9.992636572095590086e-01 9.994035412751541836e-01 9.994567753738973215e-01 9.995309233967210050e-01 9.993388428788889666e-01 9.994131584621812614e-01 9.994720753121836276e-01 9.994926298305366608e-01 9.994578205915366498e-01
9.995052567684046263e-01 9.992706946076479468e-01 9.994968888972889376e-01 9.996060357023958121e-01 9.994445760142670609e-01 9.995522757573803707e-01 9.994258966123634735e-01 9.994537973138822862e-01 9.991992699199624406e-01 9.994795479183621323e-01
9.993716964737016095e-01 9.995506157105871203e-01 9.993025618314258507e-01 9.994466055942249350e-01 9.995517476861210948e-01 9.994619677941695146e-01 9.994922732255493436e-01 9.995280591460546926e-01 9.996153623579168146e-01 9.991809242731368723e-01
9.995286771482128074e-01 9.992950968507552378e-01 9.995146474322842423e-01 9.993817205018841188e-01 9.993674446748002094e-01 9.994584527036247668e-01 9.992922005050728362e-01 9.995003526582146858e-01 9.995422347226237125e-01 9.993597659411193046e-01
9.994467559720749961e-01 9.994393993648738039e-01 9.995275465031301376e-01 9.993433003504437195e-01 9.993816844834891855e-01 9.995629590806566211e-01 9.994544320167003670e-01 9.992991026115312092e-01 9.993509472412316352e-01 9.994645245635082054e-01
9.993941020880007242e-01 9.996071390134764201e-01 9.995401841063840109e-01 9.991611058519567212e-01 9.997286966844249889e-01 9.995108390588363090e-01 9.993597891438444902e-01 9.994921963978177226e-01 9.995542946119042593e-01 9.995594527392305251e-01
