9.986011768897186114e-01 9.992852862444928652e-01 9.985684128342905419e-01 9.990199724408460602e-01 9.989455483689327897e-01 9.994468700475194201e-01 9.969466548405606643e-01 9.988882938285434943e-01 9.995447774499955917e-01 9.995903845649132258e-01
9.992023439607599089e-01 9.970489103001475284e-01 9.986410400126095599e-01 9.980372890076645298e-01 9.988447511354875408e-01 9.990429284636677121e-01 9.979721548661560915e-01 9.970578430939917025e-01 9.989863535423927354e-01 9.979338163048281363e-01
9.987431908962398630e-01 9.993974274587572593e-01 9.990627737716127887e-01 9.995172206797161563e-01 9.992842984340658541e-01 9.995220303015267538e-01 9.989133459441842389e-01 9.976070717943212873e-01 9.986072536713433978e-01 9.981646348161362647e-01
9.965820775841631729e-01 9.977102674661034731e-01 9.945468909014665293e-01 9.989185867664552854e-01 9.987874679280833723e-01 9.978918400404640510e-01 9.986165350815677799e-01 9.974304097086094112e-01 9.981618326746498626e-01 9.987470296576941298e-01
9.944718640390872721e-01 9.957708599923961179e-01 9.971859700739714727e-01 9.994915457529904845e-01 9.988872828005931348e-01 9.965390662383626363e-01 9.962925075323234569e-01 9.979954782234901067e-01 9.977304031514666605e-01 9.994007900526553634e-01
9.992698734921234838e-01 9.989089312676417975e-01 9.975214196374032616e-01 9.982949686913503706e-01 9.984829382868749548e-01 9.986390585271920362e-01 9.985871449772987241e-01 9.994054136750047945e-01 9.986937843253523850e-01 9.993689640152959575e-01
9.981307508090643266e-01 9.977323225671398399e-01 9.986749704719253273e-01 9.984510931395835787e-01 9.983060487514126002e-01 9.985359896552431502e-01 9.982591164438516795e-01 9.982829300793778504e-01 9.993355949804600957e-01 9.958586677518492802e-01
9.977251692166816399e-01 9.994683854526993372e-01 9.993623161576937752e-01 9.965733836378345423e-01 9.994213152644807474e-01 9.776113616218536917e-01 9.952732541417727008e-01 9.989995639061991506e-01 9.878093315209255376e-01 9.982638445206750699e-01
9.993129944966168132e-01 9.981958322619393087e-01 9.987595186297359984e-01 9.979314253828294179e-01 9.990213497353699346e-01 9.962759567850995035e-01 9.956723282744058823e-01 9.981925308102080896e-01 9.971261848722324794e-01 9.978900904114148540e-01
9.972835899031011753e-01 9.988711613184141358e-01 9.990725965565928623e-01 9.991677729287886667e-01 9.993959898719202428e-01 9.979785183097683587e-01 9.980742675731136826e-01 9.980421515784378972e-01 9.988675071900972036e-01 9.777609824929653914e-01
9.983430034922836649e-01 9.990432356607474862e-01 9.986063088845050784e-01 9.989178858724346854e-01 9.931595701421562783e-01 9.987339589846684351e-01 9.982070279382447842e-01 9.988163176806604815e-01 9.994737538119679021e-01 9.987177509477227488e-01
9.990622479765719488e-01 9.986357070826149540e-01 9.987275423642830718e-01 9.979755033082932103e-01 9.994482748854518483e-01 9.987126723925571214e-01 9.993685335982397389e-01 9.971775916312701771e-01 9.984844505034780049e-01 9.989646536689490430e-01
9.984743404768788855e-01 9.991835012107748160e-01 9.949357382533341454e-01 9.977112757523993736e-01 9.945345012866130263e-01 9.986937722361941550e-01 9.992892760632874349e-01 9.969435112323294934e-01 9.983335363893611758e-01 9.988183905188708911e-01
9.988671910609403515e-01 9.989599257873925664e-01 9.982170800358608487e-01 9.982778889518825194e-01 9.972000368700322248e-01 9.978586496575170273e-01 9.989011509732651506e-01 9.992099356513022279e-01 9.956462333668831821e-01 9.992793738492252720e-01
9.975413093548661791e-01 9.986201354872596969e-01 9.989252935396093491e-01 9.982896621489439903e-01 9.994274377525975694e-01 9.995149529476339278e-01 9.985323130169130312e-01 9.989004755534350855e-01 9.909421675610631253e-01 9.953243706636244470e-01
9.942691893656441238e-01 9.984934305413266653e-01 9.987354354821734725e-01 9.987629995173488151e-01 9.987914158471271620e-01 9.974252091490832806e-01 9.943197963623918723e-01 9.976158500654228600e-01 9.988080202910862848e-01 9.981456894969200633e-01
9.951118165235480761e-01 9.982089507683745699e-01 9.990644001731566748e-01 9.967401106191392524e-01 9.993921856111115387e-01 9.986668379386781647e-01 9.986842152791989280e-01 9.994509052322954057e-01 9.990271441624035687e-01 9.991096316919191311e-01
9.974304097742826558e-01 9.902361620164531475e-01 9.978672461561383100e-01 9.971266961699307707e-01 9.982165582155211325e-01 9.968278179792791072e-01 9.982996837494209075e-01 9.976432944078659215e-01 9.989571168581626859e-01 9.995640801901151118e-01
9.991129928200693788e-01 9.974234656427100054e-01 9.983784188432356377e-01 9.994831874822982520e-01 9.977286152519430074e-01 9.913352852923726921e-01 9.894368745696152656e-01 9.994873517938894780e-01 9.983905685987658485e-01 9.987066975793019719e-01
9.984596445053767200e-01 9.970944564660644271e-01 9.989476149375526859e-01 9.992434868640687196e-01 9.989320979066650397e-01 9.974813842944058040e-01 9.978421901622256396e-01 9.990862753640957772e-01 9.992828361145238425e-01 9.982779132037945535e-01
9.988924342365353981e-01 9.962904310697934251e-01 9.920151346596919328e-01 9.992112759651569087e-01 9.988088614486754224e-01 9.986531842027768224e-01 9.994305822364444314e-01 9.952092782518318081e-01 9.988504501356353371e-01 9.989949940357250036e-01
9.989736517967929830e-01 9.990656088703181448e-01 9.983421099832947565e-01 9.968190331305875063e-01 9.953885245700017093e-01 9.994385753783866511e-01 9.993449387376243109e-01 9.981972882605376629e-01 9.946098002800818350e-01 9.956076246030433063e-01
9.984291189360552377e-01 9.983136706941488914e-01 9.992225155959246763e-01 9.950014844581318574e-01 9.991018745009244695e-01 9.988466037683294552e-01 9.982366218114834266e-01 9.991111589760122147e-01 9.989845596888977663e-01 9.986744365876306651e-01
9.988200840304066741e-01 9.988415781504177415e-01 9.984563000511162967e-01 9.985220790671094360e-01 9.985926170242337419e-01 9.973660309673696434e-01 9.986231065083268632e-01 9.958795889542647606e-01 9.978805048122494359e-01 9.981044403735227499e-01
9.995145935288356487e-01 9.932485626814125945e-01 9.984647289614905219e-01 9.980315800956351957e-01 9.994542567713231573e-01 9.990279821401141236e-01 9.995817135272564435e-01 9.976291773827885567e-01 9.996112983064232571e-01 9.946457726459925208e-01
9.989221965492645072e-01 9.990914688973747682e-01 9.972103635586850867e-01 9.992859808652022613e-01 9.967415729722134410e-01 9.983823327101039036e-01 9.989394007591549940e-01 9.984260836211695800e-01 9.976563384061826190e-01 9.989921513759947302e-01
9.986703089727744231e-01 9.989747829064443696e-01 9.994158657768659193e-01 9.969061977934595697e-01 9.993784603241114839e-01 9.992148878908065912e-01 9.975588634470375915e-01 9.987319874735087755e-01 9.994541098467167872e-01 9.983263308401013614e-01
9.985488778859250569e-01 9.990820367143793401e-01 9.988821798729345947e-01 9.985379299048527946e-01 9.969787567586390065e-01 9.936834427630583111e-01 9.990687983567265729e-01 9.979888033597188457e-01 9.988435621503822803e-01 9.980616315413155526e-01
9.980867253207690304e-01 9.978866980960495736e-01 9.990995144575981479e-01 9.984962732728639434e-01 9.978737972556327440e-01 9.983963009362026853e-01 9.988089646497180230e-01 9.987568888371568532e-01 9.977430590108867792e-01 9.989726664488157715e-01
9.982810183287808004e-01 9.988038273845408765e-01 9.981583631442846327e-01 9.988518955599101634e-01 9.994126431109255915e-01 9.994231291512549742e-01 9.994438736005168966e-01 9.972584634820321758e-01 9.985322291974246811e-01 9.992147321747918420e-01
9.988776517789739184e-01 9.988835375982780818e-01 9.994674126266192005e-01 9.927660051479206826e-01 9.986443855318896112e-01 9.973917794697735317e-01 9.987279663611696723e-01 9.993166964157177423e-01 9.969873273210059228e-01 9.973911693841477355e-01
9.994149913388690187e-01 9.974999045806686171e-01 9.984819304809601226e-01 9.982464297963005162e-01 9.994687646519727631e-01 9.972783799663794690e-01 9.988605982026319552e-01 9.974638721601760682e-01 9.991061973819326258e-01 9.941172134376581315e-01
9.988791154848407627e-01 9.985966796171265036e-01 9.973798214318294608e-01 9.872974111858645596e-01 9.983927066863492739e-01 9.996542570230929625e-01 9.993487590534402276e-01 9.971498508986622600e-01 9.988580714539241345e-01 9.993151753344163835e-01
9.935974866896952751e-01 9.971193270000647813e-01 9.994456529911363019e-01 9.979981892989087111e-01 9.942968820528048646e-01 9.995118856810419894e-01 9.920638995954385031e-01 9.975410057161737676e-01 9.966568034400004050e-01 9.970675630424626901e-01
9.957188125264876399e-01 9.987474854539720726e-01 9.969301810260497998e-01 9.993685126655651452e-01 9.981140220141994090e-01 9.974009245329110707e-01 9.985682510946667367e-01 9.994586533600581246e-01 9.980758472615381960e-01 9.979299333416763451e-01
9.996764629283022563e-01 9.986769325060522728e-01 9.981814758448458447e-01 9.953898454646781246e-01 9.983631215855159891e-01 9.984961628800461675e-01 9.988672769800827078e-01 9.970483088463498733e-01 9.893533518487265255e-01 9.979914862122059027e-01
9.961703631127380998e-01 9.992272732364747556e-01 9.995064929262313935e-01 9.994415791511382929e-01 9.987337903313999732e-01 9.984932271559090466e-01 9.952893691780450025e-01 9.979482028422952400e-01 9.981816782456552906e-01 9.972774770524196475e-01
9.988093489481078002e-01 9.967572481951524344e-01 9.982705177818351761e-01 9.972408948232250880e-01 9.991988310853641142e-01 9.993461703183582623e-01 9.983021282761795900e-01 9.984845412583219781e-01 9.982296480356104285e-01 9.991209432911200006e-01
9.989643974095150369e-01 9.978920132923203568e-01 9.989468451643607194e-01 9.944260992850447733e-01 9.987285575520296055e-01 9.988465603959428840e-01 9.962787012801525011e-01 9.919635618901188057e-01 9.991793647433329095e-01 9.993230570607026797e-01
9.978354290860426135e-01 9.983654494738960494e-01 9.991975594522148896e-01 9.915820823259160477e-01 9.975654703742786733e-01 9.992252579211037267e-01 9.959187815494212614e-01 9.985960394728981004e-01 9.989856080084018597e-01 9.969889966025662353e-01
9.987713558743023246e-01 9.991958330211101469e-01 9.966791668434102913e-01 9.984690707023358147e-01 9.953205782154668224e-01 9.994232818935173679e-01 9.984805813745384340e-01 9.977174488231809191e-01 9.991916977363557439e-01 9.979678693669150613e-01
9.951863246331312807e-01 9.969610826682641092e-01 9.987369887916054401e-01 9.986913855529150341e-01 9.979734034839337076e-01 9.981445861114449647e-01 9.980262799472540136e-01 9.987563766860141357e-01 9.952103060344121843e-01 9.989424936710936676e-01
9.985339926950690392e-01 9.993779163240213981e-01 9.988383252536543466e-01 9.983407247956552766e-01 9.969039920524600529e-01 9.985288786220801738e-01 9.994830077842109528e-01 9.984728814496441895e-01 9.960447789629565118e-01 9.976568805570599219e-01
9.984309995865140452e-01 9.971132446980420783e-01 9.986983371238310481e-01 9.986277630976043707e-01 9.983912767059646143e-01 9.992445542665649993e-01 9.966215707233806453e-01 9.991162474339396748e-01 9.993556168688279007e-01 9.988540231397208258e-01
9.982175598038692810e-01 9.975603943907226379e-01 9.974413406941692317e-01 9.982933930416019175e-01 9.984558072877900425e-01 9.946351639347713602e-01 9.992902818307518586e-01 9.977052515150685030e-01 9.971518076533272268e-01 9.992384523961974629e-01
9.967118283010664159e-01 9.980711364505985284e-01 9.989836376367777770e-01 9.974464259920690079e-01 9.995805161313754406e-01 9.954602884664799367e-01 9.997037239475962123e-01 9.863871687502486774e-01 9.945547801219700723e-01 9.984937311486914435e-01
9.991768353405220404e-01 9.990082292753463822e-01 9.981777047048312479e-01 9.988865678852559826e-01 9.989189459036521557e-01 9.970602398171142244e-01 9.987003700834927722e-01 9.984945704757838270e-01 9.922724408632451754e-01 9.966849463683916666e-01
9.978833656814208863e-01 9.992125027514930924e-01 9.987834575142098270e-01 9.987501117346341273e-01 9.987267908850083753e-01 9.992024564785213503e-01 9.992340477878859373e-01 9.979371475557321514e-01 9.988683519519260257e-01 9.992865139339596192e-01
9.983078750244018806e-01 9.989183702594361947e-01 9.986714758607928566e-01 9.990698805941082838e-01 9.988088427230783495e-01 9.985553256777228714e-01 9.986490419790556849e-01 9.925869730348098052e-01 9.984299317569023113e-01 9.971216870879445748e-01
9.994087870487337044e-01 9.971832685088860559e-01 9.987381389031553258e-01 9.983331266189858777e-01 9.956160867643815138e-01 9.984990552970498534e-01 9.989711139762267322e-01 9.980928957100820842e-01 9.988273565719255620e-01 9.992096657741912358e-01
9.971988997985176129e-01 9.980499012184803620e-01 9.962587966731524247e-01 9.979158072431362214e-01 9.992876111281174811e-01 9.980294995450174067e-01 9.995034096947419400e-01 9.984493050675843362e-01 9.981123004722110004e-01 9.984920933257223075e-01
9.974186964762302710e-01 9.959309992030236369e-01 9.976107117139227931e-01 9.888396033557409481e-01 9.978949315179382884e-01 9.972141526267623846e-01 9.981679735536371778e-01 9.977972193296738013e-01 9.902739797308126590e-01 9.984815976525474035e-01
9.993235826309578851e-01 9.995011013903414288e-01 9.981945311286251066e-01 9.965152585555673292e-01 9.995369774329986301e-01 9.996075080871731355e-01 9.992532892427624658e-01 9.987885004692776958e-01 9.994315327879353950e-01 9.969285764510011916e-01
9.960459866874230572e-01 9.914085408279333933e-01 9.984830011300176444e-01 9.979757330846870111e-01 9.952816020539703157e-01 9.979337680883003658e-01 9.973700311451660916e-01 9.989736080054332223e-01 9.987973755368717566e-01 9.897380524898085064e-01
9.990804175373145801e-01 9.993700954860949004e-01 9.991783524154863594e-01 9.987043740282882665e-01 9.987319871568567375e-01 9.977357920186862295e-01 9.976870338215850786e-01 9.971101282097775131e-01 9.949829095287942016e-01 9.984866002601641144e-01
9.987329697153322083e-01 9.971772187198646442e-01 9.957627218230492572e-01 9.988692455324411634e-01 9.949542927724192021e-01 9.977519986850490463e-01 9.984362296594095909e-01 9.987184200970024017e-01 9.976820078306241069e-01 9.984168608492778318e-01
9.986341702663663611e-01 9.976446728081669324e-01 9.965779563924146434e-01 9.982661395521855718e-01 9.985442896294528525e-01 9.989451492341873129e-01 9.912566065801484694e-01 9.989921409762232418e-01 9.977372358243162820e-01 9.991267471489994056e-01
9.967884614224050699e-01 9.978080347246730541e-01 9.073991698256013150e-01 9.974766893330520023e-01 9.978316523583874442e-01 9.983356227009922979e-01 9.987296697781199439e-01 9.989037634850083114e-01 9.868702707069431090e-01 9.903934624011356824e-01
9.988720536546862316e-01 9.995842335380711319e-01 9.959172333822341461e-01 9.724405006741206892e-01 9.970658351049209722e-01 9.983048658220133875e-01 9.988485229093618800e-01 9.986942841358017464e-01 9.984879008686232682e-01 9.974729112004774301e-01
9.982970422382023701e-01 9.982951963970622122e-01 9.993911664619267166e-01 9.985619179433776749e-01 9.979514118675363310e-01 9.986702691685968025e-01 9.992378675049442549e-01 9.980684438195833730e-01 9.953555661512027974e-01 9.992051703112301286e-01
9.988967104421102583e-01 9.993455093733668582e-01 9.991121776979834390e-01 9.986362998465875274e-01 9.993739529851058956e-01 9.984936688632075619e-01 9.988065568010935369e-01 9.974709939514913026e-01 9.994692525080272061e-01 9.907965359666519589e-01
9.990978927844214041e-01 9.982369365776683212e-01 9.961840452705706950e-01 9.966826741587038185e-01 9.991382482991678637e-01 9.988897406697112569e-01 9.991304467079470397e-01 9.989074979383091302e-01 9.970388259798999009e-01 9.989062029596723624e-01
9.974148121412544921e-01 9.981328053604355821e-01 9.989375732993824863e-01 9.935654137430710575e-01 9.975142819761889657e-01 9.994435725037434937e-01 9.985776716960595989e-01 9.949262488785808323e-01 9.996265853493838671e-01 9.988739284391943141e-01
9.958179762601045981e-01 9.985272488436475191e-01 9.978427933292353114e-01 9.980584320382479557e-01 9.940098085263245897e-01 9.971194312779068092e-01 9.972622080411420731e-01 9.956461929774331754e-01 9.983553569873232503e-01 9.972478043150037053e-01
9.984641480947581416e-01 9.993046455598652011e-01 9.973785309834941604e-01 9.973264841826865457e-01 9.961324590951381452e-01 9.983527185155504080e-01 9.993515747214544165e-01 9.973389749003778171e-01 9.989315623455752302e-01 9.976982367166136179e-01
9.989822041452512957e-01 9.921262306147380361e-01 9.972286822423500618e-01 9.960829260001817786e-01 9.980714114781203961e-01 9.991061765046785892e-01 9.990236241902502590e-01 9.982261453412921703e-01 9.989667492886615818e-01 9.948586351663397664e-01
9.986007510313362756e-01 9.986063914906431194e-01 9.992949356445971487e-01 9.989795961642874422e-01 9.991850007062934580e-01 9.983190378096844508e-01 9.964748195613399862e-01 9.989133127538241119e-01 9.961077149937295205e-01 9.963701022904529747e-01
9.979192108226321301e-01 9.985920623016698583e-01 9.983978399105915003e-01 9.946714756689212233e-01 9.979498064191618667e-01 9.992623510406637433e-01 9.975130495196375957e-01 9.984221401640992477e-01 9.980936876842692040e-01 9.974306346330253925e-01
9.974373008036596655e-01 9.991335140085653155e-01 9.988381275394392356e-01 9.980133280943875862e-01 9.989773357236003681e-01 9.971358640005193452e-01 9.984348941463287996e-01 9.987425532867217903e-01 9.990505040892689870e-01 9.982691060348553025e-01
9.989499488101905023e-01 9.984736721983724639e-01 9.987808723165283453e-01 9.990103032864738886e-01 9.991018905238804315e-01 9.993242410852334334e-01 9.988055867175249514e-01 9.993073243279109175e-01 9.989606617087913865e-01 9.993017491662727902e-01
9.982510437375684553e-01 9.978889323855054672e-01 9.988034093585809181e-01 9.970785067688893166e-01 9.916991064272099310e-01 9.994858034122555690e-01 9.990713753013030773e-01 9.989546834379322560e-01 9.992892251303521212e-01 9.982215511644425554e-01
9.980060891044438831e-01 9.969385988103726115e-01 9.985890824745153882e-01 9.991161468228050291e-01 9.981626974109677475e-01 9.993426447708491089e-01 9.993378244876306438e-01 9.978966807884384060e-01 9.986767428084364351e-01 9.986332563607203117e-01
9.946636368555876739e-01 9.988618967944491445e-01 9.990938146673997711e-01 9.988958668610377067e-01 9.984205361033287041e-01 9.956286040472362986e-01 9.985113766228100873e-01 9.985402062438795134e-01 9.988293780470337557e-01 9.986199582297101696e-01
9.974677855019866701e-01 9.993549634179808017e-01 9.982967954740413763e-01 9.825604152158303739e-01 9.956707217030886792e-01 9.972932451023300837e-01 9.977713061070400125e-01 9.991675316041711552e-01 9.983196189972934897e-01 9.978896540167656593e-01
9.973066434634064725e-01 9.993255205891875548e-01 9.980214313051080088e-01 9.985937823804290625e-01 9.989953014432564338e-01 9.984336519995841153e-01 9.961608494606791764e-01 9.983561095945487907e-01 9.991990305092924851e-01 9.957725249964197722e-01
9.994765601512055619e-01 9.971851644172528006e-01 9.987053711733765438e-01 9.965011764733976429e-01 9.995998654759241653e-01 9.991045864929963827e-01 9.987650620946900704e-01 9.992241774727098624e-01 9.988483556446310363e-01 9.982469406483600594e-01
9.993239445084318717e-01 9.993913886594546492e-01 9.981757193957390140e-01 9.977556271160848977e-01 9.971365318708045322e-01 9.976676164482810583e-01 9.988829945406187960e-01 9.973433132578061189e-01 9.989126000578006925e-01 9.937990016824637118e-01
9.992184025722700147e-01 9.968473877358454693e-01 9.989689742594751731e-01 9.985976823143849490e-01 9.976962557110288232e-01 9.985487156152561550e-01 9.995309273899818381e-01 9.974062018500998716e-01 9.994515051132565331e-01 9.989734679288635455e-01
9.992188749261124991e-01 9.978267952122651385e-01 9.995623526673602655e-01 9.987771032528940385e-01 9.990435159069622761e-01 9.988660987946601511e-01 9.992991456556578056e-01 9.986917092388745143e-01 9.980821503559892394e-01 9.961349340012409792e-01
9.989229095125620184e-01 9.990778654157123073e-01 9.983702737072205347e-01 9.976773345405139937e-01 9.993500242590745986e-01 9.978923121423566300e-01 9.989908358935456478e-01 9.988995357267859143e-01 9.990052099056870860e-01 9.992862971695658514e-01
9.970983227843348562e-01 9.988074176135395277e-01 9.966633215309032012e-01 9.979326182501105924e-01 9.967683508059588249e-01 9.844288108310296215e-01 9.987288483300902353e-01 9.981975354030269143e-01 9.984395473483648198e-01 9.924019456728914168e-01
9.952430625853498913e-01 9.985035889861099134e-01 9.984728601098418199e-01 9.995313230908896562e-01 9.992361102420810326e-01 9.991029605098439292e-01 9.991858088542129313e-01 9.986719431430236549e-01 9.992707678958041573e-01 9.928409209173388872e-01
9.984557545088399433e-01 9.987387808392457211e-01 9.992725294558769678e-01 9.988509801196456817e-01 9.995078861493185141e-01 9.986419670201732712e-01 9.991791638265802300e-01 9.976207937457680641e-01 9.993862008978232625e-01 9.992584558531507621e-01
9.973375261981353157e-01 9.977628051161127054e-01 9.994165195378235111e-01 9.995145379369340111e-01 9.988212728791469042e-01 9.982704344757437065e-01 9.994193749155537709e-01 9.989343132715391427e-01 9.990674967705123199e-01 9.979920779387194685e-01
9.988005888705440150e-01 9.920133240651176632e-01 9.987662218863760932e-01 9.986995748688592967e-01 9.943078303929085981e-01 9.988365888383289315e-01 9.983959729307405606e-01 9.927849362610446926e-01 9.996480554323280421e-01 9.988174646288610070e-01
9.968296639090191702e-01 9.955764690211705847e-01 9.980698061101207497e-01 9.993785842236103667e-01 9.989240045183805927e-01 9.978732624476830404e-01 9.981493457083555620e-01 9.987078050959866671e-01 9.964238161777352332e-01 9.991249535907551493e-01
9.954264306721164468e-01 9.974520467507430599e-01 9.973198089379791131e-01 9.988108996840668885e-01 9.991455511321376548e-01 9.984670737492310488e-01 9.985155959841489626e-01 9.864805614167823089e-01 9.963748246428538735e-01 9.991921651997246467e-01
9.994352687361591769e-01 9.994463210321213875e-01 9.976039317638385473e-01 9.982443280922798090e-01 9.991130956342563207e-01 9.989548817218627530e-01 9.978853770661214595e-01 9.982346026967922059e-01 9.992260780065098658e-01 9.993850336625421660e-01
9.984695060599366734e-01 9.986167052083182449e-01 9.987455759053882609e-01 9.989373100892401380e-01 9.988989647606435485e-01 9.974254135886747585e-01 9.958107576947451411e-01 9.989520179690452029e-01 9.973584764947284187e-01 9.988150669670889936e-01
9.914868366527838095e-01 9.979866629694729152e-01 9.990195060648036085e-01 9.983310291254214874e-01 9.987475601001537528e-01 9.987623420191829027e-01 9.991512716188546417e-01 9.991504384711816789e-01 9.973932691204716594e-01 9.983224550001194020e-01
9.973114727578205052e-01 9.981937245590355445e-01 9.993360716132237975e-01 9.992385369244743965e-01 9.994984348570463695e-01 9.969524778794401909e-01 9.963827561389799747e-01 9.994135699958238694e-01 9.989444669481392092e-01 9.981059711715545291e-01
9.990468975289515940e-01 9.967231753434259156e-01 9.975826086221124545e-01 9.968780807831104651e-01 9.982252349891985732e-01 9.979980567717252615e-01 9.990625857249580966e-01 9.984689159885498100e-01 9.983550746656660868e-01 9.979041800398196216e-01
9.974518907745894003e-01 9.986451736526645862e-01 9.938449641093952680e-01 9.966869810601761692e-01 9.978147035824541655e-01 9.983808217445859778e-01 9.990032527138995588e-01 9.989109400399446281e-01 9.982620405823812160e-01 9.975697357956554434e-01
9.993955526254943988e-01 9.971057886014884630e-01 9.977584348008001758e-01 9.992850379750524148e-01 9.959144136839589434e-01 9.986924023204938328e-01 9.963471867989928121e-01 9.991326290527773324e-01 9.988684269711811670e-01 9.922926441012727139e-01
9.958208663605209177e-01 9.963625912355247305e-01 9.987376596080513869e-01 9.983689199798370106e-01 9.961731829586814024e-01 9.990729070239047216e-01 9.971220900462107739e-01 9.977237237225589084e-01 9.990019406036758642e-01 9.984143626964746554e-01
9.995486382577306594e-01 9.984038834412732877e-01 9.992350003593112318e-01 9.989857662543050187e-01 9.995132403508393271e-01 9.996442543112536994e-01 9.990060453248073014e-01 9.986002331156028644e-01 9.970844980831894411e-01 9.996634511869154638e-01
9.980365178318265640e-01 9.988596503675400973e-01 9.963099373158424976e-01 9.965241658370325162e-01 9.983272706700517807e-01 9.987607234382054333e-01 9.973513706757913821e-01 9.980079901615805937e-01 9.935693841137261950e-01 9.991032991144495057e-01
9.970767206450968922e-01 9.972300443632970968e-01 9.902395816866340628e-01 9.990625273937193684e-01 9.988906103603785169e-01 9.988634876745650093e-01 9.991202866831302432e-01 9.993154100543862883e-01 9.979842285363077492e-01 9.991468519598836195e-01
9.993576453032881890e-01 9.936329508439060154e-01 9.989641509366179450e-01 9.995227803859132454e-01 9.992562580929550409e-01 9.982029296924649353e-01 9.994061928569629716e-01 9.978273347272955673e-01 9.963112547053436518e-01 9.990294619714727986e-01
9.988596899237580651e-01 9.989489628695765733e-01 9.991479915163141712e-01 9.988143240343495544e-01 9.991571856675146579e-01 9.994264615377104199e-01 9.981980878213471131e-01 9.985932496965832517e-01 9.989976837573553148e-01 9.988814194996123996e-01
