9.859963612238155095e-01 9.893622625144108396e-01 9.979014847348230965e-01 9.983355756895238020e-01 9.943286554396995047e-01 9.952633610084267168e-01 9.975992457330820073e-01 9.963935871911835385e-01 9.940466611354765725e-01 9.937552779841287709e-01
9.977392821932377087e-01 9.871421740969706926e-01 9.967675903741769483e-01 9.973429468463669290e-01 9.978246404556826432e-01 9.979064106470272311e-01 9.980003130601395878e-01 9.984935817612403675e-01 9.981979718868023710e-01 9.960775652545096337e-01
9.947841208382905975e-01 9.946236440599571793e-01 9.973744644994242403e-01 9.949833562524448283e-01 9.957248147432237184e-01 9.961299934198160067e-01 9.983401277032031285e-01 9.883005380425593511e-01 9.959332106825883324e-01 9.964134780000852842e-01
9.845679600191031833e-01 9.977927895386055068e-01 9.980767049686484205e-01 9.958383243619616243e-01 9.972016191347452541e-01 9.958214341224160826e-01 9.966077792694334470e-01 9.961529643911876120e-01 9.977202930239497114e-01 9.935322559208688009e-01
9.947181820170446498e-01 9.962166742860787405e-01 9.968215649026861414e-01 9.966017817874486262e-01 9.950744917903953102e-01 9.953040511893604947e-01 9.972009395703215207e-01 9.963042239667440070e-01 9.979813510407634647e-01 9.911335498755403650e-01
9.968020783002630170e-01 9.919288795042906504e-01 9.918518352522561754e-01 9.959459723489090255e-01 9.931045128210747031e-01 9.965284304807018323e-01 9.967466948392116333e-01 9.798711620014177726e-01 9.841875611785780853e-01 9.827268397832227276e-01
9.946088038835011469e-01 9.933087171887198252e-01 9.865717144521526372e-01 9.957319801929332970e-01 9.972911844349005017e-01 9.975364528890964255e-01 9.977768663602536447e-01 9.939541282682570200e-01 9.958439852872437159e-01 9.961394659334151802e-01
9.973971544985320570e-01 9.961846397087393834e-01 9.968384999443585803e-01 9.886985071095296673e-01 9.957371289537818582e-01 9.964728591611915487e-01 9.969446405962921753e-01 9.984237330957944634e-01 9.952470077690941386e-01 9.983588705409393027e-01
9.963155609862124340e-01 9.948492066455389971e-01 9.984801693702252123e-01 9.987634889165415419e-01 9.925505699715886365e-01 9.923851635409515204e-01 9.941854595375746451e-01 9.985805538756516997e-01 9.741862309816482490e-01 9.964856030366888717e-01
9.969297163655106431e-01 9.891858337121210987e-01 9.981393021591369319e-01 9.974854685561238554e-01 9.971044400245734352e-01 9.974418877685845564e-01 9.939847365439213878e-01 9.872752516828838809e-01 9.987098989247052971e-01 9.983505897889357605e-01
9.955852896660553064e-01 9.968426480781539256e-01 9.991355454909500722e-01 9.913775579128751847e-01 9.972850791179456165e-01 9.973297604321297305e-01 9.981393280680727065e-01 9.970177241620670205e-01 9.961224980745037039e-01 9.988220452053792053e-01
9.974124256703301716e-01 9.972771520586730665e-01 9.982580605385830141e-01 9.979252995911097601e-01 9.942559996238651276e-01 9.982082653599911870e-01 9.691415613646005012e-01 9.974786060264254628e-01 9.905867261994660833e-01 9.888603909322685181e-01
9.955384641999636131e-01 9.965474724289342667e-01 9.936555252406437111e-01 9.971795827117565514e-01 9.955431820791019737e-01 9.953424837436243289e-01 9.891963222520716581e-01 9.968303310683435114e-01 9.930425173675185846e-01 9.969425208579290043e-01
9.972505776101890929e-01 9.964711459884385558e-01 9.977383263773453859e-01 9.979433123135120765e-01 9.971029002291252885e-01 9.977792160587066750e-01 9.972014989291503317e-01 9.969109170100156625e-01 9.674873521772128226e-01 9.967100771753545363e-01
9.980532357282225764e-01 9.923881789360777805e-01 9.929330203307050740e-01 9.969177335292562780e-01 9.975899338745202183e-01 9.975199094906836983e-01 9.944139507814730994e-01 9.975701556044260787e-01 9.971839572338583313e-01 9.979041541307749341e-01
9.961259087627408748e-01 9.982075589293292195e-01 9.962573626078580213e-01 9.956389638450904300e-01 9.974968385335569732e-01 9.957459801436884250e-01 9.922103454710569093e-01 9.965950711276235774e-01 9.892739809461350564e-01 9.986516784137645653e-01
9.960151439842442889e-01 9.964704189082923547e-01 9.986563290788783576e-01 9.914425303960254787e-01 9.961692424706812821e-01 9.810411187259139298e-01 9.965167558408701831e-01 9.982808447833513288e-01 9.963454006442166166e-01 9.979206290992450601e-01
9.981304977468243855e-01 9.976816753036058527e-01 9.983381614899985435e-01 9.976190073233535127e-01 9.969066148625882473e-01 9.931913286346458758e-01 9.974958168257107571e-01 9.894380098541545321e-01 9.983156556533414605e-01 9.986051896249457105e-01
9.930665170817259968e-01 9.951455301901058759e-01 9.987472545419893155e-01 9.906938629321447864e-01 9.905963658483664114e-01 9.948005987539347839e-01 9.845356067020244462e-01 9.919464918134677234e-01 9.840929448599818885e-01 9.943312583387499126e-01
9.967928739687047512e-01 9.970130834128941855e-01 9.984392644065939182e-01 9.986430771871864787e-01 9.986976728209213672e-01 9.937844246122545799e-01 9.983540584026228126e-01 9.965720354356799593e-01 9.971592934887898441e-01 9.986940360619491752e-01
9.915377098096503916e-01 9.959653339976405340e-01 9.979945391547908606e-01 9.935007244866788101e-01 9.916332533509460978e-01 9.739245334640319607e-01 9.968382042142824861e-01 9.931437574248275224e-01 9.949174862718100920e-01 9.968292879699074405e-01
9.973577058691571740e-01 9.950413000146600684e-01 9.979114798169003153e-01 9.983837394889167882e-01 9.951246876484606263e-01 9.975699976756517984e-01 9.985180344605499858e-01 9.923585585334815384e-01 9.980763457446487630e-01 9.922621119321179961e-01
9.979106307623513139e-01 9.971810366163691430e-01 9.950063556001291776e-01 9.967553778454175673e-01 9.975254807132638568e-01 9.989992564001050068e-01 9.974471015197611257e-01 9.961129534578625488e-01 9.982638770578950993e-01 9.983088181633461566e-01
9.949058146447774531e-01 9.986995962683370420e-01 9.974876143871315159e-01 9.949212776009445092e-01 9.825978575336297149e-01 9.976456811561200677e-01 9.980093480799668848e-01 9.955072340060993064e-01 9.984128843227841887e-01 9.983122335593271890e-01
9.972978622577126639e-01 9.979519173304256530e-01 9.919739250182441070e-01 9.949480554018073075e-01 9.973758058959558692e-01 9.882953995827068461e-01 9.965199570450510302e-01 9.970256988571516432e-01 9.979405900308934152e-01 9.844686504891809742e-01
9.967112967584648153e-01 9.977757653905288127e-01 9.932183601667051720e-01 9.981864586232862546e-01 9.956721387097544618e-01 9.963758522965484588e-01 9.949770290842226972e-01 9.968929645333014511e-01 9.951948141567817929e-01 9.890913300162308408e-01
9.928077723057870951e-01 9.970452697309869494e-01 9.809277189362474170e-01 9.773038677443567357e-01 9.972803167170126715e-01 9.964852857415469334e-01 9.952082619287729859e-01 9.975861951720879084e-01 9.978171376659306091e-01 9.895779942720999145e-01
9.928906556831217367e-01 9.980533715341909362e-01 9.980723922062455511e-01 9.982993697664196420e-01 9.958055384929194176e-01 9.977911216853101450e-01 9.948663610665463564e-01 9.955749127304959201e-01 9.918463748851300554e-01 9.980160633953442106e-01
9.948393827920887222e-01 9.979339432160889700e-01 9.980144862673782091e-01 9.974187570722082841e-01 9.973954929152034632e-01 9.955430170482976182e-01 9.839182095404366279e-01 9.893879050441283241e-01 9.986374333756136146e-01 9.982543355767341531e-01
9.896474312299307075e-01 9.959092899768803298e-01 9.946220979677312668e-01 9.849885098624071578e-01 9.980740294701833104e-01 9.988914753559555715e-01 9.964571156417461051e-01 9.986631626159759856e-01 9.983596151239340077e-01 9.987316608879099888e-01
9.953932441306699852e-01 9.978022033250425471e-01 9.965608241405424783e-01 9.939288550806029132e-01 9.928026590600044221e-01 9.734507087755318588e-01 9.968526680577400878e-01 9.973432288022618941e-01 9.874627105132419702e-01 9.880416903168978138e-01
9.718690914533942848e-01 9.969200437740259879e-01 9.969219589568845130e-01 9.978232367395833968e-01 9.986677363273173125e-01 9.945234476527083922e-01 9.928230708355729739e-01 9.977649796277910932e-01 9.860423885038068770e-01 9.917392216983900166e-01
9.969964320434744343e-01 9.984451599161200397e-01 9.975301210612719238e-01 9.878324706198861049e-01 9.959615367668177566e-01 9.982680651076413225e-01 9.864631752141643783e-01 9.908108436165653510e-01 9.935040161517597612e-01 9.940877343589296089e-01
9.800621442333861122e-01 9.905054947778055841e-01 9.922048499598274951e-01 9.981588515283527085e-01 9.950378578349956538e-01 9.966860005273895373e-01 9.980519339004192414e-01 9.981606004901047990e-01 9.967221126197115533e-01 9.955868688034844594e-01
9.964034946994161368e-01 9.985021856027114229e-01 9.961675533708986841e-01 9.983299146755072462e-01 9.946569898734325399e-01 9.988619179976964135e-01 9.976809965539301661e-01 9.925856489342254063e-01 9.973119904326719354e-01 9.916495528953308547e-01
9.980883952172650009e-01 9.945986167323099814e-01 9.963910399121169714e-01 9.986426154162415525e-01 9.947824758594840944e-01 9.975094745543077179e-01 9.487652393456059707e-01 9.953070003924362474e-01 9.956849193914720786e-01 9.952282079398716563e-01
9.983909087229334567e-01 9.822537274246835315e-01 9.957408322229586162e-01 9.953539259897934421e-01 9.765766147024504962e-01 9.974303991855425489e-01 9.973900423050152675e-01 9.932190114582293283e-01 9.965271284331469470e-01 9.964395167976206613e-01
9.971919059598725044e-01 9.982587693371675064e-01 9.897845122142011620e-01 9.928787515804958774e-01 9.962038767254557392e-01 9.888550254384569360e-01 9.985134765540534252e-01 9.842454408032340618e-01 9.975687048681028957e-01 9.950332973396736058e-01
9.902383815757472840e-01 9.958010982094355201e-01 9.910109668303771491e-01 9.946439745943616018e-01 9.913485314327720177e-01 9.982380235866551432e-01 9.913666674412439095e-01 9.868261150768271595e-01 9.930053358828577759e-01 9.981818844162985149e-01
9.920473448871391930e-01 9.919860729086846796e-01 9.979056643776802460e-01 9.953896741846548490e-01 9.968508264282481823e-01 9.935903726628173560e-01 9.974410982977444107e-01 9.954800506175583985e-01 9.893322297151543321e-01 9.958834844316545309e-01
9.980675097619289282e-01 9.979185590728898436e-01 9.965816966578446845e-01 9.976767998303622820e-01 9.984467928606985954e-01 9.840056396305060238e-01 9.981033898515140335e-01 9.868431682299375618e-01 9.942713454661823436e-01 9.969197158323138686e-01
9.456679877125327982e-01 9.957217388315537931e-01 9.861820127044711448e-01 9.974308760435524057e-01 9.923260203255440670e-01 9.881530244705948318e-01 9.975671051708898673e-01 9.972478902666503942e-01 9.973529423892613099e-01 9.982484644635174487e-01
9.968515474486058237e-01 9.931189592176736802e-01 9.988370192218539723e-01 9.959494380551329185e-01 9.980904831380752462e-01 9.981517180855771221e-01 9.982215812126342680e-01 9.979609066746673030e-01 9.966451688723256819e-01 9.966792292058884728e-01
9.979230187750496306e-01 9.936480302631882644e-01 9.801648580303167213e-01 9.964100459003236709e-01 9.904315136457425561e-01 9.976135331326866362e-01 9.920430779371560703e-01 9.908729165148528750e-01 9.975374809658197339e-01 9.978702754337864800e-01
9.989602159079885579e-01 9.935879762836816731e-01 9.979184878589388852e-01 9.823028212669492332e-01 9.963021651678156676e-01 9.977064830110731197e-01 9.955330084672938673e-01 9.968579447682301975e-01 9.869542627405194501e-01 9.982132934409828628e-01
9.982378597926678809e-01 9.965909846779865688e-01 9.979715243164493099e-01 9.922247021606351858e-01 9.925331562202734936e-01 9.849768334525713653e-01 9.939881066725114733e-01 9.963800054387592642e-01 9.916230148786323584e-01 9.935429668003852299e-01
9.952614006632696242e-01 9.952830201339784022e-01 9.965289737706392037e-01 9.977303570895251772e-01 9.961539957825915614e-01 9.936873952659683873e-01 9.886741081262546693e-01 9.964079408219324030e-01 9.774298615969432280e-01 9.974964949554377958e-01
9.965535382336884185e-01 9.920738427864478348e-01 9.943073382824897388e-01 9.980712350109968156e-01 9.927694536448382623e-01 9.967088444753585685e-01 9.960452770603084316e-01 9.938585129429511333e-01 9.960809011977801442e-01 9.964859079424475130e-01
9.979362198908154902e-01 9.970339517000283980e-01 9.959761772589077466e-01 9.975780788114838593e-01 9.987240855608480183e-01 9.877743247823961292e-01 9.875815258728879442e-01 9.979111433015432908e-01 9.893778934085437626e-01 9.861786034140893609e-01
9.959710754937393107e-01 9.985312188497958985e-01 9.960134548478855043e-01 9.951408085519756197e-01 9.887681088148616571e-01 9.947105437544203621e-01 9.900238613905423257e-01 9.961718585412034921e-01 9.977850838370576625e-01 9.980246855567491693e-01
9.973124822211596463e-01 9.923680286346203694e-01 9.971834296825621280e-01 9.938115549937760473e-01 9.976752866033702372e-01 9.953362742710137878e-01 9.966805486879637410e-01 9.958476572806119753e-01 9.985509362013950119e-01 9.951265150207575516e-01
9.948095880151027748e-01 9.918340000614146446e-01 9.930644133538256701e-01 9.948617466151206123e-01 9.957725062860153242e-01 9.516667282432020869e-01 9.955564051801832903e-01 9.943251989303286686e-01 9.942185155460615542e-01 9.962925323523419419e-01
9.976277964260653608e-01 9.821024521773739080e-01 9.901610544620718102e-01 9.930335296629178021e-01 9.957376111413516195e-01 9.887389713201260033e-01 9.957673667374556947e-01 9.962567452948761781e-01 9.966685388107027199e-01 9.975014613552474207e-01
9.935842344114593772e-01 9.981712241482292303e-01 9.960125153128995823e-01 9.966327199250492042e-01 9.986257190163372321e-01 9.976994291717035113e-01 9.522549770555778226e-01 9.924785393724033788e-01 9.955534501962945981e-01 9.986357104466587753e-01
9.953269323086499920e-01 9.973206282453598304e-01 9.967274089197606379e-01 9.951022314254094336e-01 9.979223964925770796e-01 9.963550220994754625e-01 9.956912404852796827e-01 9.965750874116675595e-01 9.964404481380191303e-01 9.952973705986759567e-01
9.814924385336609713e-01 9.978060870287814854e-01 9.956909150095477612e-01 9.951102808265589461e-01 9.975527251321759659e-01 9.988550252680905572e-01 9.982026597350653896e-01 9.956412481683282190e-01 9.945880951406800285e-01 9.958303775500148003e-01
9.964121045118812248e-01 9.919937306941989386e-01 9.968886263174588924e-01 9.964588836363327262e-01 9.907683084397623796e-01 9.698270315472208303e-01 9.961970005620510715e-01 9.965505355104282703e-01 9.947246215787426404e-01 9.973258365228222511e-01
9.961507997738003883e-01 9.919604260222051328e-01 9.982431318885292004e-01 9.965584002554312981e-01 9.962708782931992690e-01 9.965179806066770674e-01 9.958956196068250444e-01 9.931671324339464979e-01 9.960766005882811802e-01 9.940902943992038221e-01
9.979204005760440310e-01 9.979078924640299997e-01 9.951053103584898141e-01 9.976261107919183191e-01 9.927189765839864455e-01 9.967010710226431591e-01 9.960646140801998616e-01 9.975817008260204899e-01 9.977501466936526953e-01 9.982923826265780454e-01
9.931471613111410024e-01 9.973919315066142044e-01 9.959807938434244168e-01 9.957178281693070954e-01 9.972147340760953993e-01 9.968239075309365260e-01 9.964356757214785087e-01 9.904660644235450118e-01 9.980140462311125615e-01 9.670065373394290953e-01
9.955291340145547840e-01 9.978055504949973065e-01 9.957458796415615820e-01 9.981214438908417863e-01 9.941583296522533697e-01 9.967846682505140388e-01 9.968716910899630967e-01 9.975395811555514136e-01 9.972738683251576308e-01 9.957890083210034771e-01
9.953439785409762264e-01 9.893205068055400675e-01 9.972321568534203706e-01 9.920655078868203525e-01 9.972098734036669576e-01 9.957484501877613692e-01 9.923965516809120091e-01 9.976465436518440200e-01 9.962298526172770341e-01 9.968326006426578845e-01
9.924438948583902409e-01 9.954661846695060934e-01 9.957422495977279464e-01 9.920841523053345323e-01 9.902550456877990959e-01 9.959170015428719935e-01 9.985954181328150492e-01 9.893722229891214193e-01 9.960328940718028434e-01 9.947424463408095496e-01
9.782884649164703683e-01 9.964088680703351297e-01 9.913551313701429724e-01 9.957835160236649941e-01 9.982231352954549219e-01 9.982742455776856261e-01 9.964056652187526231e-01 9.840828767689399070e-01 9.950421962616210481e-01 9.818991309712407078e-01
9.933951775260940753e-01 9.953369675710195263e-01 9.977228410954451787e-01 9.943860971753172295e-01 9.968881630524918380e-01 9.957395978928411662e-01 9.948511723127603235e-01 9.954724042195790545e-01 9.941629100860415180e-01 9.933517055218954450e-01
9.981972881059848479e-01 9.949192679281837481e-01 9.978832116930330676e-01 9.981072397577471778e-01 9.909713480453362644e-01 9.916498584225420521e-01 9.972404235627929658e-01 9.973217318801760323e-01 9.979429552610282750e-01 9.731708863367511952e-01
9.965809861752814580e-01 9.978376326297775378e-01 9.907090724621391287e-01 9.981802383764064590e-01 9.976153285923200498e-01 9.856420109837152888e-01 9.958863085335113441e-01 9.982502541357680670e-01 9.800052572578361598e-01 9.937018317469922257e-01
9.976277878194584892e-01 9.796830993456803194e-01 9.747895419352413660e-01 9.849916320886284993e-01 9.898502365543958570e-01 9.932257139521111222e-01 9.983045313930164477e-01 9.931961122255407171e-01 9.966158365890015469e-01 9.955330118166517694e-01
9.790272266444427496e-01 9.962956667727396187e-01 9.968203276136761160e-01 9.966235313882096936e-01 9.972723311119713330e-01 9.954271764309808868e-01 9.969184248303496476e-01 9.959616273709849255e-01 9.913182966149247655e-01 9.921169355852345051e-01
9.534621340993729710e-01 9.988802068104662979e-01 9.983693266387356768e-01 9.976929755442852654e-01 9.942547734701181472e-01 9.984455439465331761e-01 9.973119484405623680e-01 9.972075630921320988e-01 9.978658529239666786e-01 9.966121227133476479e-01
9.982597418115796151e-01 9.958273079520564286e-01 9.949267676737709731e-01 9.924175181227919973e-01 9.981220021356175254e-01 9.970609296033765556e-01 9.986326093336879151e-01 9.933243517360966779e-01 9.972776683465359726e-01 9.970186391814366278e-01
9.981474510467517325e-01 9.935132432491556864e-01 9.916802193327971526e-01 9.984507785104078659e-01 9.918153839628266466e-01 9.980069765161140305e-01 9.967021795214956459e-01 9.979085303174418664e-01 9.959521912450629566e-01 9.928143302595553443e-01
9.914785463781720098e-01 9.885296384677632053e-01 9.978754953470828637e-01 9.925490410922676032e-01 9.841689538661630987e-01 9.959812303733491801e-01 9.988062135613771098e-01 9.982357859625976548e-01 9.948704236026768566e-01 9.962218694094890914e-01
9.982943806818642685e-01 9.864084896389627710e-01 9.954631043828755521e-01 9.932242195213603075e-01 9.955431924635751439e-01 9.985313695815095647e-01 9.921363531221594201e-01 9.971903921594444942e-01 9.882787858656716384e-01 9.879477551351746323e-01
9.969966894707977811e-01 9.955472358438253178e-01 9.974783091803548496e-01 9.977345367732928239e-01 9.931384281323551999e-01 9.905724070101514789e-01 9.985595211918970593e-01 9.989318031675368248e-01 9.969034619409327114e-01 9.982466903480292642e-01
9.948691018341423442e-01 9.978169735967632459e-01 9.947528026221560404e-01 9.866038373682795015e-01 9.901894720317303555e-01 9.911673634300220970e-01 9.648500958196360999e-01 9.948611924969615883e-01 9.973079486544537131e-01 9.948451966009965730e-01
9.960887842881336329e-01 9.982039959810866669e-01 9.644152984017717589e-01 9.914629608245681958e-01 9.920232482669627538e-01 9.946729206775304366e-01 9.977624581723265607e-01 9.909461184976191550e-01 9.948897475309280702e-01 9.967385705949910468e-01
9.958212373544049756e-01 9.928525887279283646e-01 9.980893469122075201e-01 9.964018231824339766e-01 9.986909247987596494e-01 9.969779865466023017e-01 9.946947983616487576e-01 9.949291118620818830e-01 9.926335402808288411e-01 9.895360073508405740e-01
9.978875116464456241e-01 9.937245590017782515e-01 9.930370557320176150e-01 9.950583163287607391e-01 9.944431283574971525e-01 9.974093952722513645e-01 9.979481154938210086e-01 9.958494196697471601e-01 9.981925921207580599e-01 9.938615214900140549e-01
9.926125004805067542e-01 9.687196257954974188e-01 9.956795149282317015e-01 9.979322316541737736e-01 9.967569887901023273e-01 9.792989362886665994e-01 9.957009587723533173e-01 9.963900472611515458e-01 9.959251472998146282e-01 9.864558214621899079e-01
9.967513025099300483e-01 9.958725369425501794e-01 9.937094217552286946e-01 9.975932154365549920e-01 9.965138200851647587e-01 9.985289676467069553e-01 9.969371778896410907e-01 9.817303037082018013e-01 9.967235131295322237e-01 9.965251961752765730e-01
9.941162702854366984e-01 9.960610383220624975e-01 9.925551002563073322e-01 9.953689735472552869e-01 9.944608875768309320e-01 9.972373283659086152e-01 9.954359187358653438e-01 9.982291480981876353e-01 9.792952530288083768e-01 9.965287252752216274e-01
9.925052060106950291e-01 9.915204391873395640e-01 9.958272226164631702e-01 9.971149308406587197e-01 9.958566659826209033e-01 9.953735203726219449e-01 9.938155577368592564e-01 9.944563068509094661e-01 9.954460436495251585e-01 9.556676614080812371e-01
9.939723735892361800e-01 9.918585752020667723e-01 9.964740867586302508e-01 9.957828768418284238e-01 9.941956076796489850e-01 9.968225685126336222e-01 9.975275229309186198e-01 9.972064094296545500e-01 9.983898517329160560e-01 9.951660449535946196e-01
9.974650226374438544e-01 9.971104908712211667e-01 9.971912998479320889e-01 9.971742362105544544e-01 9.952415028143353215e-01 9.915723371755049698e-01 9.935166365485619266e-01 9.970401687164316407e-01 9.972077247575402703e-01 9.976746583358032661e-01
9.974524974614971118e-01 9.954296258588589685e-01 9.950907062022008587e-01 9.976268061439194090e-01 9.981046443960474024e-01 9.896012993689998760e-01 9.893585916336624653e-01 9.974450188165130404e-01 9.964517206597967025e-01 9.977288356980652528e-01
9.947517252637184670e-01 9.948985021965029985e-01 9.950243324042693516e-01 9.935845983350410915e-01 9.958648465164271490e-01 9.923016982932810759e-01 9.914684932544779450e-01 9.953204348691636616e-01 9.970079472254499420e-01 9.987069841949262061e-01
9.949157976070801546e-01 9.827946712700608156e-01 9.807554161031006856e-01 9.646999851769186840e-01 9.981743039840843545e-01 9.988923861403972149e-01 9.877017547862332325e-01 9.972532643812926922e-01 9.982243089488044285e-01 9.964808915450449334e-01
9.966341229482258424e-01 9.950484628385879438e-01 9.958074667493089782e-01 9.925657333743532762e-01 9.987474274328765889e-01 9.907771631875003093e-01 9.931310946088219849e-01 9.984478144586749204e-01 9.954746957558294751e-01 9.980578671323864226e-01
9.983097022887141847e-01 9.955219838233283491e-01 9.984096355111424792e-01 9.938509505163569679e-01 9.958259275678302824e-01 9.957836098883061648e-01 9.946070937918674026e-01 9.985759404606683320e-01 9.941666293246103070e-01 9.965936489973166168e-01
9.943530383154377539e-01 9.985235280553844683e-01 9.917982582875672914e-01 9.963526847680771459e-01 9.976981597278017366e-01 9.985563316197753059e-01 9.974432849400919343e-01 9.914212171539592555e-01 9.971987144357394861e-01 9.915558399431168013e-01
9.987422011711614145e-01 9.989665343161215905e-01 9.983176610595376754e-01 9.973801333982603712e-01 9.972814802197417228e-01 9.980556664558433155e-01 9.986261451406697187e-01 9.981544584877122261e-01 9.915930774957930627e-01 9.854327613337794389e-01
9.962348425683474895e-01 9.974894596921359824e-01 9.954795536737677253e-01 9.960544336459037362e-01 9.983922083302538830e-01 9.974033967098028253e-01 9.949594760261033510e-01 9.973654933835524039e-01 9.977013300254609085e-01 9.932180528118006446e-01
9.965007516185423464e-01 9.964741440825694019e-01 9.977733029056653491e-01 9.948582424546397185e-01 9.941780202538957889e-01 9.980938767858508198e-01 9.929624936018485171e-01 9.942892815245629734e-01 9.923920823193315144e-01 9.949793016926848921e-01
9.972416756689937989e-01 9.964977182872062356e-01 9.939280439101387810e-01 9.978321406868664312e-01 9.979901338742348527e-01 9.982932483389583833e-01 9.928740136414918593e-01 9.962942532494044601e-01 9.983128665543370417e-01 9.970782064459928762e-01
9.971613282848101889e-01 9.937172232136519678e-01 9.976243870585416174e-01 9.981765914200373402e-01 9.952978481652640097e-01 9.917053137581550715e-01 9.962792403879805470e-01 9.963931553792632068e-01 9.981602597073366834e-01 9.942502245973395825e-01
9.941197864456055022e-01 9.964021454151636981e-01 9.983865592716102411e-01 9.978654557802463243e-01 9.948587494081314597e-01 9.973903539225190684e-01 9.980119546417896004e-01 9.977275030859900085e-01 9.978813948125602185e-01 9.905627515063472055e-01
9.972792373245367159e-01 9.961436197314702534e-01 9.967330296323284600e-01 9.939226525061595208e-01 9.860180523149489895e-01 9.930594514069738254e-01 9.922088575004153199e-01 9.883747331979968465e-01 9.985606972999009345e-01 9.969762672070255904e-01
9.961833010548426515e-01 9.978527552838979409e-01 9.985850787601249223e-01 9.983153006361968895e-01 9.974962226879562355e-01 9.978872508838730893e-01 9.975265955185237399e-01 9.981587994205656234e-01 9.953845109491644694e-01 9.978355613602908347e-01
9.976722349597730854e-01 9.967902619473838488e-01 9.985079706178131564e-01 9.921504660400879416e-01 9.981646871974590995e-01 9.881820218780164033e-01 9.950720798486925034e-01 9.985392165736965975e-01 9.978717241031614948e-01 9.973407834778781345e-01
