9.999984530082713929e-01 9.999972444207789746e-01 9.999966405343443387e-01 9.999990323452607743e-01 9.999971814526670277e-01 9.999984018826099108e-01 9.999996435843185871e-01 9.999980088068580741e-01 9.999902137855214423e-01 9.999979191784651444e-01
9.999964065727989793e-01 9.999992377663333709e-01 9.999944374344480469e-01 9.999995225677938970e-01 9.999990345020591809e-01 9.999978217823890514e-01 9.999992469283497387e-01 9.999974335519978830e-01 9.999984033959288254e-01 9.999994718148459416e-01
9.999983463597339473e-01 9.999989586624635773e-01 9.999983203926386954e-01 9.999986155815117073e-01 9.999994280380576361e-01 9.999983022592506821e-01 9.999952195138276378e-01 9.999981123305177189e-01 9.999985763384433568e-01 9.999964967152845663e-01
9.999992920235954985e-01 9.999955099420039240e-01 9.999986782575938093e-01 9.999981736778033037e-01 9.999943389117460502e-01 9.999973633660477201e-01 9.999977863776630116e-01 9.999990171772420444e-01 9.999972166215099767e-01 9.999983295826585517e-01
9.999996431567285127e-01 9.999940664727039463e-01 9.999895569935306483e-01 9.999986358872761105e-01 9.999973171325569066e-01 9.999930734496212947e-01 9.999988617095976196e-01 9.999887793242222545e-01 9.999959618628878610e-01 9.999994291227509713e-01
9.999974481625254485e-01 9.999987189349220928e-01 9.999996909246927634e-01 9.999973953832588247e-01 9.999981538415428917e-01 9.999993807743537966e-01 9.999992602064153857e-01 9.999994282693871472e-01 9.999967845437462977e-01 9.999981156266846138e-01
9.999990425426568130e-01 9.999988643507986552e-01 9.999976274881928751e-01 9.999981188999027548e-01 9.999992346520473196e-01 9.999982509042072421e-01 9.999950403471589144e-01 9.999975448495944663e-01 9.999964005609571771e-01 9.999981553950143542e-01
9.999981158774706724e-01 9.999978400703078973e-01 9.999979175276386689e-01 9.999983892476493885e-01 9.999983271430792353e-01 9.999989860058348112e-01 9.999975738134611047e-01 9.999988629336108437e-01 9.999975394899370817e-01 9.999904346821004708e-01
9.999954704622515678e-01 9.999970220878039440e-01 9.999992708085708726e-01 9.999989081611659891e-01 9.999972694240848448e-01 9.999969592569897259e-01 9.999981513722339121e-01 9.999933571314038039e-01 9.999985931408575945e-01 9.999965963239220157e-01
9.999981309595931123e-01 9.999995586398412462e-01 9.999947753963145392e-01 9.999985633158894327e-01 9.999991474150723425e-01 9.999989384389469382e-01 9.999981770114457769e-01 9.999982658575981009e-01 9.999983967504424420e-01 9.999977636626793398e-01
9.999933286177846714e-01 9.999970125806741938e-01 9.999977336210537082e-01 9.999922096180726694e-01 9.999988739399371385e-01 9.999984038736416947e-01 9.999965037758237196e-01 9.999973822287470115e-01 9.999991487738104645e-01 9.999909525369771179e-01
9.999911478934929709e-01 9.999957389001932206e-01 9.999989117385895687e-01 9.999957594399156990e-01 9.999972253956715962e-01 9.999969736577207780e-01 9.999944504293493130e-01 9.999952396959433942e-01 9.999982375425983117e-01 9.999986819659687498e-01
9.999994813300092655e-01 9.999942002118565876e-01 9.999963478295764707e-01 9.999981470056973354e-01 9.999965012107756568e-01 9.999972869284526888e-01 9.999968536902784644e-01 9.999979651749042464e-01 9.999985358586375161e-01 9.999986979986871249e-01
9.999983949364249503e-01 9.999977388800139755e-01 9.999961536790962224e-01 9.999981464528200359e-01 9.999982640941582623e-01 9.999974255392868328e-01 9.999984479064255583e-01 9.999981065179136541e-01 9.999991879248754101e-01 9.999968224851520926e-01
9.999949229960665154e-01 9.999941151578303211e-01 9.999966126321102600e-01 9.999978125692315922e-01 9.999985979812213710e-01 9.999969811775536455e-01 9.999973426395517562e-01 9.999982749117563019e-01 9.999967660004972503e-01 9.999974906087287785e-01
9.999985226223916390e-01 9.999985979940839709e-01 9.999986371165342502e-01 9.999976564404218227e-01 9.999996317586429262e-01 9.999983069988798157e-01 9.999958977893250722e-01 9.999995586008419979e-01 9.999984607705584283e-01 9.999977451205933621e-01
9.999974197133949527e-01 9.999964825484790598e-01 9.999976188113393061e-01 9.999980819581864022e-01 9.999979719825545788e-01 9.999950774308549173e-01 9.999977837837643602e-01 9.999993461402404415e-01 9.999956428603820058e-01 9.999972779579694437e-01
9.999973617149284788e-01 9.999981616863677925e-01 9.999987411432786910e-01 9.999962303161405996e-01 9.999985979180984197e-01 9.999992445195465818e-01 9.999973863976248101e-01 9.999987010284725475e-01 9.999985851186847796e-01 9.999982285940349769e-01
9.999973376254592816e-01 9.999954562608486253e-01 9.999909917275895399e-01 9.999985814304496179e-01 9.999936797697995816e-01 9.999981606679710922e-01 9.999927737282968687e-01 9.999981767214352057e-01 9.999978153181402485e-01 9.999965278823262915e-01
9.999976392409919423e-01 9.999963566993179676e-01 9.999976394170508875e-01 9.999993005176144312e-01 9.999969067530423139e-01 9.999992234455843398e-01 9.999963230890760446e-01 9.999979904452965807e-01 9.999973799156083309e-01 9.999982579528752247e-01
9.999978861727569779e-01 9.999979350055070437e-01 9.999997015752856155e-01 9.999994171250213837e-01 9.999991051267383968e-01 9.999979743125795295e-01 9.999984904234543448e-01 9.999993097928777663e-01 9.999992592552156001e-01 9.999987436408459551e-01
9.999950161921632441e-01 9.999979544951171917e-01 9.999968623823629610e-01 9.999976356754434192e-01 9.999962506747365198e-01 9.999979376269370057e-01 9.999953648575560239e-01 9.999984004685590344e-01 9.999963998644381125e-01 9.999972241709810250e-01
9.999967083725722627e-01 9.999987668929408713e-01 9.999948292765462599e-01 9.999986816939206991e-01 9.999970413870987729e-01 9.999988950030168633e-01 9.999932629133616580e-01 9.999982641273096329e-01 9.999976944937168932e-01 9.999982219027113706e-01
9.999991071449315649e-01 9.999981878363733978e-01 9.999948169783441365e-01 9.999990505830720355e-01 9.999979344990498342e-01 9.999958380985947137e-01 9.999960100930321838e-01 9.999961716049476923e-01 9.999993671552309671e-01 9.999990471649631285e-01
9.999945774299346946e-01 9.999976751317040113e-01 9.999987420893184931e-01 9.999963195070032951e-01 9.999987064029884909e-01 9.999997392035976373e-01 9.999963154977274948e-01 9.999976662898293345e-01 9.999944830192843970e-01 9.999991104685024279e-01
9.999974556053146113e-01 9.999963862223996136e-01 9.999993324616930357e-01 9.999964498187735584e-01 9.999989451273447738e-01 9.999990078140238436e-01 9.999993705690657375e-01 9.999977009702962771e-01 9.999962797776463796e-01 9.999991394157594637e-01
9.999985550411010227e-01 9.999927519373966733e-01 9.999988201635282570e-01 9.999985210724161577e-01 9.999948284685162836e-01 9.999960434079574467e-01 9.999974765661153731e-01 9.999986385216481644e-01 9.999969920620330743e-01 9.999961581129365173e-01
9.999960192689713034e-01 9.999989956043231487e-01 9.999985319628427183e-01 9.999967737937425216e-01 9.999991103730536679e-01 9.999968382949921963e-01 9.999972566311500222e-01 9.999983590957183255e-01 9.999989242397346878e-01 9.999994026205456521e-01
9.999988479841714906e-01 9.999978798214130826e-01 9.999988827786726597e-01 9.999975698529282031e-01 9.999995362466729265e-01 9.999996856049863103e-01 9.999987739654200292e-01 9.999966039605332480e-01 9.999986439407740901e-01 9.999967343372637707e-01
9.999952949087369536e-01 9.999984138166470027e-01 9.999986588149953892e-01 9.999992486849366147e-01 9.999963107432507936e-01 9.999983114087568348e-01 9.999976855573897705e-01 9.999990847323589893e-01 9.999965767944786199e-01 9.999969770288770210e-01
9.999975930930599111e-01 9.999934875859303185e-01 9.999990704997280266e-01 9.999987943169951210e-01 9.999961890559270206e-01 9.999970158184768865e-01 9.999976504932974741e-01 9.999979857875300748e-01 9.999942514808373151e-01 9.999952772052678185e-01
9.999945818212989668e-01 9.999981720609987246e-01 9.999988539067306004e-01 9.999964288979562577e-01 9.999951586930617697e-01 9.999989594421649919e-01 9.999990961384364052e-01 9.999949772810365900e-01 9.999940703790748397e-01 9.999959469082320140e-01
9.999996193659601573e-01 9.999988293990071941e-01 9.999989042802637229e-01 9.999964801318897978e-01 9.999988110945677855e-01 9.999986653174844919e-01 9.999995043328496758e-01 9.999984516692372871e-01 9.999953168557853544e-01 9.999964966573641201e-01
9.999955171925080100e-01 9.999989075302961883e-01 9.999987965406748058e-01 9.999984615242336616e-01 9.999927972173221491e-01 9.999983657717181895e-01 9.999983963244193363e-01 9.999984750788237786e-01 9.999990772071494227e-01 9.999987573823835296e-01
9.999999467814162379e-01 9.999964459125552096e-01 9.999982140204578540e-01 9.999958616743238604e-01 9.999987938524748099e-01 9.999978589770732729e-01 9.999977617934069363e-01 9.999972137374580905e-01 9.999986273385862434e-01 9.999989293201784202e-01
9.999988890003731479e-01 9.999958535103121715e-01 9.999994422689488793e-01 9.999986924959649581e-01 9.999969663446933721e-01 9.999988773020549448e-01 9.999960121197947194e-01 9.999970853874126098e-01 9.999971280848239941e-01 9.999989937429261122e-01
9.999972481999261920e-01 9.999979629920494606e-01 9.999962222008501600e-01 9.999942425687297076e-01 9.999975525351103567e-01 9.999975939493028765e-01 9.999994308553427080e-01 9.999953211761155591e-01 9.999890625533770505e-01 9.999977200880291184e-01
9.999993096077063326e-01 9.999966778976434600e-01 9.999980022106790267e-01 9.999919623448476624e-01 9.999971752550789184e-01 9.999989273090007513e-01 9.999983413321419379e-01 9.999992151855786604e-01 9.999996687039184318e-01 9.999995389181900451e-01
9.999991717821182791e-01 9.999993011879722005e-01 9.999974618999878384e-01 9.999968598588089286e-01 9.999956568826934289e-01 9.999994467243534801e-01 9.999994601947908013e-01 9.999991932787098969e-01 9.999951427832418638e-01 9.999992382019283754e-01
9.999968146413504844e-01 9.999985346478276194e-01 9.999968859298343782e-01 9.999983394703705342e-01 9.999903955342979156e-01 9.999955713785109168e-01 9.999988120811020842e-01 9.999987752522556672e-01 9.999990316268074775e-01 9.999962134844215811e-01
9.999966653531850991e-01 9.999988012173195440e-01 9.999989569879614848e-01 9.999987699140816533e-01 9.999985102132442627e-01 9.999972110458984487e-01 9.999985262233276329e-01 9.999991959108129880e-01 9.999988257948869697e-01 9.999966061804883566e-01
9.999953252050250985e-01 9.999974864479069803e-01 9.999968250146483717e-01 9.999994055413856664e-01 9.999968507802250439e-01 9.999972221680626383e-01 9.999973121450957958e-01 9.999947916691538374e-01 9.999985648067957200e-01 9.999991786149714512e-01
9.999989686570561753e-01 9.999988663678991418e-01 9.999966552006984699e-01 9.999976579909483076e-01 9.999981290013270074e-01 9.999976792282700977e-01 9.999981407363502939e-01 9.999985740111697607e-01 9.999966217174965921e-01 9.999988525235873338e-01
9.999975936568897827e-01 9.999971652720495152e-01 9.999984922578969426e-01 9.999994473713775811e-01 9.999987279457944744e-01 9.999979973117750776e-01 9.999971411643568953e-01 9.999990796587679975e-01 9.999980889841526555e-01 9.999982750878484428e-01
9.999972406799700897e-01 9.999967720730481568e-01 9.999982945542410517e-01 9.999973118014990892e-01 9.999990624672280282e-01 9.999984851007552855e-01 9.999970127262353126e-01 9.999989321651701069e-01 9.999961389374790732e-01 9.999975540046397438e-01
9.999980066378817423e-01 9.999944272114547061e-01 9.999990924334259956e-01 9.999978521562169487e-01 9.999964684269163628e-01 9.999988942025753724e-01 9.999968113689906568e-01 9.999977923625392728e-01 9.999993562458894258e-01 9.999983380766584995e-01
9.999986359304449124e-01 9.999983073780599474e-01 9.999985514136721099e-01 9.999986568205782023e-01 9.999982942770893057e-01 9.999962118209606565e-01 9.999984830622239418e-01 9.999890547336510727e-01 9.999984513543948017e-01 9.999971279484900499e-01
9.999963938327943724e-01 9.999983783831304374e-01 9.999955191910877561e-01 9.999991879319497512e-01 9.999949045046723217e-01 9.999982447121669171e-01 9.999982328350165428e-01 9.999961133995510787e-01 9.999987713282211255e-01 9.999971642618530332e-01
9.999981024877921953e-01 9.999990805037382025e-01 9.999991728379317157e-01 9.999981632338922344e-01 9.999973888645657949e-01 9.999947926032479728e-01 9.999976485739264787e-01 9.999983334995030670e-01 9.999983447924002400e-01 9.999982503374039711e-01
9.999992558877192073e-01 9.999965527217153927e-01 9.999970661482229239e-01 9.999970979304003693e-01 9.999973131566963769e-01 9.999960383196946356e-01 9.999912208316548146e-01 9.999976478119138035e-01 9.999979643082610448e-01 9.999952285680813180e-01
9.999992689168863969e-01 9.999918532260243520e-01 9.999931040710015040e-01 9.999969683151667121e-01 9.999977336692973395e-01 9.999990564709732022e-01 9.999996009254138452e-01 9.999970548455627828e-01 9.999977488424606209e-01 9.999979887996421901e-01
9.999983497001007082e-01 9.999986919623481407e-01 9.999985213536627393e-01 9.999961152978011913e-01 9.999960952879775045e-01 9.999962442127043882e-01 9.999928376352272830e-01 9.999955999540832696e-01 9.999958249672628030e-01 9.999983745403691060e-01
9.999954287731516178e-01 9.999977357314205895e-01 9.999988224444285034e-01 9.999973789309761774e-01 9.999994898839570379e-01 9.999955631928426625e-01 9.999985514294605915e-01 9.999967170744862299e-01 9.999989385690223331e-01 9.999988126494173679e-01
9.999973292995946172e-01 9.999991726404774406e-01 9.999991261575479351e-01 9.999984664370977772e-01 9.999989520988942227e-01 9.999963401679233810e-01 9.999976492981944576e-01 9.999952693723982433e-01 9.999950530704666551e-01 9.999952477112338256e-01
9.999990590698109028e-01 9.999997450220612372e-01 9.999948472700203039e-01 9.999984085229901565e-01 9.999916311553064263e-01 9.999967652777981275e-01 9.999985008433157629e-01 9.999984908536206918e-01 9.999991906182718049e-01 9.999979937839601485e-01
9.999983809005933422e-01 9.999994080542750075e-01 9.999994799741159790e-01 9.999531651384057085e-01 9.999951543886980154e-01 9.999952821805677683e-01 9.999983345857947903e-01 9.999978112345531134e-01 9.999986937489737659e-01 9.999992927582970204e-01
9.999885484693705751e-01 9.999988621743244321e-01 9.999967169723883442e-01 9.999977038072579427e-01 9.999972363462686920e-01 9.999955913076342684e-01 9.999994509811281906e-01 9.999979536925708290e-01 9.999989733037255579e-01 9.999970786684567736e-01
9.999988902210260600e-01 9.999980084909622091e-01 9.999976216070995960e-01 9.999982623728728148e-01 9.999960376220404790e-01 9.999969912273846129e-01 9.999974912073125166e-01 9.999959976801823247e-01 9.999942627030651288e-01 9.999956068933246733e-01
9.999983664524952909e-01 9.999994910737602938e-01 9.999971768279336537e-01 9.999980964240304804e-01 9.999966183060716718e-01 9.999993436646021916e-01 9.999957891224613427e-01 9.999972654203438394e-01 9.999918819427949801e-01 9.999985139098276354e-01
9.999958740174554883e-01 9.999979048442967366e-01 9.999981880144269697e-01 9.999975639335240141e-01 9.999994914801391133e-01 9.999991843255895407e-01 9.999995023104886194e-01 9.999983439837990540e-01 9.999993844155391498e-01 9.999996039424571270e-01
9.999915545270380290e-01 9.999886788922817127e-01 9.999972284551456037e-01 9.999974951470758100e-01 9.999970815384922052e-01 9.999974914137345072e-01 9.999993002457284730e-01 9.999973307077962836e-01 9.999980450440502100e-01 9.999949044387372865e-01
9.999981064868739278e-01 9.999938473905961578e-01 9.999965633172238633e-01 9.999957132459740272e-01 9.999976129852736761e-01 9.999966894929196437e-01 9.999968440650568446e-01 9.999980370649885764e-01 9.999969588389761022e-01 9.999976969946146044e-01
9.999990990769773713e-01 9.999955640267613743e-01 9.999980806180395199e-01 9.999969997266309196e-01 9.999989016729426972e-01 9.999989716514091631e-01 9.999930851786635877e-01 9.999989810280818237e-01 9.999935182735121275e-01 9.999973218641245998e-01
9.999991488064546852e-01 9.999972412667230692e-01 9.999980086260593648e-01 9.999994254452003739e-01 9.999979519899270253e-01 9.999952934623966838e-01 9.999962091120044860e-01 9.999979555630209571e-01 9.999958610488576261e-01 9.999986680828650831e-01
9.999978099970476819e-01 9.999941255292615905e-01 9.999989316370165859e-01 9.999977620157480818e-01 9.999976926326141768e-01 9.999991235676559675e-01 9.999961727360677788e-01 9.999983789383283250e-01 9.999969415579728071e-01 9.999980056384063509e-01
9.999988597350326636e-01 9.999985800736612696e-01 9.999951949449304989e-01 9.999984494357871956e-01 9.999971090182715461e-01 9.999991074874636787e-01 9.999983180638269964e-01 9.999971200085419065e-01 9.999971174104370641e-01 9.999981636817799613e-01
9.999957044818600371e-01 9.999964110917451965e-01 9.999973831521846712e-01 9.999975864205727927e-01 9.999991850114586800e-01 9.999957422804396368e-01 9.999929099455249215e-01 9.999993836141869430e-01 9.999959298661346141e-01 9.999982905194420013e-01
9.999985170297058801e-01 9.999979129678815415e-01 9.999967635208885097e-01 9.999959704627393586e-01 9.999964422015977794e-01 9.999966536584343757e-01 9.999983496190222310e-01 9.999992093116674141e-01 9.999957111408059873e-01 9.999989809722900080e-01
9.999988101419337028e-01 9.999967350304641567e-01 9.999932896166846552e-01 9.999969693051219410e-01 9.999987445123269536e-01 9.999967701179300894e-01 9.999972548854808574e-01 9.999987015462910023e-01 9.999985599941295655e-01 9.999862495375051452e-01
9.999940784358426482e-01 9.999982337511003072e-01 9.999983808696005783e-01 9.999953834988072332e-01 9.999983890538617359e-01 9.999969039416055638e-01 9.999963994279522650e-01 9.999969316184756929e-01 9.999968219082910892e-01 9.999988129488429633e-01
9.999953054655684737e-01 9.999978536487148517e-01 9.999983647871665271e-01 9.999964710935125289e-01 9.999980627518959553e-01 9.999984851952766762e-01 9.999992221938505121e-01 9.999980134663692954e-01 9.999968444526512457e-01 9.999984794032602542e-01
9.999991444317832823e-01 9.999983991942715811e-01 9.999972970732170507e-01 9.999978371443720704e-01 9.999976796562848325e-01 9.999968521537855315e-01 9.999963173149853946e-01 9.999946852408645448e-01 9.999993879476996028e-01 9.999968702880107640e-01
9.999976532875428648e-01 9.999981526810695076e-01 9.999980957728090702e-01 9.999971118417837479e-01 9.999993720164215283e-01 9.999990983133263400e-01 9.999989375019950888e-01 9.999991380408473907e-01 9.999981238105460912e-01 9.999978857329272497e-01
9.999977627963201332e-01 9.999981219866627136e-01 9.999989208162795018e-01 9.999967347353854175e-01 9.999980035912193754e-01 9.999937296686816079e-01 9.999969094176047735e-01 9.999942743332910222e-01 9.999954174047938071e-01 9.999951956209771620e-01
9.999956413206259054e-01 9.999987225828812498e-01 9.999976493806439493e-01 9.999978706105552284e-01 9.999870590021595618e-01 9.999984242401543932e-01 9.999981060274658606e-01 9.999934085365317360e-01 9.999994600977062387e-01 9.999983061743448198e-01
9.999976474505097856e-01 9.999987063418366295e-01 9.999976521646468663e-01 9.999970366489756568e-01 9.999983220529808925e-01 9.999988566745432461e-01 9.999994057814222126e-01 9.999965423235627204e-01 9.999975375878471517e-01 9.999984519818747586e-01
9.999975373685197066e-01 9.999980057571266068e-01 9.999991041455943419e-01 9.999988579075537176e-01 9.999976216313752886e-01 9.999982188514755510e-01 9.999989534390549828e-01 9.999948225998126494e-01 9.999982674308246500e-01 9.999985550815803093e-01
9.999961655229486768e-01 9.999987865461326120e-01 9.999987130643327449e-01 9.999951472571286804e-01 9.999982815739998365e-01 9.999923657636905494e-01 9.999930520964173120e-01 9.999982345439684117e-01 9.999957452205835429e-01 9.999949169174859875e-01
9.999982642168984137e-01 9.999991767857301372e-01 9.999991103308121243e-01 9.999985553262951132e-01 9.999977837344231624e-01 9.999974715607127251e-01 9.999990175266848524e-01 9.999988837983764256e-01 9.999988885355026724e-01 9.999984678674678218e-01
9.999952109973766490e-01 9.999974718977842070e-01 9.999972500380481799e-01 9.999980612300847227e-01 9.999946406651595288e-01 9.999983617431476013e-01 9.999943572876370812e-01 9.999982393986299734e-01 9.999988389789921106e-01 9.999964909937723023e-01
9.999993664175244046e-01 9.999991403728223371e-01 9.999974834823472936e-01 9.999986279389084798e-01 9.999980544518533021e-01 9.999991207568402762e-01 9.999990008319781243e-01 9.999992712360621372e-01 9.999984600950484470e-01 9.999978418608068687e-01
9.999978574583540114e-01 9.999975915727246090e-01 9.999988626192429786e-01 9.999995390934000028e-01 9.999989267127487036e-01 9.999946035688183077e-01 9.999986076126099466e-01 9.999983690921029345e-01 9.999980525228084893e-01 9.999997497544436120e-01
9.999992370950646636e-01 9.999970915321381160e-01 9.999984282356667586e-01 9.999977002714831587e-01 9.999977205578149952e-01 9.999989153846763346e-01 9.999984514631934385e-01 9.999959022797632047e-01 9.999992142816067631e-01 9.999979731019669194e-01
9.999974016599714188e-01 9.999966497969463575e-01 9.999932965101160365e-01 9.999985820464906139e-01 9.999996085407533153e-01 9.999930328419197600e-01 9.999974190967394483e-01 9.999949690332429197e-01 9.999987388490673146e-01 9.999991110906086833e-01
9.999984070454974727e-01 9.999988894493500036e-01 9.999978345995009787e-01 9.999942116050224428e-01 9.999988459129448559e-01 9.999985000876185914e-01 9.999970817136031309e-01 9.999971525949277185e-01 9.999986093429397149e-01 9.999979143007826643e-01
9.999994119694571859e-01 9.999970110565766790e-01 9.999972723565899724e-01 9.999972771599753285e-01 9.999984546987928935e-01 9.999962213146689205e-01 9.999979374487594219e-01 9.999983733389841145e-01 9.999920339038806949e-01 9.999993222683285499e-01
9.999974714229861172e-01 9.999987415440763083e-01 9.999950612209097534e-01 9.999993173188085338e-01 9.999985194871314764e-01 9.999967344527697088e-01 9.999958344611116212e-01 9.999979569314781935e-01 9.999988784285044341e-01 9.999986502416746692e-01
9.999963027509509716e-01 9.999976238689267660e-01 9.999968456480700096e-01 9.999968714624432042e-01 9.999991074444909422e-01 9.999921189018312617e-01 9.999966663401170797e-01 9.999965963174325401e-01 9.999981766778245351e-01 9.999962659176180324e-01
9.999968963850147663e-01 9.999875262647480723e-01 9.999969635487819808e-01 9.999979015549786965e-01 9.999962032415364854e-01 9.999979492473005660e-01 9.999973328381007720e-01 9.999945128683712658e-01 9.999985576218483052e-01 9.999993977937383649e-01
9.999968466003317236e-01 9.999924835532658651e-01 9.999936742906282428e-01 9.999996779433628635e-01 9.999974967111314728e-01 9.999977493554230712e-01 9.999965269422241843e-01 9.999993505969757557e-01 9.999973003123112658e-01 9.999967735862153040e-01
9.999986268642206966e-01 9.999958975830923746e-01 9.999883228033679128e-01 9.999906984047288727e-01 9.999880135443768303e-01 9.999985153166903729e-01 9.999981123517254211e-01 9.999944489786060098e-01 9.999967744723095020e-01 9.999973125437554566e-01
9.999982948129869653e-01 9.999962077170467811e-01 9.999991811727435564e-01 9.999985626170393438e-01 9.999977819071214080e-01 9.999981690705509463e-01 9.999973986471357712e-01 9.999983376182447481e-01 9.999979080348316840e-01 9.999935537669019103e-01
9.999923525548216618e-01 9.999975547489139416e-01 9.999987481301294556e-01 9.999957859582027098e-01 9.999981236775812299e-01 9.999986479726910016e-01 9.999942298778479177e-01 9.999971051091699481e-01 9.999990560197572487e-01 9.999963798080353516e-01
9.999987619215675583e-01 9.999982519392430769e-01 9.999969997919536668e-01 9.999962125403480950e-01 9.999970340962887061e-01 9.999966257493251298e-01 9.999970379345174409e-01 9.999895602551652773e-01 9.999976641113549336e-01 9.999992198370021290e-01
9.999994562262963793e-01 9.999983700284450494e-01 9.999975403556372600e-01 9.999965120325539081e-01 9.999962727664645223e-01 9.999969962246563204e-01 9.999991865954334092e-01 9.999991102232700380e-01 9.999953103945825594e-01 9.999976665302275913e-01
9.999971441143344908e-01 9.999981912263044004e-01 9.999929706577299626e-01 9.999941975560119323e-01 9.999961352989520380e-01 9.999964228843059022e-01 9.999978193985677999e-01 9.999986152534428019e-01 9.999969782382837069e-01 9.999977861073704455e-01
9.999982842661744309e-01 9.999938468985701823e-01 9.999970626015620700e-01 9.999974122564690981e-01 9.999986668949338853e-01 9.999979930530209504e-01 9.999965140246496187e-01 9.999989642571247561e-01 9.999961318259210641e-01 9.999992056086769443e-01
9.999964351866670320e-01 9.999936032382742424e-01 9.999987556499384533e-01 9.999972989930141498e-01 9.999989476788289089e-01 9.999951788825948151e-01 9.999978453051436844e-01 9.999981279201866080e-01 9.999951731567408020e-01 9.999989988789629303e-01
9.999943813313889596e-01 9.999995683588196460e-01 9.999985233574126831e-01 9.999978897865356986e-01 9.999962787136172926e-01 9.999991568495668615e-01 9.999962366305479300e-01 9.999958359108461758e-01 9.999957879479317580e-01 9.999959149169495021e-01
9.999969357892289912e-01 9.999977588267530138e-01 9.999981751763049598e-01 9.999937102284701673e-01 9.999969413273533947e-01 9.999959334931681765e-01 9.999977553666866692e-01 9.999966903147474717e-01 9.999982306384127551e-01 9.999982610660033133e-01
