9.921858293626923953e-01 9.998098376634451112e-01 9.998383201814248222e-01 9.998146548912624221e-01 9.998186208988318890e-01 9.997499666889686498e-01 9.993193194216277719e-01 9.998346076468727084e-01 9.995227986811303644e-01 9.998092820020504368e-01
9.996511743236389247e-01 9.997436228314172668e-01 9.994133555797464208e-01 9.997112718124471220e-01 9.994087994162453858e-01 9.994730210730242703e-01 9.994341458464800487e-01 9.978821599174533263e-01 9.995071217731704705e-01 9.982741986571396220e-01
9.992065888060602807e-01 9.996386980271949607e-01 9.997073287430995325e-01 9.994720247399527802e-01 9.994086112828863833e-01 9.997172671179666015e-01 9.996361263005061337e-01 9.973878851092954356e-01 9.988793378215335972e-01 9.996934837831525922e-01
9.996520814935132559e-01 9.996412783846022609e-01 9.976086036783270439e-01 9.990635048631862913e-01 9.995930187007660006e-01 9.993784837423260736e-01 9.995817901915708958e-01 9.997542478701245683e-01 9.997419002163119295e-01 9.997156596798039141e-01
9.991277788619391531e-01 9.995832976129376268e-01 9.995274401056488678e-01 9.994966959181690314e-01 9.981346899709323539e-01 9.998076127863191331e-01 9.996202732759759124e-01 9.993201152829739309e-01 9.994818203344129071e-01 9.992583486077628585e-01
9.980528229490847059e-01 9.997768010874722444e-01 9.989808464012952527e-01 9.997204749869583740e-01 9.991094988804514188e-01 9.996541270872344453e-01 9.940635120816104786e-01 9.983636607546026998e-01 9.983020070275585578e-01 9.993307036522945941e-01
9.996648364580152935e-01 9.992143622175245765e-01 9.998900512056666523e-01 9.998175519692904523e-01 9.991072395498143965e-01 9.990092452529368838e-01 9.996599047504517443e-01 9.998124190954853496e-01 9.998010005815670675e-01 9.993213926707414929e-01
9.995056242356098464e-01 9.996127196989760266e-01 9.997538251653858010e-01 9.997721656314541017e-01 9.997868137562904156e-01 9.997212327235753815e-01 9.997450020990179542e-01 9.995348671482602310e-01 9.992172891230638454e-01 9.993789820235048360e-01
9.993646799233750766e-01 9.996253390880238676e-01 9.984967360356440391e-01 9.997503425303508884e-01 9.993731800790902620e-01 9.995932759671223300e-01 9.989866121877892802e-01 9.995965166205410535e-01 9.996754134169959505e-01 9.992632827975668208e-01
9.996053886331026650e-01 9.998166205739266177e-01 9.991058841498356990e-01 9.996776112010281601e-01 9.994186526811595916e-01 9.995335585022068203e-01 9.992987196451855736e-01 9.995536763277191872e-01 9.992831880288748359e-01 9.998271046301133724e-01
9.995450183402929678e-01 9.998628599961009167e-01 9.995798556942603330e-01 9.996669029885320024e-01 9.996726135563857030e-01 9.998557938041293669e-01 9.996411585153524015e-01 9.996847049417542097e-01 9.996624162016858328e-01 9.997608990747109958e-01
9.998636550037125481e-01 9.987096017753974708e-01 9.986759397188363918e-01 9.996663562887900811e-01 9.998313046052949016e-01 9.997759337622946774e-01 9.996028759199115932e-01 9.997890470047502420e-01 9.992339603929811798e-01 9.990898849858336206e-01
9.991475101919389257e-01 9.991692839466764786e-01 9.990465321463486426e-01 9.994185548833346422e-01 9.997591950190033439e-01 9.990274156854190846e-01 9.995644278905662095e-01 9.997023018747124290e-01 9.996723079119738120e-01 9.995463205843143628e-01
9.994709964983323758e-01 9.992523353253799367e-01 9.991806997194552231e-01 9.997278444373484119e-01 9.995278245340754042e-01 9.993013965905572782e-01 9.991834995394308638e-01 9.989681995415392590e-01 9.977414392846882807e-01 9.985267469682095332e-01
9.994503380767427725e-01 9.995775711379484285e-01 9.994761407076698800e-01 9.992921766833225972e-01 9.989476908114601761e-01 9.995703693238093823e-01 9.997839017389530403e-01 9.998076086588031375e-01 9.992724446735976596e-01 9.991513602361964397e-01
9.991818082488183039e-01 9.995457110897622011e-01 9.988496232167265454e-01 9.998207088095694139e-01 9.997135084757672319e-01 9.993200913833041321e-01 9.996687922448791452e-01 9.994528226193735154e-01 9.996136894122795713e-01 9.992839840269249763e-01
9.995814895545138690e-01 9.996714572084324235e-01 9.994095029952235754e-01 9.995529448635673830e-01 9.995226764649784990e-01 9.986392415709640646e-01 9.997705184601703987e-01 9.995908060970897235e-01 9.996889965538335865e-01 9.997924883055329115e-01
9.994196357102103079e-01 9.994358715970753648e-01 9.991071182169344311e-01 9.989653701391713048e-01 9.997171419790186198e-01 9.997749698087481374e-01 9.994842523735166795e-01 9.997252542880081805e-01 9.994291669454363758e-01 9.995054251387047728e-01
9.991703810851443324e-01 9.997630205625460675e-01 9.996953731060839177e-01 9.989387648255896313e-01 9.995393298328165699e-01 9.996201493412428807e-01 9.980585138334426842e-01 9.988811555099973427e-01 9.987991744161192065e-01 9.996074290587537714e-01
9.986817629375904781e-01 9.994968596249595993e-01 9.997664680819152716e-01 9.979158774375399554e-01 9.996367584305438925e-01 9.992071203509066413e-01 9.994892403961150862e-01 9.995250295658447692e-01 9.980711914596458456e-01 9.982437647417039539e-01
9.996755615437041831e-01 9.993279530800173172e-01 9.991983293038992908e-01 9.995835779780595232e-01 9.998538925627391549e-01 9.997555184101443171e-01 9.995668754248505650e-01 9.996907530581325974e-01 9.991709952821385965e-01 9.997886754598303005e-01
9.996696394294540822e-01 9.989999331120558157e-01 9.997340911017339460e-01 9.994578250352994520e-01 9.996118084354330691e-01 9.998686882033511747e-01 9.998400329595872327e-01 9.961885418959068872e-01 9.996424723814235636e-01 9.998192743016376394e-01
9.995032928087582702e-01 9.994104090042870148e-01 9.996956411510510287e-01 9.991836302369148104e-01 9.997165485881770453e-01 9.993334194307387230e-01 9.992836148901745874e-01 9.968459516721964730e-01 9.996575721652362079e-01 9.994728493909007527e-01
9.998754629920130199e-01 9.994778186653403562e-01 9.996985443501416047e-01 9.997997033828469604e-01 9.987986799092516410e-01 9.998988924441351012e-01 9.995732251790570011e-01 9.992916101323652267e-01 9.996277240450148760e-01 9.993515673032845603e-01
9.985439452933826399e-01 9.972953433383087152e-01 9.992889947586250932e-01 9.993769941382917299e-01 9.993445228429607141e-01 9.990403977492826604e-01 9.992163267794520465e-01 9.995795653983134965e-01 9.997183709760394388e-01 9.996654412717838056e-01
9.995059367090746161e-01 9.992882699711472805e-01 9.941878969793165322e-01 9.987691319068396911e-01 9.993364924656323867e-01 9.993228213464263598e-01 9.996116732197488641e-01 9.996630092917206944e-01 9.995787269154872146e-01 9.990778341455637257e-01
9.989694855706289234e-01 9.995886337373289798e-01 9.995007183693475072e-01 9.991578102512373993e-01 9.996047422014756600e-01 9.979949827541978458e-01 9.995394166508621003e-01 9.990579688623320020e-01 9.995802019414479211e-01 9.990508219834920434e-01
9.992209305018957544e-01 9.992621893955264678e-01 9.990189146021465350e-01 9.997231923265803566e-01 9.996694144042176378e-01 9.993179319311343844e-01 9.990381378805286428e-01 9.991634512698807091e-01 9.982102079652787063e-01 9.995218095597606656e-01
9.996285632383968833e-01 9.997909423872015644e-01 9.995117986630882578e-01 9.993725508918419598e-01 9.997490366525845218e-01 9.993866342507456979e-01 9.994598520745778814e-01 9.995999171292376806e-01 9.997193808460397291e-01 9.995168239049699865e-01
9.953581492223594340e-01 9.998199125484623639e-01 9.998739053896992246e-01 9.995459932122774394e-01 9.985726050406243948e-01 9.994328609904012950e-01 9.998180813850646720e-01 9.990170562808248222e-01 9.992263074729987871e-01 9.996688122462464854e-01
9.996699113299503114e-01 9.996623903797413613e-01 9.996207352709050031e-01 9.996554589987937112e-01 9.994963717060121322e-01 9.989105192976778236e-01 9.993956010590335781e-01 9.996699196635078222e-01 9.997679102574951182e-01 9.997285725287528013e-01
9.994837718998178522e-01 9.995803588984826238e-01 9.995033528693585412e-01 9.992792554096702196e-01 9.989845390530823765e-01 9.995856278395569561e-01 9.991554177830335171e-01 9.988700726312970124e-01 9.993739868378049840e-01 9.993810854658785603e-01
9.997254258902518176e-01 9.997813771037792341e-01 9.998216402693177463e-01 9.994493642559977298e-01 9.996531882049530804e-01 9.996959642264592327e-01 9.998277869098380899e-01 9.997786697191326510e-01 9.997635019779879118e-01 9.997101379551259770e-01
9.994155031651875687e-01 9.997094818520281256e-01 9.997360409410170901e-01 9.997898829048894598e-01 9.995469070383787846e-01 9.995336557983103276e-01 9.983205830053768493e-01 9.994514366402992289e-01 9.994839643134285634e-01 9.976571437731810432e-01
9.998897995875916100e-01 9.994943126347947127e-01 9.994750798979142870e-01 9.992774104687804915e-01 9.990671539071411811e-01 9.995840653648740970e-01 9.982072810244563277e-01 9.969980609561996943e-01 9.998067566769742731e-01 9.998030415636337542e-01
9.996936832564815578e-01 9.998556550881519955e-01 9.991039169309818835e-01 9.987740422234314686e-01 9.996836838316115470e-01 9.997978711006222374e-01 9.996010212012761409e-01 9.997700554169715037e-01 9.996500441263673764e-01 9.998138568820246208e-01
9.993712977158603072e-01 9.992681524610612653e-01 9.980093336448422336e-01 9.989121077533620330e-01 9.985246111666192803e-01 9.993385184147852707e-01 9.997071023257300126e-01 9.994609847171095351e-01 9.997114043768690061e-01 9.997339106420752852e-01
9.984880265161192314e-01 9.997551686633414647e-01 9.986925206362869956e-01 9.997478969391753179e-01 9.986588277222169241e-01 9.994471085026073176e-01 9.991238959963032462e-01 9.987183219746510465e-01 9.992523827558423832e-01 9.993150536960940800e-01
9.997349552595838906e-01 9.981996833432381644e-01 9.996458390113613923e-01 9.996219026739020519e-01 9.997535092428503356e-01 9.998042634693578012e-01 9.996243132494788686e-01 9.981763334887814310e-01 9.992126736308588608e-01 9.991104007338728055e-01
9.996226158678184204e-01 9.996110380493652414e-01 9.989285314329011678e-01 9.994799096817748030e-01 9.993023286845975628e-01 9.996611422128232061e-01 9.994335477727460670e-01 9.998766152738525204e-01 9.994752816292510333e-01 9.989183410188743339e-01
9.994388325175415089e-01 9.988624207768211916e-01 9.990963314332275136e-01 9.993706929782447679e-01 9.997837545116627922e-01 9.995822698934190287e-01 9.996862439624616403e-01 9.995395938069687736e-01 9.995204383138238668e-01 9.996168509178677830e-01
9.989119291786774379e-01 9.988779431138598008e-01 9.996713448398989454e-01 9.997967458594252399e-01 9.992163487241393360e-01 9.993812105253837563e-01 9.990454387471291442e-01 9.997197634223532470e-01 9.997472393485348219e-01 9.998293511172088310e-01
9.995719404010222631e-01 9.996639782502730887e-01 9.996635281792330963e-01 9.994847390493845074e-01 9.988961811060442786e-01 9.995953145376066384e-01 9.989299648238533225e-01 9.998409003280056551e-01 9.997629691294500631e-01 9.995480492719042154e-01
9.994282028177426946e-01 9.991928124204570993e-01 9.994281230724376686e-01 9.981301656749578255e-01 9.991285909019729239e-01 9.992883597370820770e-01 9.997770269133225973e-01 9.997906331532233626e-01 9.998320279257028043e-01 9.985248464816441905e-01
9.941295364346853791e-01 9.995377420638371646e-01 9.985974041118074185e-01 9.996907342820879894e-01 9.995378466123806538e-01 9.992366311384973665e-01 9.997151436812149461e-01 9.996778263742741588e-01 9.996562454822974786e-01 9.995260956811400366e-01
9.995436754610304009e-01 9.993966553698202526e-01 9.981766801533308309e-01 9.997632921230712455e-01 9.990532168339553154e-01 9.990356755406483158e-01 9.996041743301129490e-01 9.984639377822051021e-01 9.975986987652145643e-01 9.998783560551423033e-01
9.997749796479767914e-01 9.996308652594397826e-01 9.997580579053666483e-01 9.977740775164305465e-01 9.998001589559430968e-01 9.995633802179098026e-01 9.997252508781977465e-01 9.996446429969720882e-01 9.991391800270259527e-01 9.995054270594943002e-01
9.991075449347783799e-01 9.987111070601264462e-01 9.994778122401470899e-01 9.997594693134870258e-01 9.994027597702149768e-01 9.995782267733792636e-01 9.994416407557783488e-01 9.997710381910169808e-01 9.993493922408757113e-01 9.994081027463238565e-01
9.996719431643719123e-01 9.994468921138710549e-01 9.994484793527691480e-01 9.996459335644451993e-01 9.991505335342585337e-01 9.993231733230182323e-01 9.997276599258724250e-01 9.995070799199263778e-01 9.990505771830983095e-01 9.997032202931497302e-01
9.995607035294981069e-01 9.991502693487720466e-01 9.993381310356207470e-01 9.997306165834267677e-01 9.989132409892946818e-01 9.990650390333867259e-01 9.989684361369779442e-01 9.990960294872391900e-01 9.996275462456659655e-01 9.988864421368611746e-01
9.973289955496574821e-01 9.995047668972345534e-01 9.991408299059523213e-01 9.995900628972542723e-01 9.984350936076555882e-01 9.983910597818361765e-01 9.995429282924251924e-01 9.986132049740877870e-01 9.986335698800451466e-01 9.997782215894474023e-01
9.995382483887813585e-01 9.997858761986235798e-01 9.983690950902524008e-01 9.996208244245388119e-01 9.995044559247880933e-01 9.994403033368539635e-01 9.995940533056579813e-01 9.971089119299484382e-01 9.996908132861012097e-01 9.994853356099171471e-01
9.997363922600825958e-01 9.995238969240077820e-01 9.996113447528786056e-01 9.992001106349244210e-01 9.993442232231671829e-01 9.995406872233077999e-01 9.984039868387106775e-01 9.996275479009313347e-01 9.997189271600592786e-01 9.987189285711252085e-01
9.992245913756078179e-01 9.995757992595666330e-01 9.997056623661015884e-01 9.990802556221699549e-01 9.995326419837561316e-01 9.993596070926049624e-01 9.997475761706310360e-01 9.996496226954054709e-01 9.994754680023902882e-01 9.996183029886932525e-01
9.995607737256871905e-01 9.997669219715530353e-01 9.993385207042372320e-01 9.992431383518494137e-01 9.993178804691669193e-01 9.994723192533967460e-01 9.998154495277060683e-01 9.996482657737679745e-01 9.995264044018109528e-01 9.989061463107732353e-01
9.995188538947927803e-01 9.986485669872867676e-01 9.997025187687705872e-01 9.989479890866050926e-01 9.974713593734679806e-01 9.996384520839869392e-01 9.996657746188537530e-01 9.995916559831590220e-01 9.995905063795506029e-01 9.998506712089564319e-01
9.993155589829384455e-01 9.989705530612521533e-01 9.992786764095780150e-01 9.992486196907198748e-01 9.991352448258070673e-01 9.991830146009657021e-01 9.991513594050925873e-01 9.997398980433066518e-01 9.994328355299911815e-01 9.996474701523618833e-01
9.996135740293881078e-01 9.997257297573540757e-01 9.931781300139047586e-01 9.997606154517506560e-01 9.994107664733751228e-01 9.998542538213686104e-01 9.998692257773021952e-01 9.997482660218206529e-01 9.993444093878482981e-01 9.990281252771355813e-01
9.992232362703222792e-01 9.996804339906009140e-01 9.996643788682181286e-01 9.996633350719253963e-01 9.995828555925870829e-01 9.996803939063798605e-01 9.998420877817472130e-01 9.997414335972530930e-01 9.980764479525265909e-01 9.990876685008163172e-01
9.964173532047555515e-01 9.995682637905949353e-01 9.997931889584256160e-01 9.991529248408657082e-01 9.997686670542269560e-01 9.997483571601181174e-01 9.975160431242747761e-01 9.994246888895512715e-01 9.998798758935284470e-01 9.971799994209823437e-01
9.995682957476126340e-01 9.997234490617887825e-01 9.993576412982123625e-01 9.986344014395295288e-01 9.997822663950975963e-01 9.996918281586718580e-01 9.987559922138248281e-01 9.993998523186411465e-01 9.997425705758216097e-01 9.998592540225487157e-01
9.991806079494567339e-01 9.997973040365438768e-01 9.997957276720620401e-01 9.967291534191183855e-01 9.997929672083368802e-01 9.994995629470622145e-01 9.992762211948041928e-01 9.991521960681478687e-01 9.996343605142435917e-01 9.996810984227686436e-01
9.996937671382050139e-01 9.982961024129338723e-01 9.997313100861736634e-01 9.997645503407203149e-01 9.996090525039057484e-01 9.987696464473714286e-01 9.995286398838822972e-01 9.996693380095166281e-01 9.993889528143159451e-01 9.992166882242982107e-01
9.996918736889657264e-01 9.996899989257652663e-01 9.996696892593583961e-01 9.998475882950178528e-01 9.996601754188412237e-01 9.996741544459235573e-01 9.965069976029201637e-01 9.996452055196496378e-01 9.983821478047324449e-01 9.995933063287432141e-01
9.995540049269975302e-01 9.997050573186316846e-01 9.991762220832708374e-01 9.997281378268128016e-01 9.997288411871179115e-01 9.997687084386569500e-01 9.992515943059084860e-01 9.998065673951832544e-01 9.936095665620494621e-01 9.986589439565737303e-01
9.996800071948584998e-01 9.996156277518297717e-01 9.969294670858366292e-01 9.997596751582932262e-01 9.997092218922934981e-01 9.993615058611290403e-01 9.991520034469362210e-01 9.991490189158050983e-01 9.995808895873993238e-01 9.992930353355402584e-01
9.995187882743331587e-01 9.995634376185664749e-01 9.995976282271946678e-01 9.998802911883097888e-01 9.997817862844351477e-01 9.996239422667816399e-01 9.997358833174828652e-01 9.993482368653310299e-01 9.998802494399763319e-01 9.994071561630808453e-01
9.994648830718755317e-01 9.990698006872350545e-01 9.998091398675679198e-01 9.994505542252750674e-01 9.995176151352147542e-01 9.988163074086204851e-01 9.993476944007319007e-01 9.997264580035463144e-01 9.985484736865012367e-01 9.997225341520622477e-01
9.989115836884967514e-01 9.995568243797797736e-01 9.997164585182058971e-01 9.998233826055543672e-01 9.998253204072760081e-01 9.996575718823338397e-01 9.998113624736660876e-01 9.995240112286716272e-01 9.992288788812464517e-01 9.995494907839977961e-01
9.993160331567204624e-01 9.997692776636778467e-01 9.995911858836989961e-01 9.994282075061299286e-01 9.983760089201789700e-01 9.997617624377236334e-01 9.989733733452182962e-01 9.996238712238175728e-01 9.987858458945251261e-01 9.994167292942968128e-01
9.989233799035172057e-01 9.995338092416564679e-01 9.991073415630616905e-01 9.997761422283109045e-01 9.998648938509849815e-01 9.998370817323530835e-01 9.993627530644320078e-01 9.990918309122694962e-01 9.996114538409979211e-01 9.994116985730649994e-01
9.993578713282478265e-01 9.997512574046651945e-01 9.997930319584993342e-01 9.996959184854429248e-01 9.995269263318488084e-01 9.991940209761057679e-01 9.994386249365553310e-01 9.996855528111431299e-01 9.995553457433909994e-01 9.993888629191227668e-01
9.997124483884113344e-01 9.997645385812153895e-01 9.996439590297548916e-01 9.997372762221922171e-01 9.996374396483949099e-01 9.997004016738180177e-01 9.994364306122668351e-01 9.997546211816566997e-01 9.998097354931078096e-01 9.996145882185785148e-01
9.997657516378599674e-01 9.997267244589445045e-01 9.989701995264909096e-01 9.944527588563301101e-01 9.943744798808507035e-01 9.998041153345674781e-01 9.998290537146986567e-01 9.985175691668903841e-01 9.998221070684436551e-01 9.997301931903186389e-01
9.991748490500441671e-01 9.996195384863834077e-01 9.997625015111555324e-01 9.990429051065830013e-01 9.992947758693246918e-01 9.989956580583776447e-01 9.996273188175965885e-01 9.997672675807188769e-01 9.998009812777185479e-01 9.998130102821726206e-01
9.996558903765936366e-01 9.995870630646332966e-01 9.969470170934544573e-01 9.996343037016431898e-01 9.997588737824731897e-01 9.995427084319975508e-01 9.992535198508063488e-01 9.995606016446678677e-01 9.991327148182642670e-01 9.998557011009560069e-01
9.995971520794419973e-01 9.997645331155300408e-01 9.994939903281211402e-01 9.997099044380469701e-01 9.991507104849329801e-01 9.997542404888069001e-01 9.992252642004365581e-01 9.996197033506247775e-01 9.987820149353198174e-01 9.995673820451480562e-01
9.996485901353897585e-01 9.997043958596723012e-01 9.997305423384430512e-01 9.994329873694979272e-01 9.994489499651778575e-01 9.993991431724488228e-01 9.996686050816206981e-01 9.997483611647914881e-01 9.995582097160133905e-01 9.994100605714852925e-01
9.995300150251812399e-01 9.995827009035737065e-01 9.998518619705174526e-01 9.993358142078878625e-01 9.987226568802873850e-01 9.996362596315866433e-01 9.993150917033366554e-01 9.997947039464641916e-01 9.998324753874128223e-01 9.988135337811447911e-01
9.991715296952750069e-01 9.992839628496684723e-01 9.995459729866115195e-01 9.993479313047389789e-01 9.996283207102347745e-01 9.991871237743007450e-01 9.994236839892389757e-01 9.998081190269860752e-01 9.995527808431908801e-01 9.992467917567178226e-01
9.990906301584062676e-01 9.994065640432766573e-01 9.995288278673313265e-01 9.995985527144009009e-01 9.991442753955075418e-01 9.997345418342599155e-01 9.994698768808404354e-01 9.996750216440045689e-01 9.995214330503668920e-01 9.993984672834087535e-01
9.998020602202248863e-01 9.990363799944238510e-01 9.997395299058472462e-01 9.994141910492614356e-01 9.996532741405353972e-01 9.993197635267259127e-01 9.992402759215680552e-01 9.993021298431256083e-01 9.994558482497252205e-01 9.992676236164221848e-01
9.992746338868283562e-01 9.993391757971622491e-01 9.996933487613401947e-01 9.996477887778388860e-01 9.981637954266447954e-01 9.993817889289743350e-01 9.996193277652530851e-01 9.996750243504363143e-01 9.996392513236318500e-01 9.997004194861154325e-01
9.997967592073019327e-01 9.998033384854541072e-01 9.997399704480862681e-01 9.991166381138267827e-01 9.994740565404193200e-01 9.996783097945342034e-01 9.995836138804456983e-01 9.997742078883200545e-01 9.992762934756312942e-01 9.996193304498182108e-01
9.995315422692717666e-01 9.997796836589217806e-01 9.982914289256805684e-01 9.988986968638774444e-01 9.997951978860368794e-01 9.995739547200299668e-01 9.996187650981795958e-01 9.996022032264104684e-01 9.995984076373350957e-01 9.997705917521867436e-01
9.998581493083361638e-01 9.996535676134532533e-01 9.995883192142119844e-01 9.991323378572893876e-01 9.998218540373727814e-01 9.997278142083447783e-01 9.996030666951912780e-01 9.997779352896603022e-01 9.998750523167240223e-01 9.989202935578770370e-01
9.995437663968768094e-01 9.998632786386015825e-01 9.991213172861288516e-01 9.995166127497708830e-01 9.997343288137297002e-01 9.992524061507427335e-01 9.992557413499952856e-01 9.997623848189612916e-01 9.996178525151903083e-01 9.995475190029059487e-01
9.991167322350545943e-01 9.988603501192500067e-01 9.974653108733909646e-01 9.998330273384722355e-01 9.995002245689156295e-01 9.994567256929768329e-01 9.996907585189143131e-01 9.998287672872411269e-01 9.995804580076217416e-01 9.998328075113191993e-01
9.998588733640159099e-01 9.994345799522820206e-01 9.998891684209086916e-01 9.998001788414830893e-01 9.995633247076587402e-01 9.998998900083794217e-01 9.991213460928507484e-01 9.996061151750893492e-01 9.997334258237395854e-01 9.995657583337396179e-01
9.995731008366957049e-01 9.996545466617334785e-01 9.996870484943838342e-01 9.988026701515959616e-01 9.997858987141804432e-01 9.993524947383976009e-01 9.996733204441358156e-01 9.997521083954881149e-01 9.987841049997073783e-01 9.996809804369051200e-01
9.981994342512851004e-01 9.996557683469523559e-01 9.982920472201340933e-01 9.995163305723104852e-01 9.998497801099619497e-01 9.994730890712062443e-01 9.996488153327955928e-01 9.996683295264208180e-01 9.993911370876025213e-01 9.998265897170255379e-01
9.997686850128257863e-01 9.996670818536586012e-01 9.987299578239640097e-01 9.996733073611376863e-01 9.995782265768738961e-01 9.992136231004616898e-01 9.900163249529856380e-01 9.997713526729410383e-01 9.990553710250599240e-01 9.995128741694855323e-01
9.989746073104918134e-01 9.968856337070577389e-01 9.985571539569811916e-01 9.994115990129083249e-01 9.995120995836079825e-01 9.996150609202582027e-01 9.997839298923499873e-01 9.992266025991437539e-01 9.989060026390466085e-01 9.997927194714194554e-01
9.995812219985786840e-01 9.997382738806167568e-01 9.995519586235099840e-01 9.995714834099669321e-01 9.995036523147140528e-01 9.997919751932199395e-01 9.991252978817437569e-01 9.997274331878026610e-01 9.994816011400137201e-01 9.997373191895413402e-01
9.996609016952768823e-01 9.983212564756167584e-01 9.995104691637234362e-01 9.996009737306600362e-01 9.994904112550454522e-01 9.997141123158452825e-01 9.984211836521412753e-01 9.992740267477829841e-01 9.995605971170844484e-01 9.995076146408410356e-01
9.996233367134715886e-01 9.997534854903636914e-01 9.993422802394201776e-01 9.994124821259032787e-01 9.994127061880953011e-01 9.984307034694346328e-01 9.996441748288112938e-01 9.996068423859145735e-01 9.997372485357181038e-01 9.995196568319557606e-01
9.993418719392681560e-01 9.976803086105343610e-01 9.996049613076672946e-01 9.996318122817501317e-01 9.994491768577619117e-01 9.998151599292770531e-01 9.993437215046984123e-01 9.990001371453297585e-01 9.994793901434774197e-01 9.995196569587412316e-01
9.964327516592984546e-01 9.996807951730974917e-01 9.997142185392006164e-01 9.990583289244825416e-01 9.997457322274064806e-01 9.996560139197309125e-01 9.980206227566275068e-01 9.982134080875423310e-01 9.995556106156272547e-01 9.995437039498592524e-01
9.995764867019061306e-01 9.988046629739607551e-01 9.997522218236364333e-01 9.997458924133918456e-01 9.993881324010340794e-01 9.997798207330749198e-01 9.997291631550254687e-01 9.997848743737173249e-01 9.992332748415996280e-01 9.988684869221963192e-01
9.990600335709715063e-01 9.998217698053261104e-01 9.994069077211121810e-01 9.994347653597948078e-01 9.994832644747669859e-01 9.991849448743443940e-01 9.994080591827591009e-01 9.994530891626810520e-01 9.995239834030964499e-01 9.996210568498984372e-01
