9.999992355940816591e-01 9.999997439641676866e-01 9.999997864386499513e-01 9.999998926545794475e-01 9.999988686172232022e-01 9.999980119803131284e-01 9.999993267244261519e-01 9.999994579328241873e-01 9.999988510532559216e-01 9.999994984584843483e-01
9.999994045782292229e-01 9.999995529852081511e-01 9.999978349246460008e-01 9.999988919729311254e-01 9.999990771290006020e-01 9.999981429080404549e-01 9.999994615202024706e-01 9.999983269336328862e-01 9.999995204490195189e-01 9.999994269034131467e-01
9.999978663018642688e-01 9.999991711622303603e-01 9.999985250233983658e-01 9.999991759325900231e-01 9.999989251898765419e-01 9.999994634724376219e-01 9.999987040326863141e-01 9.999987390921634134e-01 9.999996778748663218e-01 9.999995553889903244e-01
9.999989920669967169e-01 9.999987675154030642e-01 9.999993536555563667e-01 9.999985884708572081e-01 9.999989214609518173e-01 9.999992541726873130e-01 9.999988476870307341e-01 9.999996243900033388e-01 9.999986824087209181e-01 9.999996119354571666e-01
9.999987175873999989e-01 9.999994879777933665e-01 9.999991626562755309e-01 9.999977151116363761e-01 9.999990617006471183e-01 9.999995815859912263e-01 9.999994283639459525e-01 9.999995721040175756e-01 9.999995960189070887e-01 9.999988613474295462e-01
9.999993006693429498e-01 9.999988368398974314e-01 9.999993895213831197e-01 9.999985127244542804e-01 9.999996227505121293e-01 9.999995392861640298e-01 9.999995576892147797e-01 9.999993191017548799e-01 9.999995421474972002e-01 9.999993206860492423e-01
9.999991130535085260e-01 9.999995291110709283e-01 9.999996150331307287e-01 9.999994293337192142e-01 9.999996028299181772e-01 9.999992493836215024e-01 9.999996153787257258e-01 9.999991594773053327e-01 9.999994791436458419e-01 9.999998204847350136e-01
9.999994050762707198e-01 9.999983847719019492e-01 9.999993520363000821e-01 9.999993854336641785e-01 9.999994185974662164e-01 9.999998049010907497e-01 9.999989608415049691e-01 9.999991181204507251e-01 9.999995912614232374e-01 9.999998459920703686e-01
9.999992873174143870e-01 9.999991083424626392e-01 9.999965894359340579e-01 9.999953661487170908e-01 9.999995522046793983e-01 9.999994665100150337e-01 9.999991240361194578e-01 9.999974951425519842e-01 9.999930748779356504e-01 9.999998514804588901e-01
9.999998264722229635e-01 9.999985542944056505e-01 9.999997375665402588e-01 9.999993228048441596e-01 9.999990352558110196e-01 9.999990980026731702e-01 9.999992569124717123e-01 9.999986982732811391e-01 9.999995849320630903e-01 9.999992706529039488e-01
9.999992494182575742e-01 9.999982258546724623e-01 9.999998622341860210e-01 9.999995097298483016e-01 9.999998308504822742e-01 9.999998742470794788e-01 9.999998368122029468e-01 9.999997878666048168e-01 9.999995408448983936e-01 9.999994071286449904e-01
9.999973212174765314e-01 9.999997807672562633e-01 9.999987131923301353e-01 9.999992295008094390e-01 9.999995136951155272e-01 9.999992339053804802e-01 9.999995990290413417e-01 9.999995385579935059e-01 9.999990431361622800e-01 9.999996570977839339e-01
9.999996693539188186e-01 9.999998503101468206e-01 9.999985815818217549e-01 9.999989242762825636e-01 9.999987999953093842e-01 9.999997513867787680e-01 9.999988897206897320e-01 9.999997081669091958e-01 9.999994039695736525e-01 9.999986865047657547e-01
9.999995899982104808e-01 9.999989894109566624e-01 9.999993685847696767e-01 9.999995559589704985e-01 9.999994990724713206e-01 9.999997352304019760e-01 9.999996960562962389e-01 9.999992047329073763e-01 9.999973404472876082e-01 9.999985641545596771e-01
9.999996578392840174e-01 9.999993787915050225e-01 9.999983275633377300e-01 9.999992176054923743e-01 9.999996291486952238e-01 9.999985823024974962e-01 9.999991071121768771e-01 9.999996150916392601e-01 9.999980877504690557e-01 9.999992730187350354e-01
9.999987650178912002e-01 9.999995644461364686e-01 9.999995530948437850e-01 9.999991334133954135e-01 9.999997090669782152e-01 9.999992372729267220e-01 9.999997465031614796e-01 9.999990987928951691e-01 9.999994423160822876e-01 9.999998270907884956e-01
9.999989268834957867e-01 9.999988141908480177e-01 9.999996946231526351e-01 9.999996533322269565e-01 9.999994583096051270e-01 9.999995742285952005e-01 9.999995659847491503e-01 9.999991183188607913e-01 9.999985497864150030e-01 9.999989451424440290e-01
9.999991116242828992e-01 9.999995026432771938e-01 9.999994862982422017e-01 9.999990665273974511e-01 9.999992892693031488e-01 9.999992067750184122e-01 9.999994939494624147e-01 9.999994260719040629e-01 9.999987938549907973e-01 9.999979048826586059e-01
9.999993227488982450e-01 9.999998033617433224e-01 9.999988570226199247e-01 9.999992713828845803e-01 9.999985357202991754e-01 9.999983800039415893e-01 9.999991645124082229e-01 9.999989649405214287e-01 9.999996790111813638e-01 9.999989734083333248e-01
9.999991541721907629e-01 9.999993312979412741e-01 9.999996939843690535e-01 9.999988613609743782e-01 9.999996301802900334e-01 9.999995590309569415e-01 9.999994720462368480e-01 9.999992905128093357e-01 9.999996894138799552e-01 9.999993366616896084e-01
9.999995249993371971e-01 9.999992061998618231e-01 9.999986576282480222e-01 9.999991442619703408e-01 9.999987762124709079e-01 9.999983931746865284e-01 9.999980993729926659e-01 9.999994528188622667e-01 9.999995445999659838e-01 9.999980683378451030e-01
9.999998226601646278e-01 9.999991780873359604e-01 9.999996756229602157e-01 9.999985842793069901e-01 9.999996290283399425e-01 9.999957845564722003e-01 9.999983453922823839e-01 9.999990929636169978e-01 9.999991280104696401e-01 9.999957776179788649e-01
9.999987557928791126e-01 9.999997604891627256e-01 9.999995940622609103e-01 9.999991099694716112e-01 9.999989343824505772e-01 9.999991322447268072e-01 9.999992036733080791e-01 9.999992224452310952e-01 9.999988907466267340e-01 9.999995809997314078e-01
9.999998534100347225e-01 9.999996477288805030e-01 9.999996406407357652e-01 9.999994686173614422e-01 9.999986785042493942e-01 9.999990170520505206e-01 9.999995081564713173e-01 9.999993839046875665e-01 9.999995575311312335e-01 9.999996001356141750e-01
9.999976120986613370e-01 9.999997427104988512e-01 9.999995204436407104e-01 9.999985117071581442e-01 9.999971927141266814e-01 9.999985320576849634e-01 9.999997427812173934e-01 9.999996841744814846e-01 9.999985024931434818e-01 9.999997291751533401e-01
9.999997953598740441e-01 9.999991147067347486e-01 9.999968823573820442e-01 9.999989585686011040e-01 9.999984370056148597e-01 9.999993374188330675e-01 9.999991985743008627e-01 9.999987984267239005e-01 9.999978780180417415e-01 9.999991490091967306e-01
9.999969795107834791e-01 9.999991640574443785e-01 9.999994839047796624e-01 9.999993858470738184e-01 9.999996602794711809e-01 9.999985134841400392e-01 9.999994747697266151e-01 9.999997443372056205e-01 9.999992816686777974e-01 9.999975443724832269e-01
9.999995827467644816e-01 9.999997129994996348e-01 9.999987359591091529e-01 9.999993422066721926e-01 9.999986973627644771e-01 9.999994610686118168e-01 9.999994418787848671e-01 9.999991324492684130e-01 9.999991378206147807e-01 9.999989307583412312e-01
9.999997447453520261e-01 9.999975071128597293e-01 9.999995695238111937e-01 9.999992664620014349e-01 9.999991524350373417e-01 9.999993014339813024e-01 9.999980231573311062e-01 9.999986845045382156e-01 9.999997760638458244e-01 9.999993445319886876e-01
9.999986576964533525e-01 9.999995599411863889e-01 9.999996504307103740e-01 9.999994849701500099e-01 9.999995769531421219e-01 9.999992408895881368e-01 9.999995460240751477e-01 9.999982466606951448e-01 9.999995621005117741e-01 9.999996047994292869e-01
9.999990516483744374e-01 9.999997667097769716e-01 9.999985750183082445e-01 9.999991443066008623e-01 9.999985830487089222e-01 9.999993917129829102e-01 9.999992694152193273e-01 9.999992036035534326e-01 9.999997144314265451e-01 9.999994786279211567e-01
9.999989144246439476e-01 9.999989254453423015e-01 9.999993438909134946e-01 9.999991638148273410e-01 9.999992359865430558e-01 9.999992520504499272e-01 9.999997547398592479e-01 9.999996791747545188e-01 9.999989856118579601e-01 9.999994868447962260e-01
9.999989753428688566e-01 9.999993993240721135e-01 9.999994717682341161e-01 9.999995396587620933e-01 9.999994534180139949e-01 9.999993964342870356e-01 9.999987377972944236e-01 9.999995525448680533e-01 9.999991964425567481e-01 9.999994332669802644e-01
9.999997731586147687e-01 9.999988635063736808e-01 9.999996813466697221e-01 9.999988818103460186e-01 9.999980260775620522e-01 9.999996427050382719e-01 9.999987421410422295e-01 9.999995643667857204e-01 9.999992937183307395e-01 9.999996431933472207e-01
9.999995847684519656e-01 9.999990770576097088e-01 9.999995075326566507e-01 9.999992043413832299e-01 9.999997354493210810e-01 9.999997316026341121e-01 9.999997894665177967e-01 9.999995975175536289e-01 9.999993834809941529e-01 9.999998780259773401e-01
9.999988988678594204e-01 9.999993156184526777e-01 9.999975161211717145e-01 9.999989877468312693e-01 9.999998028403722650e-01 9.999989959169510723e-01 9.999992415596387074e-01 9.999991899260387562e-01 9.999995315517082872e-01 9.999996408265403591e-01
9.999989977208014746e-01 9.999996773008754669e-01 9.999986656752929415e-01 9.999991739038035510e-01 9.999996787464455750e-01 9.999995355738298120e-01 9.999995608051468476e-01 9.999996110388388315e-01 9.999995283471917462e-01 9.999991704022526129e-01
9.999972776376505612e-01 9.999991121483685630e-01 9.999992981156612393e-01 9.999989224425015477e-01 9.999994793210718047e-01 9.999988359714367947e-01 9.999992571995954815e-01 9.999989480913284989e-01 9.999991985781122583e-01 9.999989312871411240e-01
9.999990551220381274e-01 9.999995191827414365e-01 9.999994788690365066e-01 9.999994283790893945e-01 9.999994347653012872e-01 9.999995000417513102e-01 9.999994392755793271e-01 9.999996308875612749e-01 9.999995619862422913e-01 9.999989407874996239e-01
9.999993761574959006e-01 9.999988710705316475e-01 9.999986819410888739e-01 9.999982469683521558e-01 9.999989631646316601e-01 9.999991939231146487e-01 9.999995423749454826e-01 9.999991503079976862e-01 9.999989372429959333e-01 9.999996866994119715e-01
9.999983610530399636e-01 9.999988105636088420e-01 9.999996191161028003e-01 9.999979165725987329e-01 9.999997247858219973e-01 9.999989275464411520e-01 9.999995311908213003e-01 9.999984753378626801e-01 9.999995721004328875e-01 9.999992467910642224e-01
9.999988764353481274e-01 9.999994153296245525e-01 9.999985221142926317e-01 9.999992519906173438e-01 9.999992935921584447e-01 9.999989901905139700e-01 9.999996811347083847e-01 9.999997844219504772e-01 9.999996004282452056e-01 9.999993013475135806e-01
9.999986880373379350e-01 9.999990453699145743e-01 9.999993968146348999e-01 9.999988794132896874e-01 9.999986032344106990e-01 9.999989883412206959e-01 9.999995573933199156e-01 9.999991387866948855e-01 9.999993232243359342e-01 9.999987376937427008e-01
9.999989802778769254e-01 9.999988357805429384e-01 9.999993857630118388e-01 9.999987116798650932e-01 9.999994718940903304e-01 9.999995809394678359e-01 9.999994144976518395e-01 9.999992971737576841e-01 9.999985649685111389e-01 9.999992690654103678e-01
9.999997505533575470e-01 9.999996859133049032e-01 9.999992831567213747e-01 9.999984141591403697e-01 9.999994332536680242e-01 9.999984393378013037e-01 9.999992116171436685e-01 9.999998611749562061e-01 9.999983482828814774e-01 9.999983529590775744e-01
9.999994444561505214e-01 9.999977521011416126e-01 9.999993783948206705e-01 9.999990417199362547e-01 9.999981937899429241e-01 9.999995145374108718e-01 9.999994098970514944e-01 9.999984748627188669e-01 9.999996400974779931e-01 9.999993932309515499e-01
9.999996641979580492e-01 9.999993463972742802e-01 9.999996606787168174e-01 9.999996973409945866e-01 9.999989651720463391e-01 9.999992045777789107e-01 9.999978211406788109e-01 9.999992703738543876e-01 9.999999539131633197e-01 9.999998318095024707e-01
9.999994965196078445e-01 9.999993781215793520e-01 9.999991175485998252e-01 9.999995715001438468e-01 9.999993593014737669e-01 9.999995096956629803e-01 9.999995185371839401e-01 9.999997370776072536e-01 9.999996879274598571e-01 9.999987042057830733e-01
9.999997025851473653e-01 9.999988060207660734e-01 9.999991949795240531e-01 9.999990406872152349e-01 9.999987739318819679e-01 9.999997395134102574e-01 9.999993427072896290e-01 9.999997001613880609e-01 9.999991912773439351e-01 9.999994440012314190e-01
9.999988045472876230e-01 9.999991046518762472e-01 9.999996242960074166e-01 9.999994728215506612e-01 9.999994457919938462e-01 9.999996874891752263e-01 9.999996300002138572e-01 9.999991704672510640e-01 9.999989769064104861e-01 9.999993133728770633e-01
9.999998512080057189e-01 9.999990751892335883e-01 9.999995795480187688e-01 9.999999443181356584e-01 9.999996612730284173e-01 9.999996775166415386e-01 9.999993173434768012e-01 9.999989353181121254e-01 9.999990957011032355e-01 9.999989203438571783e-01
9.999988063959492912e-01 9.999991673631093425e-01 9.999988514825199903e-01 9.999994044269590043e-01 9.999998242007037685e-01 9.999996696562811760e-01 9.999993195157793613e-01 9.999985241779346667e-01 9.999992714963398255e-01 9.999990901305462199e-01
9.999996638500499024e-01 9.999996843964260584e-01 9.999990735094298477e-01 9.999976995368421440e-01 9.999990428485011629e-01 9.999974565165108409e-01 9.999990416718520514e-01 9.999995456515556880e-01 9.999996159555253339e-01 9.999996627740008748e-01
9.999989124821234698e-01 9.999993897394291453e-01 9.999994693104967691e-01 9.999995314366449950e-01 9.999989823161783420e-01 9.999996744188753839e-01 9.999987829188843325e-01 9.999983994581257418e-01 9.999980466093942866e-01 9.999989008449945427e-01
9.999989218188629625e-01 9.999996945225348988e-01 9.999994479819800386e-01 9.999987734561501806e-01 9.999996316427377518e-01 9.999989852835665660e-01 9.999997505320412650e-01 9.999996963875878997e-01 9.999986987602552668e-01 9.999995586462654407e-01
9.999996568599772706e-01 9.999989318337317856e-01 9.999992859155149016e-01 9.999991676487172132e-01 9.999987402268453174e-01 9.999984248809660192e-01 9.999983071261614453e-01 9.999997763953950569e-01 9.999996944851743397e-01 9.999990474717198596e-01
9.999988640204102719e-01 9.999997337719082058e-01 9.999978669078706250e-01 9.999994418529388751e-01 9.999979635635458664e-01 9.999988433254624054e-01 9.999980994650674582e-01 9.999982500128647978e-01 9.999993083794090909e-01 9.999985278431153812e-01
9.999988949305611552e-01 9.999995093155011894e-01 9.999993653706712449e-01 9.999991356258175479e-01 9.999994222023940171e-01 9.999989344947524117e-01 9.999993009092563723e-01 9.999995065054161358e-01 9.999992250482898637e-01 9.999995273222893610e-01
9.999994781763891227e-01 9.999990069945379201e-01 9.999994824496644119e-01 9.999985970023530513e-01 9.999996370366867060e-01 9.999996881478315780e-01 9.999986986522696464e-01 9.999991899672771023e-01 9.999987537707822893e-01 9.999983334766033849e-01
9.999998113700157010e-01 9.999994833810103012e-01 9.999996376608375481e-01 9.999990759825480025e-01 9.999995358093213271e-01 9.999997123103343544e-01 9.999995443973243026e-01 9.999996855107667892e-01 9.999992102378852943e-01 9.999989425566933043e-01
9.999992654856880714e-01 9.999996017058107034e-01 9.999991805896071284e-01 9.999995753402675103e-01 9.999987720697894877e-01 9.999993399958418960e-01 9.999998663201088434e-01 9.999978875349174734e-01 9.999994443845016123e-01 9.999994229614734831e-01
9.999996404667542693e-01 9.999984336163633136e-01 9.999988823214450706e-01 9.999993092822114793e-01 9.999990170618187069e-01 9.999984134716595197e-01 9.999991312184233205e-01 9.999976488837140076e-01 9.999984482951769227e-01 9.999997767684702943e-01
9.999994013989953467e-01 9.999992598875847571e-01 9.999989174123146141e-01 9.999994882770999460e-01 9.999975021270361975e-01 9.999976554957031860e-01 9.999989112221389087e-01 9.999974782905355353e-01 9.999986028903561364e-01 9.999996281100579365e-01
9.999994992674819949e-01 9.999994251472583695e-01 9.999990672991655449e-01 9.999989440289823728e-01 9.999995688853621223e-01 9.999997982080888193e-01 9.999994765389405016e-01 9.999997082196609988e-01 9.999996175197619630e-01 9.999989443130739009e-01
9.999996344016460759e-01 9.999995909342495048e-01 9.999997363600153788e-01 9.999990333572876811e-01 9.999974152135836514e-01 9.999994746947870050e-01 9.999992644286141985e-01 9.999996064171782217e-01 9.999996182226638108e-01 9.999982645355853794e-01
9.999998111535748357e-01 9.999989243187452637e-01 9.999995805177861463e-01 9.999991669020990015e-01 9.999997530163974302e-01 9.999997677595423573e-01 9.999987394877927205e-01 9.999999659851569467e-01 9.999987171790267748e-01 9.999990544069458087e-01
9.999995348970484033e-01 9.999995811516030342e-01 9.999931437731665040e-01 9.999991571806505775e-01 9.999983140563467598e-01 9.999991026311075837e-01 9.999965342899107545e-01 9.999988130308000711e-01 9.999982287167875628e-01 9.999993976833084774e-01
9.999991222092751153e-01 9.999986209971425399e-01 9.999990479770214380e-01 9.999993427862036155e-01 9.999986142683621182e-01 9.999994299071692794e-01 9.999995514515028772e-01 9.999998037656022687e-01 9.999981909080739584e-01 9.999984325432356158e-01
9.999994993649143904e-01 9.999985309696894920e-01 9.999991016961365942e-01 9.999993335970323027e-01 9.999996482212131221e-01 9.999986475209822201e-01 9.999984630561263854e-01 9.999987940880540327e-01 9.999990959376534594e-01 9.999994401735983196e-01
9.999978837655932873e-01 9.999997344190786341e-01 9.999996960007595526e-01 9.999992927615231064e-01 9.999995041120128825e-01 9.999991531890300989e-01 9.999997494608109383e-01 9.999997847477244406e-01 9.999995363354392541e-01 9.999994036974325651e-01
9.999994963733825903e-01 9.999994645996953535e-01 9.999993097361569161e-01 9.999992286867818159e-01 9.999998147310386054e-01 9.999995458663228920e-01 9.999985856039771415e-01 9.999992281958548501e-01 9.999983442428456160e-01 9.999996924201725035e-01
9.999998589328048526e-01 9.999954302532136907e-01 9.999988445106239299e-01 9.999997089626896374e-01 9.999996646157326419e-01 9.999996891130056298e-01 9.999991417112111813e-01 9.999983021852086873e-01 9.999993627351217995e-01 9.999991158273713321e-01
9.999997100349115042e-01 9.999996740420439290e-01 9.999991540156381031e-01 9.999994158772855801e-01 9.999990335681091524e-01 9.999990552372843844e-01 9.999998127344692511e-01 9.999995152547026533e-01 9.999995524232608846e-01 9.999996451278760912e-01
9.999987771389656777e-01 9.999963539873000240e-01 9.999993814832611738e-01 9.999983994527547049e-01 9.999989885706392911e-01 9.999991567172136220e-01 9.999994397443560112e-01 9.999996626593963267e-01 9.999993993969276129e-01 9.999993899551307130e-01
9.999992369331464070e-01 9.999998595883863306e-01 9.999996844374319238e-01 9.999996034282927493e-01 9.999995699022853346e-01 9.999993568753798856e-01 9.999992211442167989e-01 9.999982463553597212e-01 9.999995782342468997e-01 9.999984977023166355e-01
9.999995373037604551e-01 9.999993043526247405e-01 9.999994953086928096e-01 9.999994118944394161e-01 9.999993817473055158e-01 9.999981549678941262e-01 9.999993813722605207e-01 9.999995913150785398e-01 9.999987355175725678e-01 9.999980486314727912e-01
9.999988693110063442e-01 9.999989168748624202e-01 9.999992434017302978e-01 9.999994959334155276e-01 9.999998612553387956e-01 9.999991748487667698e-01 9.999997716346432641e-01 9.999999104281058759e-01 9.999992890202022977e-01 9.999983481403897922e-01
9.999985416556070872e-01 9.999985092072810611e-01 9.999996502681421928e-01 9.999995851950090886e-01 9.999995307958589041e-01 9.999989907217539109e-01 9.999996564878075311e-01 9.999996423753558794e-01 9.999997210421659455e-01 9.999991812094535248e-01
9.999995417700865419e-01 9.999992498181217160e-01 9.999993440063782435e-01 9.999993146092278629e-01 9.999989398964127529e-01 9.999989396335970948e-01 9.999996140981110004e-01 9.999987032711885604e-01 9.999988398203313311e-01 9.999995922896196543e-01
9.999983000746149875e-01 9.999999039637116338e-01 9.999988657298725103e-01 9.999990485700711584e-01 9.999994538717633663e-01 9.999997697804871022e-01 9.999994898629267492e-01 9.999999008785798171e-01 9.999989660534024383e-01 9.999995541252426623e-01
9.999972162543753207e-01 9.999989802356832325e-01 9.999991726300044848e-01 9.999996199968058663e-01 9.999995151106321201e-01 9.999984841905276145e-01 9.999998509620089404e-01 9.999995428032283362e-01 9.999978135032797644e-01 9.999995781528271399e-01
9.999997046341033702e-01 9.999982530782680623e-01 9.999986553516725385e-01 9.999995389484498398e-01 9.999994290698321908e-01 9.999990162913826586e-01 9.999996410588567475e-01 9.999988739879260846e-01 9.999997128823185921e-01 9.999995558487113634e-01
9.999989311850154827e-01 9.999996217808078125e-01 9.999990312685954619e-01 9.999996385215670358e-01 9.999992327200424302e-01 9.999998427457530425e-01 9.999992131370638582e-01 9.999991777061164600e-01 9.999995461076047754e-01 9.999975546681246774e-01
9.999993425802483626e-01 9.999989549273696765e-01 9.999976958696522589e-01 9.999993572524839003e-01 9.999989425311723856e-01 9.999978504519043687e-01 9.999998730099830535e-01 9.999997764264060285e-01 9.999984696039754262e-01 9.999995805189765274e-01
9.999993651601368772e-01 9.999985019082371362e-01 9.999997571281836750e-01 9.999981715877419575e-01 9.999991378078127990e-01 9.999988909561590145e-01 9.999993793411164900e-01 9.999993086657599228e-01 9.999993101840434218e-01 9.999988755996028766e-01
9.999988348992155940e-01 9.999995513719744933e-01 9.999981979760659279e-01 9.999993591866410680e-01 9.999993959065864857e-01 9.999993308683809978e-01 9.999978889768786905e-01 9.999990153536383319e-01 9.999982360342084542e-01 9.999995158184418198e-01
9.999992284143902621e-01 9.999993839855472189e-01 9.999996884457770241e-01 9.999990569800043527e-01 9.999996653798384205e-01 9.999990765531836523e-01 9.999992129320661727e-01 9.999997961081026343e-01 9.999993378280233047e-01 9.999994298568717355e-01
9.999993269482045921e-01 9.999997277145408203e-01 9.999990773524009002e-01 9.999989873202360657e-01 9.999990991408339580e-01 9.999993525264827543e-01 9.999991692710623603e-01 9.999996581368685300e-01 9.999997562390943173e-01 9.999996944570699320e-01
9.999982408052378036e-01 9.999993827565913929e-01 9.999995821865658163e-01 9.999994195457829749e-01 9.999996736268659259e-01 9.999995579609732843e-01 9.999994975916233209e-01 9.999988152811610798e-01 9.999989441145996638e-01 9.999984136025207304e-01
9.999993364354984315e-01 9.999987323491686952e-01 9.999990172167055880e-01 9.999991379343572406e-01 9.999982520284247389e-01 9.999997079807207978e-01 9.999991134745700450e-01 9.999994751572618412e-01 9.999988994777474494e-01 9.999995093050713102e-01
9.999995903926472973e-01 9.999988512685512587e-01 9.999996117940340712e-01 9.999992437581424198e-01 9.999998074417161265e-01 9.999997235082451752e-01 9.999990328181662669e-01 9.999992923084186636e-01 9.999986034204586538e-01 9.999996841386750157e-01
9.999995753463761794e-01 9.999995457798617204e-01 9.999987044071010356e-01 9.999992088099636245e-01 9.999996681216980488e-01 9.999989946612271030e-01 9.999990071294280192e-01 9.999979219406947006e-01 9.999998497408261189e-01 9.999996965374123858e-01
9.999992710258310824e-01 9.999994273177085224e-01 9.999992983431441607e-01 9.999986355221550660e-01 9.999997607474658823e-01 9.999995372180496833e-01 9.999994562987364333e-01 9.999998312753297647e-01 9.999985938128904683e-01 9.999984495384514060e-01
9.999996776321273817e-01 9.999996526898897731e-01 9.999998357527765114e-01 9.999995997847767049e-01 9.999997306053943769e-01 9.999994845726423165e-01 9.999997186169011787e-01 9.999995029756973963e-01 9.999995683347764341e-01 9.999988085895652468e-01
9.999994893785454364e-01 9.999983930360921702e-01 9.999991394425113977e-01 9.999992134242988717e-01 9.999996237587546188e-01 9.999991650973356627e-01 9.999998681064642403e-01 9.999997960406641351e-01 9.999990617082810118e-01 9.999990896349442160e-01
9.999998602632467204e-01 9.999994992894417623e-01 9.999992257468404144e-01 9.999995105237791115e-01 9.999997734663290672e-01 9.999996288170869274e-01 9.999977564200747127e-01 9.999994424945066740e-01 9.999996736165144284e-01 9.999996539800082296e-01
9.999994932557985106e-01 9.999995996202358794e-01 9.999991342799059435e-01 9.999992911454523847e-01 9.999993522842370863e-01 9.999996001073954144e-01 9.999988692448421590e-01 9.999995996169875889e-01 9.999988699740695042e-01 9.999994416780095818e-01
9.999997527845201351e-01 9.999998659225060038e-01 9.999989606464197989e-01 9.999990626176079589e-01 9.999998174957159813e-01 9.999986272028265066e-01 9.999992666932525642e-01 9.999988091280317404e-01 9.999996160914006449e-01 9.999987205978964067e-01
9.999992748240822404e-01 9.999991169023436655e-01 9.999986337843164153e-01 9.999994004246104407e-01 9.999990332865063003e-01 9.999994340975534302e-01 9.999996472117367308e-01 9.999998376362561059e-01 9.999996963887531898e-01 9.999995513179661399e-01
9.999994121653554835e-01 9.999988926755930541e-01 9.999993033676300991e-01 9.999996651969884631e-01 9.999997131055734512e-01 9.999984534485866217e-01 9.999995419953553455e-01 9.999994128179445774e-01 9.999996076495339947e-01 9.999990305055227457e-01
