9.996813368554826607e-01 9.998198493836100154e-01 9.996615572285931783e-01 9.996866196556032369e-01 9.998727000998072212e-01 9.996568735809066020e-01 9.997364874616252450e-01 9.997148507502945369e-01 9.997669135102260629e-01 9.997348770563868614e-01
9.997252139516188407e-01 9.997046980995090149e-01 9.996617682588804232e-01 9.997750389176115471e-01 9.998147472948500925e-01 9.997606403420662424e-01 9.995447184738148749e-01 9.997297377894186488e-01 9.998667808768947340e-01 9.996819646428282136e-01
9.996584314859613407e-01 9.996956305662074715e-01 9.997931715375296680e-01 9.996502291950198904e-01 9.997806146701497809e-01 9.997673041692460849e-01 9.997326564607975641e-01 9.998365516472932368e-01 9.997531782895164865e-01 9.997791376268894137e-01
9.997636938093400483e-01 9.997839173870807228e-01 9.998038304963160483e-01 9.997377106667652003e-01 9.997468056911192891e-01 9.996570074259787386e-01 9.997672950036270434e-01 9.997868779106184878e-01 9.998001303713431875e-01 9.996498377511280342e-01
9.998470568237839418e-01 9.997836563530775322e-01 9.997104307855453342e-01 9.998551341423592698e-01 9.997529880272232328e-01 9.998366296558934829e-01 9.998505959197551141e-01 9.998042377936532388e-01 9.996647605279442850e-01 9.997522522283738278e-01
9.996943385175284247e-01 9.997534941501128314e-01 9.997740175140338303e-01 9.997844529419183113e-01 9.998565108523043143e-01 9.997421721006872763e-01 9.997964452399099589e-01 9.996663594193013758e-01 9.998491996185715491e-01 9.997435020270797335e-01
9.996513492635077380e-01 9.998170338534159152e-01 9.996798155298962651e-01 9.996962035860692541e-01 9.997656935998504579e-01 9.996010137024630149e-01 9.996860515761347710e-01 9.996758976983446399e-01 9.996768862998053340e-01 9.997542499117396675e-01
9.997493022428001197e-01 9.997862701068307434e-01 9.997588769760956673e-01 9.995343048121576590e-01 9.997195746162659269e-01 9.996810596663520121e-01 9.997757329054186570e-01 9.997592810221405113e-01 9.997602104852415517e-01 9.998439088273465281e-01
9.996745170021134053e-01 9.998179653732159888e-01 9.998364457794620686e-01 9.996537794052516857e-01 9.997781711631791302e-01 9.998473211885794409e-01 9.997869771558247631e-01 9.997693722370030178e-01 9.998072725080312528e-01 9.998073790528607674e-01
9.997001294532875670e-01 9.996932344110750490e-01 9.998610670434121550e-01 9.998684211970788605e-01 9.998357617792712482e-01 9.997468916239210523e-01 9.997572673221153394e-01 9.996516788230869199e-01 9.997335460006319119e-01 9.997369089204443116e-01
9.998254919466948998e-01 9.997892864089885645e-01 9.998584522655412643e-01 9.997967728542680454e-01 9.997978019105249192e-01 9.997535126185052023e-01 9.996408643156452500e-01 9.996415895520986972e-01 9.997298598968120675e-01 9.995882758467758977e-01
9.998691290773695783e-01 9.998131395477253269e-01 9.998191247572012497e-01 9.996760708054294176e-01 9.994132311434422711e-01 9.996958111251283974e-01 9.996768925407999440e-01 9.998154891225587981e-01 9.998084338502351009e-01 9.997192629911897388e-01
9.997780353670840947e-01 9.997335013893312583e-01 9.998521960498467642e-01 9.998529187309457278e-01 9.998439691394559459e-01 9.997566953898396891e-01 9.997298935774632245e-01 9.997299435488956609e-01 9.996782016531590154e-01 9.997757252353397517e-01
9.996701740067196473e-01 9.998046192358628348e-01 9.997845934474098861e-01 9.997658866518492893e-01 9.997580434962363150e-01 9.997897116974894249e-01 9.996202521714838696e-01 9.998097888083843365e-01 9.998797445697055197e-01 9.998268490869036684e-01
9.998374356179230427e-01 9.996107561963684107e-01 9.998300082221981411e-01 9.996909158301935383e-01 9.996762548338362642e-01 9.997092281151160886e-01 9.998326393374302734e-01 9.997686602665781797e-01 9.997056463419531358e-01 9.998007562965438577e-01
9.996745561762391263e-01 9.997845090689626568e-01 9.998903143098463175e-01 9.997008306745953643e-01 9.996334178229687728e-01 9.998086907772683052e-01 9.998239541109145145e-01 9.997932626724717053e-01 9.998203324127821201e-01 9.997460545667579135e-01
9.997144912133788530e-01 9.998095467371690415e-01 9.997586656042999342e-01 9.998037966816022415e-01 9.997860515815221172e-01 9.997299644371908656e-01 9.996956275133398462e-01 9.997823386382277411e-01 9.997990040761524089e-01 9.998549401365606215e-01
9.997757051458036059e-01 9.998041444830011448e-01 9.997029251235062253e-01 9.998455467761410143e-01 9.998152861756208765e-01 9.997741061842232435e-01 9.997668611846245446e-01 9.996323624331571178e-01 9.998324420951414382e-01 9.996441771195315740e-01
9.997808344098207955e-01 9.997852169549441559e-01 9.997212628258012046e-01 9.996681125947890489e-01 9.996942311988920027e-01 9.997159450282844251e-01 9.998382669704518610e-01 9.998818595346181670e-01 9.997423449145066421e-01 9.997620478868480820e-01
9.996496141342371411e-01 9.997454310169374692e-01 9.998424426462414472e-01 9.998232503913641045e-01 9.998263694378776156e-01 9.998098826948691453e-01 9.997136740047805059e-01 9.997153992852571003e-01 9.997046656664807518e-01 9.997523163574217886e-01
9.996992047118956615e-01 9.997498851884890625e-01 9.998523079050950502e-01 9.997712469565407378e-01 9.997991529447630699e-01 9.997253997747715948e-01 9.996613845976747292e-01 9.998706032204954797e-01 9.998358931064513788e-01 9.997373437896615034e-01
9.996958836556291139e-01 9.997125557164993070e-01 9.997650860218276758e-01 9.998765834998279978e-01 9.996581426298686290e-01 9.996100860870418270e-01 9.997451256590448310e-01 9.998117490997644463e-01 9.998304247996145921e-01 9.997539443165827100e-01
9.998193493966258671e-01 9.997754278494571656e-01 9.997786225252985881e-01 9.997920894463491193e-01 9.997612622213229994e-01 9.998158089825970318e-01 9.998344623899667605e-01 9.997660629490432438e-01 9.995906260488700568e-01 9.998285519632607032e-01
9.998058914210624648e-01 9.996990510432064436e-01 9.997416109393012507e-01 9.998816130306075189e-01 9.997200835574813205e-01 9.996295816949681834e-01 9.996709180550407137e-01 9.997844586515214349e-01 9.997175680820676869e-01 9.996930868591027419e-01
9.997963738573495407e-01 9.997920824363270009e-01 9.998064744095197520e-01 9.997768116101679592e-01 9.996772718660521528e-01 9.997748133457952102e-01 9.997327275788079337e-01 9.997842370024837555e-01 9.997314626020467054e-01 9.996778705129364395e-01
9.998027911689091329e-01 9.998003193227246177e-01 9.996228816342594969e-01 9.996743999906969602e-01 9.996159703781332118e-01 9.996404989227055671e-01 9.996734123357279289e-01 9.998079784236707512e-01 9.997480978957422604e-01 9.995883215837199076e-01
9.998440256896159450e-01 9.997403920640723918e-01 9.997808694401497664e-01 9.997177053441137495e-01 9.997925530715309206e-01 9.998109282655308627e-01 9.996974647740139996e-01 9.997990193515863266e-01 9.996382859013949185e-01 9.997033028628468099e-01
9.998351906740454709e-01 9.996820076771326669e-01 9.997815429057129721e-01 9.998301824592151776e-01 9.997030296219294732e-01 9.996840890315343842e-01 9.997848660473345195e-01 9.998535322867346808e-01 9.998840543609009979e-01 9.996530801341109163e-01
9.998713685833490183e-01 9.997468832788141135e-01 9.997992161357295293e-01 9.996558491958114079e-01 9.998683125804572747e-01 9.997263164146369396e-01 9.996875039631453186e-01 9.998086488505177893e-01 9.997228650684945039e-01 9.997656326944525107e-01
9.998427195638528442e-01 9.996793671179600160e-01 9.997034376340033779e-01 9.998287707418985759e-01 9.997511421699449841e-01 9.996900005798053934e-01 9.998038060998492016e-01 9.998521038769535574e-01 9.998638140141755670e-01 9.997888990874764792e-01
9.997713794950209287e-01 9.997190817337776592e-01 9.998263279342600729e-01 9.995537603679176542e-01 9.997487211563166332e-01 9.997244823449057405e-01 9.997507340301763357e-01 9.997366085359787879e-01 9.997133062675110926e-01 9.997174133556667730e-01
9.997555865492941951e-01 9.995864532625173826e-01 9.998576491978019565e-01 9.998681493199146342e-01 9.998361553343209085e-01 9.996656720208794145e-01 9.997274031065226385e-01 9.998573450015667552e-01 9.998004384438003989e-01 9.997362209564385482e-01
9.997676327769730031e-01 9.997399830285274014e-01 9.997756826262237384e-01 9.997068469165494298e-01 9.997873223950427546e-01 9.998276351709108889e-01 9.997796241636420778e-01 9.998635533608063453e-01 9.996928256791496326e-01 9.997093494638955580e-01
9.996384233789887830e-01 9.998065905214748028e-01 9.997567859029273807e-01 9.996459134045971862e-01 9.997729282422834762e-01 9.998910575710391324e-01 9.996211890947473977e-01 9.997747669068597354e-01 9.997743843322816071e-01 9.998727834263791969e-01
9.998162565935676538e-01 9.997876823592671824e-01 9.997071100214358630e-01 9.997619934126732444e-01 9.998433235633585880e-01 9.998486943634454782e-01 9.997919877810333977e-01 9.998001912909868505e-01 9.997654988946024224e-01 9.997364013779893588e-01
9.996723157392898296e-01 9.997813905457313410e-01 9.997947998864152863e-01 9.997588385208628914e-01 9.997909353478556804e-01 9.998219310258729120e-01 9.997710766159190188e-01 9.996860469573818353e-01 9.998064271543536385e-01 9.996749362914642001e-01
9.998337031538810926e-01 9.997989933829355413e-01 9.996948730086434587e-01 9.996222178234531741e-01 9.997147784447740770e-01 9.997785673552248564e-01 9.998392631691680466e-01 9.997912188488876639e-01 9.995508073596763854e-01 9.997188705180135582e-01
9.997602827186303776e-01 9.998139867227668898e-01 9.997739642509059221e-01 9.997343626008424744e-01 9.997643880608522160e-01 9.997859843980416716e-01 9.997391632881720280e-01 9.997144794577567106e-01 9.997793138484371012e-01 9.997393029788699259e-01
9.997415668778663056e-01 9.998927239949013668e-01 9.997183234648088224e-01 9.996880168596902205e-01 9.996282508834662961e-01 9.996434365662287824e-01 9.998404068913570031e-01 9.998199396697873276e-01 9.998295046881047199e-01 9.997697731025119161e-01
9.998149238639684189e-01 9.998785473408853264e-01 9.996512466131792785e-01 9.998371677417460246e-01 9.998818473698465326e-01 9.998610039281180528e-01 9.998735351719703068e-01 9.997826957627011790e-01 9.998037806927410065e-01 9.997837550814928642e-01
9.997539292306899528e-01 9.997779260622310371e-01 9.998286601398824747e-01 9.998844563732597335e-01 9.997158241111425703e-01 9.997730327128289129e-01 9.998483432235772961e-01 9.998689787991565936e-01 9.998217959725239634e-01 9.997821564389001159e-01
9.997794571498911376e-01 9.997918186802523532e-01 9.996610621847813460e-01 9.997790763201975794e-01 9.997085881633102078e-01 9.997696275901892804e-01 9.997373561991178548e-01 9.995960753451065273e-01 9.997646787716516492e-01 9.997332015745910017e-01
9.995161447305385138e-01 9.997729105332621158e-01 9.997777786812871437e-01 9.997709748520702266e-01 9.997889152657262191e-01 9.998118226701784295e-01 9.997775016112325774e-01 9.995189226766858503e-01 9.998558972647437759e-01 9.998337758495287053e-01
9.997903301514767804e-01 9.996164939478380251e-01 9.997434546526700050e-01 9.997414107504671854e-01 9.997956856690273231e-01 9.997399723929345505e-01 9.996311475280063030e-01 9.996407245111702533e-01 9.997071562141844892e-01 9.997923465312942293e-01
9.997910760403010411e-01 9.998292855380198629e-01 9.998306920153009481e-01 9.998204312285374762e-01 9.997230791748642487e-01 9.998612449033295047e-01 9.997633644346943793e-01 9.997599528530349833e-01 9.997234737586260245e-01 9.997367677625509375e-01
9.997139380057943336e-01 9.998753114977438905e-01 9.997358061541793406e-01 9.997641282379813310e-01 9.996790611596904075e-01 9.998885242608083201e-01 9.997668248056341689e-01 9.997109311665816067e-01 9.996971086323123146e-01 9.997727684257500247e-01
9.997282794181739929e-01 9.997816082718817832e-01 9.996550729319951811e-01 9.998598385569288371e-01 9.998565402278368763e-01 9.997605481722872112e-01 9.996928089267402839e-01 9.998352580270162271e-01 9.997108565614138964e-01 9.997664028604558162e-01
9.996584617612591650e-01 9.998220610368870886e-01 9.997781104993539447e-01 9.996600109881980112e-01 9.997567740912509660e-01 9.996795887109283241e-01 9.997754341554812019e-01 9.998386244934359679e-01 9.997626403193902167e-01 9.997508497080478396e-01
9.997996796462798041e-01 9.996863012806069815e-01 9.997882515351930177e-01 9.997257116781058661e-01 9.997759024047787602e-01 9.998221109614602309e-01 9.997425800745636248e-01 9.998223309875620135e-01 9.998115464767365346e-01 9.998377574914321109e-01
9.998913701496920936e-01 9.997715619406628562e-01 9.996734207794512050e-01 9.997133307225130050e-01 9.997749590916762408e-01 9.998782535758031775e-01 9.997055604678865004e-01 9.997300709038929867e-01 9.997631452442420352e-01 9.997938328766370342e-01
9.998091952573066044e-01 9.995243095854962068e-01 9.998597174682171129e-01 9.997639636387090079e-01 9.996700815452396194e-01 9.996035181227865829e-01 9.998695168187022864e-01 9.998260569086080407e-01 9.997896009261454386e-01 9.997441367477404306e-01
9.997447222424752367e-01 9.997844562510753708e-01 9.998508342116888548e-01 9.997014027769556277e-01 9.996808901711945472e-01 9.997733161952307990e-01 9.997282063536945262e-01 9.998175948240274336e-01 9.996787041458576883e-01 9.998631516319331780e-01
9.995197846078850423e-01 9.997352771552009409e-01 9.996811890567747216e-01 9.998217366275239382e-01 9.996532274695162368e-01 9.995960375244633545e-01 9.997687401805975815e-01 9.997344682421245299e-01 9.996931402385066390e-01 9.998240616112662460e-01
9.997646851536904355e-01 9.998564104410546660e-01 9.997104044523905664e-01 9.997707020794162069e-01 9.997556238014201346e-01 9.997908065356889695e-01 9.997354567671193903e-01 9.996541083671198757e-01 9.997376596445975983e-01 9.995745004264785516e-01
9.998843394144656394e-01 9.997915385241129549e-01 9.998037887014824543e-01 9.996956274081560956e-01 9.998089696097931522e-01 9.998286481591223129e-01 9.997327710463197459e-01 9.997432117302791355e-01 9.998622135730682592e-01 9.996794314721497710e-01
9.996334170446692369e-01 9.998156315479479472e-01 9.997480759306989206e-01 9.998626627899189767e-01 9.998342640518016466e-01 9.997959561523204197e-01 9.998029837235881123e-01 9.996945412828659450e-01 9.997957953455519631e-01 9.998174545159198567e-01
9.997572007913902992e-01 9.996882212512997468e-01 9.997741042337007222e-01 9.997279023178616830e-01 9.997643116217279635e-01 9.997990858884583387e-01 9.998666810822839368e-01 9.996421691518029284e-01 9.997212262685180040e-01 9.997350583834103688e-01
9.995158950063595116e-01 9.996634798822736645e-01 9.997227239643459162e-01 9.997611438153093388e-01 9.997567081957403623e-01 9.997596059071484076e-01 9.997032522214501782e-01 9.997480950167990654e-01 9.997685082843560389e-01 9.996848539385091437e-01
9.998868540960517137e-01 9.996886853106212723e-01 9.996396996521984546e-01 9.997519603265814236e-01 9.997616502173082287e-01 9.998055571262380870e-01 9.998337064859663670e-01 9.997326252290320570e-01 9.997478230161077617e-01 9.996623232123966751e-01
9.997984904006926854e-01 9.997676246291818947e-01 9.998307311890136662e-01 9.998116146956145256e-01 9.998405260094250790e-01 9.997197635806910343e-01 9.997695532015388187e-01 9.995843712907983569e-01 9.998469162748002681e-01 9.997189561206935027e-01
9.997398332428717449e-01 9.997473714513002152e-01 9.998641605240019548e-01 9.998015002856702749e-01 9.998763399152942322e-01 9.997993298465157608e-01 9.997185440960847380e-01 9.997687677601234668e-01 9.998084637917572515e-01 9.997475113369433952e-01
9.996964705597006784e-01 9.998634052302091124e-01 9.997208072960889202e-01 9.997845166518427584e-01 9.996967530816658343e-01 9.997366793276882824e-01 9.997644268925943711e-01 9.998469787882410253e-01 9.998435682619947196e-01 9.998175099518409326e-01
9.996487518482125578e-01 9.997482905351972038e-01 9.997047940881432782e-01 9.998094720197229224e-01 9.998548462692991023e-01 9.997726204638500702e-01 9.996730138567776480e-01 9.997360324019313182e-01 9.996946193807469960e-01 9.998336390186806089e-01
9.996848886673186385e-01 9.997270041708919974e-01 9.997948310569081398e-01 9.997987605282152579e-01 9.997326002515439791e-01 9.998079352280377918e-01 9.998466348433151518e-01 9.997595625017583476e-01 9.998481095977037603e-01 9.996583027911205566e-01
9.997842050784536694e-01 9.997241452822627217e-01 9.997608719145010259e-01 9.997844395565923525e-01 9.998026943663190780e-01 9.997198199141354991e-01 9.997557019840089820e-01 9.997707807295780347e-01 9.997697255178119580e-01 9.996942018483880865e-01
9.997359327343325885e-01 9.997791506444275722e-01 9.997138003387595617e-01 9.995858733189226797e-01 9.997164311652357860e-01 9.997753832991630452e-01 9.997409857836254687e-01 9.996828009311533592e-01 9.998162129797160125e-01 9.996991315864661720e-01
9.998396432957515900e-01 9.998205073422320455e-01 9.997547646142007638e-01 9.996167544904047686e-01 9.997384129621375015e-01 9.997286904627388227e-01 9.997761223871510783e-01 9.997867372445055079e-01 9.998377451615552136e-01 9.997550938470165516e-01
9.997342917032512322e-01 9.997042793483369438e-01 9.997452121667852465e-01 9.997588082008108668e-01 9.997678703031946945e-01 9.998247079419724237e-01 9.997569281008837905e-01 9.998040143688179393e-01 9.997923451224594027e-01 9.996205519212887358e-01
9.997516307628617760e-01 9.997897672809663572e-01 9.996818608918098814e-01 9.998394385519975280e-01 9.997223073954621952e-01 9.997911705152686679e-01 9.997402677079824107e-01 9.997876212496030757e-01 9.997402612536934186e-01 9.997364126259613570e-01
9.996313166744181800e-01 9.997026431612819897e-01 9.998806791868043442e-01 9.998469168327422940e-01 9.997786624966059632e-01 9.996635458804822294e-01 9.998028303605658307e-01 9.998274749087668889e-01 9.997704272066306741e-01 9.998189049468264589e-01
9.997898849570756585e-01 9.997226833927832512e-01 9.997429259258411305e-01 9.997956579105582442e-01 9.995268542040185444e-01 9.997738684292314382e-01 9.996732885716353989e-01 9.997811352608035884e-01 9.997105532634354974e-01 9.996385663940695609e-01
9.997915029467988601e-01 9.998109515542260572e-01 9.996019893492116282e-01 9.997737232131761465e-01 9.997194240810485244e-01 9.997745149654692076e-01 9.997876847198521322e-01 9.998531676763030562e-01 9.995109900347894927e-01 9.997997862999067342e-01
9.997757546404065776e-01 9.998135039245437117e-01 9.997601393105456369e-01 9.997935702819841230e-01 9.996390708574809381e-01 9.997587118885898905e-01 9.998497640308914303e-01 9.997373470277691743e-01 9.998154347164646127e-01 9.997528021386599129e-01
9.997561496852842566e-01 9.998054587862723608e-01 9.998520686180581984e-01 9.998054206779942721e-01 9.998730791415559871e-01 9.997546183032005596e-01 9.998044743526379730e-01 9.997125588644669714e-01 9.997863468581602575e-01 9.998603558359697718e-01
9.997876679826710467e-01 9.997034969237583724e-01 9.995404927483432234e-01 9.998582393701069826e-01 9.998630724521487823e-01 9.996662919397368841e-01 9.998090891987214679e-01 9.998535087114582831e-01 9.997737235172040604e-01 9.996122771254967176e-01
9.997253052448672461e-01 9.995743692814871295e-01 9.997006915881058164e-01 9.997159900348085992e-01 9.997650915422248152e-01 9.998711551493019156e-01 9.997169265835433860e-01 9.998418830368185350e-01 9.997489568353414846e-01 9.997644777031248209e-01
9.996588776333378279e-01 9.996636281822260939e-01 9.998086073533214435e-01 9.994000984828892431e-01 9.994373688944830914e-01 9.997660784039145154e-01 9.996300355645781899e-01 9.996915101367958023e-01 9.998553511657926052e-01 9.997098302724023444e-01
9.997113409116465954e-01 9.996852000193116039e-01 9.997101016207305957e-01 9.997507858544504300e-01 9.997423492540994383e-01 9.997624105920598359e-01 9.997994908563260230e-01 9.997068375307540666e-01 9.995665119468648552e-01 9.997970550617336638e-01
9.998337186917107822e-01 9.997813132200336073e-01 9.996740458934629814e-01 9.998136135554499537e-01 9.998484672609422308e-01 9.998252769496400738e-01 9.997466869357187758e-01 9.997727240714249231e-01 9.997601418691320907e-01 9.997880123631105453e-01
9.996266484392674068e-01 9.998068649641683736e-01 9.995500630472942127e-01 9.998793779800136949e-01 9.997031538221811120e-01 9.997287285911203858e-01 9.998324573015440198e-01 9.997154538749163377e-01 9.998125779089737097e-01 9.997388308152270753e-01
9.997970182890330015e-01 9.997601879212929532e-01 9.997529233115680647e-01 9.997354060367594775e-01 9.995887986163430883e-01 9.997431015323757775e-01 9.998396153348585447e-01 9.997091176651881073e-01 9.997939734037564197e-01 9.996824101631754944e-01
9.996984303254101700e-01 9.996488651167146910e-01 9.997357642519139054e-01 9.998117337628841250e-01 9.998490112535894925e-01 9.997371697582064787e-01 9.998282431375843382e-01 9.997881351270747619e-01 9.998950890972034822e-01 9.997993148590024193e-01
9.998575415356855123e-01 9.997894009122588743e-01 9.996532552232505475e-01 9.996754867825310420e-01 9.997399826369212095e-01 9.997419006459926649e-01 9.997738698324466489e-01 9.996719732292249638e-01 9.997496232406233307e-01 9.997716103987192016e-01
9.998071388115743474e-01 9.996539964916466570e-01 9.997006319992289836e-01 9.998488338720712409e-01 9.996645355061439808e-01 9.996056593993933870e-01 9.996821014303850506e-01 9.997786148134110151e-01 9.998077540324247225e-01 9.997044522974618541e-01
9.996240325135856697e-01 9.997649752935396927e-01 9.997712210986174908e-01 9.998030183625324918e-01 9.997480524165417437e-01 9.997279462838817299e-01 9.996904468600341653e-01 9.997941630326000473e-01 9.998104518900688964e-01 9.997240658311116190e-01
9.997990258437019495e-01 9.997360844473981434e-01 9.998471002636818428e-01 9.997009888191984439e-01 9.997615606725345216e-01 9.998833059582226124e-01 9.998712696089969709e-01 9.998026406997637672e-01 9.995681192641127089e-01 9.997812645913648488e-01
9.998303448611788324e-01 9.998774326429985537e-01 9.996240718823571347e-01 9.997443388485539595e-01 9.997003233461995153e-01 9.998046491579393180e-01 9.998214165371043238e-01 9.996886242595037775e-01 9.997764659862788950e-01 9.996272819227928208e-01
9.997683573496265463e-01 9.996715435982007625e-01 9.997485334325180162e-01 9.996655265638031418e-01 9.998293253114992618e-01 9.997373775174336341e-01 9.996226898706705999e-01 9.996847391414824813e-01 9.996576879986029951e-01 9.998899975696181608e-01
9.995255208351714327e-01 9.997297555019392101e-01 9.997702121057233660e-01 9.997546855048796699e-01 9.997306927885014627e-01 9.996944298374947913e-01 9.996406829194589561e-01 9.998152837000247040e-01 9.997817273358703405e-01 9.998127165039973896e-01
9.997782485999533453e-01 9.997984943308823036e-01 9.996867970068570308e-01 9.996430201656709702e-01 9.995584610811266701e-01 9.997796188949703566e-01 9.996838524740564447e-01 9.997773012083823740e-01 9.997778539490957961e-01 9.997118870846131156e-01
9.997999672730559784e-01 9.997630137918888105e-01 9.997557284354622320e-01 9.997793858105464837e-01 9.996443116026895170e-01 9.997192919319073390e-01 9.996152995869315161e-01 9.997217697484426235e-01 9.996282749187445082e-01 9.998209997237320623e-01
9.997973023009026905e-01 9.997705307311730571e-01 9.995424373453707378e-01 9.998693823452682317e-01 9.997858948019286984e-01 9.996976862678793596e-01 9.998436934216470284e-01 9.997029941614904436e-01 9.997916452709825208e-01 9.997857221093298108e-01
9.998106749486592726e-01 9.996811962524265738e-01 9.997301065800980879e-01 9.997653511351418665e-01 9.997681070216494215e-01 9.997911840556845675e-01 9.997856160156832761e-01 9.998049524915894049e-01 9.997504462133917080e-01 9.997198616249539649e-01
9.998235892296606364e-01 9.998143372580972077e-01 9.996305067719475357e-01 9.995954073843930088e-01 9.997468029660280253e-01 9.996985977855430416e-01 9.997396633375301711e-01 9.997655377916958575e-01 9.997010022599758239e-01 9.998283243684136234e-01
9.997463381955843387e-01 9.997006824181751128e-01 9.997675183851845171e-01 9.997486932638521839e-01 9.997015399476745223e-01 9.998059066648519178e-01 9.997198532830795514e-01 9.997747529405471845e-01 9.997725456975882219e-01 9.997597436836075380e-01
9.997970690295954199e-01 9.996931630510678124e-01 9.997171097575561216e-01 9.997534151060053498e-01 9.997916772006687491e-01 9.998347074032524207e-01 9.997880115698136727e-01 9.996884083939931998e-01 9.995660338042795523e-01 9.997988140738778284e-01
9.998295377425018282e-01 9.997629446325162483e-01 9.997766496911475453e-01 9.997804965042632608e-01 9.996281527126232858e-01 9.997343101547504496e-01 9.998177811128325931e-01 9.997275416917326130e-01 9.998516158705962331e-01 9.998169676558434915e-01
9.997164150769403124e-01 9.998203093864485025e-01 9.997854267882472223e-01 9.997044895197471082e-01 9.998714928583203321e-01 9.998027432351712651e-01 9.997414076448851716e-01 9.998103046908382030e-01 9.997641619355260856e-01 9.997212618068673784e-01
9.997046383500598488e-01 9.998369651912113465e-01 9.997295175219351737e-01 9.997240176989096172e-01 9.997591662242839572e-01 9.997214016562130379e-01 9.997367438505498916e-01 9.997140731758462628e-01 9.998473209009348661e-01 9.997526605829883950e-01
9.997442326923814404e-01 9.997725340358363244e-01 9.997255226461874145e-01 9.998782682214635287e-01 9.998115864838816869e-01 9.997861915115915377e-01 9.997427091003635580e-01 9.997418353990332740e-01 9.997156192988356782e-01 9.998619635040544296e-01
