9.999883153395811020e-01 9.999945736670440288e-01 9.999865017569666836e-01 9.999977445254658592e-01 9.999915243247884389e-01 9.999951764961382272e-01 9.999898073439544843e-01 9.999894158788218412e-01 9.999918690664035825e-01 9.999795143258491947e-01
9.999937659536249912e-01 9.999958893494034218e-01 9.999870652746546407e-01 9.999950872157754578e-01 9.999957732719401138e-01 9.999916617053512535e-01 9.999909333735069739e-01 9.999964630896288620e-01 9.999965894126224830e-01 9.999958039606916538e-01
9.999908729393091056e-01 9.999788771041390190e-01 9.999894755444720396e-01 9.999933232201669853e-01 9.999937901938386053e-01 9.999946882907534418e-01 9.999947143566813024e-01 9.999944541192977709e-01 9.999952228250007513e-01 9.999912619340463049e-01
9.999926965532166534e-01 9.999930653178549234e-01 9.999880596513212039e-01 9.999947288902897302e-01 9.999934481256692598e-01 9.999868091327336339e-01 9.999934316567871129e-01 9.999963575449097863e-01 9.999834512339028647e-01 9.999939343545966031e-01
9.999915849835236958e-01 9.999942288069396668e-01 9.999946827371968272e-01 9.999977565379405409e-01 9.999933521450690144e-01 9.999964995902789200e-01 9.999966950357921380e-01 9.999945414838308233e-01 9.999884833143061202e-01 9.999950171748960281e-01
9.999420817270389117e-01 9.999968450577676471e-01 9.999941158691112442e-01 9.999865905252718346e-01 9.999959318228148764e-01 9.999982889258697272e-01 9.999949988769736287e-01 9.999948015284464420e-01 9.999889803770527497e-01 9.999908491065501170e-01
9.999962285870730438e-01 9.999966316875283923e-01 9.999964296705980971e-01 9.999922393843809765e-01 9.999937106452303492e-01 9.999972632130378347e-01 9.999982726968239533e-01 9.999948576234077846e-01 9.999967776148050991e-01 9.999894262252796429e-01
9.999933609066338214e-01 9.999852209415870385e-01 9.999905083364851732e-01 9.999941425622617119e-01 9.999861348454749388e-01 9.999818544656972064e-01 9.999881921482685065e-01 9.999968641067917829e-01 9.999945891587193048e-01 9.999895015558336597e-01
9.999900028893181636e-01 9.999851401029522524e-01 9.999944128968591972e-01 9.999937988450444681e-01 9.999956346470803004e-01 9.999961285234305608e-01 9.999947044068018265e-01 9.999967060314182143e-01 9.999902623274707913e-01 9.999925568249674601e-01
9.999821410387702558e-01 9.999947824410463371e-01 9.999880006780299535e-01 9.999959869365800946e-01 9.999976140247867074e-01 9.999912799131344121e-01 9.999722208584403971e-01 9.999866083110275916e-01 9.999931467236766736e-01 9.999944361491730493e-01
9.999905827754578258e-01 9.999916687754862865e-01 9.999944336672639267e-01 9.999966902593618867e-01 9.999838231942173028e-01 9.999736610556202443e-01 9.999898522612811202e-01 9.999918777321045171e-01 9.999884463559322034e-01 9.999889991802126676e-01
9.999836242151385335e-01 9.999818235570802072e-01 9.999926730881457670e-01 9.999939039171812372e-01 9.999783034345286481e-01 9.999894528769839308e-01 9.999685003338016909e-01 9.999911504082913405e-01 9.999951836929624749e-01 9.999784619359514126e-01
9.999859538722531971e-01 9.999824259661226344e-01 9.999905807549924752e-01 9.999862685754010716e-01 9.999901709670787620e-01 9.999951096301693543e-01 9.999928807870651637e-01 9.999949274966537516e-01 9.999916131463414404e-01 9.999784080902811567e-01
9.999905509118335312e-01 9.999945647193281273e-01 9.999722456529462900e-01 9.999938584434285849e-01 9.999975176416626699e-01 9.999967327605583378e-01 9.999882130958562820e-01 9.999890557910944278e-01 9.999929749005976864e-01 9.999914336328850073e-01
9.999917953010856175e-01 9.999915414518940615e-01 9.999928036065722781e-01 9.999827451292445657e-01 9.999972466423935336e-01 9.999936847218533487e-01 9.999674510983928011e-01 9.999818398823512311e-01 9.999903764873266931e-01 9.999917357780719884e-01
9.999807497165188463e-01 9.999835235689392698e-01 9.999908162927318989e-01 9.999826429456182275e-01 9.999883291873227220e-01 9.999931154782903953e-01 9.999893755089985792e-01 9.999914868147690150e-01 9.999913852190550623e-01 9.999673968941207303e-01
9.999937750857198493e-01 9.999832919398559117e-01 9.999944334783622546e-01 9.999943351849135409e-01 9.999951398218162035e-01 9.999912155472990838e-01 9.999931510522841460e-01 9.999955489583916002e-01 9.999932793234060924e-01 9.999949406966626153e-01
9.999953256478874009e-01 9.999948461586302129e-01 9.999913948742336078e-01 9.999918672040435386e-01 9.999942355997106791e-01 9.999964999927742904e-01 9.999909739649218698e-01 9.999890477690025481e-01 9.999700233470169008e-01 9.999945775140667292e-01
9.999885647508355291e-01 9.999947572695553344e-01 9.999913693515855018e-01 9.999928102799749974e-01 9.999940537190157297e-01 9.999903052801792924e-01 9.999960730310449852e-01 9.999939140701854523e-01 9.999967744420934501e-01 9.999965418454789257e-01
9.999907132755369021e-01 9.999947734606076111e-01 9.999977527285992540e-01 9.999918624150844204e-01 9.999928110978737461e-01 9.999953550253695145e-01 9.999955846667015757e-01 9.999922951330283416e-01 9.999945010776654097e-01 9.999843031449433539e-01
9.999908197907672047e-01 9.999873873888043274e-01 9.999955570188511222e-01 9.999909659693643205e-01 9.999988748116163118e-01 9.999763583439370551e-01 9.999933590351137713e-01 9.999947911190295580e-01 9.999953912592792760e-01 9.999937539895239480e-01
9.999947551220409458e-01 9.999833249792771106e-01 9.999874773864032562e-01 9.999950700651183411e-01 9.999965870755144204e-01 9.999917480867029917e-01 9.999966510389438623e-01 9.999925134260471138e-01 9.999945272867355461e-01 9.999419084835502458e-01
9.999908090617306566e-01 9.999807174459997006e-01 9.999931635967184151e-01 9.999964162293274450e-01 9.999903493416367750e-01 9.999904947330106042e-01 9.999880524580639918e-01 9.999892588074476008e-01 9.999886443634855571e-01 9.999846951017740126e-01
9.999918568801071661e-01 9.999936518770239369e-01 9.999921494455210613e-01 9.999857157731092405e-01 9.999921268741794877e-01 9.999967677404379973e-01 9.999896261645297990e-01 9.999901248388474162e-01 9.999813641207859760e-01 9.999755970957043827e-01
9.999942864789671537e-01 9.999822114823098129e-01 9.999815681793866595e-01 9.999848540709822542e-01 9.999981536342007482e-01 9.999867986178672119e-01 9.999914705745209798e-01 9.999894591664403309e-01 9.999958986709419628e-01 9.999905619057225525e-01
9.999852769232324690e-01 9.999883286598687526e-01 9.999927960384225045e-01 9.999854842275571754e-01 9.999834324044155620e-01 9.999951727814806457e-01 9.999884051769722948e-01 9.999922376560406168e-01 9.999937905666617111e-01 9.999946821121786789e-01
9.999863229476942950e-01 9.999921012886279215e-01 9.999951433480415153e-01 9.999913732919920584e-01 9.999916995081985505e-01 9.999897847937923023e-01 9.999773751904831309e-01 9.999857504959246413e-01 9.999951867348394474e-01 9.999972614092291767e-01
9.999938377429405945e-01 9.999953007476186650e-01 9.999956464032246917e-01 9.999959435853746914e-01 9.999929862720720042e-01 9.999957138164522474e-01 9.999915890151939157e-01 9.999908614951211749e-01 9.999802803085959813e-01 9.999827024719547541e-01
9.999916460596065537e-01 9.999951844429590953e-01 9.999934060502736477e-01 9.999954241098105712e-01 9.999961221846370707e-01 9.999967897332603384e-01 9.999894867173252377e-01 9.999610013130528774e-01 9.999870263362273803e-01 9.999948984012037023e-01
9.999973800800310286e-01 9.999956690174534035e-01 9.999929862123262403e-01 9.999928716575803289e-01 9.999897893896072532e-01 9.999954453103181429e-01 9.999946428887069860e-01 9.999954956788891236e-01 9.999941812664935314e-01 9.999902247552870937e-01
9.999942341958942826e-01 9.999936947244632002e-01 9.999943667909577671e-01 9.999954306119755998e-01 9.999975041565990486e-01 9.999960243767477275e-01 9.999620559005005793e-01 9.999905200418820472e-01 9.999928239546476139e-01 9.999945614425034268e-01
9.999916779629474117e-01 9.999951171103226288e-01 9.999905603219815253e-01 9.999908837099130698e-01 9.999956283685705882e-01 9.999814260488110174e-01 9.999899325977600339e-01 9.999921470915459354e-01 9.999798331790219486e-01 9.999878551668675009e-01
9.999985720282629220e-01 9.999958655162273224e-01 9.999911586848188039e-01 9.999936653392664798e-01 9.999865102715280729e-01 9.999965068784244515e-01 9.999943900498591276e-01 9.999874471007401677e-01 9.999893947664563187e-01 9.999825104994304326e-01
9.999919636047382987e-01 9.999931473785893532e-01 9.999544431040502390e-01 9.999915462355062346e-01 9.999910637638523836e-01 9.999950692271556418e-01 9.999917850901659522e-01 9.999925097188457901e-01 9.999964225728464884e-01 9.999917406480857140e-01
9.999951265343400841e-01 9.999834224873155319e-01 9.999923282439795447e-01 9.999966305930635402e-01 9.999802217758364531e-01 9.999873603039723946e-01 9.999866279434074245e-01 9.999937270690171243e-01 9.999974518833784076e-01 9.999928964349664717e-01
9.999910313928128680e-01 9.999882789144450834e-01 9.999934757470889668e-01 9.999909537410123228e-01 9.999913186054846248e-01 9.999931668019682585e-01 9.999882117305419760e-01 9.999918101367832879e-01 9.999942560714515372e-01 9.999878662572970756e-01
9.999905198816902985e-01 9.999874924322520453e-01 9.999949192168292589e-01 9.999967711450934438e-01 9.999912525198316748e-01 9.999945480982254109e-01 9.999950446442076313e-01 9.999928589638755749e-01 9.999803885923591595e-01 9.999888644275526373e-01
9.999961232065648353e-01 9.999961027263095659e-01 9.999947280704312158e-01 9.999924075771865484e-01 9.999866783561014438e-01 9.999694490544323022e-01 9.999931519511293665e-01 9.999920340520145334e-01 9.999880586454951148e-01 9.999922892428542154e-01
9.999921931441199119e-01 9.999904400683556904e-01 9.999895541185181980e-01 9.999941430958487754e-01 9.999942740096414706e-01 9.999880703460527487e-01 9.999957988896129857e-01 9.999821637263176521e-01 9.999838045472774217e-01 9.999945571218484819e-01
9.999871756692843006e-01 9.999960933687034315e-01 9.999907762660353860e-01 9.999978652944013779e-01 9.999920807574563808e-01 9.999939603708721814e-01 9.999936172391632461e-01 9.999934764030850021e-01 9.999911112905752741e-01 9.999947794133743351e-01
9.999908630552698519e-01 9.999957088048996301e-01 9.999980981192942986e-01 9.999832379330195753e-01 9.999951239823250404e-01 9.999915318484609017e-01 9.999895619087489917e-01 9.999967017122620705e-01 9.999916160487504202e-01 9.999917551623995760e-01
9.999887137783362023e-01 9.999936476943749319e-01 9.999895278829368239e-01 9.999910380001950649e-01 9.999929684740939129e-01 9.999900267782618757e-01 9.999910683526743727e-01 9.999976878817633530e-01 9.999908371814463237e-01 9.999956003351524458e-01
9.999873250739901298e-01 9.999915928829671286e-01 9.999942991992525343e-01 9.999937903770816927e-01 9.999952532511254821e-01 9.999946492800206865e-01 9.999834742971475121e-01 9.999890883201151270e-01 9.999931529459020751e-01 9.999955525202569584e-01
9.999951843652008510e-01 9.999915892484639857e-01 9.999957614755228263e-01 9.999937891423563707e-01 9.999938867288830080e-01 9.999961169943738515e-01 9.999890213293622931e-01 9.999960892720675121e-01 9.999950614210929567e-01 9.999891939442531186e-01
9.999797755574159064e-01 9.999922438240759215e-01 9.999958277954685837e-01 9.999948969486003314e-01 9.999906620292043913e-01 9.999805622616413370e-01 9.999880547526528440e-01 9.999948788466639371e-01 9.999963904437988438e-01 9.999904779894942530e-01
9.999893372653375634e-01 9.999901165301336992e-01 9.999957227770266410e-01 9.999930194737987055e-01 9.999917538785780824e-01 9.999945035890067668e-01 9.999974287482090718e-01 9.999962974328144849e-01 9.999912141065803173e-01 9.999924076374105963e-01
9.999973475486799712e-01 9.999875835019019776e-01 9.999890358660482592e-01 9.999963808069335380e-01 9.999934791813799295e-01 9.999939933449458751e-01 9.999958912839232994e-01 9.999909202005449194e-01 9.999481008713937413e-01 9.999933076396186893e-01
9.999928502685316856e-01 9.999948749285246796e-01 9.999990970166363624e-01 9.999952979514239448e-01 9.999973923171745493e-01 9.999969473219672000e-01 9.999952842420170018e-01 9.999960362789397372e-01 9.999918898865161054e-01 9.999912531219922185e-01
9.999856375942701714e-01 9.999866957629121034e-01 9.999973103280308528e-01 9.999901514566373883e-01 9.999875018296137119e-01 9.999970319668575192e-01 9.999937098130342594e-01 9.999907876679637875e-01 9.999833953442113232e-01 9.999950175645409001e-01
9.999943784032527816e-01 9.999971422126616716e-01 9.999968586015504091e-01 9.999900737463109923e-01 9.999934643038005389e-01 9.999948496061247250e-01 9.999916039017004987e-01 9.999962028790913005e-01 9.999962889372544517e-01 9.999857996821370776e-01
9.999949990192219529e-01 9.999884127399402134e-01 9.999889131014553234e-01 9.999963089519958714e-01 9.999725408715226527e-01 9.999890960771511406e-01 9.999830380593460744e-01 9.999815398909184250e-01 9.999899375969214521e-01 9.999831967110073272e-01
9.999948780618652666e-01 9.999948209254774234e-01 9.999905357771949888e-01 9.999947905109921598e-01 9.999942029965979140e-01 9.999952947243304635e-01 9.999914107620563319e-01 9.999959353260600148e-01 9.999970723445822385e-01 9.999962073668253737e-01
9.999783764281592324e-01 9.999926501999387707e-01 9.999917915791866063e-01 9.999947690049485471e-01 9.999891374080832618e-01 9.999934448931621089e-01 9.999896525853991802e-01 9.999942509367960586e-01 9.999911637880372073e-01 9.999945148264783867e-01
9.999895298526867427e-01 9.999926047577444299e-01 9.999949464767216023e-01 9.999942820310508962e-01 9.999760932504201394e-01 9.999871759710734498e-01 9.999943323376455639e-01 9.999871967625002522e-01 9.999965937011513484e-01 9.999864962592565076e-01
9.999957322026228335e-01 9.999842366776968694e-01 9.999966856584701080e-01 9.999918877961392338e-01 9.999860365941966034e-01 9.999977928755162671e-01 9.999879697799456402e-01 9.999720378537380050e-01 9.999949532144336573e-01 9.999750953240424955e-01
9.999905605052458180e-01 9.999946935931438574e-01 9.999931916751910732e-01 9.999923341827680057e-01 9.999961866264283072e-01 9.999820285034314304e-01 9.999597353293003810e-01 9.999851118495141078e-01 9.999961139697458590e-01 9.999939955417425086e-01
9.999905861772853122e-01 9.999914946978003538e-01 9.999675697729277779e-01 9.999902151626457458e-01 9.999668937874607311e-01 9.999924886222500975e-01 9.999958707800080671e-01 9.999703115240692330e-01 9.999906192716977449e-01 9.999812713707894041e-01
9.999927042191321114e-01 9.999934731407765787e-01 9.999889245063589005e-01 9.999838990014324747e-01 9.999916584197624525e-01 9.999936631342497551e-01 9.999895816985644448e-01 9.999930088092442437e-01 9.999966146841192671e-01 9.999959281587905702e-01
9.999964969081204247e-01 9.999884673058951901e-01 9.999874512402429083e-01 9.999878371134458543e-01 9.999873940752850299e-01 9.999901908437038855e-01 9.999936601148916582e-01 9.999810301297799020e-01 9.999764679202635120e-01 9.999843501192737794e-01
9.999931278795666234e-01 9.999931845877303438e-01 9.999880607240592134e-01 9.999953910800437606e-01 9.999953636499807619e-01 9.999871235606242470e-01 9.999517301018217008e-01 9.999948951234163275e-01 9.999754149926106672e-01 9.999963343791572479e-01
9.999965983145709947e-01 9.999842382288198772e-01 9.999908743770435926e-01 9.999939050666369900e-01 9.999962402920614668e-01 9.999957727798045592e-01 9.999971473725315363e-01 9.999943187279748402e-01 9.999901383448188685e-01 9.999902695007166775e-01
9.999935127881233177e-01 9.999961067332907572e-01 9.999930868216626578e-01 9.999876046753997105e-01 9.999841789528831626e-01 9.999932728863455411e-01 9.999823325188558210e-01 9.999888737265599792e-01 9.999910264546794103e-01 9.999944710430748174e-01
9.999863228741009413e-01 9.999888904222412611e-01 9.999938735636630938e-01 9.999811202923459819e-01 9.999893189707548258e-01 9.999875286267989605e-01 9.999846723781714575e-01 9.999868733996545300e-01 9.999870911123230899e-01 9.999903821615402366e-01
9.999916552335524900e-01 9.999766009471944272e-01 9.999930378816144216e-01 9.999894811198382083e-01 9.999935043387613298e-01 9.999935959380384931e-01 9.999638919954990657e-01 9.999904152847104433e-01 9.999929847833487484e-01 9.999964893710902025e-01
9.999932497380599195e-01 9.999494111388658180e-01 9.999886274289199184e-01 9.999858587169557778e-01 9.999917615821904970e-01 9.999941008816357613e-01 9.999872174450650242e-01 9.999963287648214738e-01 9.999917894295125009e-01 9.999890373028261781e-01
9.999959778755932449e-01 9.999962313903819622e-01 9.999870224542576347e-01 9.999927717297707463e-01 9.999948370628128913e-01 9.999939339729925214e-01 9.999962977855600954e-01 9.999920666701711536e-01 9.999780096325213696e-01 9.999977520833706057e-01
9.999926989779472919e-01 9.999838659634412430e-01 9.999912735975837741e-01 9.999853937692068095e-01 9.999917032892542412e-01 9.999930311398524951e-01 9.999929045974823572e-01 9.999974592356668524e-01 9.999691506001435748e-01 9.999881189325557918e-01
9.999907121862195991e-01 9.999957524457636637e-01 9.999940858508475916e-01 9.999921475069772914e-01 9.999914074030790134e-01 9.999954456781307011e-01 9.999850760082743539e-01 9.999946010515204931e-01 9.999913251775995882e-01 9.999966937714442894e-01
9.999819300787126108e-01 9.999907895150133008e-01 9.999954921767599814e-01 9.999901999267021280e-01 9.999857570141567065e-01 9.999834316218471075e-01 9.999900508512703512e-01 9.999904936876646833e-01 9.999945498930794541e-01 9.999951851185346907e-01
9.999892517548241155e-01 9.999636932065557593e-01 9.999777126765770907e-01 9.999934043194049771e-01 9.999952306116293155e-01 9.999884920099333385e-01 9.999856896017047525e-01 9.999936270463738452e-01 9.999973583931617283e-01 9.999923555244089046e-01
9.999964790743242071e-01 9.999936137683018700e-01 9.999966448041922584e-01 9.999866425899086586e-01 9.999960569623511653e-01 9.999962340431940433e-01 9.999902249489875938e-01 9.999490820383218903e-01 9.999952003635834696e-01 9.999940712423248668e-01
9.999941836006096541e-01 9.999963485403071672e-01 9.999880957853578556e-01 9.999929109649309256e-01 9.999935422781572880e-01 9.999962729642449810e-01 9.999634836237418778e-01 9.999951435203404682e-01 9.999915561384921103e-01 9.999771807316899519e-01
9.999944943756754467e-01 9.999869502664116006e-01 9.999906069991235658e-01 9.999956825797078341e-01 9.999935420185380730e-01 9.999946275912968696e-01 9.999929172817521028e-01 9.999860545543800550e-01 9.999948071258615290e-01 9.999965255430832700e-01
9.999969607096775848e-01 9.999895889111631853e-01 9.999940276964531805e-01 9.999895881106158901e-01 9.999831408444869174e-01 9.999911492393827039e-01 9.999881260435413699e-01 9.999949921866607694e-01 9.999892449581789799e-01 9.999903465470736386e-01
9.999954289067861657e-01 9.999907105285739117e-01 9.999972260735682239e-01 9.999957369417575848e-01 9.999954223019941191e-01 9.999807622487920655e-01 9.999913674667459951e-01 9.999918337868969331e-01 9.999897757852747038e-01 9.999881198551616723e-01
9.999921850276056734e-01 9.999931631317626746e-01 9.999913687399434314e-01 9.999894166774849769e-01 9.999959464959783384e-01 9.999944298909789753e-01 9.999918214996695864e-01 9.999804527172230229e-01 9.999895298713270542e-01 9.999968776290893979e-01
9.999931534089351315e-01 9.999918489068241323e-01 9.999939944231863720e-01 9.999941474410882769e-01 9.999772983991791486e-01 9.999924779107057793e-01 9.999891904318073399e-01 9.999952571253809541e-01 9.999898185820503826e-01 9.999955420728008360e-01
9.999958614022029790e-01 9.999954435378241024e-01 9.999937673292036422e-01 9.999867104023395514e-01 9.999945926805947627e-01 9.999782782020371075e-01 9.999920197430754998e-01 9.999946738717249151e-01 9.999956437925044961e-01 9.999914211427840538e-01
9.999877610916546589e-01 9.999941390996713864e-01 9.999947056016424973e-01 9.999900040116664890e-01 9.999893978896203794e-01 9.999944917409022693e-01 9.999925043150071913e-01 9.999966299281816129e-01 9.999794237402974684e-01 9.999822025905059641e-01
9.999901440186034218e-01 9.999929805609926170e-01 9.999942259618521678e-01 9.999887828503809528e-01 9.999925101668919458e-01 9.999937998514609738e-01 9.999936374922410165e-01 9.999899170424283446e-01 9.999932344727485711e-01 9.999879137561619169e-01
9.999880453498725119e-01 9.999950143858840068e-01 9.999897900863168321e-01 9.999909987263699840e-01 9.999848833887797772e-01 9.999929921990112769e-01 9.999854819250767468e-01 9.999725188463888248e-01 9.999970286436125066e-01 9.999961899540150689e-01
9.999946895298691407e-01 9.999957396027594481e-01 9.999908906653273144e-01 9.999955897526886517e-01 9.999922189267997918e-01 9.999823357949420011e-01 9.999823149260925748e-01 9.999902634133970292e-01 9.999865961483731525e-01 9.999953817936015898e-01
9.999890158081671254e-01 9.999935033351786684e-01 9.999888958108348325e-01 9.999947165684957007e-01 9.999927283863675465e-01 9.999900631703001475e-01 9.999934142663574610e-01 9.999961750533625793e-01 9.999810387244939536e-01 9.999898169191534514e-01
9.999947109327861350e-01 9.999380854683818098e-01 9.999924086454171634e-01 9.999933724329421736e-01 9.999831238809195888e-01 9.999698325887478312e-01 9.999923428568562311e-01 9.999973825614009160e-01 9.999925892264982519e-01 9.999950413231535329e-01
9.999959745667348354e-01 9.999942677696881388e-01 9.999952192415955121e-01 9.999808813633320748e-01 9.999877113001996998e-01 9.999955848434576300e-01 9.999758234627433851e-01 9.999846587480993865e-01 9.999920589655949543e-01 9.999730274407158115e-01
9.999900219185945405e-01 9.999904218373034670e-01 9.999940436364211926e-01 9.999909176303437564e-01 9.999952123708996110e-01 9.999742783702821880e-01 9.999946448215483175e-01 9.999867738892547209e-01 9.999899601250396008e-01 9.999952850544889804e-01
9.999955511391970253e-01 9.999946104713171025e-01 9.999968982164545439e-01 9.999957187608460307e-01 9.999956963472028670e-01 9.999900343710599326e-01 9.999950411073105228e-01 9.999985611933384089e-01 9.999970810287654999e-01 9.999958668414929974e-01
9.999893529208603304e-01 9.999951259264311387e-01 9.999948302847425641e-01 9.999969370065713292e-01 9.999909991451708668e-01 9.999965365796575911e-01 9.999934367212190978e-01 9.999860806529027313e-01 9.999840061868492391e-01 9.999929140196206490e-01
9.999887372350746428e-01 9.999855329432302264e-01 9.999950813305565900e-01 9.999932141035365873e-01 9.999909018236721181e-01 9.999914174487557483e-01 9.999891713984447872e-01 9.999924543011229350e-01 9.999938872733322714e-01 9.999891753476701783e-01
9.999944240603911849e-01 9.999980869284607055e-01 9.999907555830815920e-01 9.999912558096789583e-01 9.999785392295880149e-01 9.999938463086054385e-01 9.999975945424214308e-01 9.999749391173031743e-01 9.999810514807896400e-01 9.999930564536236854e-01
9.999791787354672667e-01 9.999844692910347943e-01 9.999856327031608760e-01 9.999953654020941052e-01 9.999880391429604165e-01 9.999952325608629788e-01 9.999963604724946276e-01 9.999883854507991554e-01 9.999793375538876816e-01 9.999766828030872690e-01
9.999970301427042463e-01 9.999880575970947483e-01 9.999880304861956670e-01 9.999926929894357164e-01 9.999840783176008330e-01 9.999938625778371781e-01 9.999897052520138052e-01 9.999888382934328801e-01 9.999952543708298114e-01 9.999916320398221092e-01
9.999943814958196509e-01 9.999950137224612456e-01 9.999950673615575214e-01 9.999872353954852855e-01 9.999752309790717053e-01 9.999788922991499351e-01 9.999943018665654604e-01 9.999948591377354479e-01 9.999911282544963198e-01 9.999952087457512073e-01
9.999835482682570831e-01 9.999931725253449200e-01 9.999962735026226568e-01 9.999944702496184057e-01 9.999922535125614909e-01 9.999927791550714540e-01 9.999949347423673363e-01 9.999954115782386799e-01 9.999975571985110223e-01 9.999935469696247248e-01
9.999931099119615530e-01 9.999940184327098525e-01 9.999822486166357605e-01 9.999949724961367803e-01 9.999943458047191314e-01 9.999942489607446250e-01 9.999961156061101253e-01 9.999964637868039574e-01 9.999880759916582873e-01 9.999917695344010538e-01
9.999903672801839782e-01 9.999761147677989070e-01 9.999946407624710210e-01 9.999287606437294862e-01 9.999675227007299716e-01 9.999961538294922514e-01 9.999906447285414890e-01 9.999849448485386150e-01 9.999944708856409736e-01 9.999917745128441560e-01
9.999940599337400204e-01 9.999946420360905641e-01 9.999928792360627261e-01 9.999888555418962044e-01 9.999930269392859339e-01 9.999802089826239637e-01 9.999920290530145417e-01 9.999786414281335301e-01 9.999926216109753518e-01 9.999938680550994885e-01
9.999934852181189271e-01 9.999967698339858879e-01 9.999963003439832354e-01 9.999955220664474842e-01 9.999944981676996969e-01 9.999780483847620083e-01 9.999809221664525127e-01 9.999923784410874594e-01 9.999939007234222021e-01 9.999917229923408479e-01
9.999943908888692112e-01 9.999977422930657056e-01 9.999935659654750619e-01 9.999893630519249843e-01 9.999920160069803998e-01 9.999901871183133339e-01 9.999951281948661341e-01 9.999954104103682129e-01 9.999945561589981269e-01 9.999952551583644045e-01
9.999946772429375574e-01 9.999846014689811602e-01 9.999795430525855178e-01 9.999953913795532889e-01 9.999904313103212816e-01 9.999922731860656500e-01 9.999897116654343776e-01 9.999934313229301708e-01 9.999898424276966180e-01 9.999902707363165222e-01
