9.988714674662483306e-01 9.989119485827510081e-01 9.990791229277452556e-01 9.989587500800537478e-01 9.988552019431988782e-01 9.985092592905097097e-01 9.985379015054414165e-01 9.989142992454692616e-01 9.988093295698667884e-01 9.991261400191113751e-01
9.990193010963763776e-01 9.984395585893633962e-01 9.987855775130604075e-01 9.988204250262289197e-01 9.985676053982550648e-01 9.987825896314773688e-01 9.986951913257874347e-01 9.982774508887726217e-01 9.985740792259600873e-01 9.989064705793754273e-01
9.986066090897266490e-01 9.984204332835461271e-01 9.987963589379358353e-01 9.989734138372782235e-01 9.988715781523450632e-01 9.986461124689128832e-01 7.372441559325593197e-01 9.991408687761565988e-01 9.986794614942033910e-01 9.985794442439209773e-01
9.988652202788239620e-01 9.987874322626888457e-01 9.987711226319548885e-01 9.988693480195189878e-01 9.987305526080676454e-01 9.988079866499892656e-01 9.988838908097809055e-01 9.988952024355052250e-01 9.989979989552956186e-01 9.988638841796660950e-01
9.989029715997652659e-01 9.989150105260836687e-01 9.987211535890825331e-01 9.986340482471161017e-01 9.988413601929633234e-01 9.990921743399594490e-01 9.988651640379007102e-01 9.989023180267063706e-01 9.987468959140631819e-01 9.986036947699110655e-01
9.988789858265504362e-01 9.986789071475280499e-01 9.984294663776003276e-01 9.987145230078205982e-01 9.988914112948861224e-01 9.988579969265072300e-01 9.985810721460595119e-01 9.986921838811646523e-01 9.988598869607128172e-01 9.988495899794603838e-01
9.982549982053253723e-01 9.986047060070250003e-01 9.983682038549744897e-01 9.990167459975313191e-01 9.985655733789338129e-01 9.990593142325890907e-01 9.986874284504635435e-01 9.987854758352066042e-01 9.987385248847187036e-01 9.990086016126774604e-01
9.988030897018583820e-01 9.990218294696806556e-01 9.979245457408849607e-01 9.989278543535422550e-01 9.985803930975281073e-01 9.990194457858467825e-01 9.988540606653609766e-01 9.985225064644358550e-01 9.987820359512336044e-01 9.987281329676730435e-01
9.992289841485405555e-01 9.984744801432391403e-01 9.986159698254648553e-01 9.985770335547660137e-01 9.989323504444472812e-01 9.988780128365766231e-01 9.988288755534593388e-01 9.989132229950098418e-01 9.989370581849534858e-01 9.986379300659026237e-01
9.991757813546966460e-01 9.989735536990032028e-01 9.988606185932674686e-01 9.987956693624141513e-01 9.986524592366615716e-01 9.988704240712378279e-01 9.987570205737308360e-01 9.986973157394889444e-01 9.987792705427952500e-01 9.986131221385013967e-01
9.735095063786990410e-01 9.990655466237632343e-01 9.986924386954472155e-01 9.987817805671730387e-01 9.989244059594230007e-01 9.987832893848461735e-01 9.989689702506058255e-01 9.987308762501727610e-01 9.987356168742579365e-01 9.988292000617056132e-01
9.987806349427996722e-01 9.990008209625709235e-01 9.990694591103497224e-01 9.986198435820826669e-01 9.989346134177800041e-01 9.984923957231952585e-01 9.988825312198267303e-01 9.989444681957858618e-01 9.991289183827708476e-01 9.985039131035038373e-01
9.989734464110773260e-01 9.985764989217416066e-01 9.988823754066811222e-01 9.990045664956977989e-01 9.986512918331544864e-01 9.987093081097573322e-01 9.987942893858859916e-01 9.987326376750376156e-01 9.988651381570095023e-01 9.987547662283586813e-01
9.988201614991254473e-01 9.988102371327186590e-01 9.989849979126792512e-01 9.990143228626519045e-01 9.990847590379601240e-01 9.987961534858516011e-01 9.986841908017777270e-01 9.990215581394495947e-01 9.988495092478320014e-01 9.970394726770803739e-01
9.986828849199662628e-01 9.986138781404161335e-01 9.989195913524149262e-01 9.990086580452680609e-01 9.983888500198997429e-01 9.988846151277243068e-01 9.990027101567450218e-01 9.986523485166984848e-01 9.991238740519469141e-01 9.989620990151600877e-01
9.988679629641220581e-01 9.988286090322748834e-01 9.988465458038920941e-01 9.987443735272648615e-01 9.988533286527613297e-01 9.991725556352342164e-01 9.990244489485483603e-01 9.987835102256239495e-01 9.972404438514853586e-01 9.989196536901651102e-01
9.989159830449134692e-01 9.989134057253801213e-01 9.987263424375386611e-01 9.989481368614877566e-01 9.984871157099567407e-01 9.988595992261578571e-01 9.989343541838885399e-01 9.985284915620739055e-01 9.990966986303030373e-01 9.991447807843839568e-01
9.984297195074358644e-01 9.989389017285585926e-01 9.985715378336922354e-01 9.989100160810596707e-01 9.987501025761730267e-01 9.985445618733190809e-01 9.985010123275330773e-01 9.982442571312413193e-01 9.988500337566181830e-01 9.988286902072280871e-01
9.988668423389229778e-01 9.990904347031590582e-01 9.987312206415053240e-01 9.988225948813697075e-01 9.989157182818839686e-01 9.984148197562469074e-01 9.990655298404513829e-01 9.985242867429979796e-01 9.987148318825858073e-01 9.988669414569634197e-01
9.988995258288484447e-01 9.986689174357268328e-01 9.985597416360498801e-01 9.987467664452215343e-01 9.989084022900230897e-01 9.986178323670598100e-01 9.987256436724174513e-01 9.984935384684565651e-01 9.987392316470388165e-01 9.982633528101675369e-01
9.991047332049818319e-01 9.990070928132489536e-01 9.987820998501258929e-01 9.986925384720920507e-01 9.990440644893947564e-01 9.987916559724404619e-01 9.988121589628893293e-01 9.986279257397349118e-01 9.987295605607520166e-01 9.985151370715715791e-01
9.988253217966265307e-01 9.987533099718612917e-01 9.986640697752500184e-01 9.992019884639973260e-01 9.986928816658254826e-01 9.986847017619044919e-01 9.986596166707288891e-01 9.986870152291836833e-01 9.989037124409804180e-01 9.988097765582347742e-01
9.989755589543578562e-01 9.987989576435447603e-01 9.991170167748084641e-01 9.987062937086657044e-01 9.989550749813413955e-01 9.988739626266093241e-01 9.989081534572747945e-01 9.989592662767524667e-01 9.987153469892352531e-01 9.991124806728766128e-01
9.989421399897964182e-01 9.988813977592625459e-01 9.989185360028084437e-01 9.990466508595855499e-01 9.987426714695757379e-01 9.991242894756416915e-01 9.989499114861485340e-01 9.988371981868124916e-01 9.985895317135936589e-01 9.988524336674687865e-01
9.989801517181062795e-01 9.986792510773587761e-01 9.692197307378659366e-01 9.985084311019153391e-01 9.988670547178570835e-01 9.985662922274519682e-01 9.989850873463131942e-01 9.990494693748407373e-01 9.985166219497656481e-01 9.991099259940998678e-01
9.987689495598810474e-01 9.987406557249507433e-01 9.985721344983974346e-01 9.986893222318676822e-01 9.987807809527053937e-01 9.989449042085757346e-01 9.988208862546049671e-01 9.984280510300089784e-01 9.985218857300049988e-01 9.985140859968413274e-01
9.988542974571147370e-01 9.987092873376660629e-01 9.990776372075353962e-01 9.985542313147949267e-01 9.986973944369614831e-01 9.988429679208160605e-01 9.986949464805509047e-01 9.987718752190207772e-01 9.989183530757755891e-01 9.987467561523416526e-01
9.988073770904877247e-01 9.985592961597035133e-01 9.989755340517902926e-01 9.988271119803551201e-01 9.985251637513223866e-01 9.986567999827690167e-01 9.988968184584501309e-01 9.983994199123884528e-01 9.988335211928289770e-01 9.930017090142750913e-01
9.987981612481754423e-01 9.989356237896673818e-01 9.981328665509600073e-01 9.990536874841287052e-01 9.990149789149185278e-01 9.990169591330608778e-01 9.989051803083920378e-01 9.987185397241937768e-01 9.987066203604729742e-01 9.988266056043280106e-01
9.987652005079874495e-01 9.987853528159674754e-01 9.989102128045539430e-01 9.987614224640254390e-01 9.987907728265470464e-01 9.986816330720585944e-01 9.990612018524046567e-01 9.986294470044732030e-01 9.985792089402804050e-01 9.987756156065712432e-01
9.986530515841507416e-01 9.989010043931498828e-01 9.986616605495863830e-01 9.986516055874246067e-01 9.985009760552686631e-01 9.983477318964240066e-01 9.987288950240544860e-01 9.988673112881232274e-01 9.984347858951129195e-01 9.987496194019925833e-01
9.985021825821656094e-01 9.989654691106961693e-01 9.987135989196452845e-01 9.989320236919791984e-01 9.983894954532821497e-01 9.988668521065142691e-01 9.985942089076612627e-01 9.987507009932726776e-01 9.986914647607777473e-01 9.989828444005196539e-01
9.988470529029791489e-01 9.987742719564381977e-01 9.989369768851804610e-01 9.989002307171385153e-01 9.988099005919081064e-01 9.989267867914488619e-01 9.988638488140568761e-01 8.398295357519311999e-01 9.988588739580327447e-01 9.989195250963105455e-01
9.986215392440029870e-01 9.990717815555105741e-01 9.990887272359457727e-01 9.987435349810823704e-01 9.983954098210843231e-01 9.986196033269290062e-01 9.989282467855531422e-01 9.989180239986982235e-01 9.987226620940776733e-01 9.991953937499868932e-01
9.990032220604352364e-01 9.991450205570808762e-01 9.989061768781881678e-01 9.731776762932273783e-01 9.989545211326253948e-01 9.989640563729912381e-01 9.989983944855918008e-01 9.988498163774266470e-01 9.989106620536578607e-01 9.987617820012185677e-01
9.989688622023339404e-01 9.988812337173595957e-01 9.986742123175653685e-01 9.989687201304157105e-01 9.988997149925670227e-01 9.986325783908623910e-01 9.989661365019517625e-01 9.987324234032542991e-01 9.985890797047037859e-01 9.986370882376921498e-01
9.986554425655009837e-01 9.984161751242379701e-01 9.991089111837434533e-01 9.985960628564587438e-01 9.988138589514075072e-01 9.984420287695978669e-01 9.986897327426302873e-01 9.984164337066991912e-01 9.989870777679504821e-01 9.988629334413133831e-01
9.986819807505231683e-01 9.986059201970974852e-01 9.985858263956518543e-01 9.986105197966870239e-01 9.990769397462522239e-01 9.987606348003097434e-01 9.989320324984212185e-01 9.988359497163162848e-01 9.990612160506323614e-01 9.986043856265810481e-01
9.986668365179858231e-01 9.986150434220265604e-01 9.986611545254230338e-01 9.990315169148186181e-01 9.986100520154249649e-01 9.991344011482555798e-01 9.989106308854848182e-01 9.989625047306182060e-01 9.987861069842761674e-01 9.991272915675698529e-01
9.988435583472995427e-01 9.987726362272574265e-01 9.987667790035011928e-01 9.988844569802730611e-01 9.984856574763975035e-01 9.989822030116869422e-01 9.989550305086543069e-01 9.989206376877953764e-01 9.985119798206355535e-01 9.986909956830093416e-01
9.987357931174943859e-01 9.987801283856216905e-01 9.989776676077187778e-01 9.988986468983049871e-01 9.986945231706206849e-01 9.990014213902611573e-01 9.986862532041745899e-01 9.983579459803966216e-01 9.986473041798559214e-01 9.988565908541977567e-01
9.987701465013534285e-01 9.984010691030963391e-01 9.989711900631456087e-01 9.985747429908347073e-01 9.988765169256061949e-01 9.991014232510070370e-01 9.990689072836698159e-01 9.982660501084047455e-01 9.988257959348207926e-01 9.989125722645707528e-01
9.986172792287268951e-01 9.988037147961553730e-01 9.986123111684466203e-01 9.874193880106054699e-01 9.986604890859608341e-01 9.982449675223914465e-01 9.985476736015286292e-01 9.985542772639280917e-01 9.992262908806613941e-01 9.987618728293584658e-01
9.987706938029501380e-01 9.988569887599876296e-01 9.989151060461525233e-01 9.987506617073516058e-01 9.986998291366078195e-01 9.989863707843792406e-01 9.985856268027087923e-01 9.987360765770415538e-01 9.989912098200558477e-01 9.989156145482217530e-01
9.985677689200073148e-01 9.984368898388727986e-01 9.087486434752797271e-01 9.985907369044815240e-01 9.991160988903661222e-01 9.990314289882201715e-01 9.986939038625654019e-01 9.990507236938160895e-01 9.986053618739675342e-01 9.987452441411246440e-01
9.989032781033850839e-01 9.985415181039339894e-01 9.988293626049598029e-01 9.989571410551770780e-01 9.983929116367369350e-01 9.989851125824230627e-01 9.986848225118867273e-01 9.991070220996622897e-01 9.988979360430138010e-01 9.988876363255548840e-01
9.986884884889676295e-01 9.988677487476851358e-01 9.988684629289644734e-01 9.986921595780516858e-01 9.988930918501676137e-01 9.984247945661571810e-01 9.987882350280884447e-01 9.990754041346429082e-01 9.990469187355939251e-01 9.988985201868210151e-01
9.988321001986745218e-01 9.987892422456887687e-01 9.991013540745474764e-01 9.990816830804657434e-01 9.989743797034865702e-01 9.984805271629738632e-01 9.988134797450696212e-01 9.989175354347873403e-01 9.991542582772438008e-01 9.987833347213783686e-01
9.987302587136309695e-01 9.988468348680220599e-01 9.985163374841379280e-01 9.989931047344037252e-01 9.990077985035127339e-01 9.990557375754756109e-01 9.988897009375085068e-01 9.982207148725447121e-01 9.988269598563463969e-01 9.986310954554282748e-01
9.989556191997536194e-01 9.991194428769988312e-01 9.986064888744253798e-01 9.986991025159156488e-01 9.990339678608740615e-01 8.778350255857392259e-01 9.984260848611359318e-01 9.986636822517621637e-01 9.988724579270925608e-01 9.990024497128415781e-01
9.987384560522666321e-01 9.988312823309895006e-01 9.987784660364289469e-01 9.987120705135172916e-01 9.989120591976282659e-01 9.989372185834979323e-01 9.989346356327393206e-01 9.989566275995581668e-01 9.986862082458825007e-01 9.986942426840963449e-01
9.986878416961250116e-01 9.989030469740645124e-01 9.985713921651085956e-01 9.985650335365563457e-01 9.987767291332009245e-01 9.989238521766151679e-01 9.987205752979876339e-01 9.987441146129557579e-01 9.987541508482822294e-01 9.990259639170961936e-01
9.987599011891953316e-01 9.989747573733976926e-01 9.988757786656897730e-01 9.987259004532907936e-01 9.988765006804882773e-01 9.986161675714716468e-01 9.987921443834548718e-01 9.989476230184247685e-01 9.991131616425826811e-01 9.987584312539251608e-01
9.987103780565186328e-01 9.989017933491387558e-01 9.989932906286367320e-01 9.989735309845415578e-01 9.983972824335267671e-01 9.989745410171601003e-01 9.989333538008476898e-01 9.988521100789287122e-01 9.987665667423097915e-01 9.987915632095513141e-01
9.988826382453276365e-01 9.991193373789033494e-01 9.988306864746683278e-01 9.984486722448390195e-01 9.989018653103554080e-01 9.986024192184739245e-01 9.989208686370312229e-01 9.990304823927582678e-01 9.987897504173444130e-01 9.989302264984842861e-01
9.988895212153655612e-01 9.987786643788810759e-01 9.988225110401361961e-01 9.987961487084682233e-01 9.989438794262384125e-01 9.987435868018232910e-01 9.987909449058478550e-01 9.990657743209045982e-01 9.984951077291260857e-01 9.986712418698046045e-01
9.989972164331637483e-01 9.985893753395028716e-01 9.987652013700868414e-01 9.990152396877683971e-01 9.987564023379219558e-01 9.988622827534744397e-01 9.985680066801354560e-01 9.988571216900675731e-01 9.987440180272988410e-01 9.989997456364830830e-01
9.990319150604882736e-01 9.985464109844520708e-01 9.987726152811726710e-01 9.989845949287373683e-01 9.986006466757969546e-01 9.986751665185080729e-01 9.989918819490055668e-01 9.986500699371736456e-01 9.988524457764889064e-01 9.987211838663888619e-01
9.986952798231779616e-01 9.987996713589262221e-01 9.986114938973024158e-01 9.990532576216051286e-01 9.988334237592416676e-01 9.988884773012831619e-01 9.985440744368735411e-01 9.988081854610731947e-01 9.989964889358734501e-01 9.986669178475022779e-01
9.987799018985697996e-01 9.987889350672384259e-01 9.986061063624614986e-01 9.989593865162350594e-01 9.990431836945022903e-01 9.986418768432243631e-01 9.988578376201642239e-01 9.990255921776022285e-01 9.988854813084850903e-01 9.987376987117659866e-01
9.989939046749194418e-01 9.988505496616342239e-01 9.988369883560573870e-01 9.989179474817171389e-01 9.988367465912207921e-01 9.985361265521732754e-01 9.988819257799395057e-01 9.987075692237175062e-01 9.987538056888142224e-01 9.988247327086268168e-01
9.987053351318634364e-01 9.987344198771633819e-01 9.984462362896395771e-01 9.985930182747179140e-01 9.988204270316268785e-01 9.985019871687702553e-01 9.986383261637711284e-01 9.986787534065056926e-01 9.989714674896787994e-01 9.987033330231456230e-01
9.987386736828632872e-01 9.986340899128292037e-01 9.988255576721707385e-01 9.991719574594937203e-01 9.988338486194059396e-01 9.992069431921551947e-01 9.988765680605969921e-01 9.988159150335280678e-01 9.986529881888546178e-01 9.986791417762405088e-01
9.986290113154178139e-01 9.985154662915272095e-01 9.986248247922367982e-01 9.985993573236380261e-01 9.987745052443121052e-01 9.988483863533987872e-01 9.985607762860263525e-01 9.983612546700622037e-01 9.990118339594181718e-01 9.989018824296609367e-01
9.989384470210513900e-01 9.988473263415300618e-01 9.984019178143774820e-01 9.983477796088965350e-01 9.983793563789319370e-01 9.987768937393887159e-01 9.873005534730814325e-01 9.990162361699935767e-01 9.987561855356075213e-01 9.986684476776082064e-01
9.988079978116953805e-01 9.983629186709098713e-01 9.987455891250411888e-01 9.986657497579226606e-01 9.988497667750045883e-01 9.987276289803963536e-01 9.987516246187181368e-01 9.987788480720427575e-01 9.988543997133302321e-01 9.986553770580657297e-01
9.987756222751910107e-01 9.987181803743058195e-01 9.987844979547167990e-01 9.988122874937360729e-01 9.989107439366251562e-01 9.989962595463846018e-01 9.988715139753215899e-01 9.988668088112377941e-01 9.988898755800729168e-01 9.988118000216278380e-01
9.986278829270004431e-01 9.988501444671511464e-01 9.988524319979575905e-01 9.989623528408128061e-01 9.986059520806037648e-01 9.989385894393486565e-01 9.990698539842720605e-01 9.989749437737530657e-01 9.984771311707210106e-01 9.991536341186125769e-01
9.990084947710157204e-01 9.987070976432552705e-01 9.985223287217284138e-01 9.988577293081160047e-01 9.989047285827280520e-01 9.988362423946592905e-01 9.988325145900128765e-01 9.989028971752442754e-01 9.988499165351606424e-01 9.986913684885788678e-01
9.990110557846010320e-01 9.986290671509998607e-01 9.986489544500550819e-01 9.983354818877516745e-01 9.990397684907613707e-01 9.985784523714477112e-01 9.991585553946892295e-01 9.985301917854227938e-01 9.987655400225085023e-01 9.706814405488278785e-01
9.989598530215886285e-01 9.990559543996496705e-01 9.988417068123882636e-01 9.987180990358700550e-01 9.988377690457670433e-01 9.987033510182666829e-01 9.988419526904387391e-01 9.989976563003942767e-01 9.985982602650802509e-01 9.990806233778315448e-01
9.986668536296992027e-01 9.987831384003287294e-01 9.988349451550159186e-01 9.989211836503267827e-01 9.989562180162609994e-01 9.990499035833959596e-01 9.990571687179163884e-01 9.989710647738518912e-01 9.990820256676695710e-01 9.989033662221271648e-01
9.989767131751557949e-01 9.989901523512997317e-01 9.987495527426134556e-01 9.989353719869547010e-01 9.983842961225108947e-01 9.987624938811365816e-01 9.987806277922254283e-01 9.982298620671877787e-01 9.987297077040493409e-01 9.901637758007882928e-01
9.990107859672132662e-01 9.987417058155539928e-01 9.987571041508099823e-01 9.989945571604514907e-01 9.987990104826371951e-01 9.986599618068870976e-01 9.985497444169276759e-01 9.990278908947333170e-01 9.990175735923867428e-01 9.983396686816575771e-01
9.988654994787177221e-01 9.990056578720560854e-01 9.986902179065870744e-01 9.990081551368453772e-01 9.987526683240892655e-01 9.987684598621537901e-01 9.988932033093697038e-01 9.987763999398792114e-01 9.989108194346277836e-01 9.990045720657909634e-01
9.986199950345611143e-01 9.989735782435111844e-01 9.987400722941400799e-01 9.987072808980371752e-01 9.989052774358492259e-01 9.990330565627252302e-01 9.989474000786237040e-01 9.988548262888933271e-01 9.988628575570522861e-01 9.985983394469043484e-01
9.989104297917700270e-01 9.990067012692792625e-01 9.988602243796697033e-01 9.987623482879999237e-01 9.986057294315330291e-01 9.988468713702499668e-01 9.990401654344958082e-01 9.990231632460395694e-01 9.988313690560670643e-01 9.990329225468931318e-01
9.989809353881184961e-01 9.987807982153397157e-01 9.985637775062852217e-01 9.990220012495066859e-01 9.988332629413635422e-01 9.987255111328419144e-01 9.989470553609746117e-01 9.989631949410223699e-01 9.988688566333719931e-01 9.988627190312647786e-01
9.986829843836130260e-01 9.986997233863454948e-01 9.986863990178939110e-01 9.985715662394375469e-01 9.989910350274292528e-01 9.988973638439345715e-01 9.988312284637754779e-01 9.988655975669487042e-01 9.989807989385161013e-01 9.988293922002542402e-01
9.989596591650238278e-01 9.986401349895007717e-01 9.988999638013038584e-01 9.987436006248532339e-01 9.989440304244846525e-01 9.987858152488729990e-01 9.988447015410509833e-01 9.988156743907854462e-01 9.987908048892583102e-01 9.984770566229773658e-01
9.986907755990704905e-01 9.981972138688598450e-01 9.989701654478102544e-01 9.988296861681836836e-01 9.987914986527547390e-01 9.989687696422656638e-01 9.988734462558774840e-01 9.987484706423074288e-01 9.987429843833225407e-01 9.990693223642785892e-01
9.986153399000249342e-01 9.986926072337213300e-01 9.985888946060752502e-01 9.979451334556672659e-01 9.990466033047863403e-01 9.989787960313581960e-01 9.989074520865294238e-01 9.986407827288846795e-01 9.989511636959291785e-01 9.990816910213323743e-01
9.982483819195794306e-01 9.985851148438131819e-01 9.985675871345656152e-01 9.988969691801213857e-01 9.989350502045887259e-01 9.988935644323705398e-01 9.990163714215573032e-01 9.988242621886631589e-01 9.989814345586115474e-01 9.983737968972492549e-01
9.987626354458659650e-01 9.986320452353036892e-01 9.986846187004103648e-01 9.988536884146969053e-01 9.989578775770807662e-01 9.985064050193431795e-01 9.989285645916109457e-01 9.987416839971697824e-01 9.983323189697966837e-01 9.989607182559608889e-01
9.976312109852016885e-01 9.986507903890031734e-01 9.991510569761246074e-01 9.988675887368655415e-01 9.988598095689859013e-01 9.988688565884142889e-01 9.989666667409223821e-01 9.988115907154903050e-01 9.989874991769860380e-01 9.990432999143173953e-01
9.986438424034931316e-01 9.990607316263737658e-01 9.989782024089542967e-01 9.989574019368021585e-01 9.986632915139815880e-01 9.988084919625019875e-01 9.986023647775487122e-01 9.988431460481160817e-01 9.988743542384754814e-01 9.986868899303792402e-01
9.988239025771323831e-01 9.986337370283157044e-01 9.988805644298568431e-01 9.991198989185208212e-01 9.990024232702612306e-01 9.986517141786320773e-01 9.986321425963088361e-01 9.988105778871843032e-01 9.985424344873816693e-01 9.988711609494334009e-01
9.984499250007633497e-01 9.990552363367813937e-01 9.988837472017110253e-01 9.986322912286754727e-01 9.986362479604881104e-01 9.987380666680403252e-01 9.990177415847619757e-01 9.985194435946213032e-01 9.988349974627118710e-01 9.989750813178676081e-01
9.987172433187053722e-01 9.989662156490010103e-01 9.985540677528181863e-01 9.986283730396789959e-01 9.989328890953789175e-01 9.986853975445133536e-01 9.988739143466990322e-01 9.986758873147406623e-01 9.983753829729427043e-01 9.986078830908836634e-01
9.989527346684334841e-01 9.986591436068533723e-01 9.985365904770358014e-01 9.989072308483524232e-01 9.987562339779750831e-01 9.986700270932801216e-01 9.989156913784380531e-01 9.984928059753839236e-01 9.988618676138243391e-01 9.988253918566549761e-01
9.987361725604704255e-01 9.991324331970805606e-01 9.986678373488324656e-01 9.984571857225221780e-01 9.986801072812500069e-01 9.988543497859592168e-01 9.986550038423285258e-01 9.989567965992086629e-01 9.987463899861181993e-01 9.984041035966133570e-01
9.989963598135637168e-01 9.988788425155175066e-01 9.985720853427365595e-01 9.987966379695764063e-01 9.990840592289473854e-01 9.991040176433499953e-01 9.989341308003222286e-01 9.989636675172062219e-01 9.984780531531948222e-01 9.989011264364637821e-01
9.987065323504795700e-01 9.988229452763759397e-01 9.987928919992298260e-01 9.990428396940701505e-01 9.988422465269801709e-01 9.988426253511951680e-01 9.987785428783058084e-01 9.985204813018091485e-01 9.988418508324892198e-01 9.991857409983614380e-01
9.985278513771921327e-01 9.984362707760761069e-01 9.988231432661144327e-01 9.989082331594881792e-01 9.990139739108625516e-01 9.988024034909115390e-01 9.986601359485063334e-01 9.990563279136103203e-01 9.985634492748662883e-01 9.989778610390982472e-01
9.989827299070922484e-01 9.989171201992200766e-01 9.988001543841473762e-01 9.988302890704940928e-01 9.979526744063452748e-01 9.990712524622532564e-01 9.988431321614787972e-01 9.985927850110287718e-01 9.986041110375692975e-01 9.986409343869073751e-01
9.991375519090164303e-01 9.989832389100663512e-01 9.989492012028321488e-01 9.985110822582777823e-01 9.986672584842086753e-01 9.988727911573687113e-01 9.984378721413550428e-01 9.987072425881925453e-01 9.991762312286210923e-01 9.987462983799819671e-01
9.988142769011782995e-01 9.893779461323775060e-01 9.989508838639209465e-01 9.972763810805581608e-01 9.988054573992920515e-01 9.988961179177882066e-01 9.988906085425159898e-01 9.989133114213336606e-01 9.987444043469035915e-01 9.987274995675514688e-01
9.989734709074450381e-01 9.985992991976084809e-01 9.984519441435608655e-01 9.985547020512635097e-01 9.990284495216797955e-01 9.986207376842967109e-01 9.990050820725130398e-01 9.986796450323316421e-01 9.989080158447803948e-01 9.981957144315262154e-01
9.987729490336296756e-01 9.987954432562583529e-01 9.991042541068119176e-01 9.990006318169900590e-01 9.989114937441740949e-01 9.988743686230482366e-01 9.987668642482619985e-01 9.987532784243889905e-01 9.985566893084631968e-01 9.986295079190833368e-01
9.989797326705418534e-01 9.990562442122487008e-01 9.987399328598111081e-01 9.784450211883843895e-01 9.987763870816547263e-01 9.984952544198346658e-01 9.990502587358925934e-01 9.989651357239380802e-01 9.989402371356167487e-01 9.990351286954625154e-01
