9.999858388994999903e-01 9.999976975493559683e-01 9.999958182366734949e-01 9.999852560286037750e-01 9.999799566687892494e-01 9.999978829518603174e-01 9.999916591686740519e-01 9.999967999492035409e-01 9.999854306358929579e-01 9.999937991736037590e-01
9.999931423693828592e-01 9.999810828701503063e-01 9.999891898379205113e-01 9.999968502123915970e-01 9.999895139931659349e-01 9.999977096787602271e-01 9.999894968591046540e-01 9.999936853091893063e-01 9.999923716600485069e-01 9.999875653687342325e-01
9.999896192959395469e-01 9.999931649408648759e-01 9.999845078173088542e-01 9.999953230744421662e-01 9.999944784701274569e-01 9.999813142012234923e-01 9.999932383360229382e-01 9.999881009967208634e-01 9.999952328469277063e-01 9.999806587155216642e-01
9.999826142405728868e-01 9.999922444270306077e-01 9.999988725299353565e-01 9.999755036498995109e-01 9.999949174063174073e-01 9.999955214899275413e-01 9.999963247533718569e-01 9.999892744818100754e-01 9.999960829634497728e-01 9.999943748051692838e-01
9.999895966574275930e-01 9.999794968999519140e-01 9.999910992249635422e-01 9.999872034245818053e-01 9.999728688000487642e-01 9.999811164632403937e-01 9.999883862004094182e-01 9.999257657179680958e-01 9.999952117343655633e-01 9.999901437210151345e-01
9.999926875597657805e-01 9.999644673849465981e-01 9.999947884786509755e-01 9.999922005214172405e-01 9.999929422751596686e-01 9.999867150232273350e-01 9.999930237340917127e-01 9.999899480579479416e-01 9.999967609287253589e-01 9.999965254974612083e-01
9.999867073576945709e-01 9.999963560342032265e-01 9.999943568631249891e-01 9.999830426300804209e-01 9.999933685061822564e-01 9.999812617522019220e-01 9.999969023623743736e-01 9.999851898258196314e-01 9.999860983865305197e-01 9.999824258517733266e-01
9.999885518255420269e-01 9.999964588836353085e-01 9.999948044552150472e-01 9.999892276252221324e-01 9.999968191693801023e-01 9.999918534961378391e-01 9.999964207953148110e-01 9.999947337137796710e-01 9.999903895775636986e-01 9.999920770488498478e-01
9.999967064218332480e-01 9.999958134062317816e-01 9.999964956379993053e-01 9.999925098131589030e-01 9.999901627334504273e-01 9.999968974685250478e-01 9.999888269809096286e-01 9.999851695995567447e-01 9.999966602779626346e-01 9.999963819574159141e-01
9.999951652791040368e-01 9.999889284984527782e-01 9.999899166648402726e-01 9.999775230492100597e-01 9.999969183752985824e-01 9.999875324714480040e-01 9.999875383991647659e-01 9.999396192069998079e-01 9.999912318552999224e-01 9.999962721258707221e-01
9.999848714739606459e-01 9.999937756169994252e-01 9.999897444498392352e-01 9.999934877564393698e-01 9.999969843197024089e-01 9.999852634603255686e-01 9.999984292329082702e-01 9.999892869965180120e-01 9.999964724480466804e-01 9.999928210393957961e-01
9.999977091338791979e-01 9.999810923867579193e-01 9.999885537778828715e-01 9.999937794790324519e-01 9.999967775202369680e-01 9.999907426153205048e-01 9.999903541398011964e-01 9.999902326612492010e-01 9.999965870996628814e-01 9.999914862472856214e-01
9.999859750536170822e-01 9.999881469698624903e-01 9.999827297270068582e-01 9.999969507737146435e-01 9.999956609019942100e-01 9.999933993436924684e-01 9.999885821662397589e-01 9.999940332002068555e-01 9.999992166754008149e-01 9.999921700158805882e-01
9.999986228147007550e-01 9.999811915448002519e-01 9.999768587618561577e-01 9.999900181554162160e-01 9.999946765746650090e-01 9.999883168142841283e-01 9.999924555667888404e-01 9.999736148414467563e-01 9.999880817114161768e-01 9.999744974389299657e-01
9.999894700101101819e-01 9.999902553850978926e-01 9.999958818114197401e-01 9.999985309809519274e-01 9.999907030550511111e-01 9.999948227178434568e-01 9.999962033017892882e-01 9.999933981710761310e-01 9.999905367895635111e-01 9.999866904850565064e-01
9.999961564114534518e-01 9.999961651611676272e-01 9.999934066546000144e-01 9.999923420806113850e-01 9.999807413995942529e-01 9.999850337651121635e-01 9.999989397857643736e-01 9.999808868501456338e-01 9.999842970177242885e-01 9.999960979997034594e-01
9.999928697785627207e-01 9.999843028845080140e-01 9.999983192648563834e-01 9.999914621537023818e-01 9.999938509991280755e-01 9.999944197806197588e-01 9.999969943923459059e-01 9.999809864720382580e-01 9.999962807264505260e-01 9.999936502228461421e-01
9.999932684832505414e-01 9.999952653840535888e-01 9.999985216354400075e-01 9.999963858517174620e-01 9.999968630432339856e-01 9.999929806590149850e-01 9.999975023547221786e-01 9.999937209513832803e-01 9.999931404982775884e-01 9.999779932311503305e-01
9.999929611802891305e-01 9.999825616201700740e-01 9.999969875383901696e-01 9.999936815083187991e-01 9.999816375136126867e-01 9.999912566569941763e-01 9.999922419647107041e-01 9.999897200123609720e-01 9.999973446684079503e-01 9.999933841204969864e-01
9.999876511167491433e-01 9.999934926167691751e-01 9.999875610830144534e-01 9.999913305089074278e-01 9.999915773011942566e-01 9.999943952783041379e-01 9.999949805363717026e-01 9.999875030046782021e-01 9.999908464036096900e-01 9.999974919442052856e-01
9.999903644309433570e-01 9.999911931682056165e-01 9.999876525141544459e-01 9.999930453113800022e-01 9.999967327508278991e-01 9.999928517722048715e-01 9.999949130007447229e-01 9.999892647600202578e-01 9.999850986084822813e-01 9.999952078884347673e-01
9.999939316110675325e-01 9.999920316276750265e-01 9.999925805900647946e-01 9.999988593456436980e-01 9.999958952524788947e-01 9.999900266500441059e-01 9.999823662194342599e-01 9.999946642911103911e-01 9.999943102920515470e-01 9.999981880475333762e-01
9.999963467906010095e-01 9.999950746495459564e-01 9.999919266331006584e-01 9.999774123355643640e-01 9.999933512177581196e-01 9.999950087248704600e-01 9.999844219834631565e-01 9.999932697048488084e-01 9.999915505250557279e-01 9.999928030896112485e-01
9.999938283168737785e-01 9.999833481622198983e-01 9.999973470214468252e-01 9.999917026496001338e-01 9.999846399909059214e-01 9.999802278861172899e-01 9.999946883576337209e-01 9.999854890414556774e-01 9.999930744608704902e-01 9.999894838345241288e-01
9.999883522957334625e-01 9.999898175522164978e-01 9.999957266146011214e-01 9.999938555892833314e-01 9.999958216671874789e-01 9.999896609537236580e-01 9.999941902084691359e-01 9.999945669149028493e-01 9.999895104541545177e-01 9.999908117967101218e-01
9.999942101122284432e-01 9.999908053199465519e-01 9.999952499891647806e-01 9.999812243578597437e-01 9.999979942156352886e-01 9.999915095598438386e-01 9.999945147905250353e-01 9.999944553497492894e-01 9.999932094112145009e-01 9.999960103073993745e-01
9.999983625214361460e-01 9.999905386923739758e-01 9.999946826473660177e-01 9.999955157180945298e-01 9.999959002228445692e-01 9.999797968930801417e-01 9.999905789622722807e-01 9.999290894510357575e-01 9.999917113510762290e-01 9.999310274851244129e-01
9.999886412497875909e-01 9.999885160887647118e-01 9.999908058642097419e-01 9.999929684688869669e-01 9.999952590830798460e-01 9.999913892580079011e-01 9.999916546675200468e-01 9.999964900804757528e-01 9.999957894443478601e-01 9.999906192628887913e-01
9.999909346020493528e-01 9.999752064464315637e-01 9.999945753377783575e-01 9.999907815135957723e-01 9.999903616744530988e-01 9.999882341414644271e-01 9.999849827950921810e-01 9.999983532749416870e-01 9.999974367168146250e-01 9.999961519319426895e-01
9.999868401112687044e-01 9.999945210393571537e-01 9.999963345860531927e-01 9.999820939298883493e-01 9.999935633738806784e-01 9.999942499952694241e-01 9.999945311866936803e-01 9.999929658269682831e-01 9.999944698390068609e-01 9.999877624055885095e-01
9.999983401089964641e-01 9.999970058804786843e-01 9.999979461978696360e-01 9.999965754441899612e-01 9.999961674655944988e-01 9.999919188943880988e-01 9.999896809186125113e-01 9.999949392683381566e-01 9.999962668058463011e-01 9.999944981605285443e-01
9.999979248334985860e-01 9.999973362352228001e-01 9.999929298061392968e-01 9.999987192625106047e-01 9.999939018303182214e-01 9.999852231616007670e-01 9.999934089429757256e-01 9.999915809220085716e-01 9.999790115450039041e-01 9.999985045590193966e-01
9.999955704330997230e-01 9.999960364632171084e-01 9.999953779785232255e-01 9.999890733555899525e-01 9.999984726670559931e-01 9.999980183758856445e-01 9.999957940910284560e-01 9.999940803288863700e-01 9.999954300173381494e-01 9.999959137782433727e-01
9.999946749630010956e-01 9.999950126217985735e-01 9.999892425103220628e-01 9.999950101421885007e-01 9.999925480436510083e-01 9.999950248591159552e-01 9.999970717728159375e-01 9.999882002044044871e-01 9.999836720311675586e-01 9.999847878488865582e-01
9.999868472921500384e-01 9.999967652369086135e-01 9.999730337657740664e-01 9.999968944025852124e-01 9.999907223718148552e-01 9.999935302583883301e-01 9.999963145892810656e-01 9.999915810225272761e-01 9.999928594590721254e-01 9.999945753016939998e-01
9.999939190352296059e-01 9.999861886801968414e-01 9.999979783648981213e-01 9.999967986963099742e-01 9.999976094602454069e-01 9.999947487643429112e-01 9.999921468848755879e-01 9.999970063489088679e-01 9.999902567985488044e-01 9.999968712737908882e-01
9.999950143958998838e-01 9.999889629162128646e-01 9.999952339999630402e-01 9.999946856706742881e-01 9.999990760827870417e-01 9.999973585955704847e-01 9.999915990273680055e-01 9.999938169170823343e-01 9.999949706848828557e-01 9.999874437194674615e-01
9.999889229027398851e-01 9.999966179278555467e-01 9.999955547221178742e-01 9.999922936796906692e-01 9.999965136436888002e-01 9.999982752480757187e-01 9.999931595277579133e-01 9.999975973580875754e-01 9.999897130571963055e-01 9.999959001236725653e-01
9.999865087886404824e-01 9.999947183871863432e-01 9.999886525897423439e-01 9.999979552223682289e-01 9.999953527135901910e-01 9.999979158220125841e-01 9.999947754292501934e-01 9.999877350770763895e-01 9.999847540164270576e-01 9.999899438415568165e-01
9.999899091134111240e-01 9.999841553629772450e-01 9.999894843940760891e-01 9.999905046460603186e-01 9.999964543957724494e-01 9.999981058667394285e-01 9.999898648937856072e-01 9.999913962593066641e-01 9.999884830643865907e-01 9.999802980561398602e-01
9.999912597872652187e-01 9.999971853578230041e-01 9.999865476515054086e-01 9.999963043724693357e-01 9.999951010273001595e-01 9.999826586669896544e-01 9.999964129192802087e-01 9.999977809377296190e-01 9.999977107141068133e-01 9.999964422781302265e-01
9.999950377754798225e-01 9.999879792788861632e-01 9.999958314076087262e-01 9.999888624366869427e-01 9.999877591472952076e-01 9.999881321237362730e-01 9.999954320526793783e-01 9.999750087332969217e-01 9.999929975664402226e-01 9.999840217035573797e-01
9.999898742551474040e-01 9.999932932857467094e-01 9.999954335143024231e-01 9.999922541061501136e-01 9.999931337565666212e-01 9.999833740903683044e-01 9.999949803289870376e-01 9.999970712291413877e-01 9.999963885793928808e-01 9.999930391358538007e-01
9.999568877738942430e-01 9.999953633612048698e-01 9.999840106653773431e-01 9.999876945308106002e-01 9.999964945357570079e-01 9.999880399898262162e-01 9.999933630306435672e-01 9.999763796918236247e-01 9.999952691384164094e-01 9.999913585143556105e-01
9.999913713787220715e-01 9.999853639179961950e-01 9.999962634193169109e-01 9.999874260614164401e-01 9.999922656845479096e-01 9.999947913770274033e-01 9.999915734188687955e-01 9.999936949938543762e-01 9.999931138942615982e-01 9.999928313613909436e-01
9.999935605461834909e-01 9.999897294505963874e-01 9.999957023600136718e-01 9.999942412998246155e-01 9.999961902982181794e-01 9.999947221092332361e-01 9.999898340725317247e-01 9.999960217976101573e-01 9.999986017550928086e-01 9.999983646662586878e-01
9.999976993350819798e-01 9.999923075561347741e-01 9.999955957898367664e-01 9.999864420070300186e-01 9.999884588786280837e-01 9.999935124220222793e-01 9.999899979742601364e-01 9.999925118101720134e-01 9.999975936285038225e-01 9.999846970645320798e-01
9.999873664388857497e-01 9.999946901829674939e-01 9.999743759252605058e-01 9.999958435261863121e-01 9.999933998764796161e-01 9.999714003468493928e-01 9.999962382420514162e-01 9.999954725228472618e-01 9.999975394968595444e-01 9.999974041153905091e-01
9.999899914067040818e-01 9.999689354106369166e-01 9.999941317773594074e-01 9.999956993361679425e-01 9.999862018688221443e-01 9.999958614129688117e-01 9.999934589589274392e-01 9.999853797426061508e-01 9.999814701687000928e-01 9.999938308435663004e-01
9.999970515535847593e-01 9.999757296174569543e-01 9.999651019211365233e-01 9.999918164198653425e-01 9.999961718087206908e-01 9.999852280554073491e-01 9.999839628944084957e-01 9.999848707766059164e-01 9.999642495122375019e-01 9.999556056731120357e-01
9.999969328295552629e-01 9.999981573115341860e-01 9.999900810976509735e-01 9.999962400902033810e-01 9.999932820821114676e-01 9.999973298827879997e-01 9.999943048391374267e-01 9.999907319041018150e-01 9.999776537204939642e-01 9.999923784274911132e-01
9.999646418262674308e-01 9.999910207092415071e-01 9.999952389252411145e-01 9.999952736440873569e-01 9.999753824625394749e-01 9.999942316296118738e-01 9.999942623713897749e-01 9.999873336333495732e-01 9.999927857263793962e-01 9.999947763075652807e-01
9.999950800994141797e-01 9.999932866051850500e-01 9.999948664147987332e-01 9.999994928850840514e-01 9.999957871282214583e-01 9.999970122871827405e-01 9.999583618153747855e-01 9.999948654780220769e-01 9.999870533184590515e-01 9.999890073688442182e-01
9.999963717296476151e-01 9.999801074885880103e-01 9.999855802551542716e-01 9.999942173621227948e-01 9.999828467484948025e-01 9.999876977503709963e-01 9.999695803364232471e-01 9.999730677818252644e-01 9.999956129264914173e-01 9.999938969328558969e-01
9.999677252391154791e-01 9.999949800341276784e-01 9.999825037462225508e-01 9.999547952591723021e-01 9.999937768201112576e-01 9.999904473585470299e-01 9.999954311590543155e-01 9.999901803612947226e-01 9.999959465780534629e-01 9.999901915118355467e-01
9.999930148224034365e-01 9.999932654409063870e-01 9.999875485891978055e-01 9.999939376466792096e-01 9.999891215094390828e-01 9.999757494804872859e-01 9.999939123134156116e-01 9.999925690110218479e-01 9.999914103551398314e-01 9.999825240949025140e-01
9.999956000274872192e-01 9.999864291785536263e-01 9.999984849044268875e-01 9.999966605671508635e-01 9.999957237214427419e-01 9.999881811039482704e-01 9.999870491207927259e-01 9.999930166797584841e-01 9.999904846013673021e-01 9.999961341440465334e-01
9.999893976544445007e-01 9.999929944436733997e-01 9.999842364825458629e-01 9.999952307631353454e-01 9.999937341334526053e-01 9.999882750875878079e-01 9.999794263915605663e-01 9.999895048980184109e-01 9.999930804124210759e-01 9.999877696852019771e-01
9.999958783499975912e-01 9.999945363231510509e-01 9.999846315680716025e-01 9.999811394036218770e-01 9.999671678773076611e-01 9.999798067203189422e-01 9.999773645041913905e-01 9.999924830775239748e-01 9.999941341222490232e-01 9.999834979732606932e-01
9.999837677953907766e-01 9.999924546435111639e-01 9.999780156281009580e-01 9.999921844132457771e-01 9.999938767755461866e-01 9.999940316613757929e-01 9.999968917579779015e-01 9.999908466019608033e-01 9.999923322244449464e-01 9.999924277227575375e-01
9.999981014244266886e-01 9.999923959904433168e-01 9.999891900977618819e-01 9.999920677910050237e-01 9.999951963315766301e-01 9.999959188218325856e-01 9.999959966252944810e-01 9.999926311432051351e-01 9.999958359195123547e-01 9.999945473500945203e-01
9.999862202011645662e-01 9.999949009844667502e-01 9.999947359204218733e-01 9.999851983110286113e-01 9.999956220803811746e-01 9.999944372401373682e-01 9.999961460000600377e-01 9.999928828748385623e-01 9.999916232428474050e-01 9.999908523334578581e-01
9.999955276012847394e-01 9.999991184024770163e-01 9.999927942808334302e-01 9.999959319435577365e-01 9.999935444354240976e-01 9.999958046731108885e-01 9.999944817746190262e-01 9.999903382602192137e-01 9.999969345516557251e-01 9.999861929130493543e-01
9.999984099400914817e-01 9.999910989806221062e-01 9.999765586774641557e-01 9.999945173036602908e-01 9.999789695500043152e-01 9.999845113007072017e-01 9.999982256177437634e-01 9.999970960460075053e-01 9.999963336919770462e-01 9.999924971214310121e-01
9.999874726369806233e-01 9.999913404879740009e-01 9.999967384519339308e-01 9.999814959257754543e-01 9.999971873898065855e-01 9.999670207208242179e-01 9.999820702059868394e-01 9.999719010876714220e-01 9.999884290931373432e-01 9.999859117011570264e-01
9.999961000905530639e-01 9.999776201027305023e-01 9.999974562656011035e-01 9.999955322472955377e-01 9.999968861652818175e-01 9.999926450710077130e-01 9.999892725644643487e-01 9.999861737027326836e-01 9.999848065544555409e-01 9.999936196633478769e-01
9.999945727845176435e-01 9.999938259068614776e-01 9.999949342820614318e-01 9.999947411119991525e-01 9.999909578087265993e-01 9.999937120719899486e-01 9.999777031806945660e-01 9.999964775833213304e-01 9.999803892183094511e-01 9.999840829419421873e-01
9.999942499396075046e-01 9.999942366279611639e-01 9.999939052414112961e-01 9.999970371758136745e-01 9.999921379840960300e-01 9.999938231431197977e-01 9.999924948729442820e-01 9.999938427065738766e-01 9.999989801384234767e-01 9.999958112436556634e-01
9.999987020851851538e-01 9.999845730703915692e-01 9.999949443326667797e-01 9.999874929667964540e-01 9.999948823816849908e-01 9.999919496237434924e-01 9.999874665763797132e-01 9.999918842766085669e-01 9.999721074487741834e-01 9.999910147812227645e-01
9.999882219255944449e-01 9.999991417743535616e-01 9.999628016974893008e-01 9.999907862529208158e-01 9.999847942992898808e-01 9.999918878614260098e-01 9.999948824280249227e-01 9.999931762723620610e-01 9.999842589794351033e-01 9.999924653254530504e-01
9.999942759753134292e-01 9.999957367509196837e-01 9.999965468773052146e-01 9.999961664888790125e-01 9.999609962588377199e-01 9.999953078766732339e-01 9.999972247500660272e-01 9.999968515553635529e-01 9.999920058147557800e-01 9.999828067555881494e-01
9.999869669308961706e-01 9.999898107849732876e-01 9.999947016539905142e-01 9.999936148302023264e-01 9.999977764180343343e-01 9.999974746397614078e-01 9.999871447042505412e-01 9.999973996204433169e-01 9.999917463104276427e-01 9.999900825496338408e-01
9.999943508442634688e-01 9.999983395933278452e-01 9.999963233524661321e-01 9.999922716982944104e-01 9.999989443827265179e-01 9.999966724625491965e-01 9.999920252628108353e-01 9.999899896482331574e-01 9.999939516654523519e-01 9.999980407143731487e-01
9.999851191709148157e-01 9.999875051247891777e-01 9.999910930484491312e-01 9.999982177081060408e-01 9.999755981923453829e-01 9.999904272535853345e-01 9.999783007362004206e-01 9.999863197716698515e-01 9.999965623540862936e-01 9.999956749638412301e-01
9.999896807892459938e-01 9.999938998050471595e-01 9.999863976316428760e-01 9.999974452704806227e-01 9.999852734701725199e-01 9.999932947373986192e-01 9.999923543040974971e-01 9.999992151466553514e-01 9.999793249332683542e-01 9.999971226142042591e-01
9.999907830894531058e-01 9.999814960371318229e-01 9.999900890767018380e-01 9.999957383761188812e-01 9.999794518802287424e-01 9.999943432317013325e-01 9.999969631751320920e-01 9.999534963172967972e-01 9.999877612367825686e-01 9.999975172353670061e-01
9.999888304300467157e-01 9.999913140401146538e-01 9.999962600533509605e-01 9.999884193122805520e-01 9.999823502460220004e-01 9.999992893879464662e-01 9.999846712105665558e-01 9.999936164859305476e-01 9.999958893305171959e-01 9.999874908373813653e-01
9.999865769975345708e-01 9.999949008782825777e-01 9.999915806396327822e-01 9.999884112034261863e-01 9.999845365038906309e-01 9.999927089742315367e-01 9.999859498582445161e-01 9.999865428237288967e-01 9.999724817095344553e-01 9.999913807479754446e-01
9.999837506227121642e-01 9.999924547030193400e-01 9.999942743991341310e-01 9.999895196259488417e-01 9.999927723631532039e-01 9.999935411710297872e-01 9.999957570244334404e-01 9.999793432135676285e-01 9.999878010568790110e-01 9.999887921551672276e-01
9.999823934620875043e-01 9.999893357602382959e-01 9.999966441198631095e-01 9.999916337434737734e-01 9.999910360284459676e-01 9.999988370306904795e-01 9.999867178928079081e-01 9.999978020253669220e-01 9.999935419944102621e-01 9.999937190498021655e-01
9.999828144810595232e-01 9.999926199191511156e-01 9.999902246721918964e-01 9.999940735456711582e-01 9.999967551616165684e-01 9.999793044721206892e-01 9.999733196811061431e-01 9.999901685911158911e-01 9.999946511541221161e-01 9.999952002262512130e-01
9.999939262113374250e-01 9.999954525208010203e-01 9.999944364106404526e-01 9.999888634180935654e-01 9.999892625914925670e-01 9.999870721833858944e-01 9.999896901833933427e-01 9.999932411908463159e-01 9.999931596776134857e-01 9.999899068398647728e-01
9.999925103887998823e-01 9.999764627477650825e-01 9.999806150459122911e-01 9.999886915598152903e-01 9.999928378723569322e-01 9.999976788590501098e-01 9.999903514365025003e-01 9.999938286700743584e-01 9.999908346996226882e-01 9.999927016669003521e-01
9.999954943695300580e-01 9.999935638208614641e-01 9.999835279396126486e-01 9.999809753459487638e-01 9.999937419775389857e-01 9.999992042446947949e-01 9.999914091564808816e-01 9.999888755973499466e-01 9.999870592344740627e-01 9.999810043468697618e-01
9.999845034717885772e-01 9.999834772020234075e-01 9.999940639250072261e-01 9.999886459177206310e-01 9.999965258854706107e-01 9.999952845673687474e-01 9.999925489676986246e-01 9.999830006076232403e-01 9.999932805525822976e-01 9.999956722791329966e-01
9.999828754339747938e-01 9.999889412972616798e-01 9.999917201789370047e-01 9.999905338347746531e-01 9.999816317401526433e-01 9.999893514103217473e-01 9.999950156871173501e-01 9.999871667776331075e-01 9.999908506483867754e-01 9.999926793687106130e-01
9.999936630614286726e-01 9.999977645132579473e-01 9.999857945472178100e-01 9.999815795106433702e-01 9.999868727738734364e-01 9.999953450028684632e-01 9.999873870390629804e-01 9.999926199635805757e-01 9.999977608899763837e-01 9.999649158056186371e-01
9.999829652111364986e-01 9.999835688260274580e-01 9.999907675030752507e-01 9.999664942143688950e-01 9.999788292795881439e-01 9.999922433348422679e-01 9.999869314002838294e-01 9.999974523203001286e-01 9.999962407993014946e-01 9.999968605133636723e-01
9.999948866243580925e-01 9.999967575201905712e-01 9.999935414345144657e-01 9.999955840230994042e-01 9.999931559725860897e-01 9.999970489941116814e-01 9.999977319979568291e-01 9.999918361555232282e-01 9.999900179992627924e-01 9.999917443927202054e-01
9.999890454964122100e-01 9.999692845154705134e-01 9.999924273080950110e-01 9.999948260520850063e-01 9.999845527568890224e-01 9.999899683575244058e-01 9.999933034365078299e-01 9.999928092661792833e-01 9.999885693760954819e-01 9.999896704664378300e-01
9.999856431564355663e-01 9.999849471133910317e-01 9.999951327202476481e-01 9.999905185208002312e-01 9.999921731577182671e-01 9.999945525680443703e-01 9.999912596519502372e-01 9.999900366022627107e-01 9.999970572146078540e-01 9.999801048797464231e-01
9.999920824120509533e-01 9.999904019463504712e-01 9.999890064139080881e-01 9.999965625202227315e-01 9.999988400346837558e-01 9.999477680860353601e-01 9.999689242062534955e-01 9.999958067370157133e-01 9.999936166306487850e-01 9.999739823258652072e-01
9.999902366116805164e-01 9.999947876725356899e-01 9.999869778359830041e-01 9.999936933358298807e-01 9.999836221561320126e-01 9.999921083491527529e-01 9.999917503624693449e-01 9.999940179550307340e-01 9.999917611336723855e-01 9.999952284747168907e-01
9.999901988941731767e-01 9.999896515233624994e-01 9.999987353829783432e-01 9.999896056626312868e-01 9.999882194064675378e-01 9.999917371376507713e-01 9.999978155353225207e-01 9.999929802870036744e-01 9.999842146500015350e-01 9.999978798992531503e-01
9.999945830544628711e-01 9.999840764957095285e-01 9.999959665902643513e-01 9.999880821379559803e-01 9.999920728654874136e-01 9.999446185601922332e-01 9.999876991793448244e-01 9.999900149286392592e-01 9.999896294140868669e-01 9.999929551155548602e-01
9.999950292642134642e-01 9.999861299913845869e-01 9.999919167560965549e-01 9.999873701448749319e-01 9.999966185337914037e-01 9.999965636033666394e-01 9.999978482346238984e-01 9.999975668258321848e-01 9.999941138988862610e-01 9.999964042240890860e-01
9.999933591386770404e-01 9.999756597387211565e-01 9.999867248373724982e-01 9.999955135567054620e-01 9.999453463000345099e-01 9.999891881918399061e-01 9.999734297624994772e-01 9.999957850347148680e-01 9.999879061404773894e-01 9.999971077610769754e-01
9.999927003268431758e-01 9.999979765725998115e-01 9.999861231353988078e-01 9.999923627747795418e-01 9.999954314683264789e-01 9.999894343182016421e-01 9.999973282983948275e-01 9.999915664524382519e-01 9.999950193600619652e-01 9.999974699141244150e-01
9.999980517832151028e-01 9.999986174395372185e-01 9.999939265283898093e-01 9.999948432135735699e-01 9.999821050275348178e-01 9.999808455905161431e-01 9.999926420112715819e-01 9.999953625618066555e-01 9.999855515904939596e-01 9.999900417969317390e-01
9.999978207621453841e-01 9.999923259547601750e-01 9.999872229356450148e-01 9.999897668980852750e-01 9.999911237621416094e-01 9.999933300719430207e-01 9.999881486404882391e-01 9.999915599192505944e-01 9.999955428672375746e-01 9.999922941546449673e-01
