9.827270585594612973e-01 9.813495197281977278e-01 9.664870394538872533e-01 9.926269134010419215e-01 9.909122253480027176e-01 9.843966977693265896e-01 9.614240561063592816e-01 9.903614694855662481e-01 9.696647887133342802e-01 9.899232832563928941e-01
9.898844285078446381e-01 9.890799088232667957e-01 9.928347456239692281e-01 9.929505612686849725e-01 9.871823052051026393e-01 9.761383767567872738e-01 9.114614703967046649e-01 9.894274457720223515e-01 9.381477728966737262e-01 9.813372011105521153e-01
9.792825727155407556e-01 9.803213463011483109e-01 9.838356778044992090e-01 9.893675755938056149e-01 9.907305793260373639e-01 9.806057825040861431e-01 6.097656344668358486e-01 9.913034980097760185e-01 9.738208168611822702e-01 9.795026278878494752e-01
9.760223539744277144e-01 9.912394147184886428e-01 9.885969531666405352e-01 9.899058176178580082e-01 9.687290893567842565e-01 9.805988074653610997e-01 9.011888058051618078e-01 9.668360707885348404e-01 9.941028596096647130e-01 9.715865477998201216e-01
9.893970114650443293e-01 9.707569660291605063e-01 9.946746881318224709e-01 9.788669657602339091e-01 9.922753828004844401e-01 8.811349299428509196e-01 9.880495405086885397e-01 9.930686592522450784e-01 9.893958880030220282e-01 9.878991962843020058e-01
9.774392733130734534e-01 9.854450522384693434e-01 9.862468126457127893e-01 9.837460295068941596e-01 9.937551688493664326e-01 9.925095346842132127e-01 9.809584998151615887e-01 9.852263928541994398e-01 9.880859654749487575e-01 9.876261702493032146e-01
9.207146219898089123e-01 9.841305784611767971e-01 9.854773204353586280e-01 9.877951570890822763e-01 9.901630160364282007e-01 9.918873021747182106e-01 9.874690691751334404e-01 9.898939195737576080e-01 9.792722910928590707e-01 9.752939932878255114e-01
9.881801284531129825e-01 9.931932083334513717e-01 8.937332366933836703e-01 9.945008623562004990e-01 9.371356530786980610e-01 9.920179301312991305e-01 9.759359176573757511e-01 9.252022739737577606e-01 9.940637110599175319e-01 9.236539470052037570e-01
9.930138703775791553e-01 9.787028798954691133e-01 9.478812105483009898e-01 9.593455160457061703e-01 9.921315202680616174e-01 9.893100670757285497e-01 9.654077329503856220e-01 9.914624476807536446e-01 9.852570904599438073e-01 9.736829986898998257e-01
9.928283885005065867e-01 9.904262494764843883e-01 9.794667499101619157e-01 9.820780773008790376e-01 9.569584190160582704e-01 9.488025386580437592e-01 9.849975406018821600e-01 9.855621278775267280e-01 9.943956696401855533e-01 9.917338380628407668e-01
9.381597488749922054e-01 9.187965747144849482e-01 9.847093917674082375e-01 9.830851117134902228e-01 9.706304916789048054e-01 9.682505636299285623e-01 9.764580294460537546e-01 9.924868948674581137e-01 9.929940245465324056e-01 9.931508140816687202e-01
9.776269204486736086e-01 9.898008044838336739e-01 9.952784282995622567e-01 9.866288244005619879e-01 9.932751480764699936e-01 9.794418651295730971e-01 9.938821631665076817e-01 9.897790588556282243e-01 9.908011875164312032e-01 9.900566468078204618e-01
9.484972277053097534e-01 9.916200705624821365e-01 9.922202822017516244e-01 9.934109088305926871e-01 9.752909496379086329e-01 9.562960614697626482e-01 9.915087662800214918e-01 9.918284764177220936e-01 9.817266708011721521e-01 9.843927070499921550e-01
9.836421634173827533e-01 9.867718193332560839e-01 9.823884457964586758e-01 9.439454213674685068e-01 9.923976050975237273e-01 9.906551261478389048e-01 9.875897520427411314e-01 9.770538975165432571e-01 9.785242772511542064e-01 9.280403382382885757e-01
9.780213722187853786e-01 9.198842657537249501e-01 9.946397982459164178e-01 9.343414192583666678e-01 9.891151843752818973e-01 9.855173643444125053e-01 9.806895045900768659e-01 9.684369605919123103e-01 9.874875685695558847e-01 9.212745812163838366e-01
9.868969526692960015e-01 9.864703777293024611e-01 9.942865369926126018e-01 9.814342811934531063e-01 9.867410543001570167e-01 9.912228795303074103e-01 9.909341382055010250e-01 9.844433417096416505e-01 9.706549334385101702e-01 9.841742429973009409e-01
9.877722157813186854e-01 9.901683942120924620e-01 9.719239838297547562e-01 9.910380624809872474e-01 9.745008314927676718e-01 9.869603697243932716e-01 9.891733002536037267e-01 9.684263883209804913e-01 9.884465778256656954e-01 9.923339672808498824e-01
9.570212915494016315e-01 9.874553696297003746e-01 9.858596400672883231e-01 9.930424233558837743e-01 9.512530346140496418e-01 9.947710844395790675e-01 9.899588259243626842e-01 9.826787739122717635e-01 9.952557996473245794e-01 9.893984025539149796e-01
9.911432806907684023e-01 9.901028267611808875e-01 9.370313293013653455e-01 9.886430619665788067e-01 9.831806557492001053e-01 9.772825186951058507e-01 9.920129024262064332e-01 9.832919913018808300e-01 9.886227625099216487e-01 9.840763680624403653e-01
9.895357995657042549e-01 9.853597913372560413e-01 9.812599463088602647e-01 9.821479826291104054e-01 9.879088890340927964e-01 9.872927833610399828e-01 9.938591286694568039e-01 9.835075009437692639e-01 9.596980626660509550e-01 9.935571434768121213e-01
9.933542174369464073e-01 9.917803661722767172e-01 9.883398246476663429e-01 9.794959445382624974e-01 9.956123501076761251e-01 9.902559741358457623e-01 9.785658071782520340e-01 9.844524095225186677e-01 9.807031115268191046e-01 9.928388258398809230e-01
9.899638241963343299e-01 9.803704309161126451e-01 9.904418676156467871e-01 9.902541563371852762e-01 9.815464247602979642e-01 9.102846816409395636e-01 9.870761877384315319e-01 9.817216039443509290e-01 9.864495353673161659e-01 9.853813193146908622e-01
9.942878403237650486e-01 9.898527974759303572e-01 9.817874467959848417e-01 9.934376316939527163e-01 9.882064067129604501e-01 9.893258128917097327e-01 9.952429176851729231e-01 9.960107143021601495e-01 9.945088093709665289e-01 9.936868981948527857e-01
9.910333002772754307e-01 9.875788931124663828e-01 9.945330839167545456e-01 9.397829080740905949e-01 9.874962076633193586e-01 9.861606317950729617e-01 9.803803462373265054e-01 9.545352278217075215e-01 9.476881998574904209e-01 9.729492270124449060e-01
9.933684522812428197e-01 9.745188821920844902e-01 9.137482206961825559e-01 9.882911836953744977e-01 9.884220087091758478e-01 9.450827870845601719e-01 9.927018461506010860e-01 9.892771015765211562e-01 9.796258947332545652e-01 9.907957457675719004e-01
9.666375826476339972e-01 9.855161514390261557e-01 9.677892866113636527e-01 9.715092231443985815e-01 9.838866084251201016e-01 9.749240822905542725e-01 9.936478441530847139e-01 9.890954446900840358e-01 9.750315043814635763e-01 9.885278221651555564e-01
9.802147156177269949e-01 9.819347011675302328e-01 9.534087714444753336e-01 9.837918262966214300e-01 9.917078054844838952e-01 9.883097882532939638e-01 9.843585665855683065e-01 9.850724243929287471e-01 9.839289220721267881e-01 9.916599311873095512e-01
9.854641875389074102e-01 9.629253773987916931e-01 9.930535991351560066e-01 9.916941647032628815e-01 9.940404109499171303e-01 9.909353952940722632e-01 9.784416152039481229e-01 9.733459100797589025e-01 9.884191777465091144e-01 8.855103300466987681e-01
9.847692459426672373e-01 9.819225414633069304e-01 9.825703296417916954e-01 9.902853152942034942e-01 9.827766319954432950e-01 9.824769499469521161e-01 9.914034275122337592e-01 9.794336788219312195e-01 9.785487306319859968e-01 9.812767568660623052e-01
9.838670225020237359e-01 9.779385378019294084e-01 9.924757883357642196e-01 9.575604715613568185e-01 9.682214549639193146e-01 9.457294869133403559e-01 9.905893711591453599e-01 9.848602128320085303e-01 9.815747533217846765e-01 9.670328711981525105e-01
9.886237802101950356e-01 9.900658218084630313e-01 9.914276239828032633e-01 9.596170247118777086e-01 9.951299676003483308e-01 9.876997684627175644e-01 9.712313371559210262e-01 9.866141774888785854e-01 9.685665318444344196e-01 9.896373084902037043e-01
9.887233575951570597e-01 9.771602875837774871e-01 9.878519236115484992e-01 9.772002617150645776e-01 9.360593335893395706e-01 9.852504873849199374e-01 9.840878061759725792e-01 9.914000475605394547e-01 9.923574776228368810e-01 9.821044527600979457e-01
9.909302572220437533e-01 9.928246244513360130e-01 9.515843595897908180e-01 9.802359728938542238e-01 9.805575061843889717e-01 9.906507793412533402e-01 9.757248036303273198e-01 6.277117562557374963e-01 9.878885725309735077e-01 9.803084006560407460e-01
9.787802186214690225e-01 9.935789108855823670e-01 9.921754842364353122e-01 9.855125622632602278e-01 9.805175075375733851e-01 9.874256545728381518e-01 9.873601415517668789e-01 9.851060780097596892e-01 9.924458355620523475e-01 9.698986861360654466e-01
9.681759323743496237e-01 9.474389293055580641e-01 9.353402380241672143e-01 8.659387672728701135e-01 9.860420615838829672e-01 9.668808512313965542e-01 9.731968319404918910e-01 9.872965069363339730e-01 9.439895241419917760e-01 9.898815560678297931e-01
9.722844172560561882e-01 9.852068631504320440e-01 9.779565406071852873e-01 9.863508077675687824e-01 9.894559139956849991e-01 9.649535258946617677e-01 9.715626256378715464e-01 9.664273086390603451e-01 9.756091597689734440e-01 9.731126141476115210e-01
9.551480195915690308e-01 9.745816349013886049e-01 9.835030519500918000e-01 9.888308876084020982e-01 9.660675680610256721e-01 9.834508479218001531e-01 9.848926930961098281e-01 9.648717989910355897e-01 9.755205359895718908e-01 9.969650739614857038e-01
9.678518970973046809e-01 9.810391038000653152e-01 9.851055671167657790e-01 9.620005457160684115e-01 9.828308098181962604e-01 9.847052820308328513e-01 9.898421198381740505e-01 9.811722502003425994e-01 9.887468338982019489e-01 9.719597207338367406e-01
9.877211900257432120e-01 9.610401520229029382e-01 9.783518626545425478e-01 9.786671901004191376e-01 9.879981703668241355e-01 9.924502693443156831e-01 9.930187108333244916e-01 9.935342265140971740e-01 9.893259697681140441e-01 9.889515514457777323e-01
9.608964205718517615e-01 9.911871882382626842e-01 9.919221941355754746e-01 9.772108919885065248e-01 9.759988892513696834e-01 9.916331176998620656e-01 9.862772096007479394e-01 9.942216422372978091e-01 9.783398566782003369e-01 9.810606356970894559e-01
9.917957369109396959e-01 9.814134702884845796e-01 9.922174647608033027e-01 9.740977196729562193e-01 9.931008838052516330e-01 9.834669578551856750e-01 9.719512030790075086e-01 9.797446663634169495e-01 9.807246353118503901e-01 9.804963562349874318e-01
9.840741601084619372e-01 9.860326112467729942e-01 9.760536890516752218e-01 9.712754228626262476e-01 9.801417293099660144e-01 9.815358776533087415e-01 9.903706503416529472e-01 9.836097328308058829e-01 9.835871184601222561e-01 9.812653002790414636e-01
9.880078474626670104e-01 9.896055264436202092e-01 8.390883806655679011e-01 9.318968907865335938e-01 9.879557220858932176e-01 9.216460593962004788e-01 9.428032599946931658e-01 9.867031255638913922e-01 9.820516063803845785e-01 9.923873086849380742e-01
9.824176578624390643e-01 9.937410289773257466e-01 9.848885681673088532e-01 9.332200069675697929e-01 9.908573582895100484e-01 9.753726555761755845e-01 9.854603516237473437e-01 9.870702336406189659e-01 9.883087168039588200e-01 9.919420692790728022e-01
9.932318166961275896e-01 9.506482878344448828e-01 6.832146273627597299e-01 9.499500557027393821e-01 9.879688586833315078e-01 9.950670576716609261e-01 9.865416451323809621e-01 9.457767583973160086e-01 9.259663731136463793e-01 9.947276854474303986e-01
9.802122257015721818e-01 9.443055836849056917e-01 9.694437518977445656e-01 9.694492763469974017e-01 9.787018036540187094e-01 9.855534453871203082e-01 9.926060664623467256e-01 9.840584573055086715e-01 9.870099570822316037e-01 9.906283664908426267e-01
9.866664619246175993e-01 9.966758866416455254e-01 9.824536865026136656e-01 9.935534384263458030e-01 9.310698167849190687e-01 9.764721268823937095e-01 9.901972883348545418e-01 9.790270124922956230e-01 9.800714777146775081e-01 9.787066703985034533e-01
9.899965934705199366e-01 9.938534187468966996e-01 8.594401610607319553e-01 9.190369432268069572e-01 9.830660007207345785e-01 9.848916402972480721e-01 9.798847380541205743e-01 9.940112972417053383e-01 9.909852794086203565e-01 9.825232829272454449e-01
9.780328709177189550e-01 9.729913915350797415e-01 9.815356058866867572e-01 9.924091474356726561e-01 9.875980458295952058e-01 9.837242014716794936e-01 9.564567216810708761e-01 9.671743811891927445e-01 9.890886864733176020e-01 9.801079595354230678e-01
9.868171019802395305e-01 9.714081701894766718e-01 9.953468030933061428e-01 9.835757972181981001e-01 8.666486598453859713e-01 8.428405511399525984e-01 8.509578726289528383e-01 9.961705943087401094e-01 9.958452887326575409e-01 9.697819434100785063e-01
9.805522032992934900e-01 9.651207874787962604e-01 9.888346054775298821e-01 9.841222333248444976e-01 9.899704812529601661e-01 9.662972275681321888e-01 9.860324962016917549e-01 9.850912856166057496e-01 9.667722860301727339e-01 9.759864265967822528e-01
9.949133450441404181e-01 9.885903116814809266e-01 9.912749998135506058e-01 9.771137515896068937e-01 9.799853331804342371e-01 9.884669227949911541e-01 9.913570906378126324e-01 9.886426236098295739e-01 9.745449296036068354e-01 9.830188685023760753e-01
9.847259010821851621e-01 9.916059905379523975e-01 9.909380383273728166e-01 9.873507171354023448e-01 9.729593960926350427e-01 9.903593740996785577e-01 9.455181269992796178e-01 9.784603311101458534e-01 9.825316961005861049e-01 9.744271152476501330e-01
9.740236868208768106e-01 9.926525250721117688e-01 9.877129642531047304e-01 9.922897611396479522e-01 9.833866558059864982e-01 9.746935721039807765e-01 9.700268897914392507e-01 9.877228238231462454e-01 9.784501978475467210e-01 9.614730685178184411e-01
9.786408512496155288e-01 9.865189150474138469e-01 9.758093355183647954e-01 9.260882446750743346e-01 9.555100708415117383e-01 9.861769852745615461e-01 9.834146629532187767e-01 9.783458114355370050e-01 9.778297024572049079e-01 9.848354181946872288e-01
9.919967626770852531e-01 9.880820099697030789e-01 9.714661620782625295e-01 9.882104429549778413e-01 9.874099284728932169e-01 9.888868535829460349e-01 9.490851488921102641e-01 9.810657329345087163e-01 9.716177749930745566e-01 9.892833999385396426e-01
9.864790389554369821e-01 9.865322442264111702e-01 9.871820315786417055e-01 9.930238740996255586e-01 9.862189914930538093e-01 9.833703754971123701e-01 9.858107617079122642e-01 9.872640444648435043e-01 9.879635941723169390e-01 9.716282372768757503e-01
9.835958643001193602e-01 9.799392771327060103e-01 9.774371259821443836e-01 9.920455991693098996e-01 9.920781442566027897e-01 9.815294277425555824e-01 9.942815320539118984e-01 9.820811711808264954e-01 9.856081290969522790e-01 9.767880613853184846e-01
9.803799891649696008e-01 9.893030163829205081e-01 9.784992624407070627e-01 9.917907961332403932e-01 9.868388627272741687e-01 9.947451481401400342e-01 9.668965418446859861e-01 9.902149832726382384e-01 9.951925175562665871e-01 9.795699887799006467e-01
9.848048581488907383e-01 9.855265711299587839e-01 9.872047713094542765e-01 9.724605321974200134e-01 9.931208864993623653e-01 9.909669339930118337e-01 9.863135004357392877e-01 9.816190489341657388e-01 9.843527244262245679e-01 9.911350803653034003e-01
9.931404707643940455e-01 9.705627720723093432e-01 9.870098634672643811e-01 9.868889687991575510e-01 9.899251860417445092e-01 9.859451785567172610e-01 9.846370750790148785e-01 9.919221595061031849e-01 9.648160295995199531e-01 9.869204953154159243e-01
9.801311829444200319e-01 9.929720725629156419e-01 9.707359415043642636e-01 9.913287695865434790e-01 9.936986394776701204e-01 9.899344123810805973e-01 9.893589808091558524e-01 9.719991729476537001e-01 9.724119868426078783e-01 9.883168045654971978e-01
9.490651130738189112e-01 9.806411087650253045e-01 9.921020187581072181e-01 9.956706777072166226e-01 9.930317641714956345e-01 9.935624937686532432e-01 9.739374388121248005e-01 9.891964160915557303e-01 9.901076605619936188e-01 9.742302779163978244e-01
9.718487060867617711e-01 9.643212003918149033e-01 9.335110834989907014e-01 9.929345140362333400e-01 9.788321302245217570e-01 9.855860404372837058e-01 9.661645075365403734e-01 9.862638556791051281e-01 9.932989006391736986e-01 9.892265456656185174e-01
9.960487845996186529e-01 9.940043191444327686e-01 9.809838202766871795e-01 9.827272427610781458e-01 9.858364907285264156e-01 9.534069570397158966e-01 8.215816407940078614e-01 9.510788110537997664e-01 9.915070059409082370e-01 9.635772237387741912e-01
9.835206797903753850e-01 9.756793894445475734e-01 9.385152536941668844e-01 9.889212167562991818e-01 9.832041588790287889e-01 9.801306386755936906e-01 9.826455042988186950e-01 9.799202123849055646e-01 9.836385363408370885e-01 9.715471691847167302e-01
9.892650645021295874e-01 9.430312465189991666e-01 9.737183799792784589e-01 9.926922053126878698e-01 9.269953037594877987e-01 9.896577259280924244e-01 9.924265183566604032e-01 9.807210906438849074e-01 9.567064512681402455e-01 9.935779930989251385e-01
9.603274572241505824e-01 9.733674029718876186e-01 9.888220311938862306e-01 9.825269695267446757e-01 9.894961617461671688e-01 9.945265028506566907e-01 9.923893233410674419e-01 9.777284980732952047e-01 9.858067158661653062e-01 8.992375698632933956e-01
9.952312985735781714e-01 9.735667031810495420e-01 9.665557593206696163e-01 9.368125135165819017e-01 9.947996546747793767e-01 9.865468775830928960e-01 9.889922393479466667e-01 9.829945020424031288e-01 9.780075005564338175e-01 9.764260825362681695e-01
9.873969789586681811e-01 9.652613301176798943e-01 9.436343686708181799e-01 5.876042036364981236e-01 9.839815287317421610e-01 9.116791051178144700e-01 9.875068275235339144e-01 9.688063542909843839e-01 9.922140722279693126e-01 8.417853813854080380e-01
9.883974751886929200e-01 9.703862842706728609e-01 9.784889143593485938e-01 9.908521118774212821e-01 9.580390872488445675e-01 9.871004271256910156e-01 9.748312472005752349e-01 9.795098668091068994e-01 9.842394102024284441e-01 9.902812628406669759e-01
9.633004367076517527e-01 9.765976697372485971e-01 9.596738206578833141e-01 9.825133283162174047e-01 9.914046277418105957e-01 9.878837413536472045e-01 9.925096031008934228e-01 9.737663045909601411e-01 9.941199573174424042e-01 9.315670379176114180e-01
9.147198834507911380e-01 9.765709570687132191e-01 9.860443222260748541e-01 9.938394238525184443e-01 9.795003816710847744e-01 9.879122975430931763e-01 9.835593303820470146e-01 9.946242951956644207e-01 9.623786795579231113e-01 9.270011484151365888e-01
9.828201393005560060e-01 9.864564663051158533e-01 9.886007460113621637e-01 9.937830584529061539e-01 9.601538438161885125e-01 9.851443786415854387e-01 9.826433192974084463e-01 9.811890624814992856e-01 9.924825961391908757e-01 9.725564407009270607e-01
9.863709778857724375e-01 9.721453720171239210e-01 9.525792774328183388e-01 9.907202092114725245e-01 9.657573597483680716e-01 9.616066997151245799e-01 9.521684014065758817e-01 9.821251248039684079e-01 9.795314318839309919e-01 9.291877938344064169e-01
9.911543302694697521e-01 9.897215083136668978e-01 9.845043821999628353e-01 9.727495751555890191e-01 9.883032310168111678e-01 9.747226236103281316e-01 9.723725868426136287e-01 9.942682497619282911e-01 9.773178610695150148e-01 9.727043702895167288e-01
9.825724983615120589e-01 9.809132773273872008e-01 9.816530343075120513e-01 9.877307126523311442e-01 9.654557114822710506e-01 9.787030018349417437e-01 9.811465121744423756e-01 9.923664068202809885e-01 9.769717713739475284e-01 9.725874388051644059e-01
9.910489984159072119e-01 9.870008849957074837e-01 9.850356575925125480e-01 9.913736461331079663e-01 9.916623547804883643e-01 9.716749938187740909e-01 9.874606051468455270e-01 9.932496214383658151e-01 9.903553718978626019e-01 9.886726312263317551e-01
9.914039915520478363e-01 9.886619403653402749e-01 9.851532046365049089e-01 9.768951092567423888e-01 9.887136929668677299e-01 9.901847738382005826e-01 9.730263867493528229e-01 9.852031403153765909e-01 9.874190574272613263e-01 9.896133534687677757e-01
9.782140389153095583e-01 9.735171145021374040e-01 9.855424051346522996e-01 9.547831064445783111e-01 9.889997196139304059e-01 9.899128138318707970e-01 9.807578273358628085e-01 9.703983137347215182e-01 9.875750126806283058e-01 9.751522559732616058e-01
9.783296480125913686e-01 9.602762056230850218e-01 9.856545880456164532e-01 9.857288953275229471e-01 9.949396844106208615e-01 9.706337056491938231e-01 9.917811098745797915e-01 9.857267604521957605e-01 9.915404755110703849e-01 9.938150129776581743e-01
9.776921491727457170e-01 9.907891254578554685e-01 9.832018961942662338e-01 9.806330796778736092e-01 9.723293714739319471e-01 9.908589107846852428e-01 9.746983198006085036e-01 9.395802174539061857e-01 9.887315905570432939e-01 9.821833335344541949e-01
9.581042968471732424e-01 9.841764310217050449e-01 9.893110869468851876e-01 9.569169047713790288e-01 9.346453848102976858e-01 9.686436578031571987e-01 9.911822559302517766e-01 9.905701875733911033e-01 9.925274951844287319e-01 9.917061573482131021e-01
9.811368906040540683e-01 9.662727908570767354e-01 9.734214565735195279e-01 9.879434465566122592e-01 9.882737476848445501e-01 9.231069618082996531e-01 9.863931357727129257e-01 9.827977577797805120e-01 9.853176810471966363e-01 9.945864749623036793e-01
9.682676244209612593e-01 9.867035017294067956e-01 9.777577877134742135e-01 9.582160826435258683e-01 9.945219547656685144e-01 9.849544696001739652e-01 9.746968516502381163e-01 9.926216567211201269e-01 9.928705819937057031e-01 9.898022303760546370e-01
9.947442560461695615e-01 9.931627583657551828e-01 9.842176708628677106e-01 9.901579955798904820e-01 9.711151509490668632e-01 9.715224111631564075e-01 9.633784992752060239e-01 9.637192528408973224e-01 9.863478596810043575e-01 9.915218922515458555e-01
9.883754894925478318e-01 9.814747720193957026e-01 9.817138952423728471e-01 9.745186424685784443e-01 9.860024175581583172e-01 9.880623814360387502e-01 9.635381627695658313e-01 9.818013859994026982e-01 9.854663857027773366e-01 9.755644085676616895e-01
9.787679865084519815e-01 9.921079774803346352e-01 9.876299839279787385e-01 9.640090384527585377e-01 9.684860441957238164e-01 9.904380271488313348e-01 9.728816165994750298e-01 9.794599607597316293e-01 9.910401705605640377e-01 9.787362088686692996e-01
9.880212320860913833e-01 9.945505239457211877e-01 9.921034435662333673e-01 9.725939534352817661e-01 9.894222439094553234e-01 9.886020010360734300e-01 9.881785762656571936e-01 9.942954521422388003e-01 9.913686218114148296e-01 8.815976237661031778e-01
9.868303055721356909e-01 9.931718802795246326e-01 9.861050879371403566e-01 9.950561965461547365e-01 9.886413550609125522e-01 9.779768254435881047e-01 9.795802274653341302e-01 9.686155357589394388e-01 9.833683296637794058e-01 9.936476410644993207e-01
9.776603247612043468e-01 9.947392590055470496e-01 9.741895295599122262e-01 9.496168509324289797e-01 9.888202220431568934e-01 9.841302882427863663e-01 9.894997902801531131e-01 9.846085376043112181e-01 9.897586772546906886e-01 9.794298096209317350e-01
9.901567523519290148e-01 9.908756531972653381e-01 9.897519441613426006e-01 9.878983084299315376e-01 9.781022315203735662e-01 9.953844363467361234e-01 9.677548472482750963e-01 9.886352398750091197e-01 9.841683284192874748e-01 9.845407441460488629e-01
9.662203246766719600e-01 9.761640788758049192e-01 9.820163975606083229e-01 9.657112491321580006e-01 9.906530113158040773e-01 9.777202140529033247e-01 9.714531318256379722e-01 9.442753983877564261e-01 9.885326928475769437e-01 9.911883830811245577e-01
9.306450194118186525e-01 9.709231078051333563e-01 9.785371376603891891e-01 9.778362724939485551e-01 9.875762949436325266e-01 9.904094086919456030e-01 9.679838668435373217e-01 9.877691502648136002e-01 9.834410009234691996e-01 9.945349877274378692e-01
9.739456453982897610e-01 9.775297503178189684e-01 9.741685100190802249e-01 9.877232074970956344e-01 9.721532432831012649e-01 9.874459832166703199e-01 9.887103302030122443e-01 9.699816632132542971e-01 9.594377570020871104e-01 9.827064272176052606e-01
9.743456200675298939e-01 9.821060310165764529e-01 9.832305185410225024e-01 9.744999711908395312e-01 9.895930477008688664e-01 9.849292223621952669e-01 9.637194133809073859e-01 9.922887484161797556e-01 9.924463007795614189e-01 9.598581852662328995e-01
9.829498678959354141e-01 8.894537808385334365e-01 9.887823194628528878e-01 9.836967391970578012e-01 9.905793300033920445e-01 9.485981342371577751e-01 9.869366915486230685e-01 8.585409592513968402e-01 9.686241873778848044e-01 9.927198904266184565e-01
9.870513530402986735e-01 9.829953051262364516e-01 9.824109030295383738e-01 9.554302980786490984e-01 9.962120813216167603e-01 9.772729102947806945e-01 9.922133103857594394e-01 9.778830423025135499e-01 9.673285976144547771e-01 9.611570960737975122e-01
9.620957619209681289e-01 9.917349947881825001e-01 9.868263761517868105e-01 9.916753273409996128e-01 9.778221536047145834e-01 9.900231967857082704e-01 9.783334567430180817e-01 9.920862652810071847e-01 9.886752765804925902e-01 9.912828147725905037e-01
9.826538804753539580e-01 9.895245870483968531e-01 9.793707432142239044e-01 6.880268889783889286e-01 9.719320205951825775e-01 9.750911931511450081e-01 9.842155213649561585e-01 9.454915409717657981e-01 9.839339059083521688e-01 9.798020346855526030e-01
