9.999537208511515285e-01 9.999986699337082285e-01 9.999523685881990254e-01 9.999762529436617697e-01 9.999906958061209883e-01 9.999599905563670843e-01 9.999546004894360740e-01 9.999841282254969821e-01 9.999722247305073974e-01 9.999701188624530168e-01
9.999689412149426193e-01 9.999465914097074304e-01 9.999834859837599677e-01 9.999558662706981016e-01 9.999927906049100867e-01 9.999612203491561324e-01 9.999829238899073935e-01 9.999860159354054812e-01 9.999937057171319754e-01 9.999954478889171439e-01
9.999561979795625888e-01 9.999810819208646562e-01 9.999070958238049922e-01 9.999794616283533832e-01 9.999585974963511870e-01 9.999908465804883129e-01 9.999677675611990946e-01 9.999409248213875223e-01 9.999719061057648073e-01 9.999500904968838810e-01
9.999379736710176658e-01 9.999678044318215386e-01 9.999831126383649238e-01 9.999976281455114080e-01 9.999898520687632297e-01 9.999303753822228469e-01 9.999878850160225374e-01 9.999823772205425065e-01 9.999551722979148627e-01 9.999587492689402390e-01
9.999670543158302172e-01 9.999826061738960048e-01 9.999816704067975293e-01 9.999895861676246778e-01 9.999932778384660326e-01 9.999932026040323496e-01 9.999752105802172109e-01 9.999863695259101348e-01 9.999762787222258309e-01 9.999732444260348574e-01
9.999789213561833812e-01 9.999334756261488710e-01 9.999915482402026434e-01 9.999788476814139848e-01 9.999886854990707175e-01 9.999655436192989022e-01 9.999918116917549948e-01 9.999851306029043929e-01 9.999836905486516603e-01 9.999807730181613508e-01
9.999044460089233644e-01 9.999848409268430327e-01 9.999299154089698050e-01 9.998934231545222318e-01 9.999864264325011298e-01 9.999545010297461456e-01 9.999763223368048903e-01 9.999899618374586963e-01 9.999798276677096531e-01 9.999771813477466020e-01
9.999680889485723645e-01 9.999920084109182872e-01 9.999844807886092424e-01 9.999587517274324266e-01 9.999791221450609058e-01 9.999713365802012088e-01 9.999690774675656924e-01 9.999619923573946911e-01 9.999754151619696385e-01 9.999770910828029713e-01
9.999828198056016637e-01 9.999803739920424261e-01 9.999886969249780488e-01 9.999832057469956181e-01 9.999610148953914646e-01 9.999866305840459102e-01 9.999730057240761028e-01 9.999727933400086588e-01 9.999011634127995540e-01 9.999680717620121895e-01
9.999611806598307506e-01 9.999435670253995490e-01 9.999894869700826083e-01 9.999692304265828113e-01 9.999442252755578187e-01 9.999797363323797983e-01 9.999604000891075817e-01 9.999598290193394412e-01 9.999445623685532247e-01 9.999186293149934235e-01
9.999674844695427556e-01 9.999791300822834517e-01 9.999807255361276015e-01 9.999804440503201608e-01 9.999513759951168534e-01 9.999913988005844079e-01 9.999868421667169605e-01 9.999791432564544280e-01 9.999563584209890665e-01 9.999746728057202771e-01
9.999823232270164119e-01 9.998878610632371267e-01 9.999917308801092863e-01 9.999817787909932587e-01 9.999748061520031817e-01 9.999605658660815077e-01 9.999797892289785661e-01 9.999950859770354583e-01 9.999828095952462137e-01 9.999950013691789596e-01
9.999880562246417082e-01 9.999452626863643001e-01 9.999142958871497511e-01 9.999802884810431447e-01 9.999862654447251309e-01 9.999644285797849586e-01 9.999117477475968352e-01 9.999277046250545364e-01 9.999855740868440757e-01 9.999669343355458428e-01
9.999836320396536804e-01 9.999731892562303548e-01 9.999872401959253310e-01 9.999744836649415713e-01 9.999911997927111162e-01 9.999860701008399522e-01 9.999839306410782669e-01 9.999759807592661920e-01 9.999853422695118565e-01 9.999722267410003917e-01
9.999218885767210407e-01 9.999790074065058043e-01 9.999196060449907497e-01 9.999952178837121508e-01 9.999933123177653371e-01 9.999569439562412398e-01 9.999871094901314761e-01 9.999753992862795426e-01 9.999919065953583042e-01 9.999601359177527904e-01
9.999886450217129186e-01 9.999827007029442605e-01 9.999636223491605858e-01 9.999730058174162162e-01 9.999621265274057924e-01 9.999860645687106420e-01 9.999812127327440958e-01 9.999689970755077928e-01 9.999866266021255612e-01 9.999594958431861080e-01
9.999747051951993759e-01 9.999868886481930730e-01 9.999855214075937804e-01 9.999841207858407577e-01 9.999908082479294080e-01 9.999629418345564735e-01 9.999744384215984994e-01 9.999869416061476501e-01 9.999449489682036285e-01 9.999613570788417061e-01
9.999836501190811910e-01 9.999818785186062042e-01 9.999798983165896216e-01 9.999787181713439832e-01 9.999452227580157837e-01 9.999943945141348545e-01 9.999655539691127970e-01 9.999883273134447803e-01 9.999865118092834404e-01 9.999802065392510153e-01
9.999666878803323833e-01 9.999839591147844375e-01 9.999747838988918280e-01 9.999943457012868686e-01 9.999829868018023094e-01 9.999638994560472449e-01 9.999858930357821141e-01 9.999934437268754861e-01 9.999371857363239524e-01 9.999845651803757063e-01
9.999848830091809804e-01 9.999569445049814043e-01 9.999757397443086449e-01 9.999691965874268895e-01 9.999876949167899598e-01 9.999828871454635726e-01 9.999700667908733021e-01 9.999920514703170005e-01 9.999683350424016792e-01 9.999889652696701825e-01
9.999914029712922980e-01 9.999387063660991615e-01 9.999890935377534484e-01 9.999818414013993406e-01 9.999812195183899188e-01 9.999731856395746021e-01 9.999962661634358430e-01 9.999237426911404825e-01 9.999637110536062634e-01 9.999963947925010199e-01
9.999906219475134250e-01 9.999846037848547642e-01 9.999896804888913637e-01 9.999657917319830780e-01 9.999801203766133240e-01 9.999879269476082966e-01 9.999875596902969566e-01 9.999940777111836487e-01 9.999847304918255686e-01 9.999860137594315246e-01
9.999857669389206061e-01 9.999700751160460754e-01 9.999856926648631461e-01 9.999758524995709941e-01 9.999865376357399693e-01 9.999696199805416796e-01 9.999725873361063888e-01 9.999675526077391741e-01 9.999702063797986096e-01 9.999815548140823518e-01
9.999049203642519368e-01 9.999278158506135217e-01 9.999756675927793381e-01 9.999288971453221819e-01 9.999692822930252856e-01 9.999845460116878471e-01 9.999813734081163252e-01 9.999540494809406876e-01 9.999766187015950436e-01 9.999255700958075144e-01
9.999534729196704053e-01 9.999628946969308929e-01 9.999782852345097117e-01 9.999909895330266751e-01 9.999636529903526139e-01 9.999690299077459432e-01 9.999777870142201319e-01 9.999817078793585834e-01 9.999828401315574711e-01 9.999453518515921679e-01
9.999975830101556218e-01 9.999873387221185350e-01 9.999620429610465155e-01 9.999572080052183676e-01 9.999248612607453124e-01 9.999951269033080514e-01 9.999891721207104789e-01 9.999796076391719302e-01 9.999135097129185912e-01 9.999884652847689237e-01
9.998748542542337248e-01 9.999833022536694926e-01 9.999662814475938077e-01 9.999934109445514085e-01 9.999703544610798467e-01 9.999923067335989568e-01 9.999717093118088984e-01 9.999778879320911917e-01 9.999769609616678823e-01 9.999238567293488034e-01
9.999952159455119949e-01 9.999632710166613814e-01 9.999563407865044162e-01 9.999742554024123598e-01 9.999773256098001273e-01 9.999874996240684100e-01 9.999969119831536579e-01 9.999884944230902351e-01 9.999598087226296839e-01 9.999566444004921451e-01
9.999873624210748879e-01 9.999756420292139625e-01 9.999810866521328112e-01 9.999333558558746171e-01 9.999879443921616540e-01 9.998355118247636009e-01 9.999821759636290386e-01 9.999591787192392278e-01 9.999684106313373455e-01 9.999654256690583276e-01
9.999722624252300740e-01 9.999837286289510185e-01 9.999358762144272550e-01 9.999774712774517349e-01 9.999792035614191166e-01 9.999704693651356724e-01 9.999900956710380262e-01 9.999841809283520622e-01 9.999710397115852967e-01 9.999723972334512156e-01
9.998957691536096704e-01 9.999826276773911005e-01 9.999231760129161373e-01 9.999332522455638417e-01 9.999521066080161447e-01 9.999242671270832661e-01 9.999613624652562427e-01 9.999860539743369303e-01 9.999864663154141020e-01 9.999884325868493296e-01
9.999879093620276382e-01 9.999412129809437388e-01 9.999692995148630192e-01 9.999938061823269164e-01 9.999674500920733289e-01 9.999878565031797839e-01 9.999794121596428109e-01 9.999508621747523751e-01 9.999919606071662193e-01 9.999862446055038934e-01
9.999629632071070917e-01 9.999714114805677845e-01 9.999795181249431231e-01 9.999738967409710355e-01 9.999885408262736419e-01 9.999975591085041859e-01 9.999544944908322908e-01 9.999844975020010240e-01 9.999688156185706500e-01 9.999897168103502043e-01
9.999836950506441058e-01 9.999751377203113245e-01 9.999918529411372381e-01 9.999878341712241658e-01 9.999846198564062982e-01 9.999781868432339182e-01 9.999746528495225828e-01 9.999780357098089212e-01 9.999800010987958121e-01 9.999757146285374043e-01
9.999683865365328606e-01 9.999762475672243633e-01 9.999860883049156435e-01 9.999862824064248423e-01 9.999799769317234688e-01 9.999847470804857918e-01 9.999868030387470963e-01 9.999711926221938052e-01 9.999812493969698624e-01 9.999804142520316574e-01
9.999587241242067215e-01 9.999601318131580152e-01 9.999690377695119592e-01 9.999917154957580490e-01 9.999946244398039141e-01 9.999259636213851943e-01 9.999612924413295856e-01 9.999724955922565384e-01 9.999478802007546463e-01 9.999881157462706671e-01
9.999511074574263247e-01 9.999936042219099708e-01 9.999616283882464263e-01 9.999869970523093121e-01 9.999799953747776637e-01 9.999848316430020034e-01 9.999460924273453344e-01 9.999801216372370405e-01 9.999866917279068845e-01 9.999529066489843965e-01
9.999559729162271760e-01 9.999902851951365523e-01 9.999901898215491913e-01 9.999837003234102184e-01 9.999800506882466911e-01 9.999886245620235314e-01 9.999855274064670674e-01 9.999700938549166418e-01 9.999805935698611314e-01 9.999923399964296689e-01
9.999650805101553130e-01 9.999456768250627459e-01 9.998599786771366071e-01 9.999603134301301433e-01 9.999628405803020481e-01 9.999882706253171438e-01 9.999473920570088881e-01 9.999783463205426104e-01 9.999929278533318255e-01 9.999660052469719895e-01
9.999957620160047078e-01 9.999840508370538839e-01 9.999901558145407598e-01 9.999678829530961321e-01 9.999892018391081105e-01 9.999656250377888522e-01 9.999709157213998445e-01 9.999844514981872656e-01 9.999804718068726617e-01 9.999791380237977867e-01
9.999545728320815563e-01 9.999805682816002017e-01 9.999860302597234352e-01 9.999764708058936913e-01 9.999383632552545365e-01 9.999883108277349830e-01 9.999018171792201093e-01 9.999482056761168636e-01 9.999919066673250700e-01 9.999847486553116171e-01
9.999815246865588758e-01 9.999455052066800187e-01 9.999794871435936372e-01 9.999943428496688158e-01 9.999308414118751598e-01 9.999813945816697913e-01 9.999686636908964310e-01 9.999766030116447046e-01 9.999690538083613189e-01 9.999753164140634532e-01
9.999692348745045090e-01 9.999813233742178564e-01 9.999366078413175485e-01 9.999094230765579461e-01 9.999706828051282415e-01 9.999823387332895663e-01 9.999600321731647590e-01 9.999912407901428990e-01 9.999828170139054562e-01 9.999816288437179956e-01
9.999818742329894539e-01 9.999819933982722064e-01 9.999701791634665327e-01 9.999944399139057971e-01 9.999673682210543646e-01 9.999523971569391767e-01 9.999656671267760366e-01 9.999744467463342890e-01 9.999176655781406575e-01 9.999771659940691615e-01
9.999873836018259299e-01 9.999888564643288902e-01 9.999921930859955177e-01 9.999803786132680505e-01 9.999488179701887525e-01 9.999723423420393553e-01 9.999930376713224156e-01 9.999779029394458840e-01 9.999794434434389201e-01 9.999865419454251336e-01
9.999655624231406081e-01 9.999564574172038478e-01 9.999680274214484133e-01 9.999755710069870851e-01 9.999724045734328381e-01 9.999988372222133881e-01 9.999258469840403007e-01 9.999832943477907632e-01 9.999572828313461059e-01 9.999794500605377889e-01
9.999645821292165726e-01 9.999736340675048352e-01 9.999879234483283197e-01 9.999843841873579109e-01 9.999901645967005370e-01 9.999907029875367837e-01 9.999764209443329221e-01 9.999603453305881962e-01 9.999809316348631238e-01 9.999848581463653963e-01
9.999882160279668364e-01 9.999744195886103304e-01 9.999885195641096125e-01 9.999916793637396717e-01 9.999854978428007746e-01 9.999854755914112658e-01 9.999785772116437377e-01 9.999790373673927979e-01 9.999428451819278862e-01 9.999089803625893502e-01
9.999526970313216134e-01 9.999804915627710233e-01 9.999917147078007940e-01 9.999914936817658750e-01 9.999857048607795340e-01 9.999586356912174567e-01 9.999787836129682139e-01 9.999925861403092808e-01 9.999692943071204487e-01 9.999812624939158345e-01
9.999574572731919631e-01 9.999859180536101455e-01 9.999348649929347133e-01 9.999904411607937194e-01 9.999534402712801917e-01 9.999570299445299515e-01 9.999895186252671930e-01 9.999637779645689228e-01 9.999703378588306046e-01 9.999534174803155206e-01
9.999721824694817185e-01 9.999816478296539302e-01 9.999853200213884019e-01 9.999897038052230069e-01 9.999668639264334136e-01 9.999709350314942569e-01 9.999911238976876282e-01 9.999908902921776921e-01 9.999795164935783021e-01 9.999915225796456308e-01
9.999776599941260224e-01 9.998311353308952931e-01 9.999911662427624082e-01 9.999501849314506030e-01 9.998679332122314412e-01 9.998727071314207349e-01 9.999382282084914308e-01 9.999816017512114241e-01 9.999432111251446154e-01 9.999693074770932277e-01
9.999970023607240854e-01 9.999842656242750039e-01 9.999739784761341177e-01 9.999779345034802702e-01 9.999664638034025943e-01 9.999834644470655398e-01 9.999849198184471710e-01 9.999518810382435063e-01 9.999517569894129654e-01 9.999871838188226780e-01
9.999726275741714909e-01 9.999783648639102296e-01 9.999616660442429694e-01 9.999535605922349468e-01 9.999819475973990013e-01 9.999715489670549795e-01 9.999809647037011251e-01 9.999814489815554985e-01 9.999608157024202360e-01 9.999955029923475180e-01
9.999701954652758795e-01 9.999790404381764253e-01 9.999861378907716203e-01 9.999721667054930485e-01 9.999896253056803630e-01 9.999900445300018426e-01 9.999937651259611648e-01 9.999799303352733260e-01 9.999910694067180028e-01 9.999845727147663732e-01
9.999746775019872080e-01 9.999551644083364277e-01 9.999677890271844172e-01 9.999749163205473579e-01 9.999910215417325832e-01 9.999856603980405989e-01 9.999608990078037163e-01 9.999838158984464265e-01 9.999828915523137907e-01 9.999488443214027411e-01
9.999188618905812120e-01 9.999938797404607227e-01 9.999864065740101671e-01 9.999612689917483088e-01 9.999669254961498499e-01 9.999900550570932634e-01 9.999924126921959644e-01 9.999934579580826988e-01 9.999620028091411594e-01 9.999743740101574296e-01
9.999445423626311946e-01 9.997889137661686298e-01 9.999498203379465489e-01 9.999869012231497045e-01 9.999670445785047157e-01 9.999729037278026755e-01 9.999805827362778787e-01 9.999862972508036796e-01 9.999919592623517373e-01 9.999599618893350028e-01
9.999863201796909129e-01 9.999594417884559716e-01 9.999841859918944253e-01 9.999812082396029034e-01 9.999812633389191241e-01 9.999670729770706590e-01 9.999958482415364225e-01 9.999069482005592535e-01 9.999872944598420244e-01 9.999591753415634221e-01
9.999849266476557030e-01 9.999866266889415600e-01 9.999699398789777538e-01 9.999583761137094129e-01 9.999891037018637796e-01 9.999933453592915189e-01 9.999898564376005217e-01 9.999811240359604003e-01 9.999345091263855956e-01 9.999774378697378063e-01
9.999833390964153468e-01 9.999509873096584789e-01 9.999813451131154274e-01 9.999733676590073506e-01 9.999469450701308215e-01 9.999644793054619507e-01 9.999593107664247471e-01 9.999843952822820015e-01 9.999795796489691080e-01 9.999769458218843443e-01
9.999766570562660384e-01 9.999861157225076180e-01 9.999797937182713925e-01 9.999976179169748347e-01 9.999852044142081287e-01 9.999775481363781804e-01 9.999897297496133097e-01 9.999859881998887090e-01 9.999757894826634130e-01 9.999979115878020464e-01
9.999902068629623608e-01 9.999532434040806494e-01 9.999896376597497971e-01 9.999893874596769150e-01 9.998732885136591975e-01 9.999823492951164239e-01 9.999752142090780893e-01 9.998681037302409313e-01 9.999864783284397873e-01 9.999619360065430396e-01
9.999808255775727295e-01 9.999913698939080220e-01 9.999941023194760525e-01 9.999836620536171061e-01 9.999837465526976166e-01 9.999902574631097663e-01 9.999722104586417082e-01 9.999660120938377306e-01 9.999703517847980949e-01 9.999609026272996415e-01
9.999956326612051694e-01 9.999945420933862295e-01 9.999867489858439429e-01 9.999490802631086916e-01 9.999883675209023659e-01 9.999767452732157835e-01 9.999720483136774751e-01 9.999804723227581071e-01 9.999407076640238756e-01 9.999744661626681630e-01
9.999868947079111337e-01 9.999841880558253404e-01 9.999301081972467031e-01 9.999815646958293280e-01 9.999727724367886150e-01 9.999520028627011392e-01 9.999788752967985195e-01 9.999925611512946455e-01 9.999489136401380485e-01 9.999699353159673398e-01
9.999328925169852500e-01 9.999661179566949887e-01 9.999762528336431089e-01 9.999519126746925224e-01 9.999889795723511110e-01 9.999894204507653317e-01 9.999744757833908260e-01 9.999606761321413462e-01 9.999560299597661794e-01 9.999532348045425678e-01
9.999614972145831615e-01 9.999724422307408878e-01 9.999714229945524391e-01 9.999450237941071018e-01 9.999598415275373631e-01 9.999969567716071595e-01 9.999863505414089415e-01 9.999773735675583364e-01 9.999446281559465355e-01 9.999672268901326211e-01
9.999873988588571239e-01 9.999582357843440628e-01 9.999945095044215915e-01 9.999668065937193928e-01 9.999793547566382390e-01 9.999909868648911848e-01 9.999869359304981442e-01 9.999733858728245828e-01 9.999913465731549156e-01 9.999510058788797506e-01
9.999531819236344710e-01 9.999720869680952529e-01 9.999866080464521190e-01 9.999598894063442822e-01 9.999723154170102601e-01 9.999957856214145568e-01 9.999797980962737975e-01 9.999749689160843946e-01 9.999720703532116728e-01 9.999699271359027142e-01
9.999714294396953029e-01 9.999829147322858436e-01 9.999625880202750450e-01 9.999527512817802943e-01 9.999718114173984373e-01 9.999761850519207629e-01 9.999829064467242734e-01 9.999742490313552334e-01 9.999760244995411496e-01 9.999470991097361150e-01
9.999886238094877200e-01 9.999433843158934687e-01 9.999735203722833754e-01 9.999265073505160251e-01 9.999874777313685348e-01 9.999688220920729398e-01 9.999713163430952179e-01 9.999669153984813708e-01 9.999504070334195305e-01 9.999804309050686069e-01
9.999844341216961308e-01 9.999987323034397191e-01 9.999760243059729881e-01 9.999821724223795227e-01 9.999850478220159156e-01 9.999756789954595826e-01 9.999763953656304327e-01 9.999888808786885352e-01 9.999643765962301645e-01 9.999863874217405080e-01
9.999879583809609951e-01 9.999888935684299041e-01 9.999912265031273284e-01 9.999835561689761620e-01 9.999702129395460215e-01 9.999885513648412161e-01 9.999793643997586523e-01 9.999527090051396616e-01 9.999852596310575548e-01 9.999888748087463197e-01
9.999865893163938368e-01 9.999634842702310733e-01 9.999654984517678535e-01 9.999658874240684447e-01 9.999755792684433819e-01 9.999811463136447642e-01 9.999410825739820652e-01 9.999507725900926847e-01 9.999703570765618998e-01 9.999200735665013662e-01
9.999774410167375782e-01 9.999859130546026043e-01 9.999905688019267158e-01 9.999803751129332507e-01 9.999756517260640631e-01 9.999950571636887497e-01 9.999768721637380953e-01 9.999830116254040391e-01 9.999318459330215347e-01 9.998964768488010080e-01
9.999601997632390216e-01 9.999746452114508521e-01 9.999867450704837957e-01 9.999894155753964453e-01 9.999912526842120730e-01 9.999545994837880647e-01 9.999857394447172476e-01 9.999939506777372200e-01 9.999831669662585520e-01 9.999820704832792506e-01
9.999932991669270299e-01 9.999897635002406027e-01 9.999794589911329412e-01 9.999843651910925724e-01 9.999847145493787615e-01 9.999698431790589037e-01 9.999826117919151658e-01 9.999884880856755309e-01 9.999723832518053745e-01 9.999610555863096550e-01
9.999761943728271429e-01 9.999666917982523717e-01 9.999925493250356734e-01 9.999368808786526230e-01 9.999587126330666820e-01 9.999689425867499537e-01 9.999687099802423429e-01 9.999506438456776669e-01 9.999263193137238881e-01 9.999913657361381158e-01
9.999816835025641115e-01 9.999799035142754589e-01 9.999904165241643161e-01 9.999796445344876217e-01 9.999717298295500711e-01 9.999753376483270229e-01 9.999649724586943123e-01 9.999843399159189516e-01 9.999547952630470915e-01 9.999948259774287251e-01
9.999712731115114606e-01 9.999814011980849848e-01 9.999890740485189999e-01 9.999588879927694407e-01 9.999711665204237265e-01 9.999847802094689042e-01 9.999890908367374820e-01 9.999915027574546311e-01 9.999533200395749333e-01 9.999705736459919558e-01
9.999583954960653553e-01 9.999852391657925166e-01 9.999842943316635813e-01 9.999680003323183630e-01 9.999835359996670503e-01 9.999629998736687675e-01 9.999899056908263528e-01 9.999661654661572419e-01 9.999802957296076711e-01 9.999619955723116904e-01
9.999657842493362425e-01 9.999534496975432951e-01 9.999914486107901457e-01 9.999882254384750979e-01 9.999791758230459626e-01 9.999935427509502039e-01 9.999780557150002025e-01 9.999704058167658838e-01 9.999774640510417090e-01 9.999355421148665712e-01
9.999443356708176411e-01 9.999862002869213118e-01 9.999924940810920315e-01 9.999856106433776537e-01 9.999962395314950792e-01 9.999841486394205337e-01 9.999704549180090662e-01 9.999743870844435278e-01 9.999879884264143426e-01 9.999653269193665706e-01
9.999535419084976118e-01 9.999864818017571988e-01 9.999753015514017962e-01 9.999848126650748847e-01 9.999728904541702601e-01 9.999829663891151021e-01 9.999672038385226669e-01 9.999901000579821675e-01 9.999688572591700630e-01 9.999850476111933339e-01
9.999691060073112592e-01 9.999929688583256704e-01 9.999908846331778678e-01 9.999868437750958350e-01 9.999452277733112959e-01 9.999827059654939898e-01 9.999880587491658535e-01 9.999790034718325504e-01 9.999827478382480317e-01 9.999578266110003000e-01
9.999769992377950389e-01 9.999862334452671586e-01 9.999858340941480961e-01 9.999878693530299678e-01 9.999925902657340604e-01 9.999936195143390716e-01 9.999648817976393156e-01 9.999822657143084825e-01 9.999848569650964247e-01 9.999642341545544877e-01
9.999883919615699668e-01 9.999788739647761382e-01 9.999886538116001811e-01 9.999788773868940606e-01 9.999795234258986865e-01 9.999089897332419374e-01 9.999660371406197124e-01 9.999700333141268160e-01 9.999593408543058226e-01 9.999823336777576843e-01
9.999451103112273476e-01 9.999744057652975027e-01 9.999943348634435791e-01 9.999635667713310250e-01 9.999330177754636173e-01 9.999604391640212198e-01 9.999541439646099095e-01 9.999831366935982846e-01 9.999611160638138818e-01 9.999770637499957315e-01
9.999836302778236652e-01 9.999385302635196426e-01 9.999826871889843094e-01 9.999593003629604349e-01 9.999645196260273927e-01 9.999837470113713822e-01 9.999921512882478103e-01 9.999540888473904543e-01 9.999608567729527664e-01 9.999737083118374059e-01
9.999808627951010109e-01 9.999716764280807135e-01 9.999395882880872666e-01 9.999486291165653462e-01 9.999607149999640843e-01 9.999496973509387487e-01 9.999949756440359439e-01 9.999838705574143338e-01 9.999253402211901731e-01 9.999862620387643952e-01
9.999794903756548115e-01 9.999817256159324597e-01 9.999123128909283009e-01 9.999756040406242441e-01 9.999849427453448847e-01 9.999482826429143545e-01 9.999925906855866575e-01 9.999936721397826300e-01 9.998626755133761534e-01 9.999591078433915925e-01
9.999860743607242863e-01 9.999678218223813086e-01 9.999701245985582743e-01 9.999652213573387849e-01 9.999838838276183806e-01 9.999859108914395112e-01 9.999872435202826759e-01 9.999954744859211875e-01 9.999703174802410111e-01 9.999639351028685175e-01
9.999937322036914766e-01 9.999842516677156512e-01 9.999809519993470008e-01 9.999724723656596703e-01 9.999928639180013512e-01 9.999356568240788112e-01 9.999843437905088228e-01 9.999869342382642357e-01 9.999614039352664463e-01 9.999934421953201591e-01
9.999765992137178428e-01 9.999578020279018542e-01 9.999783840023683812e-01 9.999545525900033205e-01 9.999518990698216259e-01 9.999729429934858249e-01 9.999759522742179829e-01 9.998123648673928887e-01 9.999601968027221899e-01 9.999935912117435821e-01
9.999727525007011675e-01 9.999582594688301018e-01 9.999857361837585223e-01 9.999762395559863570e-01 9.999771893375835052e-01 9.999930941450440036e-01 9.999914251895281048e-01 9.999868944160449358e-01 9.999925986782164378e-01 9.999838623055192777e-01
9.999747611336925468e-01 9.999898622822875893e-01 9.999825622886010512e-01 9.999414367041988827e-01 9.999794997075475145e-01 9.999702354611978983e-01 9.999875972888951914e-01 9.999385543602637982e-01 9.999799769483488365e-01 9.999873056726146237e-01
9.999408361705672821e-01 9.999727283632285912e-01 9.999886210686422805e-01 9.999405377749654988e-01 9.999812072315220624e-01 9.999885440325382291e-01 9.999866488684543420e-01 9.999830346103043555e-01 9.999854596059929435e-01 9.999283320138885323e-01
9.999823265200189493e-01 9.999851053492693209e-01 9.999954279005087709e-01 9.999567816882072302e-01 9.999630506950935027e-01 9.999698844095366024e-01 9.999935144439477952e-01 9.999878271486590808e-01 9.999894494957795033e-01 9.999878379358307923e-01
9.999682619045392462e-01 9.999647669453917143e-01 9.999801264440870696e-01 9.999785183251002074e-01 9.999752284939201763e-01 9.999872545512543676e-01 9.999458128392159084e-01 9.999810567271866235e-01 9.999770961746552445e-01 9.999828395182462915e-01
