9.963234078893343781e-01 9.928121940035734561e-01 9.970256014138394463e-01 9.964861685900787691e-01 9.939643337232828557e-01 9.959838519228598752e-01 9.901242815228187277e-01 9.902921970914234651e-01 9.947611565299366854e-01 9.970577683601056229e-01
9.963938597134399666e-01 9.946509860483345733e-01 9.736437173036489590e-01 9.976307408434639257e-01 9.966540535027085257e-01 9.933531217395115132e-01 9.947805901234264558e-01 9.972081011684729157e-01 9.972894648182103472e-01 9.963386497615562831e-01
9.702535768761799684e-01 9.899060985861452000e-01 9.917245124328457617e-01 9.919026081412605222e-01 9.982622055979786246e-01 9.910091453470275535e-01 9.939879843656116432e-01 9.854021209358474476e-01 9.945605892550354321e-01 9.976455244977102677e-01
9.981132945665808220e-01 9.961243614477124364e-01 9.965634437944357327e-01 9.938922861196941572e-01 9.933201544674310490e-01 9.969344404951083760e-01 9.939949176245016504e-01 9.873140449708838196e-01 9.912048712750234358e-01 9.979574317604289480e-01
9.943319649952447881e-01 9.945697900634220545e-01 9.985447352793822562e-01 9.919244820023642717e-01 9.970761759500338384e-01 9.977566007048499497e-01 9.940962529762886746e-01 9.978924965354267762e-01 9.968556092569819116e-01 9.950456787383719082e-01
9.979028628265277368e-01 9.895314671053166977e-01 9.971122580589218964e-01 9.955878005267262409e-01 9.968366658321022866e-01 9.940889179360354877e-01 9.921412270053159288e-01 9.432254490670285429e-01 9.967813400655469724e-01 9.947829966558748849e-01
9.982750978093827277e-01 9.966992302330042186e-01 9.929450145508026404e-01 9.969553427205825047e-01 9.978193292337964593e-01 9.983647732899100236e-01 9.925678185669825071e-01 9.858155229441352141e-01 9.896850433486201748e-01 8.148379950638853231e-01
9.981265836207628972e-01 9.872644121133342665e-01 9.891762634824997624e-01 9.905703520583978294e-01 9.984170029187072748e-01 9.978137771383279730e-01 9.917946599531641816e-01 9.960110638853970633e-01 9.953317274769135636e-01 9.937439669072279935e-01
9.942036394534332633e-01 9.906541704701858908e-01 9.941469403739494615e-01 9.964671682621405457e-01 9.610442500184041004e-01 9.961716898379950891e-01 9.625504494815756429e-01 9.899945496492259522e-01 9.963866088763306816e-01 9.966861211899389339e-01
9.973171769386972585e-01 9.969456523861423003e-01 9.813200476937967709e-01 9.865096261460619687e-01 9.975254801661100901e-01 9.526266607869264824e-01 9.980262419755170367e-01 9.954860903383117021e-01 9.967038963766379212e-01 9.969036696041250201e-01
9.984654283560903121e-01 9.956787685646436570e-01 9.957276550314424490e-01 9.897579181625517641e-01 9.964490006100434893e-01 9.938672849327832015e-01 9.839223057196583300e-01 9.939174140116335820e-01 9.971582251224270221e-01 9.809366657948117574e-01
9.974421539177474871e-01 9.954001506499269292e-01 9.950816521225190892e-01 9.968671149197911863e-01 9.949944311662909380e-01 9.972612163435200516e-01 9.950640715051087826e-01 9.956915868344933251e-01 9.905658535779544582e-01 9.813373461207753889e-01
9.941538536489190614e-01 9.868236659327497273e-01 9.972966166279283451e-01 9.885598465359980436e-01 9.947503906918186978e-01 9.891121455504876536e-01 9.953064432926326255e-01 9.978121597187721292e-01 9.984006345282331329e-01 9.968036936645565671e-01
9.971013685089534784e-01 9.947930687793570259e-01 9.931579697398588147e-01 9.971194765191225828e-01 9.975934313808414444e-01 9.954118837914737172e-01 9.971667214254278377e-01 9.957978524436585932e-01 9.871215716700837417e-01 9.978194670887562401e-01
9.967522129807524500e-01 9.893541936626280009e-01 9.897149022032809551e-01 9.925890064046940520e-01 9.981404038864922779e-01 9.983618527126691955e-01 9.985436624552286311e-01 9.981545071807406133e-01 9.985451698541024657e-01 9.964243458137986842e-01
9.906916358342489071e-01 9.969610903277061897e-01 9.950322375579345735e-01 9.959222601183934653e-01 9.935218652404792516e-01 9.940594151647285104e-01 9.968439273184188654e-01 9.960176891292690238e-01 9.955111843810323657e-01 9.973154120430205438e-01
9.964718109749307606e-01 9.803170097869078337e-01 9.959053973087239608e-01 9.969519662133955462e-01 9.395947680918795841e-01 9.878077061772906342e-01 9.950678523645862805e-01 9.958400441617284438e-01 9.779272486740876458e-01 9.931335679292803142e-01
9.935303934259281933e-01 9.904324953714140900e-01 9.965601079232352388e-01 9.706164880466617850e-01 9.982073774523577692e-01 9.948611840307034493e-01 9.963727497381401621e-01 9.658780029720869242e-01 9.955750908641679553e-01 9.962274817518701475e-01
9.961977660689477210e-01 9.949465401268096088e-01 9.963007584908395442e-01 9.911678258891780668e-01 9.893419562212204532e-01 9.949920143082804369e-01 9.971953510559152800e-01 9.938822421949813357e-01 9.957955371639138908e-01 9.974820803216561949e-01
9.966574712305926731e-01 9.975381249716019916e-01 9.902989858984756477e-01 9.946428511627376512e-01 9.938144031923260568e-01 9.881216516389232929e-01 9.925022964300358463e-01 9.932612620370514511e-01 9.910115174498836943e-01 9.951596551840554694e-01
9.965828565008915119e-01 9.950248707452270525e-01 9.966681387678635318e-01 9.931947798991025422e-01 9.963917619741112786e-01 9.929866419098343222e-01 9.956243582234379774e-01 9.734851243901455620e-01 9.856434420349799996e-01 9.970803611655283394e-01
9.972455258643035947e-01 9.969348054928132141e-01 9.847156629530893213e-01 9.903494301842107328e-01 9.941087810913658007e-01 9.946590831303705471e-01 9.930027155393008620e-01 9.979897116736526907e-01 9.984115203089695134e-01 9.985088893116854658e-01
9.975361579575864335e-01 9.958860276193792771e-01 9.812984348000327595e-01 9.962896003914227805e-01 9.985415697652875178e-01 9.933070515343223050e-01 9.959798604445820880e-01 9.949812628405200199e-01 9.806668318736526668e-01 9.950830717534211445e-01
9.975439222474030698e-01 9.977921921002472772e-01 9.956483205522878022e-01 9.931632329604066500e-01 9.936672476207626392e-01 9.869450259090738475e-01 9.983890028890191060e-01 9.968416171488021504e-01 9.964507403499093252e-01 9.915233653384457613e-01
9.944371884423327534e-01 9.938956352750033529e-01 9.972976306258356516e-01 9.970779449625658541e-01 9.968659150193310836e-01 9.881023876108322446e-01 9.877262212059733093e-01 9.963149030509814708e-01 9.982273400851403578e-01 9.980768028680487847e-01
9.915535119411178488e-01 9.976938791410524532e-01 9.933036978031440922e-01 9.982358542819700364e-01 9.926451848393560429e-01 9.902269733884885294e-01 9.929570247345186340e-01 9.906392973305198080e-01 9.972195681073703355e-01 9.957380029649757214e-01
9.948266948627778605e-01 9.923452648133634924e-01 9.977377666957792934e-01 9.988366242441659715e-01 9.394503088549707170e-01 9.931922985048915464e-01 9.924876070370554082e-01 9.913050909365063168e-01 9.706901911081613488e-01 9.975203787657609400e-01
9.937805473470983086e-01 9.952094356799042751e-01 9.967445521034867806e-01 9.949813399936680014e-01 9.962131870140964462e-01 9.899811258013040405e-01 9.967565262648646618e-01 9.923029333308907018e-01 9.965409597795904517e-01 9.929127636767168807e-01
9.966934388515491516e-01 9.962746140281814045e-01 9.949396313645547663e-01 9.958912709242835337e-01 9.950646202683521846e-01 9.943888336512555215e-01 9.947963180120028559e-01 9.944888191309637637e-01 9.964763975223469572e-01 9.960869201339367374e-01
9.984112904409518929e-01 9.954139815042767347e-01 9.962421407626426140e-01 9.946210582681574985e-01 9.952598958876082147e-01 9.975383910449610037e-01 9.921173743592109906e-01 9.977880502932306994e-01 9.985130866241410663e-01 9.926960771583961396e-01
9.892793406831295044e-01 9.908829412973316764e-01 9.955695373880537602e-01 9.934750926230809798e-01 9.961731353003762113e-01 9.960039708066155129e-01 9.918532555253605221e-01 9.943963594751537016e-01 9.985952681493074357e-01 9.888222336290819481e-01
9.792663019871412633e-01 9.939042413717226188e-01 9.970973634568980337e-01 9.966594860120494559e-01 9.992122701633814330e-01 9.974684216077285281e-01 9.946074769090388346e-01 9.965787178527555357e-01 9.943473209439985805e-01 9.938976267407598764e-01
9.959141913627631570e-01 9.877049118634889657e-01 9.959386644373761088e-01 9.882417125312619177e-01 9.965326301153560884e-01 9.964239815498795449e-01 9.945030653038261503e-01 9.967990606844202572e-01 9.894351332903139618e-01 9.948372225210088127e-01
9.933202725141203615e-01 9.936184693339704666e-01 9.887094533995456347e-01 9.588395503758400107e-01 9.940387455464347877e-01 9.950345620067313490e-01 9.961581985654505145e-01 9.845634367012746635e-01 9.953220767553866422e-01 9.969782703000696911e-01
9.969485092788603620e-01 9.819897328463708108e-01 9.971866451862990699e-01 9.289076029486093011e-01 9.894174898689892528e-01 9.854587063330818575e-01 9.974696023817686275e-01 9.890851505273035027e-01 9.934679298216211318e-01 9.982492147674445482e-01
9.946437121059611419e-01 9.637631982087292437e-01 9.968394845130764681e-01 9.964159226287919724e-01 9.892308701763262713e-01 9.964856128432209026e-01 9.952298440625136910e-01 9.919002718681618758e-01 9.974763092603023962e-01 9.960484449609656732e-01
9.926531071222991498e-01 9.963174649073384126e-01 9.980338770814477511e-01 9.969121965017672116e-01 9.879842706709941469e-01 9.971171181128674066e-01 9.987563675698802879e-01 9.952657067019552439e-01 9.969607786834167040e-01 9.923311447198004398e-01
9.985721595327319289e-01 9.908284903391788578e-01 9.944424152984945309e-01 9.930963237896067719e-01 9.981384773678181332e-01 9.982489903083879845e-01 9.958169725851441223e-01 9.923263733486236138e-01 9.855811936598257716e-01 9.964875598630664744e-01
9.951199238581048823e-01 9.907399355256858442e-01 9.973407810077036251e-01 9.959529578387379400e-01 9.799190549670030448e-01 9.949416758390418059e-01 9.926549803505692049e-01 9.974087030147777977e-01 9.931050485960479790e-01 9.893664536807732501e-01
9.947022795734452583e-01 9.882799977768959021e-01 9.914441020542372751e-01 9.883331442845073589e-01 9.955746081393880287e-01 9.963406804245287240e-01 9.949454460378110987e-01 9.990499021286497472e-01 9.987981039143409845e-01 9.763640355647675850e-01
9.988311361046142700e-01 9.941321570036998345e-01 9.952629047219953007e-01 9.897835908213130640e-01 9.664211079553649553e-01 9.977607458268749063e-01 9.966180696962420038e-01 9.975628547902346543e-01 9.960452562297142931e-01 9.980405816612103465e-01
9.919401597929551340e-01 9.967856321814304588e-01 9.959888044687269515e-01 9.952472178474052189e-01 9.919227308660565345e-01 9.969926059985777522e-01 9.971058096142545457e-01 9.950549645852344582e-01 9.966250771897374738e-01 9.953090807367752646e-01
9.943174492385928875e-01 9.919468993090300168e-01 9.964447604001023251e-01 9.954241358721055422e-01 9.852902304249492316e-01 9.933267941250368827e-01 9.956441230507693252e-01 9.958227707071739543e-01 9.981740504384201129e-01 9.965488778678363024e-01
9.612276812893641997e-01 9.981394508481384875e-01 9.951229072779963492e-01 9.940187689858844822e-01 9.961888494611076394e-01 9.943244548540938199e-01 9.964879415187906098e-01 9.944280295109370060e-01 9.941405053251554103e-01 9.881597688911563093e-01
9.774039890105803430e-01 9.974970980994362080e-01 9.940429526390359705e-01 9.966339070111109866e-01 9.948365139782981981e-01 9.988106511392553788e-01 9.955990789324956625e-01 9.979212860316046818e-01 9.935844900798949109e-01 9.980621951222914401e-01
9.861697707117580425e-01 9.975738283587926025e-01 9.962895555062547537e-01 9.906940926801702796e-01 9.965264613882531819e-01 9.949417218838755295e-01 9.862241296512169741e-01 9.976894894967541783e-01 9.963767504984494261e-01 9.897574652514199434e-01
9.948097198424633580e-01 9.977739458197798506e-01 9.983107443670796721e-01 9.943111263736796879e-01 9.977683143836031388e-01 9.820142573708519063e-01 9.963982556097983334e-01 9.960808455631151581e-01 9.972367769727102926e-01 9.763579468154409691e-01
9.971131662900364345e-01 9.866828100608916463e-01 9.813185652155027583e-01 9.932692093059340976e-01 9.969613409071500509e-01 9.899395750846843312e-01 9.980824321052637060e-01 9.964422423683111374e-01 9.877879030316943920e-01 9.927682422063884848e-01
9.916448471223909822e-01 9.955186758399795499e-01 9.968777617583209905e-01 9.870052719320284718e-01 9.971628326564505596e-01 9.907777710258751647e-01 9.981114973003767377e-01 9.698723693962351122e-01 9.956148990786565234e-01 9.968013132810424892e-01
9.912274909172897885e-01 9.831899228854811268e-01 9.917550147063353139e-01 9.976014047270869156e-01 9.985121542225178226e-01 9.972412794349057030e-01 9.909493440095957784e-01 9.982013280871083749e-01 9.934650880577010623e-01 9.934067381026062682e-01
9.977021578991790429e-01 9.817732018109321945e-01 9.964843288261420184e-01 9.918984315247946215e-01 9.889775661382064209e-01 9.960192254097391951e-01 9.977155036948777145e-01 9.969062843835558851e-01 9.900527868274587862e-01 9.964023546842150081e-01
9.951957546333030091e-01 9.919988575142536513e-01 9.966199214089169756e-01 9.848876337691294669e-01 9.936538008796366173e-01 9.959119378419887259e-01 9.961286543515659453e-01 9.968208890684652212e-01 9.901788639475367360e-01 9.980481968955612349e-01
9.984393030660815294e-01 9.972457016769014082e-01 9.980464024346866747e-01 9.911363520471864197e-01 9.931662812333498236e-01 9.970744483957005855e-01 9.972438388755527905e-01 9.909522371774105443e-01 9.975743619462287270e-01 9.939990033794422475e-01
9.951098174712976752e-01 9.916016426177466370e-01 9.910760447525499561e-01 9.958417930950115293e-01 9.971635755949412872e-01 9.984931798356421195e-01 9.970502347060414827e-01 9.953897276521324056e-01 9.967269256017974310e-01 9.938366623947273437e-01
9.979880213067846562e-01 9.960778341740709196e-01 9.865447383336856113e-01 9.973443558145188570e-01 9.941010048055520798e-01 9.917643984837239968e-01 9.947043442730527651e-01 9.966589028752531609e-01 9.963612675806611252e-01 9.977176769403861556e-01
9.951900957141237569e-01 9.932778453633893667e-01 9.951788637721297182e-01 9.918687312633667208e-01 9.963611097631009939e-01 9.977586668528988234e-01 9.931940474179132838e-01 9.964005217091683742e-01 9.898020577409659682e-01 9.489067655954023239e-01
9.967568295018219837e-01 9.904382551844260751e-01 9.846110355405909287e-01 9.946025961582580788e-01 9.944504745049597139e-01 9.946919522126634883e-01 9.940941917388308458e-01 9.936661031184178539e-01 9.928529888559368688e-01 9.976066546659106971e-01
9.956070575708112491e-01 9.966746324881609054e-01 9.973131784387273546e-01 9.974638244396697440e-01 9.969006192617764217e-01 9.958333389221691867e-01 9.954929274392448901e-01 9.981110905493271179e-01 9.893141991144974723e-01 9.982343410533464079e-01
9.944191337354157945e-01 9.975447955933050004e-01 9.944332865653876530e-01 9.945299153845983398e-01 9.891818981469505667e-01 9.957544306259018541e-01 9.968475685870938907e-01 9.968849422882027911e-01 9.154796386293768684e-01 9.668961762939131122e-01
9.943580198057914155e-01 9.968172345246646415e-01 9.932771766056230911e-01 9.964845898166948546e-01 9.923063614128670995e-01 9.965811509781622446e-01 9.902394481200743614e-01 9.947839536608870104e-01 9.972668325016406099e-01 9.828352121994947677e-01
9.966445107880332888e-01 9.949659013485440129e-01 9.979076714845249718e-01 9.982618267458420735e-01 9.984486060846244904e-01 9.965118598240062520e-01 9.956033124790844013e-01 9.790231348481891471e-01 9.894554077678375803e-01 9.959342725364523918e-01
9.958684488018419989e-01 9.958776062721529376e-01 9.978716698416133513e-01 9.941882921478794044e-01 9.980578230695716924e-01 9.928485304475441753e-01 9.935980194489572037e-01 9.931295922231577755e-01 9.916877329735604985e-01 9.906055776240862976e-01
9.884365968574236883e-01 9.885827744995991928e-01 9.950324743836667096e-01 9.948128442859377474e-01 9.891967932716716483e-01 9.942258350326147465e-01 9.906879932583680937e-01 9.955778981128958760e-01 9.968152786360596762e-01 9.964486092156153996e-01
9.872568642166228425e-01 9.936371943646017391e-01 9.934628285185902463e-01 9.971571671619978705e-01 9.967702092716160811e-01 9.961545215290250610e-01 9.961410110771813375e-01 9.929071119921761834e-01 9.963108778931856202e-01 9.942850221929456778e-01
9.896120076281542666e-01 9.895114556493551650e-01 9.957960091468636143e-01 9.692879450686946452e-01 9.972607657638794532e-01 9.962295390197586364e-01 9.981996848529828270e-01 9.933103360273239923e-01 9.711529363627439126e-01 9.949995945274755504e-01
9.986200890438835520e-01 9.934974678486838684e-01 9.987938594855569896e-01 9.926870763305197798e-01 9.886022077180749434e-01 9.937306988960226128e-01 9.974557566288988486e-01 9.894667492361143291e-01 9.958523462107787827e-01 9.916743744891848289e-01
9.990834359289059163e-01 9.982371139720984665e-01 9.982414647992566836e-01 9.923540120238579787e-01 9.971811604310180099e-01 9.973319176456592050e-01 9.973711776784911498e-01 9.952158814148579502e-01 9.972641571783557035e-01 9.964548597698739130e-01
9.950023541652519565e-01 9.982255632144849677e-01 9.850693321295610483e-01 9.975714440194115573e-01 9.908088452607571872e-01 9.984907281097836762e-01 9.972202119009517807e-01 9.975805145632714588e-01 9.930842936042791891e-01 9.612365222186349811e-01
9.885678341021559845e-01 9.919940977224893652e-01 9.950316030633731268e-01 9.965521716937039143e-01 9.978101660336908818e-01 9.948560515627359324e-01 9.972442905443706929e-01 9.865849155082186961e-01 9.844821360303086522e-01 9.922409339339184342e-01
9.968234244809088818e-01 9.953641507001602662e-01 9.973874499695961626e-01 9.938472274730318912e-01 9.928589406615215829e-01 9.980241878541759037e-01 9.986828810166872294e-01 9.951912681596787325e-01 9.952946645032997308e-01 9.960482734126018256e-01
9.960989105294789647e-01 9.895937215517550678e-01 9.973003267009067363e-01 9.918800538824227297e-01 9.964978728560912602e-01 9.864588535518278301e-01 9.979693021811074649e-01 9.925679957941708764e-01 9.964377097707464159e-01 9.976212508148302183e-01
9.949019164298608109e-01 9.962718950992326405e-01 9.924564262376253110e-01 9.960844758268587729e-01 9.944134798822408250e-01 9.941199818922121789e-01 9.941869410510516536e-01 9.966576349333631235e-01 9.948636434229135572e-01 9.952716426884681278e-01
9.940257192396154684e-01 9.949392404648607080e-01 9.865836813875494826e-01 9.965103210512895604e-01 9.906504700905600647e-01 9.923043472675955323e-01 9.967264682646588270e-01 9.871691303455543132e-01 9.937767277914397734e-01 9.964001417541824557e-01
9.983027566306527101e-01 9.956831163415240660e-01 9.943538690622373277e-01 9.975233304305923809e-01 9.815173735572633174e-01 9.977741013573113715e-01 9.568080549512554267e-01 9.860197766690842469e-01 9.979164847493419144e-01 9.847118214944429182e-01
9.975831334059211963e-01 9.930617717805522160e-01 9.938233452464521056e-01 9.917469896778554617e-01 9.953101582150972737e-01 9.986848898105106231e-01 9.834657707446126107e-01 9.888637283016133983e-01 9.928487754696394552e-01 9.961762183593190212e-01
9.858402438689279901e-01 9.860318448269772551e-01 9.836883826167434064e-01 9.833076194317932339e-01 9.835793479436812925e-01 9.959562961887487020e-01 9.875727510632674733e-01 9.866493487231047244e-01 9.962622966364117483e-01 9.712564666223951759e-01
9.916845184562680382e-01 9.885096699913497043e-01 9.957086044216630905e-01 9.954788442819897387e-01 9.901247214611903491e-01 9.880278362545948934e-01 9.978436196692450633e-01 9.940342617115348611e-01 9.954340268521429946e-01 9.973869380445691268e-01
9.973972139325596453e-01 9.975098871056926608e-01 9.978216187597586107e-01 9.971044493369137784e-01 9.961405628029192938e-01 9.978182258566696827e-01 9.983140936238930063e-01 9.902719247269194947e-01 9.966245437247167605e-01 9.922468518387865810e-01
9.893933564968487859e-01 9.979670743717742321e-01 9.972582038320086939e-01 9.813953459030870796e-01 9.952627115080289188e-01 9.945186657348811243e-01 9.949449278856317136e-01 9.969477801598569666e-01 9.963740658325171973e-01 9.971262823636067862e-01
9.913099268563428934e-01 9.933323689370607834e-01 9.934447225878144661e-01 9.308885347089360662e-01 9.965865926201954439e-01 9.952941051197993216e-01 9.919463021535814828e-01 9.958235364304964810e-01 9.908963586026514614e-01 9.974471094280298322e-01
9.924362290323416325e-01 9.961678397144447805e-01 9.951012925632946038e-01 9.963405756257469603e-01 9.922785856258059534e-01 9.953626720180618337e-01 9.953615894551677279e-01 9.952539487330115398e-01 9.636971795179327671e-01 9.961754749374801543e-01
9.973518967356291842e-01 9.918431883468520338e-01 9.862779873135482100e-01 9.941846247376959766e-01 9.927321357654770306e-01 9.926978597511406655e-01 9.962885978104869533e-01 9.962025128931990547e-01 9.958165342956832866e-01 9.984360900510009795e-01
9.905676023444869305e-01 9.950394051281457042e-01 9.962329594540783040e-01 9.975725596825743002e-01 9.945786928323605558e-01 9.962149450989371546e-01 9.899217027603198771e-01 9.974595076659891202e-01 9.937541856970348864e-01 9.954499977396610300e-01
9.940057197299193570e-01 4.395928404568529846e-01 9.982387246934087965e-01 9.931063721985440296e-01 9.706165155140910050e-01 9.914190077896203324e-01 9.887827692393056367e-01 9.616441009333136503e-01 9.968893288177685941e-01 9.970993676318359311e-01
9.942983390131542309e-01 9.942741713488612021e-01 9.956795001723598437e-01 9.954595694301948683e-01 9.860233405954371699e-01 9.982858643915970553e-01 9.806173268841238411e-01 9.894388964536555697e-01 9.890684552340601732e-01 9.928857511084704379e-01
9.967936698388191186e-01 9.884313385509875260e-01 9.880656961291391926e-01 9.912499927009162937e-01 9.945681164081869863e-01 9.925243265914157620e-01 9.967841125570886529e-01 9.960919941439789760e-01 9.886115873912623142e-01 9.964180677985485790e-01
9.979883468557498860e-01 9.971182290044996455e-01 9.982742846034551309e-01 9.968207573529519472e-01 9.957791363257734174e-01 9.920625716264233063e-01 9.982527969053776040e-01 9.962065858716487865e-01 9.960455332728636035e-01 9.949273694496312270e-01
9.964971906778941069e-01 9.767039731814973758e-01 9.982295552984188358e-01 9.954566250269986094e-01 9.976693626228380074e-01 9.846867116033911627e-01 9.947775269888213812e-01 9.881761862019721177e-01 9.979412458928690333e-01 9.909473862542215183e-01
9.959923466857966146e-01 9.952460124281596876e-01 9.953542664201768808e-01 9.917637164546871942e-01 9.919141212152692288e-01 9.928728860636453213e-01 9.970646887036741512e-01 9.911987211888171334e-01 9.979945797608178459e-01 9.726480438649705018e-01
9.879875907671080704e-01 9.943496726113436601e-01 9.970695999593399694e-01 9.962724074904741878e-01 9.758174356004805094e-01 9.835892257847347331e-01 9.935694737294156198e-01 9.706941580445841433e-01 9.948097907100819093e-01 9.507456744279063621e-01
9.922108177236960147e-01 9.955115352737203827e-01 9.982012508896865866e-01 9.968696327768741261e-01 9.980250609320474586e-01 9.962942470887450330e-01 9.974382125311626046e-01 9.916182776812805244e-01 9.986378973070951792e-01 9.930850073826534841e-01
9.307757309887064734e-01 9.950750330367967855e-01 9.831159731589073081e-01 9.955501687193637483e-01 9.851716910689082285e-01 9.796058206047829620e-01 9.851663997644567461e-01 9.925408314312512692e-01 9.967121984539003554e-01 9.967306010470355915e-01
9.971195286902815313e-01 9.886906407935518448e-01 9.959003931533340070e-01 9.981937811954677553e-01 9.859434875879029558e-01 9.873059628063143300e-01 9.868346766688134153e-01 9.952591918741284793e-01 9.944860113571525329e-01 9.975264716193564807e-01
9.932928539728981265e-01 9.947065282956871757e-01 9.818073037760878252e-01 9.883413886950467298e-01 9.944562763684502427e-01 9.930192118007287183e-01 9.956073983069775313e-01 9.968205336472614198e-01 9.934379368677478395e-01 9.893402357625984411e-01
9.922472804122997037e-01 9.937460552926624668e-01 9.954114720040898590e-01 9.878895077053904128e-01 9.913113476437730442e-01 9.865791071056801975e-01 9.984659015931132142e-01 9.971947981477444767e-01 9.969144971995738125e-01 9.938374761648387512e-01
9.978746088799468339e-01 9.982178907874705853e-01 9.932303271754681084e-01 9.891053553891936412e-01 9.928914145429121874e-01 9.968721423723382324e-01 9.897204442742228991e-01 9.987032029518604359e-01 9.968780461779146451e-01 9.828947420625597786e-01
9.985612958293469399e-01 9.983014618050146671e-01 9.975185442667764413e-01 9.899709515872510135e-01 9.972247354450157752e-01 9.951649032396984174e-01 9.980918695505986982e-01 9.984771743514554432e-01 9.966680700023834438e-01 9.937620215037231697e-01
9.967921673027937413e-01 9.967972867558582140e-01 9.963693443621685075e-01 9.983712551477802455e-01 9.956164241673198800e-01 9.882471964246792862e-01 9.857474582923915207e-01 9.987143133341871426e-01 9.982805934730593078e-01 9.888621077213187727e-01
9.874274537897859139e-01 9.857342999806915085e-01 9.950497200905482620e-01 9.960286781271842083e-01 9.939803573417592686e-01 9.960780292483580878e-01 9.979608924773530898e-01 9.977256666052873868e-01 9.952665545918467638e-01 9.942501458761754396e-01
9.952549849509210178e-01 9.852501800467675652e-01 9.911224750625075020e-01 9.738624430009402699e-01 9.989291834148273930e-01 9.953371404618270857e-01 9.943338609497789360e-01 9.964931358243654946e-01 9.987349430785155135e-01 9.973167677721466173e-01
