9.998363944536534653e-01 9.998248618268876786e-01 9.997363134260043305e-01 9.998569152391465487e-01 9.998471184753642271e-01 9.998346261770326704e-01 9.998464784411348338e-01 9.998400987233778681e-01 9.998439608015677882e-01 9.998050403584249901e-01
9.997730173638220696e-01 9.997865383485901036e-01 9.998259415862199573e-01 9.998393219169654511e-01 9.997800786130445205e-01 9.998381051252402951e-01 9.998065899077556162e-01 9.998561683167871417e-01 9.997884829688449271e-01 9.998420710272444278e-01
9.999000505100896774e-01 9.998482380691392502e-01 9.998343175908899205e-01 9.997964499734768307e-01 9.998490434897218115e-01 9.998524884300896698e-01 9.997800867683285242e-01 9.998282887940278529e-01 9.998269336733156543e-01 9.998649972200410740e-01
9.998388326047508157e-01 9.997684134203599360e-01 9.998581957345109572e-01 9.998348278388152766e-01 9.998309266210272384e-01 9.998285238727598889e-01 9.998621862811267746e-01 9.998331961603773577e-01 9.998725215352902707e-01 9.998669034683252965e-01
9.998660125458801451e-01 9.998844990505361130e-01 9.998086477004810568e-01 9.998049098549220970e-01 9.998527987679879381e-01 9.997856849545876390e-01 9.998376824736948665e-01 9.996618803284644805e-01 9.998151293294852415e-01 9.998604202149464770e-01
9.998413048564444017e-01 9.998102772371296743e-01 9.998036211414379482e-01 9.997831812288294762e-01 9.998140751010646810e-01 9.998739122945089486e-01 9.998171709834289267e-01 9.998168491295382765e-01 9.998475571711006316e-01 9.998359996147655471e-01
9.998689739142175847e-01 9.998415746636776236e-01 9.998704125293809142e-01 9.997801185098901255e-01 9.998565781784929385e-01 9.998640021225020380e-01 9.998758979026255433e-01 9.998025952408131634e-01 9.997902333322986612e-01 9.997681590841389632e-01
9.998608171431822011e-01 9.998274591937202915e-01 9.998320368990550877e-01 9.998152162603695103e-01 9.998336015575495228e-01 9.998477203922127021e-01 9.997659313238893564e-01 9.998172603131399994e-01 9.998171100416775037e-01 9.998559681538359278e-01
9.998254841119321723e-01 9.998245381624888406e-01 9.998174691506352962e-01 9.997900621097298712e-01 9.998340220035026871e-01 9.998853606843955966e-01 9.998010241915413765e-01 9.997886895473213631e-01 9.997485146894686814e-01 9.998653646777651005e-01
9.998711949545019406e-01 9.997926800706028461e-01 9.998242012552029934e-01 9.997645518153140953e-01 9.998448379745462633e-01 9.998322568545150446e-01 9.997845600236971997e-01 9.998742614690415698e-01 9.998785500373909008e-01 9.998746038097360289e-01
9.998518459623370047e-01 9.998362143266313895e-01 9.997845354287739905e-01 9.998518495811493656e-01 9.998100025687779446e-01 9.997675167998808510e-01 9.997980123092062854e-01 9.997913630939323504e-01 9.998199401281310239e-01 9.998134331188642809e-01
9.998447112376047663e-01 9.998478424672907483e-01 9.998076998474185739e-01 9.998129964613287068e-01 9.998113190846185105e-01 9.998393625626904591e-01 9.998309256719367655e-01 9.998440494249469790e-01 9.998189488130843072e-01 9.998108181638595271e-01
9.998427047637211684e-01 9.997988455902534488e-01 9.998494999161300356e-01 9.998330715618246600e-01 9.997956080921831523e-01 9.998197270958071314e-01 9.998066752604225504e-01 9.998670635783303284e-01 9.998712607479524062e-01 9.998885977650424639e-01
9.998437365771848384e-01 9.998612301529475888e-01 9.998455043390337416e-01 9.998401679193391622e-01 9.998942508723875910e-01 9.998676998637041624e-01 9.998574445726300386e-01 9.998603457818129314e-01 9.997538300170715209e-01 9.998619428930761721e-01
9.998317500422865267e-01 9.998247863744509356e-01 9.997362220712547876e-01 9.998366783788800172e-01 9.997945637526951534e-01 9.998272250357982394e-01 9.997893621404886355e-01 9.997859422641626193e-01 9.998450298272567593e-01 9.997784926227316626e-01
9.998024663764918385e-01 9.998195980010992079e-01 9.998621732805803575e-01 9.997541737215538404e-01 9.998298666366753906e-01 9.997752536500530418e-01 9.998648407815703409e-01 9.998489898122729924e-01 9.998296187132881263e-01 9.997743891758709145e-01
9.997788421827586980e-01 9.998130271778719047e-01 9.998037800849755019e-01 9.998104235562811359e-01 9.998253670636281232e-01 9.997987245956737601e-01 9.998287816298900843e-01 9.997590770198802046e-01 9.998757408817274817e-01 9.998304824790029688e-01
9.998092424914228893e-01 9.998437493318351743e-01 9.997996383821176059e-01 9.998615098140434254e-01 9.998596518713146475e-01 9.998294137614663901e-01 9.998124320732660886e-01 9.997853257306991148e-01 9.998543986315622245e-01 9.998052022352619250e-01
9.997464551761631180e-01 9.997626379386038709e-01 9.998253148150229030e-01 9.998585125413421704e-01 9.997641315885915647e-01 9.998284196698981052e-01 9.998308984022888923e-01 9.998527571142218351e-01 9.998520742621255231e-01 9.998522605939542673e-01
9.998137909996986927e-01 9.998318358960583963e-01 9.998659194553990437e-01 9.998458831345233833e-01 9.998285703562754811e-01 9.998805274516198160e-01 9.998282963830389392e-01 9.997789795353326792e-01 9.997888819877330802e-01 9.997879043229576101e-01
9.998456816040006689e-01 9.998387307415924630e-01 9.997959563753110457e-01 9.998956122135683744e-01 9.998752214815106454e-01 9.997918914098915533e-01 9.998653466181937066e-01 9.998074814039854541e-01 9.998028681624011593e-01 9.998459183969391484e-01
9.998276940372275989e-01 9.998610762507801342e-01 9.998622704191242327e-01 9.998508199672097030e-01 9.997637352017181289e-01 9.998112963979438605e-01 9.997534117443304114e-01 9.997910542214651919e-01 9.997981020049655498e-01 9.998016064342069020e-01
9.998445623491534207e-01 9.997775611710533195e-01 9.998503219189662783e-01 9.998543505011877608e-01 9.998629478142824212e-01 9.998529068462373992e-01 9.997742567283658399e-01 9.998743785817844065e-01 9.997732890200934364e-01 9.998508472579870077e-01
9.997523333004858515e-01 9.998543920947474684e-01 9.998719036809244898e-01 9.998384775914630485e-01 9.998258022511788967e-01 9.997971701192251981e-01 9.998464930874135792e-01 9.997901038423478992e-01 9.998337817435376529e-01 9.998143106742830577e-01
9.998675529339946522e-01 9.998163472725495327e-01 9.997830260135275315e-01 9.998134914882658153e-01 9.998410160603943275e-01 9.998647195569858592e-01 9.998509514191536995e-01 9.997691002191171350e-01 9.998583307588629898e-01 9.998684496499993246e-01
9.998469068883251154e-01 9.998270271800301368e-01 9.997843984370442527e-01 9.998391609577667039e-01 9.997626736678751902e-01 9.998380490642537755e-01 9.998042286643219478e-01 9.998268223858305381e-01 9.998499228063492117e-01 9.998101716543454920e-01
9.998303530675538564e-01 9.998193778718371671e-01 9.998285565540505626e-01 9.998606598692344472e-01 9.998318519033012608e-01 9.997597986592430264e-01 9.998450935628860892e-01 9.998938819642844145e-01 9.998168993524164661e-01 9.998438228330642774e-01
9.998385464064029060e-01 9.998259725017353272e-01 9.998889608563683584e-01 9.998614613726166667e-01 9.998458297478133305e-01 9.998336257509505831e-01 9.998578752307367701e-01 9.998374945776303813e-01 9.997796317796469046e-01 9.998431110916982112e-01
9.998363061600842316e-01 9.998142253977878591e-01 9.998343840813975758e-01 9.998351708601643795e-01 9.997826245415636359e-01 9.998689644548756084e-01 9.998215592681741759e-01 9.998036929910442128e-01 9.998370162358907187e-01 9.998530817584143637e-01
9.998703295998103702e-01 9.998486292998453040e-01 9.998104021022758969e-01 9.998574181677313266e-01 9.998651397476544522e-01 9.998250254092325706e-01 9.997801423112998576e-01 9.998573183770587125e-01 9.998130651097588695e-01 9.998769301171495094e-01
9.997772461157997670e-01 9.998504404268508949e-01 9.998435933424455468e-01 9.998515674289469857e-01 9.997472013572316074e-01 9.998553881693498235e-01 9.998478049416402724e-01 9.998135496927929022e-01 9.998488661122872934e-01 9.998120675974893068e-01
9.998309435869691120e-01 9.997929194280169574e-01 9.998242942130929345e-01 9.998342233130124157e-01 9.997562848610912489e-01 9.998340962110839891e-01 9.997926428181247438e-01 9.998715567279932159e-01 9.997992285779205845e-01 9.998509203942446133e-01
9.998019680976973911e-01 9.998525915110811901e-01 9.998771430127392223e-01 9.998279951482071937e-01 9.998499453946093629e-01 9.998622518639431744e-01 9.997853996395722476e-01 9.997918204706376377e-01 9.998780395115737241e-01 9.998761693529287786e-01
9.998400188218534712e-01 9.997569422726769739e-01 9.998362732377156226e-01 9.998476162749500018e-01 9.998924217138369652e-01 9.997606295301975088e-01 9.998796194031664974e-01 9.999089452155630608e-01 9.998612360897178863e-01 9.998496495047494159e-01
9.997509483622915027e-01 9.998217608922955746e-01 9.997631974115156472e-01 9.998701317893619045e-01 9.997345409916510439e-01 9.998528106636854762e-01 9.998513885578960148e-01 9.998469661618618609e-01 9.998063952142756117e-01 9.997948389656414747e-01
9.998271765399721067e-01 9.997696998217743269e-01 9.997907758170271331e-01 9.998857795444529017e-01 9.998688696183909430e-01 9.998521393161556858e-01 9.998267115039572994e-01 9.998415796160050606e-01 9.998449570374872142e-01 9.998278667593109015e-01
9.998258808775807305e-01 9.998119241070622110e-01 9.998529760385935772e-01 9.997099170968987147e-01 9.998573959492391694e-01 9.997959874324021667e-01 9.997891219719667877e-01 9.997456294574317281e-01 9.998118907041694259e-01 9.998341191438273601e-01
9.997506326598284421e-01 9.998483707719424407e-01 9.998616691945724222e-01 9.997851706509328640e-01 9.998596583301548879e-01 9.997966361039587468e-01 9.998480501475078830e-01 9.998270768848827039e-01 9.997974508865404841e-01 9.998573536475423573e-01
9.998305997754549646e-01 9.998581920059432804e-01 9.998442457998298893e-01 9.998099550185842732e-01 9.998790206825355353e-01 9.998467834949138489e-01 9.998626161686401392e-01 9.997758212579348491e-01 9.998717041088044377e-01 9.998595900210039966e-01
9.998636229474999748e-01 9.998077297071972236e-01 9.998322193050023232e-01 9.998824228769405131e-01 9.998304564716743448e-01 9.998091759360213659e-01 9.998347537506975247e-01 9.998429772774671820e-01 9.998189607274716728e-01 9.998721621211371646e-01
9.998293934530628757e-01 9.998075768967626953e-01 9.998189904397781769e-01 9.998265729613928787e-01 9.998606881544641611e-01 9.998175494949426145e-01 9.998487679491678826e-01 9.997934399367257585e-01 9.998125482499193861e-01 9.997968228034082028e-01
9.998434459906255789e-01 9.997834752332968034e-01 9.998336718890248331e-01 9.997936260727501301e-01 9.997893326405251635e-01 9.998733472246336129e-01 9.997384652696393870e-01 9.997572769642746326e-01 9.998436349695389858e-01 9.998230575444700952e-01
9.998700018780602994e-01 9.997933234369316136e-01 9.998775448897083695e-01 9.998181893721190816e-01 9.998224744568571243e-01 9.998598497978747890e-01 9.998764483054507490e-01 9.998790656807564625e-01 9.998346226087194699e-01 9.998824593808133265e-01
9.998456469800907076e-01 9.998550892650049926e-01 9.998383687245098184e-01 9.998285045129496895e-01 9.997907940885375488e-01 9.997946028982863664e-01 9.998546030761835679e-01 9.998909662254350517e-01 9.997496986885254788e-01 9.998446592757022078e-01
9.998398806838075803e-01 9.998801633396591226e-01 9.995473000702373989e-01 9.998138473250841596e-01 9.997761518231109701e-01 9.998349573506061239e-01 9.998216318477353148e-01 9.998119810626135973e-01 9.998501668539787612e-01 9.998115813695469534e-01
9.998125249418091665e-01 9.998317308354119914e-01 9.998257809390407314e-01 9.998493715484109146e-01 9.998163624880526124e-01 9.998219226894357048e-01 9.998517966327806761e-01 9.997898228101209650e-01 9.998458327289215797e-01 9.997969197597298407e-01
9.998356266989939511e-01 9.998096265832173701e-01 9.998518192541344662e-01 9.998098713945359206e-01 9.997891820788308292e-01 9.998071290617454032e-01 9.998148449266197613e-01 9.998832338148809784e-01 9.998649577807242617e-01 9.998582700861129435e-01
9.998315332225242713e-01 9.997672041508863794e-01 9.998551411830957081e-01 9.997979424616905142e-01 9.998299536458677972e-01 9.997943634178856342e-01 9.998590276758023698e-01 9.997640118632465933e-01 9.998485548712541249e-01 9.998483446477273162e-01
9.998644259065494477e-01 9.998656561515859575e-01 9.998191376178745537e-01 9.998781660810828198e-01 9.998429949647957837e-01 9.998259254632537729e-01 9.998582237169024722e-01 9.998224569355934621e-01 9.997836766746397430e-01 9.998337217394401844e-01
9.998394436378161831e-01 9.998413357689295289e-01 9.998299465067573832e-01 9.998694443940493448e-01 9.998160677897452997e-01 9.997837797433303253e-01 9.998013661814162401e-01 9.998210263310767232e-01 9.998076674152682752e-01 9.998753459506266594e-01
9.998174586874764014e-01 9.998502834093422331e-01 9.998342726710693906e-01 9.998413879528552650e-01 9.998910208289090162e-01 9.997872221147584559e-01 9.998191155364897220e-01 9.998406866125796322e-01 9.998241291339846626e-01 9.998393620447398877e-01
9.998453772209286994e-01 9.998441662720799483e-01 9.998148651589577884e-01 9.998428794722370450e-01 9.998556299093737110e-01 9.998543997809545836e-01 9.997837472328405806e-01 9.998064845351851693e-01 9.998594915066606470e-01 9.997987367887576360e-01
9.998822355497996028e-01 9.998274349361921942e-01 9.998264551792087618e-01 9.998260210737768272e-01 9.997924711837687939e-01 9.997666536092887357e-01 9.998648833614109943e-01 9.998200452599915744e-01 9.998170825228812619e-01 9.998343793535736657e-01
9.998166021492835842e-01 9.997452100521955209e-01 9.998495785972536520e-01 9.998569470939132620e-01 9.998370317396604312e-01 9.998009650898184164e-01 9.998586921192217369e-01 9.998020241225249460e-01 9.998193333083585932e-01 9.998245334027919817e-01
9.998713100956759803e-01 9.998555060040997811e-01 9.998264677188329896e-01 9.998279873471982437e-01 9.997846315467212586e-01 9.998534530098568407e-01 9.998068873351281249e-01 9.998510752384437428e-01 9.998539713676922736e-01 9.997852778769330540e-01
9.998609742208998119e-01 9.998121197112275205e-01 9.998547438614848737e-01 9.998498911739960304e-01 9.998278413429061429e-01 9.998417544748583463e-01 9.998369235398891774e-01 9.998546011672745371e-01 9.997988462963610656e-01 9.998718559502509651e-01
9.998203952692289453e-01 9.998370908972238347e-01 9.998186362065548671e-01 9.998642594754144630e-01 9.998456979592897920e-01 9.998727593481053777e-01 9.997496294479205625e-01 9.998196684328727324e-01 9.998189012373903672e-01 9.997607636360097416e-01
9.997365437395382415e-01 9.998277806399566980e-01 9.998231933643055847e-01 9.998462778486715274e-01 9.998100538207829180e-01 9.998712218258046791e-01 9.997614973271335970e-01 9.998342211895853149e-01 9.998549384648393046e-01 9.998709980368518657e-01
9.998889158357430196e-01 9.998122124648072262e-01 9.998622932369318761e-01 9.998526951823388798e-01 9.997749240347035826e-01 9.998738069844150811e-01 9.998122507712794427e-01 9.998731883931972764e-01 9.997758214582437297e-01 9.998204615188220901e-01
9.998449926730851312e-01 9.998621058706896880e-01 9.998731372647794435e-01 9.998798596627530566e-01 9.998442141488428359e-01 9.998221135322672426e-01 9.998773052139937612e-01 9.998761480925720813e-01 9.998512936948037444e-01 9.998362594679084392e-01
9.998229226347333798e-01 9.998032603636902715e-01 9.998767221774679248e-01 9.997908032812796719e-01 9.998160836685379138e-01 9.998430153391396624e-01 9.998501532391694813e-01 9.998177451261579529e-01 9.997954500669836708e-01 9.998138308858048884e-01
9.998293404180441657e-01 9.998651702766802041e-01 9.998163010990842592e-01 9.998426619740311549e-01 9.998064606401491083e-01 9.998720197256765196e-01 9.998215085662496282e-01 9.998054383559610292e-01 9.998440736804203866e-01 9.998496978784614519e-01
9.998140010938720845e-01 9.997858097653263831e-01 9.998203525073280362e-01 9.998633664902994989e-01 9.998049773128000473e-01 9.998251381966110074e-01 9.998357123416047321e-01 9.998153375100142792e-01 9.999006493857279798e-01 9.997841050182020295e-01
9.998161154001825590e-01 9.998958441097341998e-01 9.998302591600850553e-01 9.998401617528130947e-01 9.998181988897892891e-01 9.998382610586273866e-01 9.998571818438469760e-01 9.998726469541315831e-01 9.998267606002659846e-01 9.998149012414245806e-01
9.998143292053150999e-01 9.997608733739926645e-01 9.998092613848142962e-01 9.998705125897882073e-01 9.998100513888297236e-01 9.998479456841409263e-01 9.997856086780239071e-01 9.998243648248504867e-01 9.998236849097723589e-01 9.997896069093216154e-01
9.997718784018345684e-01 9.998614971027830478e-01 9.997929670709003735e-01 9.998014136671383723e-01 9.997513492904984700e-01 9.998510811231980933e-01 9.998701849003264197e-01 9.997705292690233225e-01 9.998348560032025434e-01 9.998202693117799189e-01
9.997988900432432935e-01 9.998240343112932971e-01 9.998780442242057864e-01 9.997874001841534630e-01 9.997957713072281871e-01 9.998397713885324167e-01 9.998118499079070576e-01 9.998461347510905206e-01 9.998893777353196066e-01 9.997724865957001716e-01
9.997962290836432953e-01 9.998243652362133194e-01 9.998151678257634067e-01 9.998373157973422520e-01 9.998514406041195679e-01 9.998045305824750928e-01 9.997908283841027144e-01 9.998384881588217032e-01 9.998244731946902553e-01 9.998307117972398128e-01
9.998475206071660848e-01 9.997775955481197352e-01 9.998936333469305993e-01 9.998205499352954551e-01 9.998499561444289530e-01 9.998422287903265815e-01 9.998545893695934828e-01 9.998304738315698659e-01 9.998266331178976563e-01 9.997795440085931462e-01
9.998202563562343936e-01 9.998073385023454884e-01 9.998247279441367930e-01 9.998003326935569479e-01 9.999007419729408763e-01 9.997689280962159808e-01 9.998705995373489142e-01 9.998131871785868041e-01 9.998633388337899719e-01 9.998433030779835251e-01
9.998594069009273388e-01 9.998043232788844659e-01 9.998223092220367425e-01 9.998408194208836530e-01 9.998614248619329681e-01 9.998049757844311713e-01 9.998570450972917856e-01 9.998598041298094596e-01 9.998479595939029352e-01 9.998027728236577039e-01
9.998246509281777383e-01 9.998710935079302420e-01 9.998310469152589253e-01 9.998241042118549693e-01 9.998326241594100994e-01 9.998832471630014762e-01 9.997667431461876308e-01 9.998865792387106044e-01 9.998441440242744616e-01 9.998151812667326332e-01
9.998533287877907627e-01 9.998432169375843781e-01 9.998500704462350841e-01 9.998132435281209540e-01 9.998526084236536438e-01 9.997803866566565834e-01 9.998671286580751438e-01 9.998401832649100873e-01 9.997279899607575127e-01 9.998021664285673404e-01
9.998134795411401932e-01 9.998609692916335945e-01 9.998616903485302299e-01 9.997944059686314500e-01 9.998668414470974763e-01 9.998671215543845081e-01 9.997348693526858510e-01 9.998451774424407246e-01 9.998357673327474826e-01 9.998534925290275543e-01
9.998001675709952130e-01 9.998866346904405900e-01 9.998173328816654104e-01 9.998182255495124959e-01 9.998729656919097541e-01 9.998008963822189177e-01 9.997845768312589865e-01 9.998317806208141256e-01 9.997870563582696990e-01 9.997800422127078868e-01
9.998708837288947660e-01 9.998182291708913594e-01 9.998354162634187636e-01 9.998578092269796436e-01 9.998187674477752029e-01 9.998223558155411306e-01 9.997865760197676144e-01 9.997627423849829720e-01 9.998202629448749157e-01 9.997952960899283426e-01
9.998712271680031405e-01 9.998084722079203512e-01 9.998268725310162086e-01 9.997997608435188477e-01 9.998570923263823129e-01 9.997816157072241250e-01 9.998149936233249324e-01 9.998672854190822079e-01 9.998921754047237487e-01 9.997714521196604531e-01
9.998354214392495276e-01 9.998337874660274682e-01 9.998373244671659998e-01 9.998086908935557293e-01 9.998269910056749588e-01 9.998805031698208001e-01 9.998324298308038927e-01 9.998010744390953830e-01 9.997782515604397569e-01 9.998305019071599409e-01
9.997777003592466238e-01 9.997826288551265872e-01 9.998721748544416865e-01 9.998534494994747446e-01 9.998542183448618781e-01 9.998543797153744972e-01 9.997732847565694581e-01 9.998992258940226918e-01 9.998592813698079507e-01 9.998421969557392819e-01
9.998609690985386100e-01 9.997719332903513001e-01 9.998338351900315502e-01 9.998825235393087318e-01 9.997928193331057090e-01 9.998426051718891650e-01 9.998436238035901535e-01 9.998071287237435545e-01 9.998407108585898317e-01 9.998031266374307613e-01
9.998369075886158752e-01 9.998456870556344800e-01 9.998562367718617505e-01 9.998442897960763132e-01 9.998365662700618994e-01 9.998372595982855104e-01 9.997818607848805161e-01 9.998549880828632164e-01 9.998541947042572930e-01 9.998343588669648119e-01
9.998567043193714587e-01 9.997348619906359923e-01 9.998125621270989027e-01 9.998187236980410342e-01 9.998536902581433017e-01 9.997985760891544560e-01 9.998398133131911614e-01 9.997991836139705768e-01 9.998221058471368217e-01 9.998592265830786863e-01
9.998266151846293415e-01 9.997835105179246895e-01 9.998249350738376284e-01 9.998535120214474547e-01 9.998263747308853144e-01 9.997896883424551850e-01 9.998182322719202375e-01 9.998324574112252838e-01 9.997602764604007763e-01 9.998614403300428721e-01
9.998533077352593779e-01 9.997971826088106750e-01 9.998206696499690738e-01 9.998504486418628989e-01 9.997841073588603633e-01 9.998692135842475182e-01 9.998680990141670666e-01 9.997903940398344957e-01 9.998697641872622555e-01 9.997780589073429480e-01
9.998376004027726971e-01 9.998033157427425044e-01 9.998332969707599549e-01 9.998349074239812895e-01 9.998717222007952321e-01 9.997703543103950707e-01 9.998332229335979981e-01 9.998318401886989726e-01 9.998433886181804509e-01 9.998268217791212997e-01
9.998627545342293477e-01 9.998165976025357171e-01 9.998449360728539625e-01 9.997860842327801478e-01 9.998077976000262490e-01 9.998453468655021936e-01 9.997984701986870615e-01 9.998637149772393595e-01 9.998310717315711527e-01 9.998507765417088411e-01
9.998564174027043672e-01 9.998173316293026414e-01 9.998243030550028054e-01 9.998745360506479107e-01 9.998052551986510439e-01 9.998268325527795986e-01 9.996989431733444009e-01 9.997485410009870899e-01 9.998889641708162968e-01 9.998094596090205677e-01
9.997887295175478251e-01 9.998248196711388980e-01 9.997441360732685078e-01 9.998010260713169339e-01 9.998274177051200695e-01 9.998047239643205186e-01 9.998306236128486901e-01 9.998322995069810482e-01 9.998281705766112193e-01 9.997852099149205918e-01
9.997629609463410949e-01 9.998018919311892905e-01 9.997962824911320601e-01 9.998463777200566893e-01 9.997618356630876280e-01 9.998973870422370736e-01 9.997664362167625329e-01 9.998542727307488942e-01 9.998129148766501384e-01 9.998502996641591700e-01
9.998403805071860440e-01 9.998342089769470808e-01 9.997742696986195998e-01 9.997542322588280905e-01 9.998585420971971560e-01 9.997899004131642897e-01 9.998150444761639832e-01 9.998561392740720200e-01 9.998418292763013859e-01 9.998340964168200840e-01
9.998049479607050705e-01 9.997901856629110018e-01 9.998147898569553771e-01 9.998017277705788519e-01 9.998656828478085234e-01 9.998619831290500581e-01 9.997616810888240169e-01 9.997770153079922340e-01 9.998214388063332292e-01 9.998592989506123185e-01
9.997987470948414002e-01 9.997872577070288092e-01 9.998467229946996770e-01 9.998042730460899863e-01 9.998614412851244415e-01 9.998305357461058085e-01 9.998647447539710242e-01 9.997974149494751606e-01 9.997926389607617592e-01 9.997833331238513699e-01
9.997802920220417722e-01 9.998502292517208456e-01 9.998666948580049452e-01 9.998230621597391510e-01 9.998141183305417901e-01 9.998784922578829448e-01 9.998293063622072374e-01 9.998693913794817201e-01 9.997781012727025018e-01 9.998718777899474608e-01
9.998687408660429377e-01 9.997886663205984847e-01 9.998059055936332484e-01 9.998395298912813312e-01 9.998178287957674160e-01 9.998804714602126387e-01 9.998450492807791079e-01 9.998550907663019682e-01 9.997735543814898485e-01 9.998759111734971672e-01
9.997993005489286267e-01 9.998580768558825715e-01 9.998326551595763112e-01 9.998322103298933339e-01 9.998884263070523248e-01 9.998597099633865781e-01 9.998115684727346686e-01 9.998233749332949838e-01 9.998305157802520604e-01 9.997886705168077537e-01
9.998718576431846472e-01 9.997884731839636885e-01 9.997937916764562116e-01 9.998224028183856360e-01 9.998430843979845273e-01 9.997910545400445770e-01 9.998529928088739638e-01 9.997636151907776103e-01 9.998828785663844698e-01 9.998347565951707372e-01
9.997397938694290165e-01 9.998084275808264421e-01 9.998481206423700529e-01 9.998392543904905949e-01 9.998291774569865176e-01 9.998208889731133864e-01 9.998381930102618886e-01 9.997769932685538485e-01 9.997993065693588921e-01 9.998718953594224468e-01
9.998391375693134187e-01 9.998204507175394440e-01 9.998454067908448817e-01 9.998019904428614435e-01 9.998350530597993613e-01 9.998744466091622485e-01 9.998035969287912827e-01 9.998277827916902671e-01 9.998759271480843758e-01 9.997802543661539199e-01
9.997681667816149531e-01 9.998833103066757655e-01 9.998233805391567586e-01 9.998381801664228963e-01 9.998143686298365251e-01 9.998334058151756576e-01 9.998620012450630812e-01 9.998570340607575435e-01 9.998466935539697120e-01 9.997943089536840411e-01
9.998638190312740814e-01 9.998240110231610966e-01 9.998900378935959843e-01 9.998623546569945786e-01 9.997855483419306744e-01 9.997922425311128736e-01 9.998091358526014494e-01 9.998182939143852588e-01 9.998141699187743647e-01 9.997873369418111000e-01
