9.996072945269770527e-01 9.994350115636337906e-01 9.996310601067710522e-01 9.993528562539344406e-01 9.995587108606255322e-01 9.993784637806483184e-01 9.991873950392614612e-01 9.998198409137419862e-01 9.996135319277325015e-01 9.997343666796207895e-01
9.996951455645962659e-01 9.992393168867705899e-01 9.997796666032335855e-01 9.997187551277653128e-01 9.992834161805961291e-01 9.997846377810656326e-01 9.997433151688435160e-01 9.990934149114951701e-01 9.995558697468519549e-01 9.995496994238952659e-01
9.994365902983018968e-01 9.996736491379117906e-01 9.994140438505556556e-01 9.996909391534537503e-01 9.999114360815448688e-01 9.998862028744229802e-01 9.995335022303724060e-01 9.994940589216435578e-01 9.995735296728963659e-01 9.985590909142139093e-01
9.997863945860278045e-01 9.997110560705203541e-01 9.998461740168810286e-01 9.995508580688173828e-01 9.986668981671045220e-01 9.996660079762488271e-01 9.993968637868365645e-01 9.997923801932441235e-01 9.994940638355233054e-01 9.998068327926856735e-01
9.997305114456872532e-01 9.998487035342155105e-01 9.988504164662049822e-01 9.998368271581529187e-01 9.992808965704276236e-01 9.961563239758539634e-01 9.996918221094774903e-01 9.998117292239676601e-01 9.998009133468456211e-01 9.986497416954465134e-01
9.995838843535944651e-01 9.995190367856183755e-01 9.986219568287276749e-01 9.996712557037699121e-01 9.992357756396135215e-01 9.996929332560489101e-01 9.997708279659919262e-01 9.994974135850854813e-01 9.998194980393283471e-01 9.998057436844138834e-01
9.996867227951866663e-01 9.998959875486954640e-01 9.998314683330209451e-01 9.996641270705391991e-01 9.998639601723287029e-01 9.996140420179885355e-01 9.995409537872874672e-01 9.997919313356093962e-01 9.998238534766942243e-01 9.995326056700583051e-01
9.995999364333331139e-01 9.998230444254253557e-01 9.996707635575148299e-01 9.998165732729391575e-01 9.992457181399588828e-01 9.962136339725843337e-01 9.994553107548332926e-01 9.993435360277963531e-01 9.993969993661888651e-01 9.996041575291979564e-01
9.994683306604084105e-01 9.998001049471888502e-01 9.991551909799963882e-01 9.993582030976772002e-01 9.993905234073424682e-01 9.997803385315273683e-01 9.997536029109720390e-01 9.997243374763874479e-01 9.996654835475011769e-01 9.996389877544625824e-01
9.995272993563329988e-01 9.995930670935750939e-01 9.997125002873658017e-01 9.992511931175772633e-01 9.997989813260708125e-01 9.996685083406718908e-01 9.994856995491100404e-01 9.995226610466482198e-01 9.995146684961671024e-01 9.998747747873421021e-01
9.997873843681466255e-01 9.995015664615950479e-01 9.997352592412759309e-01 9.997671426610212908e-01 9.984425312029450161e-01 9.997214005918750868e-01 9.997206650940212436e-01 9.994065035103735228e-01 9.996351178586083686e-01 9.997025694754972935e-01
9.959752607521557000e-01 9.994949282417127101e-01 9.998161157881743089e-01 9.997662702274681124e-01 9.998380110050058001e-01 9.998401839310701034e-01 9.997905762199194024e-01 9.996870754128306391e-01 9.998340569121030308e-01 9.996195555466934612e-01
9.994567341372984082e-01 9.995088151348571204e-01 9.995993490608230392e-01 9.994744366930908841e-01 9.993941022859385015e-01 9.993458355848611196e-01 9.997146305463284754e-01 9.995229304145579752e-01 9.997659088441250841e-01 9.996731066350323935e-01
9.980262489866615905e-01 9.992584342969345057e-01 9.995430450414145573e-01 9.994703353443862293e-01 9.985635500919246565e-01 9.997545121497004583e-01 9.997039892319860011e-01 9.996127932664248261e-01 9.996011463463642110e-01 9.996514194978235457e-01
9.995972113487602284e-01 9.997955862861527265e-01 9.994038683457403538e-01 9.993253075868766544e-01 9.998465083712774204e-01 9.987862865985754901e-01 9.998397771855761507e-01 9.997769582183565484e-01 9.996183411076559056e-01 9.998696271577911521e-01
9.997059021866054884e-01 9.994918356706471441e-01 9.998346945895834059e-01 9.998520744575893904e-01 9.998326690012406814e-01 9.998669663536117191e-01 9.998179348267950406e-01 9.998883124996562621e-01 9.997619329914735342e-01 9.997651461525939309e-01
9.998236877782276100e-01 9.998615472477885291e-01 9.994788786826039884e-01 9.996553774894398892e-01 9.996796138859362912e-01 9.998754491367081165e-01 9.994224083566923822e-01 9.995389418112105018e-01 9.992757767092854682e-01 9.993865193612530007e-01
9.996146582600737851e-01 9.990624547299093994e-01 9.993130307159637793e-01 9.972706227902686793e-01 9.998914335923200225e-01 9.986530107803549550e-01 9.998816900165120591e-01 9.997159325822646547e-01 9.996636638280961273e-01 9.999159992249639917e-01
9.995319433426548272e-01 9.996903123420967097e-01 9.994680968851210601e-01 9.996595031752755212e-01 9.994690773062510081e-01 9.997914503439665479e-01 9.995993281199035962e-01 9.995190449099795593e-01 9.997415132324729559e-01 9.997405128572367516e-01
9.998694104049663522e-01 9.998945956673697122e-01 9.996286509111627083e-01 9.991019711823123650e-01 9.994730971470772163e-01 9.997102345721452510e-01 9.996948022473987061e-01 9.996543982600255562e-01 9.995750199333617303e-01 9.997753738418121428e-01
9.996029280636020697e-01 9.998362121654716939e-01 9.998530148016270269e-01 9.994866334161159882e-01 9.997284782556753457e-01 9.996802938039577313e-01 9.996242825765765394e-01 9.996344900417033497e-01 9.996987502158930505e-01 9.996389827452850652e-01
9.997794430846240754e-01 9.996211996241138875e-01 9.981578848010538296e-01 9.997824704195618084e-01 9.997257007947837337e-01 9.997834652862869209e-01 9.988633315728332462e-01 9.989269521962426124e-01 9.998116999930894977e-01 9.995893221755921543e-01
9.998154526655309571e-01 9.998359591577570260e-01 9.997364133237609529e-01 9.988984568128261854e-01 9.998891504185880574e-01 9.995148822619018825e-01 9.974781579708921209e-01 9.995313013777645805e-01 9.998760503835762981e-01 9.998226469810022055e-01
9.997650394885502223e-01 9.996441144484862207e-01 9.982724385340114859e-01 9.997736817282734112e-01 9.996635493800111183e-01 9.976957437121146688e-01 9.998500886576632274e-01 9.991598733997339998e-01 9.994346280890031853e-01 9.994744784201708976e-01
9.996381463994646888e-01 9.996200065233765697e-01 9.995463941900074589e-01 9.989986320819962407e-01 9.993879049775602486e-01 9.996841448907386463e-01 9.998506752523770302e-01 9.995766563592062282e-01 9.997169937131925588e-01 9.997037350856903259e-01
9.992256796823620890e-01 9.993997780130363662e-01 9.996450872704014667e-01 9.996100883129899195e-01 9.991638004174475673e-01 9.992752025779157998e-01 9.976561932419746315e-01 9.998239989636429348e-01 9.991822847943194752e-01 9.998067822603596833e-01
9.963333132864796715e-01 9.992024724172813288e-01 9.994080367542721444e-01 9.994964879915096967e-01 9.993641223590981060e-01 9.996322647713031806e-01 9.997673493238543596e-01 9.994763108390684048e-01 9.993253750117544465e-01 9.988669547283788308e-01
9.996856004703222887e-01 9.992365411080920135e-01 9.996621655458224343e-01 9.994317200724561756e-01 9.995492240292946917e-01 9.998008685711149424e-01 9.989228710075350737e-01 9.993596462162870342e-01 9.996883166900212281e-01 9.996965301436220308e-01
9.991546993408650934e-01 9.996200570030633337e-01 9.998200118119956459e-01 9.990441659732237634e-01 9.990219851437724952e-01 9.998074065824453793e-01 9.991430291601433034e-01 9.998427926941100274e-01 9.989468848907552267e-01 9.997697364877622395e-01
9.993400969844865589e-01 9.998563024399123034e-01 9.990192289036861073e-01 9.993858563638046144e-01 9.998221438369102598e-01 9.998066239681261402e-01 9.988700113507829048e-01 9.995631419664030570e-01 9.998126245260169354e-01 9.997746573051909946e-01
9.991812303248728266e-01 9.993936062736167303e-01 9.996056346546211557e-01 9.997949940710516570e-01 9.994658184077218621e-01 9.993684573055804377e-01 9.995733527334247359e-01 9.997717990816393785e-01 9.989239575491659640e-01 9.996751093926221632e-01
9.993315688302821798e-01 9.997882367224963929e-01 9.996025085388784426e-01 9.998056004025293042e-01 9.997222138005001923e-01 9.988412657858932731e-01 9.997755045509516547e-01 9.998882656626028043e-01 9.997292435020656010e-01 9.997141351106462182e-01
9.995704921406359800e-01 9.997181125597733864e-01 9.998013660685393100e-01 9.993168387745120507e-01 9.991720987476928606e-01 9.997474778347005264e-01 9.995802170643699469e-01 9.993863079114304604e-01 9.997318036208285852e-01 9.997669674937885720e-01
9.991764052601562751e-01 9.993322543239876454e-01 9.996431873680973190e-01 9.995367907482926029e-01 9.983844158514010303e-01 9.994480218225243462e-01 9.993759972842347628e-01 9.993700513031681387e-01 9.967122050840323544e-01 9.997424419016123220e-01
9.997503831497963622e-01 9.998606407916544869e-01 9.987628030363538967e-01 9.994471274928122817e-01 9.989737995079814858e-01 9.985049413098685545e-01 9.996045221682747783e-01 9.997657534712005578e-01 9.997642810837629179e-01 9.996207702204059631e-01
9.998607647983388524e-01 9.998348972806779811e-01 9.997977586749969836e-01 9.998079147707770176e-01 9.997436210130824508e-01 9.994444507438005054e-01 9.998357504238448712e-01 9.998779647131474935e-01 9.996727488471148781e-01 9.994995987331568577e-01
9.992790750269986422e-01 9.996866833362343385e-01 9.994518001530616758e-01 9.994146829735655047e-01 9.995114053592258907e-01 9.992010889900315718e-01 9.995921353075483129e-01 9.995096061825925471e-01 9.994446171841253612e-01 9.997803028332210573e-01
9.996059064442153197e-01 9.998583708719380736e-01 9.997265551255977156e-01 9.996997647114935770e-01 9.987513439480865118e-01 9.998316679625010028e-01 9.996987882737141673e-01 9.998372887925862651e-01 9.996996626923598805e-01 9.997843433553671444e-01
9.995983477899951231e-01 9.969352049129295290e-01 9.998232027191068516e-01 9.996735306022804801e-01 9.990559306765880443e-01 9.990307846600940955e-01 9.984113108656799129e-01 9.991842856215453761e-01 9.990911670907406394e-01 9.993838283418148283e-01
9.995869602847901048e-01 9.998212876330133669e-01 9.998863442305144789e-01 9.995921127756687286e-01 9.977990428346937835e-01 9.997821609241552832e-01 9.995993720379738878e-01 9.994776759665905397e-01 9.998845678350599675e-01 9.999038379703493185e-01
9.997769486086937052e-01 9.978330466851879077e-01 9.997736265994905391e-01 9.994776663067415079e-01 9.995042690611980474e-01 9.997194681291411422e-01 9.997288153467152050e-01 9.997906773360365484e-01 9.997371387576654556e-01 9.996518283773569991e-01
9.995733699516116122e-01 9.995818484966868533e-01 9.997122025878577567e-01 9.996839743398679978e-01 9.995117660679626592e-01 9.998027998454374066e-01 9.997781029162825517e-01 9.995999364315495406e-01 9.994852448571249770e-01 9.997496885469874250e-01
9.997858498407768968e-01 9.998199442742097265e-01 9.963217028830659849e-01 9.994623214362877706e-01 9.995927364192080944e-01 9.994713391186941243e-01 9.977964188722238115e-01 9.995297112446713816e-01 9.996678389766376904e-01 9.997732772883911601e-01
9.994788628071084036e-01 9.995764527445595293e-01 9.996317826958681652e-01 9.998614652831823157e-01 9.995124448876950840e-01 9.995931972573818269e-01 9.997832964559070223e-01 9.996234933733015859e-01 9.994397830152648154e-01 9.998246915031601123e-01
9.998317442444625280e-01 9.998373483994180688e-01 9.997171656095987791e-01 9.995149955585815871e-01 9.987247393412014285e-01 9.998358453887427055e-01 9.995712750120299139e-01 9.989780219726663857e-01 9.997639367594348681e-01 9.989849357375566452e-01
9.997443730202727474e-01 9.994513721015068075e-01 9.996502907037465580e-01 9.996812810087215562e-01 9.998373663136482792e-01 9.994951526902438044e-01 9.990886836157035766e-01 9.997411724487281770e-01 9.986248179792857060e-01 9.996829107344087362e-01
9.997667447347168279e-01 9.998100059435002240e-01 9.997556219050143245e-01 9.998486575117579989e-01 9.994256500309066649e-01 9.998340077273418780e-01 9.998778323694965664e-01 9.998598555784977693e-01 9.996109347682161639e-01 9.998295470247953176e-01
9.996465988330809349e-01 9.998333231476137506e-01 9.980274550076501106e-01 9.987611825691827816e-01 9.994124999146543065e-01 9.997936694896156773e-01 9.993763005421620882e-01 9.995644418688754973e-01 9.998048845716345223e-01 9.995822150170076137e-01
9.996487305552668179e-01 9.994280430619845168e-01 9.947149438201078331e-01 9.995107251288070094e-01 9.996868874475710598e-01 9.998000013263401708e-01 9.998036191344094048e-01 9.996645740347429587e-01 9.993308163605226779e-01 9.997204814779113713e-01
9.997535984717622615e-01 9.996979508953046656e-01 9.989025515061795701e-01 9.996576475147941343e-01 9.997937690279081746e-01 9.998352510288143202e-01 9.995059596888159481e-01 9.994851581113378680e-01 9.996184037738307104e-01 9.998207123690121545e-01
9.993703785747114487e-01 9.985386813998265998e-01 9.996737671099840128e-01 9.996309521365219775e-01 9.997193761051788030e-01 9.992642329105835275e-01 9.997426052874989200e-01 9.996207796747865748e-01 9.990862262841965213e-01 9.973663430645844930e-01
9.992053005227835571e-01 9.997491886563308894e-01 9.995707552647818961e-01 9.995370929359934653e-01 9.996401497208199372e-01 9.994903589641277453e-01 9.996446456806409309e-01 9.995898371526589221e-01 9.998230874953027980e-01 9.995094447299901486e-01
9.996983136202393094e-01 9.997771480568226066e-01 9.991090897542742599e-01 9.985860026282951107e-01 9.993722743083751636e-01 9.992057304270356433e-01 9.997225173519637131e-01 9.997320031026084575e-01 9.993225650341912569e-01 9.994863544997515392e-01
9.990555691480625944e-01 9.993683669441385531e-01 9.937523054958988800e-01 9.991997009145026087e-01 9.998598433694048104e-01 9.981976629892117536e-01 9.990177782700446762e-01 9.988121615529226283e-01 9.996758194960806421e-01 9.998547034169071868e-01
9.994681813401961046e-01 9.996828955119547722e-01 9.967720252421824467e-01 9.995611214205046835e-01 9.996669988965257714e-01 9.996486670538572428e-01 9.998301943277324577e-01 9.998615169882141274e-01 9.995894879073089490e-01 9.993605642511310672e-01
9.998433911435907762e-01 9.993903243125444869e-01 9.997764087036595804e-01 9.998244368389775927e-01 9.998218737149349167e-01 9.989405657820946693e-01 9.997095530755392145e-01 9.997325448861651420e-01 9.993975262528107528e-01 9.995947714117628946e-01
9.995801222606737202e-01 9.988533025371389984e-01 9.993889725586064809e-01 9.994798376490011682e-01 9.997967153007730756e-01 9.997727189434022499e-01 9.998107678981152935e-01 9.995906340855359451e-01 9.997031325967904447e-01 9.997488661296022316e-01
9.997819532633889228e-01 9.998304774885126145e-01 9.997343355111595331e-01 9.998688291102155734e-01 9.998077668609860469e-01 9.979129885626740748e-01 9.997324090450609990e-01 9.987230893478166172e-01 9.998060194074862572e-01 9.995752963185476903e-01
9.993430498165637443e-01 9.997859299693919732e-01 9.996138510429377622e-01 9.991318792011190109e-01 9.998617501807903762e-01 9.996941530214539240e-01 9.996553490686677090e-01 9.995847566594767697e-01 9.988505411425409042e-01 9.997317589336116583e-01
9.996218865074841808e-01 9.997713686071250105e-01 9.997428773120171641e-01 9.996133088193671634e-01 9.998230057872091736e-01 9.997262604265294561e-01 9.995626744199331837e-01 9.997562408499977016e-01 9.996465506097489406e-01 9.997177005774677827e-01
9.997672676564921534e-01 9.996216681687841721e-01 9.988836056167212929e-01 9.996174613026583833e-01 9.996423953992638056e-01 9.998848432716785917e-01 9.996994643837648908e-01 9.998805875040581714e-01 9.996424864577668767e-01 9.995929189602906773e-01
9.993138921609755476e-01 9.997174781611916083e-01 9.997840477520103519e-01 9.995542251436704273e-01 9.996645049443163566e-01 9.998173910166637812e-01 9.998357672029593024e-01 9.994158223365258165e-01 9.997371854306174033e-01 9.996258327647365993e-01
9.998749773938617746e-01 9.998752248736796355e-01 9.988176832329047627e-01 9.998699055562942917e-01 9.997936451817345249e-01 9.975268269526551546e-01 9.997866554967214103e-01 9.998208021198324857e-01 9.997541522495348998e-01 9.994857431481072307e-01
9.998708169011569780e-01 9.996791692696831433e-01 9.996457016114617122e-01 9.993293783870100810e-01 9.997563903612548541e-01 9.998017815524291585e-01 9.995192546933573396e-01 9.996969407802138718e-01 9.997443214511360088e-01 9.997454988790490660e-01
9.989046812626640737e-01 9.994156641563541887e-01 9.999339047149586879e-01 9.998470062453422846e-01 9.992953720657643535e-01 9.997727131900346897e-01 9.992383713150496671e-01 9.997680251768750193e-01 9.998774417843820927e-01 9.997167881295920822e-01
9.998208327837070364e-01 9.998779866562934604e-01 9.992831429248348885e-01 9.999129988119510593e-01 9.993036931171658255e-01 9.994685712811000045e-01 9.998033646963633281e-01 9.994547284689365707e-01 9.999106177765837433e-01 9.997560887298659882e-01
9.997610180448145423e-01 9.998009451127888303e-01 9.980796615919576009e-01 9.996934531467209784e-01 9.996491977341339652e-01 9.997903848920598469e-01 9.995401587986267877e-01 9.997598816852041326e-01 9.997771210415745680e-01 9.997127439400007587e-01
9.995496257830625009e-01 9.974819868919649890e-01 9.998738720955269166e-01 9.990774114263200056e-01 9.998205870186199773e-01 9.995217789625510107e-01 9.992243913907913333e-01 9.997579325044904097e-01 9.994930625282304471e-01 9.996703771638976166e-01
9.996861446785499927e-01 9.995058256057505197e-01 9.997535503170305038e-01 9.988499965593534702e-01 9.990412826682238956e-01 9.992253522317324776e-01 9.996535203227573385e-01 9.993830973048323241e-01 9.996097184811348901e-01 9.991893947787366947e-01
9.996614516510493598e-01 9.998007211201592748e-01 9.993613318917993205e-01 9.997005325650184515e-01 9.998177425996767065e-01 9.998104732603185774e-01 9.996975671738681513e-01 9.997923637332376545e-01 9.959779679124269869e-01 9.997512735307068077e-01
9.994950964070888899e-01 9.998003489420795864e-01 9.995406053742071917e-01 9.993178054632031460e-01 9.997140512079492058e-01 9.998100663481851447e-01 9.997938523036790093e-01 9.995501520493256242e-01 9.994608823914662432e-01 9.988678079144563959e-01
9.992988981195286557e-01 9.998618649457318153e-01 9.996547335835428427e-01 9.996896053627505330e-01 9.996754377049031914e-01 9.997537713914927959e-01 9.997091467847143420e-01 9.995893682060860153e-01 9.998434576724631873e-01 9.998392068018641110e-01
9.991922378056368181e-01 9.981471215015217391e-01 9.998527630506321984e-01 9.997413525797458345e-01 9.996430335768203834e-01 9.996523602378892814e-01 9.997275214383363195e-01 9.982746606642622922e-01 9.996915561500850922e-01 9.986259712308231951e-01
9.997898099332672706e-01 9.997438579429319683e-01 9.980896300273843780e-01 9.996597345951331315e-01 9.998164725744619341e-01 9.997854516117710144e-01 9.996523695950753075e-01 9.996317575114969101e-01 9.997152086292659945e-01 9.995547008237289921e-01
9.996999709403832091e-01 9.997496894495235820e-01 9.997362411647928715e-01 9.997815218168998319e-01 9.994879429407839133e-01 9.995092195913679589e-01 9.997769274787537963e-01 9.997839574524833850e-01 9.996740460053018529e-01 9.995205277608262273e-01
9.997328229616946338e-01 9.992003028556412092e-01 9.996460595119620596e-01 9.994048253386544900e-01 9.995093016498721727e-01 9.996550257855959520e-01 9.998230709728322951e-01 9.998541758674134305e-01 9.994497473825787459e-01 9.998188236064489143e-01
9.994754763122288832e-01 9.998522932956499520e-01 9.988909097443142704e-01 9.998326183698775793e-01 9.993912573996254212e-01 9.985528645501624556e-01 9.998223301313661215e-01 9.998134979696433611e-01 9.996421276682514456e-01 9.996957266486411475e-01
9.994388897149091289e-01 9.997891527865934158e-01 9.994683687370492509e-01 9.991657346808652251e-01 9.993733645300573176e-01 9.995700688524642441e-01 9.998250614245711709e-01 9.998029609178059607e-01 9.996568758768011875e-01 9.991230049568746718e-01
9.997030947283673807e-01 9.997497555961951665e-01 9.994274091653068126e-01 9.996501662076573425e-01 9.995855113494782618e-01 9.997682248559494056e-01 9.995200936341540610e-01 9.992921763540126845e-01 9.994891764046490712e-01 9.997210312311400893e-01
9.988723245402263418e-01 9.999108709107683568e-01 9.999169230701023814e-01 9.998454044057195622e-01 9.998893963524815298e-01 9.997633813264373837e-01 9.971472998841613977e-01 9.996042982087474105e-01 9.991092731463631083e-01 9.998877041278725342e-01
9.980638189518767911e-01 9.991264415284366596e-01 9.998351632711238723e-01 9.998323203687343730e-01 9.993487248031818204e-01 9.995950430601285852e-01 9.994450157446439498e-01 9.997555756480718259e-01 9.992727952161117866e-01 9.994873528772997284e-01
9.997077944429145768e-01 9.994391809963064643e-01 9.980016139030265521e-01 9.991475055451158882e-01 9.990139204389228977e-01 9.991589262186849618e-01 9.993405170923513881e-01 9.985136729198859085e-01 9.992175906593622203e-01 9.992053980924346934e-01
9.998365978885636052e-01 9.996935617058188006e-01 9.995435494191448056e-01 9.990708616986695434e-01 9.997319250974591176e-01 9.994252808339191274e-01 9.995876410100567044e-01 9.997791367526930317e-01 9.996756300494011871e-01 9.995648852908664006e-01
9.996914431774587273e-01 9.998081117415306140e-01 9.997926069564242457e-01 9.993445409693185733e-01 9.997823361934681241e-01 9.998223264568959490e-01 9.996977302471292681e-01 9.996044291329154730e-01 9.997333340590982553e-01 9.999117515508434417e-01
9.992696990642415678e-01 9.993043924276093781e-01 9.997154841664200875e-01 9.997865058282542350e-01 9.997163638092790849e-01 9.987970893135480477e-01 9.998053441724691348e-01 9.996631466073664374e-01 9.986688430889535395e-01 9.997204839136903942e-01
9.996530465690700584e-01 9.995736692688685920e-01 9.997173076303669248e-01 9.998886155053375857e-01 9.992459574709309233e-01 9.998318161385636449e-01 9.995310253783405985e-01 9.996780882804358059e-01 9.995148128815012356e-01 9.997675891538972959e-01
9.996958472221370018e-01 9.997864289538124227e-01 9.996570779732852907e-01 9.997065743472082211e-01 9.989766036983034336e-01 9.997903802557976949e-01 9.994950158856114042e-01 9.987460972290037597e-01 9.984347098519105179e-01 9.990617478953760511e-01
9.998425002950562801e-01 9.998727742115176564e-01 9.988120763050792883e-01 9.992326716500458117e-01 9.998668315114552785e-01 9.996352686706572177e-01 9.995311696203627028e-01 9.993589621663032663e-01 9.989683737003576258e-01 9.995178099969653784e-01
9.996304704957582610e-01 9.993515418277596485e-01 9.997418373809346948e-01 9.995540567068660343e-01 9.993657942495890456e-01 9.988369420127345411e-01 9.997038070041192048e-01 9.991233734605854400e-01 9.993570888531239094e-01 9.995773392350902897e-01
9.998288219563729040e-01 9.997397124740163843e-01 9.997022248840535807e-01 9.997855117542330250e-01 9.996141587429496767e-01 9.995427305467312618e-01 9.994198281014305962e-01 9.986399904530882665e-01 9.994992777898458192e-01 9.996242951510719843e-01
9.995006790610866387e-01 9.993743206214696917e-01 9.998044397227240365e-01 9.993879211721646838e-01 9.992228711824484577e-01 9.999059341251584909e-01 9.919721878881581079e-01 9.996230449786553951e-01 9.997123757791511744e-01 9.993598151363090043e-01
9.994463323939473121e-01 9.996772581690864801e-01 9.998817708726808196e-01 9.988997128109795565e-01 9.996594594057984784e-01 9.996213710675745379e-01 9.988038641458485412e-01 9.998006346476498996e-01 9.996119611397642490e-01 9.997409793772221720e-01
9.997997458965440787e-01 9.996245937557227679e-01 9.993252594962059865e-01 9.996671160549021051e-01 9.998831339190241696e-01 9.997364737946622393e-01 9.991850290928512290e-01 9.997580978770770344e-01 9.997864230635971072e-01 9.995610940325955207e-01
9.994101895899286658e-01 9.995999566399018654e-01 9.997421275556778175e-01 9.996820446816587769e-01 9.997398151551661893e-01 9.997133403230681337e-01 9.945065659778306033e-01 9.996298792806855849e-01 9.996263495264342547e-01 9.995230541969042370e-01
9.985174534085945464e-01 9.996015530785654635e-01 9.987977285229773239e-01 9.982526015750620152e-01 9.997810534275352046e-01 9.997172947251873332e-01 9.983740764174238169e-01 9.997096963405746051e-01 9.989156171994945099e-01 9.990539927386351549e-01
9.997281394124308829e-01 9.996823002725458984e-01 9.991219274407256989e-01 9.995643671144779363e-01 9.996068016786076038e-01 9.996783264258878310e-01 9.993892425683347236e-01 9.987685919144571045e-01 9.998293675452443185e-01 9.998377863066296722e-01
9.998286682059177588e-01 9.994656225101909985e-01 9.995183649910582835e-01 9.997312374351212672e-01 9.986911329503881385e-01 9.996891543402287583e-01 9.996152747274104078e-01 9.997598721868976579e-01 9.993926956902752234e-01 9.997755111076928047e-01
9.985354154741790111e-01 9.994763832903726941e-01 9.986487060039260788e-01 9.993333835544367938e-01 9.992740100047631246e-01 9.985937267502862369e-01 9.982423231268535702e-01 9.998372313140769796e-01 9.983009892270192642e-01 9.997754772677792667e-01
9.998454112262745719e-01 9.995551900068915252e-01 9.992626923698137986e-01 9.997890218311020760e-01 9.998133479604240925e-01 9.987199160288325883e-01 9.997833481549132095e-01 9.997799189610148130e-01 9.993422639663931406e-01 9.996522230679718568e-01
9.990293839417015986e-01 9.993730451599284192e-01 9.996240244136330722e-01 9.995487219589888062e-01 9.995021419177625432e-01 9.997997422658699840e-01 9.990923950248822294e-01 9.997786653225038123e-01 9.995658597057823780e-01 9.997289278879596397e-01
