9.999871527137691452e-01 9.999720200108496160e-01 9.999762665888319857e-01 9.999704141438593430e-01 9.999737614759182103e-01 9.999657214186783438e-01 9.999585393355381324e-01 9.999747844159587729e-01 9.999813816000482358e-01 9.999799796554491582e-01
9.999762984022547707e-01 9.999832222411069171e-01 9.999712019945635744e-01 9.999797858839216680e-01 9.999722102236240362e-01 9.999775002214368325e-01 9.999760851053154376e-01 9.999783895674123624e-01 9.999804244661039121e-01 9.999863614530710709e-01
9.999704830105473619e-01 9.999820303887070327e-01 9.999751074072275037e-01 9.999795759041687493e-01 9.999646927344736369e-01 9.999828204664258369e-01 9.999799008212453266e-01 9.999657615982326941e-01 9.999802625020217661e-01 9.999806998203101260e-01
9.999793661723465066e-01 9.999643468654223488e-01 9.999715156210797762e-01 9.999798421416730143e-01 9.999789777518542921e-01 9.999740829776733175e-01 9.999784898792729582e-01 9.999860542335742286e-01 9.999750520261257991e-01 9.999631441188425729e-01
9.999650796336451153e-01 9.999795400529825073e-01 9.999804056827743537e-01 9.999814873657072445e-01 9.999761078958711025e-01 9.999678372193753217e-01 9.999597527866325164e-01 9.999857698577079290e-01 9.999746729223824016e-01 9.999768302296876410e-01
9.999840225607349309e-01 9.999708233114013023e-01 9.999605387840893034e-01 9.999857743894827733e-01 9.999709657518728312e-01 9.999827537604254468e-01 9.999686588702219048e-01 9.999842212204753666e-01 9.999739212869344085e-01 9.999837735900292124e-01
9.999804618872363271e-01 9.999827453069431993e-01 9.999643545085292740e-01 9.999790994554609291e-01 9.999781522288935243e-01 9.999819320294429659e-01 9.999666541053082724e-01 9.999787258288881375e-01 9.999796057781189518e-01 9.999782861273474044e-01
9.999797931510704396e-01 9.999801315399592383e-01 9.999734827943248527e-01 9.999692359649012818e-01 9.999857025656097020e-01 9.999810556743413681e-01 9.999671184310919836e-01 9.999694910294093519e-01 9.999761111316487483e-01 9.999789456062829762e-01
9.999684575458889224e-01 9.999648336329971521e-01 9.999784289503464985e-01 9.999879443002204216e-01 9.999823734496191552e-01 9.999790835263235866e-01 9.999799561173556839e-01 9.999822887933562665e-01 9.999871858621552922e-01 9.999808818215459860e-01
9.999848429012668793e-01 9.999807546158503424e-01 9.999753587276141165e-01 9.999886008367827595e-01 9.999766426104325090e-01 9.999812160728253074e-01 9.999723279022447731e-01 9.999779319013221146e-01 9.999885819013185628e-01 9.999823020568942011e-01
9.999766927181248377e-01 9.999704001995051161e-01 9.999777515961867369e-01 9.999674056397400701e-01 9.999711238040513983e-01 9.999726352953148822e-01 9.999783879617198945e-01 9.999755782874114596e-01 9.999696686565038295e-01 9.999778916441079968e-01
9.999865092219833995e-01 9.999819982029490850e-01 9.999738330261233044e-01 9.999808603068588431e-01 9.999680682878760996e-01 9.999796200408237468e-01 9.999755786731457929e-01 9.999849517308040392e-01 9.999720621340700832e-01 9.999815723961911207e-01
9.999670286805804054e-01 9.999696744732661235e-01 9.999771734540705559e-01 9.999826039254516852e-01 9.999717282392157625e-01 9.999798287495522686e-01 9.999824213810386553e-01 9.999832755770929893e-01 9.999819997709995523e-01 9.999785199080922782e-01
9.999582870519769795e-01 9.999872410877932438e-01 9.999600865748530243e-01 9.999790930779274278e-01 9.999851401313142318e-01 9.999722313207304314e-01 9.999751590261503065e-01 9.999794216363427912e-01 9.999605238673526797e-01 9.999802496767538074e-01
9.999724344143039456e-01 9.999806573033396262e-01 9.999788908418182354e-01 9.999544446276071863e-01 9.999818857389308757e-01 9.999742665246068585e-01 9.999796445189036431e-01 9.999673750319101329e-01 9.999835873509619333e-01 9.999857026517672276e-01
9.999830967898037937e-01 9.999756809930069323e-01 9.999457711593484621e-01 9.999894864121333660e-01 9.999827110428075594e-01 9.999807487002846385e-01 9.999653099752860985e-01 9.999439003387611269e-01 9.999626236736733897e-01 9.999739348955841711e-01
9.999659854508679002e-01 9.999798651140170413e-01 9.999797032268978869e-01 9.999709739720874513e-01 9.999843171693133526e-01 9.999795381849860831e-01 9.999682982833426603e-01 9.999756055665502963e-01 9.999769229629623668e-01 9.999709623030295091e-01
9.999809052388690667e-01 9.999710946667615952e-01 9.999828474034430092e-01 9.999726702253719512e-01 9.999859746591358567e-01 9.999760597136662099e-01 9.999759434878681130e-01 9.999835975625542828e-01 9.999813456335734374e-01 9.999885811664556146e-01
9.999675931586762268e-01 9.999822085289827855e-01 9.999775553967722441e-01 9.999847610105956353e-01 9.999640586322412483e-01 9.999784410577156057e-01 9.999743639889607794e-01 9.999794673190620653e-01 9.999783286485792733e-01 9.999753694471652521e-01
9.999837826153805675e-01 9.999694913559800113e-01 9.999722770453598475e-01 9.999871930968203815e-01 9.999757768490740162e-01 9.999741711049338067e-01 9.999563940859312883e-01 9.999744275564547147e-01 9.999737263216996741e-01 9.999782420815891415e-01
9.999770186576637521e-01 9.999762266416828416e-01 9.999723089387440034e-01 9.999635263589015111e-01 9.999763721079515388e-01 9.999704685010578631e-01 9.999653415421252411e-01 9.999699000483531774e-01 9.999830796601835159e-01 9.999759712211556684e-01
9.999735166285864674e-01 9.999785990340905872e-01 9.999761010221486224e-01 9.999828784927169423e-01 9.999836450731066639e-01 9.999696648039722024e-01 9.999823719205099826e-01 9.999790483517712048e-01 9.999756329341350503e-01 9.999754765902708620e-01
9.999845683638107774e-01 9.999779727072571900e-01 9.999834806426980416e-01 9.999888684336755151e-01 9.999815990019219614e-01 9.999640962212169581e-01 9.999593187806512518e-01 9.999836020438852557e-01 9.999809893653419657e-01 9.999670788570514945e-01
9.999740570792909899e-01 9.999872736684477514e-01 9.999784696566036413e-01 9.999885334728552122e-01 9.999803272803550191e-01 9.999721773859986396e-01 9.999756133640909095e-01 9.999744300019516308e-01 9.999730804853006472e-01 9.999746414046112308e-01
9.999728913255268026e-01 9.999735398661012686e-01 9.999806563040586349e-01 9.999730090766102419e-01 9.999636952784445310e-01 9.999691887590029804e-01 9.999756044520867748e-01 9.999783163072817338e-01 9.999803389646719776e-01 9.999777326908291242e-01
9.999720984350052300e-01 9.999696853853680123e-01 9.999768173695969820e-01 9.999654195621632269e-01 9.999760315339627503e-01 9.999787932528532153e-01 9.999801401832975056e-01 9.999860858199499658e-01 9.999693492790083793e-01 9.999833722310854656e-01
9.999761183092932271e-01 9.999853153780514647e-01 9.999748552256819689e-01 9.999697055120704281e-01 9.999834620784916472e-01 9.999638163452813089e-01 9.999709027000035499e-01 9.999839830861417811e-01 9.999683318760370643e-01 9.999832368314423015e-01
9.999770614675195235e-01 9.999814369440058748e-01 9.999856083788775107e-01 9.999771540810183934e-01 9.999649490965624166e-01 9.999841943514575782e-01 9.999702792326061740e-01 9.999711544520408779e-01 9.999706473205582924e-01 9.999749992761040041e-01
9.999795815330794202e-01 9.999720880159128633e-01 9.999600123863726653e-01 9.999817104231011333e-01 9.999669689954399088e-01 9.999732869233390886e-01 9.999759535998125060e-01 9.999819501584863435e-01 9.999751991041512245e-01 9.999751396702308837e-01
9.999815338656466990e-01 9.999722861607605040e-01 9.999813810292341731e-01 9.999734447427733874e-01 9.999862071563033750e-01 9.999767036489189964e-01 9.999867377143103475e-01 9.999828622210705786e-01 9.999721233447751434e-01 9.999753832740836401e-01
9.999672964604129355e-01 9.999833391062820098e-01 9.999754952681523257e-01 9.999884568069495883e-01 9.999726836571877220e-01 9.999692647779783172e-01 9.999753446040813287e-01 9.999905915620715957e-01 9.999770598386780174e-01 9.999783924512466449e-01
9.999833345521382810e-01 9.999780740087559350e-01 9.999778912336332315e-01 9.999716991495857243e-01 9.999793221423901590e-01 9.999752676601835200e-01 9.999755596534246616e-01 9.999735742421030915e-01 9.999698752856636119e-01 9.999664759818247539e-01
9.999611346666832379e-01 9.999782110077893860e-01 9.999821585469603757e-01 9.999698276729960256e-01 9.999787938568514001e-01 9.999649496072700039e-01 9.999830768505605372e-01 9.999712584333271259e-01 9.999847366858046760e-01 9.999827048327388779e-01
9.999737953276078839e-01 9.999732642936807192e-01 9.999798392871751540e-01 9.999735678534771299e-01 9.999894221938866457e-01 9.999816657146718413e-01 9.999710712746729957e-01 9.999698610452660841e-01 9.999839939163055469e-01 9.999644856886766853e-01
9.999833453257288562e-01 9.999663916527878893e-01 9.999691377509634105e-01 9.999610518279479221e-01 9.999725958890615107e-01 9.999669602029560567e-01 9.999790789195224239e-01 9.999789833856198573e-01 9.999704374416433783e-01 9.999801647284545236e-01
9.999685570825455061e-01 9.999837177057465665e-01 9.999813920768696462e-01 9.999837770204355047e-01 9.999763505945888920e-01 9.999747469631449226e-01 9.999801902175863288e-01 9.999702511181017828e-01 9.999805347551460333e-01 9.999658829376713021e-01
9.999827720411467169e-01 9.999658210739282849e-01 9.999781638000737605e-01 9.999710694669762256e-01 9.999747002603834867e-01 9.999783857743417270e-01 9.999811656376433877e-01 9.999743757964192348e-01 9.999764000217915560e-01 9.999814705554005423e-01
9.999717108495672635e-01 9.999797029820761685e-01 9.999582562008646480e-01 9.999747075056955037e-01 9.999704125363050311e-01 9.999764346914340463e-01 9.999727324722954558e-01 9.999657020826744347e-01 9.999823026019475369e-01 9.999750702985642503e-01
9.999807522783031866e-01 9.999834345858216178e-01 9.999773504477819097e-01 9.999797248416959494e-01 9.999745186111371753e-01 9.999784737486580033e-01 9.999804758048537190e-01 9.999807916603028479e-01 9.999830622606464825e-01 9.999657543356221812e-01
9.999779788454772333e-01 9.999857767753334015e-01 9.999823848552314987e-01 9.999814585541703105e-01 9.999725347601881031e-01 9.999862010059542561e-01 9.999762724704494010e-01 9.999846945744164106e-01 9.999747284301206962e-01 9.999750572525685222e-01
9.999799809171542320e-01 9.999775135522415148e-01 9.999884730372210484e-01 9.999556888442578950e-01 9.999686662596766196e-01 9.999747129336226115e-01 9.999879981425856545e-01 9.999612120035152873e-01 9.999800538010629181e-01 9.999699336529750404e-01
9.999783254112233344e-01 9.999823895420919539e-01 9.999810621051019588e-01 9.999876695702544227e-01 9.999808545845116914e-01 9.999793507271186321e-01 9.999784617476051851e-01 9.999857687369351211e-01 9.999768363750597411e-01 9.999838019397042643e-01
9.999738595419145337e-01 9.999843464429466477e-01 9.999772215433284650e-01 9.999731207124942234e-01 9.999691940599899631e-01 9.999774101867975329e-01 9.999778599849282745e-01 9.999696151206937111e-01 9.999767468912306168e-01 9.999589887604570793e-01
9.999748344470245076e-01 9.999824550994088623e-01 9.999749414776880618e-01 9.999729756671238423e-01 9.999757540912135312e-01 9.999845446652511072e-01 9.999796785583326963e-01 9.999872063304062753e-01 9.999789936675106405e-01 9.999722139958365785e-01
9.999764890569269316e-01 9.999861058347749854e-01 9.999664216123874683e-01 9.999870413848763739e-01 9.999700854751898405e-01 9.999650586881316805e-01 9.999690660596078917e-01 9.999747457537881967e-01 9.999765000406045656e-01 9.999747330938020262e-01
9.999822144873746765e-01 9.999763810782941187e-01 9.999703011896770022e-01 9.999704467925952800e-01 9.999801203428759777e-01 9.999792121413419999e-01 9.999878747393839973e-01 9.999783683710330440e-01 9.999735647282896878e-01 9.999644304402454109e-01
9.999842577909451302e-01 9.999795987547953624e-01 9.999815112276642104e-01 9.999813668864927507e-01 9.999763698690262714e-01 9.999789449417300080e-01 9.999809275038543666e-01 9.999833614349407096e-01 9.999650957054595501e-01 9.999646994279547396e-01
9.999798275734529396e-01 9.999732334311086657e-01 9.999809667327196339e-01 9.999810978486838309e-01 9.999759697450109064e-01 9.999837021583207752e-01 9.999813373351684742e-01 9.999695092458150691e-01 9.999803968969329659e-01 9.999801046638892021e-01
9.999744491489724885e-01 9.999761377228008064e-01 9.999661543845144163e-01 9.999623669665270720e-01 9.999852329394064432e-01 9.999841055258749112e-01 9.999872226483829118e-01 9.999875964343121204e-01 9.999736590599869190e-01 9.999683534325766177e-01
9.999717087978818864e-01 9.999792129998096302e-01 9.999834436100515367e-01 9.999794956939285218e-01 9.999800565325294155e-01 9.999867142083790350e-01 9.999796203334766487e-01 9.999802902134895533e-01 9.999781557989654290e-01 9.999741120863854249e-01
9.999718129277036516e-01 9.999778419636631277e-01 9.999850133641425831e-01 9.999737806278774510e-01 9.999666416050888573e-01 9.999748219825456141e-01 9.999903283526327957e-01 9.999742555677908484e-01 9.999794009366370640e-01 9.999832948440883218e-01
9.999718060924730478e-01 9.999771884014687640e-01 9.999687745596723687e-01 9.999732272523161880e-01 9.999689373891463839e-01 9.999699814288363076e-01 9.999677878070689641e-01 9.999806116083145291e-01 9.999711790562150204e-01 9.999803866103040839e-01
9.999805939456422044e-01 9.999732899125368668e-01 9.999701547489612263e-01 9.999778203640021790e-01 9.999534971858071719e-01 9.999876258118990391e-01 9.999664240623168388e-01 9.999633650755481717e-01 9.999738572280245652e-01 9.999727125042332521e-01
9.999833871645814609e-01 9.999755897821723805e-01 9.999817421920381699e-01 9.999869650778121510e-01 9.999767480434629263e-01 9.999745614137841576e-01 9.999569046261924665e-01 9.999772320206395948e-01 9.999662258562250772e-01 9.999765392934487629e-01
9.999740924997124747e-01 9.999670160809494002e-01 9.999738168188836429e-01 9.999758300294377955e-01 9.999713729391901396e-01 9.999647003410497836e-01 9.999775237615062817e-01 9.999763996390453880e-01 9.999729957460459229e-01 9.999870363932773509e-01
9.999790739836355025e-01 9.999828988665655505e-01 9.999826183632806176e-01 9.999607944753045041e-01 9.999777570759867951e-01 9.999808528787924589e-01 9.999857918347057062e-01 9.999751952981393854e-01 9.999743088128710822e-01 9.999791037431614571e-01
9.999816580994701498e-01 9.999819477966986891e-01 9.999635070369556900e-01 9.999841679528265193e-01 9.999805406412571873e-01 9.999682748189598902e-01 9.999663252370639688e-01 9.999769830438746121e-01 9.999828242553522317e-01 9.999809327723048202e-01
9.999731497343263831e-01 9.999752045974011905e-01 9.999820770996511454e-01 9.999711132184366802e-01 9.999808121668123384e-01 9.999719567077604010e-01 9.999656882190774976e-01 9.999826609606525807e-01 9.999788329141712229e-01 9.999679692862712965e-01
9.999809035632842846e-01 9.999816332952291553e-01 9.999741614684753976e-01 9.999729486002639778e-01 9.999730035917938631e-01 9.999755849943331443e-01 9.999758420326506636e-01 9.999665829161166197e-01 9.999788838453447237e-01 9.999777992389135006e-01
9.999790722440958790e-01 9.999757288873238892e-01 9.999771993300516915e-01 9.999713865029545845e-01 9.999807193805986261e-01 9.999797295961974086e-01 9.999742342918970239e-01 9.999763971436460563e-01 9.999796568758185789e-01 9.999763722262521304e-01
9.999781546307719982e-01 9.999783741820220673e-01 9.999792599798722481e-01 9.999809593740758284e-01 9.999837116633227829e-01 9.999760779520727727e-01 9.999665700033157911e-01 9.999770288986469247e-01 9.999797837617907525e-01 9.999717986212339760e-01
9.999542704598477494e-01 9.999513828908885849e-01 9.999796932478585143e-01 9.999591826369547132e-01 9.999751467687743034e-01 9.999754166653138654e-01 9.999709279750352842e-01 9.999739376175043049e-01 9.999759861501311686e-01 9.999880358232757782e-01
9.999743614085462307e-01 9.999809020372567581e-01 9.999737542814640667e-01 9.999718089228079032e-01 9.999808297410941460e-01 9.999744481321470868e-01 9.999631639608509426e-01 9.999690479639995466e-01 9.999775547494796912e-01 9.999738705528735672e-01
9.999728497439568375e-01 9.999786732387033750e-01 9.999631912132405098e-01 9.999806391769647806e-01 9.999734596562923628e-01 9.999556877297280932e-01 9.999755412581076142e-01 9.999794746219151653e-01 9.999864733343499790e-01 9.999819817906224761e-01
9.999797878716952804e-01 9.999740059972554995e-01 9.999817961676417122e-01 9.999669846398770989e-01 9.999745799993551287e-01 9.999895356147682213e-01 9.999807462219518772e-01 9.999779883330434105e-01 9.999728192947815453e-01 9.999779952309930664e-01
9.999731097191837392e-01 9.999764765784177056e-01 9.999744744776326577e-01 9.999709310713871258e-01 9.999688057686295650e-01 9.999742984277859570e-01 9.999765956137396383e-01 9.999755022576328756e-01 9.999626751443413397e-01 9.999824023055371436e-01
9.999863580054106915e-01 9.999811500060158398e-01 9.999763771174231541e-01 9.999745867114335773e-01 9.999841569323407731e-01 9.999813825791121769e-01 9.999784807195241099e-01 9.999603409668750276e-01 9.999780967843462376e-01 9.999697635982777166e-01
9.999741522257672433e-01 9.999815153108746468e-01 9.999705079335183822e-01 9.999761466817724820e-01 9.999763566061901088e-01 9.999759981594572578e-01 9.999716094246176024e-01 9.999843783392267094e-01 9.999818589034309424e-01 9.999850188893056879e-01
9.999640567908215649e-01 9.999797178379447038e-01 9.999787177536290095e-01 9.999714904458031350e-01 9.999792404925386125e-01 9.999809653692791622e-01 9.999793216995673806e-01 9.999735744137187021e-01 9.999754754858996009e-01 9.999752167552061755e-01
9.999737582124066382e-01 9.999847896927009927e-01 9.999711553788328544e-01 9.999706317128074229e-01 9.999767983949763295e-01 9.999696522313650249e-01 9.999881886756490923e-01 9.999779416500420570e-01 9.999653110661170796e-01 9.999821053769872847e-01
9.999715720178516953e-01 9.999645121213595056e-01 9.999835390666420576e-01 9.999752364813787597e-01 9.999883783901550860e-01 9.999792635358955017e-01 9.999765575192710587e-01 9.999802393012763302e-01 9.999679122772471285e-01 9.999568388064324909e-01
9.999711771646787595e-01 9.999836060731325249e-01 9.999783762140495025e-01 9.999727493747929685e-01 9.999722170794634879e-01 9.999795447314355767e-01 9.999743357357612217e-01 9.999864953091416320e-01 9.999836675171811518e-01 9.999818621971545696e-01
9.999752371778459770e-01 9.999755748274363754e-01 9.999885759069433444e-01 9.999785754945185179e-01 9.999820430646332303e-01 9.999767910568923002e-01 9.999722202268721549e-01 9.999681124593783332e-01 9.999704443358345962e-01 9.999862068958170758e-01
9.999890569875972135e-01 9.999814337456334190e-01 9.999729116652052996e-01 9.999696509204624162e-01 9.999638492904151521e-01 9.999707787387783764e-01 9.999682336216608736e-01 9.999641921556691182e-01 9.999712306458087285e-01 9.999835501210799782e-01
9.999797367454142938e-01 9.999774050577427964e-01 9.999790918109030535e-01 9.999818979505823435e-01 9.999785736444807283e-01 9.999786236508062531e-01 9.999610893169135206e-01 9.999761840463953222e-01 9.999830801577777040e-01 9.999714071483858380e-01
9.999611493884598135e-01 9.999827310657120050e-01 9.999787171835026189e-01 9.999705018812714563e-01 9.999675493902906442e-01 9.999846017075134652e-01 9.999759191365237276e-01 9.999818199468569757e-01 9.999757025911635289e-01 9.999882307001360937e-01
9.999755401053853632e-01 9.999805892900965887e-01 9.999811679306728207e-01 9.999782723157822906e-01 9.999670915954512740e-01 9.999726241759359091e-01 9.999761342380314444e-01 9.999714005773727710e-01 9.999705315603096833e-01 9.999734982393737592e-01
9.999690537304377624e-01 9.999811788760458731e-01 9.999722799521767458e-01 9.999758733468202543e-01 9.999657912619059896e-01 9.999775469045442122e-01 9.999751823083519175e-01 9.999826563828744241e-01 9.999730211493281784e-01 9.999745876637603503e-01
9.999884505360137066e-01 9.999811014719037772e-01 9.999828841168310056e-01 9.999709507334518799e-01 9.999719412454747269e-01 9.999636942819983831e-01 9.999743790863958592e-01 9.999828271723564255e-01 9.999817522114945456e-01 9.999753698146411907e-01
9.999765440953370943e-01 9.999707274782876354e-01 9.999753170328254948e-01 9.999767948554558750e-01 9.999811262085287478e-01 9.999771402047973323e-01 9.999715172216413483e-01 9.999761101616739811e-01 9.999718673282123049e-01 9.999777799935013478e-01
9.999755837986984419e-01 9.999620057343535651e-01 9.999515160029255334e-01 9.999803386590543353e-01 9.999730233990471451e-01 9.999769723582215830e-01 9.999693227437376208e-01 9.999911004300655604e-01 9.999561843165876152e-01 9.999822331760213068e-01
9.999822846297539147e-01 9.999821530028388805e-01 9.999752491338949056e-01 9.999745547647865829e-01 9.999719913202969046e-01 9.999812336048011785e-01 9.999795392285353302e-01 9.999815286901753142e-01 9.999687315755684258e-01 9.999761267123818964e-01
9.999678685244611787e-01 9.999663848678502776e-01 9.999750059099196120e-01 9.999792105543081622e-01 9.999827403005482340e-01 9.999687127647732821e-01 9.999742368515740498e-01 9.999786871375455632e-01 9.999734184516663182e-01 9.999762248371708573e-01
9.999776287640500527e-01 9.999766849500972832e-01 9.999711904062043022e-01 9.999699078622339421e-01 9.999785891160509754e-01 9.999748287420956450e-01 9.999726591047807256e-01 9.999773786267825981e-01 9.999783818401108970e-01 9.999727772220279309e-01
9.999724662377132978e-01 9.999820268556416369e-01 9.999731597100965930e-01 9.999887999181670262e-01 9.999824815341484818e-01 9.999679323084618154e-01 9.999738271321936267e-01 9.999743061599916105e-01 9.999736728747967707e-01 9.999809144846681930e-01
9.999803777361335744e-01 9.999817334031713134e-01 9.999826371722299045e-01 9.999829151099509650e-01 9.999738429330038425e-01 9.999650835799829274e-01 9.999873876827539698e-01 9.999795274488114671e-01 9.999844902804464475e-01 9.999625653980429574e-01
9.999744571550202021e-01 9.999876592898826466e-01 9.999861634970276247e-01 9.999766848148927689e-01 9.999843631493008367e-01 9.999728730697895474e-01 9.999787659906350656e-01 9.999672803092122253e-01 9.999744807569166394e-01 9.999770203394018342e-01
9.999781924139483635e-01 9.999794592589823505e-01 9.999795276665510713e-01 9.999765353270663182e-01 9.999770842304843699e-01 9.999714459665817179e-01 9.999756089943849791e-01 9.999726510380873012e-01 9.999735897682702213e-01 9.999756761603351141e-01
9.999588579256325493e-01 9.999790185728743008e-01 9.999765022705408013e-01 9.999860155623651048e-01 9.999639184969513206e-01 9.999685458148755979e-01 9.999592894340595395e-01 9.999677765961546561e-01 9.999546187626683347e-01 9.999699179830413565e-01
9.999580625084513175e-01 9.999819612299027938e-01 9.999787372819274323e-01 9.999743827280331843e-01 9.999666312078721031e-01 9.999824268320798293e-01 9.999779852335056729e-01 9.999517577771551702e-01 9.999671625549274578e-01 9.999681390140749970e-01
9.999865294099082869e-01 9.999724432486915005e-01 9.999637703028076974e-01 9.999780619105858026e-01 9.999861865359632729e-01 9.999775955622237644e-01 9.999742432796295821e-01 9.999718388556918525e-01 9.999756747506600707e-01 9.999787028325586302e-01
9.999576378726341419e-01 9.999804412339166060e-01 9.999880672815323335e-01 9.999737277654533463e-01 9.999840332647546015e-01 9.999842019250640979e-01 9.999690404536870636e-01 9.999792213651210737e-01 9.999682422711111407e-01 9.999809996348548724e-01
9.999850827979749335e-01 9.999777624481699378e-01 9.999803992154946419e-01 9.999596255183371696e-01 9.999667792662132459e-01 9.999756594362971818e-01 9.999701924357869975e-01 9.999752824571102039e-01 9.999823761280269840e-01 9.999816702976542793e-01
9.999839871706295291e-01 9.999834699974649022e-01 9.999799701207612301e-01 9.999731632112767166e-01 9.999798292946776579e-01 9.999802826413788370e-01 9.999754294441898228e-01 9.999837128073165715e-01 9.999797671556964751e-01 9.999776537305715696e-01
9.999783691997395918e-01 9.999874392414899171e-01 9.999686335147506266e-01 9.999679825365127561e-01 9.999725053302964684e-01 9.999830605372913572e-01 9.999637137815101662e-01 9.999607533590385566e-01 9.999775060041498076e-01 9.999813997776177965e-01
9.999756831341952701e-01 9.999775195738946909e-01 9.999683212620771311e-01 9.999827931567104589e-01 9.999816490311829176e-01 9.999575915859220121e-01 9.999792362655194333e-01 9.999762966319687418e-01 9.999719018435441198e-01 9.999785426820916312e-01
9.999825529388144396e-01 9.999826233488497973e-01 9.999664206225563623e-01 9.999687863498615270e-01 9.999776717024220218e-01 9.999729584387087034e-01 9.999672311234236721e-01 9.999839225840080337e-01 9.999618514943018344e-01 9.999705517522721188e-01
9.999838927010386014e-01 9.999756833394307654e-01 9.999833820208019475e-01 9.999722656519699493e-01 9.999772453859386845e-01 9.999688665540948929e-01 9.999741822016214865e-01 9.999667536618985775e-01 9.999737902473243567e-01 9.999634599600818463e-01
9.999597145183182212e-01 9.999723591682163626e-01 9.999802760403452284e-01 9.999743502261780881e-01 9.999613778254168306e-01 9.999789204048084024e-01 9.999725885840761164e-01 9.999857014219546425e-01 9.999733396526762075e-01 9.999776378400695442e-01
9.999826121467013662e-01 9.999811215163249001e-01 9.999766175318897110e-01 9.999789425925197373e-01 9.999665325836121221e-01 9.999744438208264530e-01 9.999715732796327083e-01 9.999744241093795338e-01 9.999839123905676086e-01 9.999667407323250545e-01
