9.999391062373271799e-01 9.999458932819508261e-01 9.999501157424438569e-01 9.999859324818874962e-01 9.998430714065595915e-01 9.998950485438550251e-01 9.999626149864929703e-01 9.997363112894855908e-01 9.999634304859420508e-01 9.999710863778572545e-01
9.999558888191550921e-01 9.999456479076290760e-01 9.999258237915942260e-01 9.999679859089986023e-01 9.999658750562305798e-01 9.999134316954475521e-01 9.998912630432296167e-01 9.999428334598470247e-01 9.998095548624426065e-01 9.998445608684839447e-01
9.998585232243800691e-01 9.999133649687145242e-01 9.999748958004323063e-01 9.999839867975931496e-01 9.999665556758754459e-01 9.999812400526593148e-01 9.999428917566599573e-01 9.999670975123365890e-01 9.999645738858649047e-01 9.999274321017134204e-01
9.999424066520398169e-01 9.999639819046841627e-01 9.998546063323654476e-01 9.999569628196151028e-01 9.999823443620433627e-01 9.997406676499434042e-01 9.996298636596866460e-01 9.998764096936809675e-01 9.999300197159395331e-01 9.999799532730478946e-01
9.999541380880462293e-01 9.999283306678116157e-01 9.999162620436922166e-01 9.999466245326923408e-01 9.999638036423044163e-01 9.999479799510758715e-01 9.999365599449820952e-01 9.999062084981672482e-01 9.999284388158338199e-01 9.999739248489677435e-01
9.999074405608674443e-01 9.998985037859972058e-01 9.996142245913225421e-01 9.998989260406476731e-01 9.999073676116511100e-01 9.998727917044806235e-01 9.997614010569509935e-01 9.998308546424308219e-01 9.999429546539977398e-01 9.998172706474274252e-01
9.999619054644592886e-01 9.999567669862453601e-01 9.999901950827833064e-01 9.999427838639510790e-01 9.999610758213739459e-01 9.999766985019923338e-01 9.999271291906030035e-01 9.999340190923801108e-01 9.999410839046415367e-01 9.998715933862846184e-01
9.998029896600973965e-01 9.998900210405422539e-01 9.999667731717623020e-01 9.999504505587998304e-01 9.999482645918942314e-01 9.999238858887039560e-01 9.999565165729428218e-01 9.999456989459308831e-01 9.999519625886434948e-01 9.999375170216174835e-01
9.997852795149296812e-01 9.997860330042006582e-01 9.999699678895709321e-01 9.995424638429329933e-01 9.996016708616433100e-01 9.999087162134172591e-01 9.999815939429552714e-01 9.997251580063689635e-01 9.998615908856466339e-01 9.998678078253792068e-01
9.998588390732555675e-01 9.998742864247022188e-01 9.998399711437627735e-01 9.999519009553706761e-01 9.999762587365635946e-01 9.999211540956162159e-01 9.996410469843629576e-01 9.996534927127673775e-01 9.998711485892033402e-01 9.996539164722938464e-01
9.999474718034609966e-01 9.999291632517797179e-01 9.999686376403569277e-01 9.999746166103020695e-01 9.999432715764766666e-01 9.999078660001036178e-01 9.999563264295657783e-01 9.998721138887358695e-01 9.999266065461513975e-01 9.999577246443688283e-01
9.999778646680942407e-01 9.994897191765287348e-01 9.995304237765274546e-01 9.997248017087966288e-01 9.998854029356140094e-01 9.999493256269477159e-01 9.999017822048932302e-01 9.998546693837483401e-01 9.998585263033820114e-01 9.998495380798798626e-01
9.998991554825660266e-01 9.999151454453554244e-01 9.999524780317864403e-01 9.999640912336373866e-01 9.999182149306368173e-01 9.998280657670108873e-01 9.999002173475090016e-01 9.999836211494532723e-01 9.998859662914890700e-01 9.998008355213359177e-01
9.999621042743087607e-01 9.997391551899620366e-01 9.996042543765624178e-01 9.999110137545842436e-01 9.998664988452309332e-01 9.999838917272028116e-01 9.998711658383214740e-01 9.998888271476519263e-01 9.998401631023181579e-01 9.999780553631733016e-01
9.999233408213644703e-01 9.998703695902761979e-01 9.998365070167485325e-01 9.999242222377610068e-01 9.999299801007301980e-01 9.997980712405561965e-01 9.998081286192312955e-01 9.999604281815432927e-01 9.997674026443198469e-01 9.999695366215929360e-01
9.999264544379189434e-01 9.996168696439966528e-01 9.999336973767259940e-01 9.998485963241314778e-01 9.999298450509617187e-01 9.999430606799500909e-01 9.999535416626712525e-01 9.999358497939132562e-01 9.999563596101851415e-01 9.999730537939447439e-01
9.998037501474309474e-01 9.997881568444770828e-01 9.999614212145947478e-01 9.998365005867729804e-01 9.999273281798065627e-01 9.998986179406409436e-01 9.998539224010909443e-01 9.999866996195887481e-01 9.999442085587143536e-01 9.999590728961457176e-01
9.999449169547249827e-01 9.999635987520620883e-01 9.999717157996055317e-01 9.999639827856438012e-01 9.999539910216961314e-01 9.999906508846829745e-01 9.999365954266296042e-01 9.999095393683067323e-01 9.999454385437536175e-01 9.999840126181569477e-01
9.999774286579542482e-01 9.999773896584641664e-01 9.997938555438485864e-01 9.999290790035694210e-01 9.998897029536096825e-01 9.997827507341896514e-01 9.999637878426164139e-01 9.999495185423391552e-01 9.999251738742596096e-01 9.999398524374695230e-01
9.999642020651761110e-01 9.999673290232642398e-01 9.999282939224262146e-01 9.998780780665417200e-01 9.998799768542607769e-01 9.998669814130686229e-01 9.997120579691617381e-01 9.999331263879769338e-01 9.999222587189281475e-01 9.999389349951107731e-01
9.999214224471267842e-01 9.999410572984235301e-01 9.998563744986097568e-01 9.999204750492912686e-01 9.999207568985302164e-01 9.998605525209192102e-01 9.998255637497484027e-01 9.998754150225608317e-01 9.999869574680336770e-01 9.999783453055368643e-01
9.999098713264312766e-01 9.999655593469478632e-01 9.999268834926166027e-01 9.999630024610973722e-01 9.998879949853691773e-01 9.998407214327631465e-01 9.999224086446490967e-01 9.999632739330015507e-01 9.999591994741497958e-01 9.999310001034215079e-01
9.999341575630678047e-01 9.999129009071433538e-01 9.999714655450486767e-01 9.998895329577710545e-01 9.999630289264943572e-01 9.999296499795033988e-01 9.998620320174562703e-01 9.999699336795998539e-01 9.998008000374919435e-01 9.999568771587866722e-01
9.996564089537469666e-01 9.999802747615009757e-01 9.996819797889390236e-01 9.999429077698007706e-01 9.998794459385371702e-01 9.997076195291350054e-01 9.999264945220904810e-01 9.999357938195531093e-01 9.999776430931867077e-01 9.999313449346202143e-01
9.999478367473793039e-01 9.999632286493057576e-01 9.999209553413479501e-01 9.997490900372145717e-01 9.999530522059134618e-01 9.999384539302981212e-01 9.999122592151061806e-01 9.999080006325711256e-01 9.998497611403620589e-01 9.994884775741399441e-01
9.999010367378325936e-01 9.999213773743366174e-01 9.999609085571358191e-01 9.998942791487719361e-01 9.999848514149274337e-01 9.998919514049710022e-01 9.998372308488816529e-01 9.999457712448884816e-01 9.999815593651383283e-01 9.999170686166155564e-01
9.999187217198639566e-01 9.998435414720003855e-01 9.999184971038321823e-01 9.999272877395966042e-01 9.999226995274718144e-01 9.998586793921293570e-01 9.998706515084374580e-01 9.999584055362470414e-01 9.999601720574236019e-01 9.998854864249198116e-01
9.999275835554801706e-01 9.999723346049641526e-01 9.998748235434787857e-01 9.998960645278939241e-01 9.999151614711534464e-01 9.999812590152453717e-01 9.998893391833675315e-01 9.999359474893264599e-01 9.999836292703304652e-01 9.998784411403355277e-01
9.999295622172232889e-01 9.997744199448629354e-01 9.999472521332097852e-01 9.998567451294887443e-01 9.999605917039214864e-01 9.997907091593920548e-01 9.999815722126988993e-01 9.999113455103378900e-01 9.999785153650468938e-01 9.998917312127195700e-01
9.998517899984061819e-01 9.999046229637571503e-01 9.998747619148173893e-01 9.999593864853819625e-01 9.999094397111947252e-01 9.999238662914693432e-01 9.999015374296212899e-01 9.999043885978361468e-01 9.999801315141967351e-01 9.999745182602025606e-01
9.999335540460763116e-01 9.999291273285013659e-01 9.999715075863006009e-01 9.999451167569267662e-01 9.999788755802083706e-01 9.999230193138235467e-01 9.999793293327433608e-01 9.998946504189898388e-01 9.999409883084352524e-01 9.999778815344084748e-01
9.999402690110298364e-01 9.998122846420628429e-01 9.999767866951728701e-01 9.999213891431120160e-01 9.999290731595807946e-01 9.998872543557812964e-01 9.999899732915691342e-01 9.999185931998324506e-01 9.999188224072967923e-01 9.999891935430562651e-01
9.998701503684187530e-01 9.999250192653426073e-01 9.997698489424041712e-01 9.999584864934500938e-01 9.999187898545205400e-01 9.999634597602178321e-01 9.999587996582172122e-01 9.999640504318598744e-01 9.998829281569148186e-01 9.999581829763648511e-01
9.997578437100221871e-01 9.999864825851983996e-01 9.999540576877290476e-01 9.997081919598821420e-01 9.999698163631725034e-01 9.998530372943174038e-01 9.999187282240377117e-01 9.999536117102717503e-01 9.999430384735771282e-01 9.999176403711772521e-01
9.999225712990257309e-01 9.999582450023312141e-01 9.999241580564567355e-01 9.999498126034559453e-01 9.999844247216170823e-01 9.999421539697999073e-01 9.999860213608575688e-01 9.999839849188304486e-01 9.999484493266425078e-01 9.999469713785110736e-01
9.999449294714394254e-01 9.999307625554424428e-01 9.999021592001307024e-01 9.999732645168467604e-01 9.999836527324614810e-01 9.999579071919185713e-01 9.999638826737468067e-01 9.999901585709818352e-01 9.999387162441643051e-01 9.998960618131207401e-01
9.998940827470961246e-01 9.999623550831427954e-01 9.999746735502412776e-01 9.998971116589926433e-01 9.999846670886316513e-01 9.999488166383009302e-01 9.999170414034749266e-01 9.999947409144682720e-01 9.998735847412348887e-01 9.999864638286503071e-01
9.999787289169153048e-01 9.998366409494173768e-01 9.998820694725120140e-01 9.999787914341431438e-01 9.999400903369636273e-01 9.998711992033739726e-01 9.999821134064651451e-01 9.999732375230264703e-01 9.999063617202870180e-01 9.998900632679192935e-01
9.998731185481966044e-01 9.999088756465451810e-01 9.999105963117973506e-01 9.999296579722697365e-01 9.999641961296921178e-01 9.999570784918463406e-01 9.999312132519231344e-01 9.997280545820996789e-01 9.999365381028160193e-01 9.999527529279106375e-01
9.999334390880553203e-01 9.999779982460791361e-01 9.999205564983014716e-01 9.998715680242101778e-01 9.999763488893848029e-01 9.999749414228844557e-01 9.999323584865109638e-01 9.999639602605492339e-01 9.999566279981147998e-01 9.998961013433411704e-01
9.997907669193148994e-01 9.999549601979832447e-01 9.998232857052542499e-01 9.999335082998498381e-01 9.999306527487992202e-01 9.999669994256379368e-01 9.999237247155100539e-01 9.998770740703718518e-01 9.999837548981878044e-01 9.999241693056417635e-01
9.999720939130926078e-01 9.999543155290054885e-01 9.999379340277259054e-01 9.999917677589315046e-01 9.999752249915043745e-01 9.999055463899904073e-01 9.997430067281734001e-01 9.998580008084554382e-01 9.998494312739428791e-01 9.999482261998587918e-01
9.999445076837776281e-01 9.999190329987334147e-01 9.999561082499112130e-01 9.999814659077262968e-01 9.999439173645293666e-01 9.998970317274724628e-01 9.999679255851866566e-01 9.999209945522369303e-01 9.999331909695736709e-01 9.999090134005869102e-01
9.998804147712457846e-01 9.999350463798969413e-01 9.999468222494556358e-01 9.999874836305622239e-01 9.999784583277583350e-01 9.999168736852319661e-01 9.998897054761739511e-01 9.999549085419836558e-01 9.999794541553332916e-01 9.999551747593515838e-01
9.999510704393990146e-01 9.999748705960640471e-01 9.999722097154292166e-01 9.997633716078075938e-01 9.999665507788050300e-01 9.999850577927520412e-01 9.999274189119051748e-01 9.999464230076352544e-01 9.999588754888381059e-01 9.999263207033595169e-01
9.999833321978519596e-01 9.998947473961841137e-01 9.999168554154344024e-01 9.999304376666404703e-01 9.999659358152286348e-01 9.998259620804871295e-01 9.998811658402815272e-01 9.999462677800885491e-01 9.999091152808827765e-01 9.998905519227903049e-01
9.999845414369226138e-01 9.998920726384241675e-01 9.997721523228365603e-01 9.998477620301390312e-01 9.999740013819561346e-01 9.999496469477404670e-01 9.999651867528249749e-01 9.999252171081720597e-01 9.999711631840910719e-01 9.999188452261104088e-01
9.998759658685807405e-01 9.999757440658226804e-01 9.998993077392087647e-01 9.998370672030104656e-01 9.999571596299415832e-01 9.998934942529021930e-01 9.998424529914785586e-01 9.999346506347688290e-01 9.999747740509665750e-01 9.999504664392513398e-01
9.999457534889287791e-01 9.997527747110406260e-01 9.999445667406052785e-01 9.999763014553432194e-01 9.999242523505347258e-01 9.998619323700409511e-01 9.997468835745961790e-01 9.999896644054641071e-01 9.999253127935651131e-01 9.999736891147664730e-01
9.999633576269882917e-01 9.999501504132251029e-01 9.999674042548246655e-01 9.998425293924012580e-01 9.999143378944109761e-01 9.999549020954873191e-01 9.998311381004123533e-01 9.998176052819330861e-01 9.999309789131199944e-01 9.999072376150895947e-01
9.998411968930005500e-01 9.998846811673547386e-01 9.998710109872013252e-01 9.999258802645492050e-01 9.998724216173685564e-01 9.999064542441552517e-01 9.999262245742546185e-01 9.999315195544249413e-01 9.999606908087284030e-01 9.999022218471858015e-01
9.999535304245223966e-01 9.999399797322598982e-01 9.998588911336068197e-01 9.999510871932691947e-01 9.999725847861860029e-01 9.999659078875816620e-01 9.999673128566030078e-01 9.998001174121243784e-01 9.999395454736217381e-01 9.999623327911493220e-01
9.999693228636711284e-01 9.998835310976438295e-01 9.999677474935617649e-01 9.999587352419917474e-01 9.998256121255015838e-01 9.999838842622718049e-01 9.999647049468238791e-01 9.999785656431571246e-01 9.998917921121036612e-01 9.998941051321453832e-01
9.999276217598050964e-01 9.999234756149398828e-01 9.999353271647939412e-01 9.999248635239931238e-01 9.999072100186034984e-01 9.999796034401476907e-01 9.999201566269537711e-01 9.999286981950836761e-01 9.999672906788849014e-01 9.998198255693058201e-01
9.999336436449813847e-01 9.999476557809213739e-01 9.999441330651454019e-01 9.999892166766638502e-01 9.999760940985061852e-01 9.999244221015134437e-01 9.999209473763144285e-01 9.999329025297636342e-01 9.999450088754023858e-01 9.999754127824942440e-01
9.999890101735822157e-01 9.999438814344973059e-01 9.999702389675173553e-01 9.999037106485281212e-01 9.998421857510243482e-01 9.998558965320364367e-01 9.999426884852342656e-01 9.997564253965992576e-01 9.998353550886275309e-01 9.998506778803788464e-01
9.999779906459331791e-01 9.999330721953103573e-01 9.998634368303421782e-01 9.999603768042464313e-01 9.999468459210046900e-01 9.999466153198206531e-01 9.999668470354509120e-01 9.999005501546796015e-01 9.999083697436529361e-01 9.999550773995327102e-01
9.999632028041124387e-01 9.999401064219841651e-01 9.999885705107069978e-01 9.999731257253352545e-01 9.998977720974688843e-01 9.999126500754469404e-01 9.999536231514144502e-01 9.997636295131879791e-01 9.999581862935094101e-01 9.999408807393791454e-01
9.999775556301264690e-01 9.999297695063409375e-01 9.999473381181411824e-01 9.998908348993436057e-01 9.999216290747124924e-01 9.999299928329171694e-01 9.999422349815559885e-01 9.998289185619992914e-01 9.998912510735249448e-01 9.999881438138146228e-01
9.999323296090331104e-01 9.999516085191956227e-01 9.999717537938876966e-01 9.999630309526724714e-01 9.999592102139951422e-01 9.999874492023782535e-01 9.998901704288890580e-01 9.999643177234026625e-01 9.999503613378598610e-01 9.998764548586477341e-01
9.999571058742161567e-01 9.999355458962813081e-01 9.999157641078713077e-01 9.998776539822096243e-01 9.999070228413078354e-01 9.993107695064881169e-01 9.999223674530648420e-01 9.999872230410136176e-01 9.998991665971375120e-01 9.999780191807160490e-01
9.999256998336782942e-01 9.998708855966453868e-01 9.999130335968400285e-01 9.999150141840131845e-01 9.998423620979176585e-01 9.998623021564587710e-01 9.999081938660939750e-01 9.997977982861528945e-01 9.999365755603039085e-01 9.999461108630173234e-01
9.999468251180657630e-01 9.999433675522844123e-01 9.999591125293226801e-01 9.999827394621936261e-01 9.999605812249955372e-01 9.999746955683446181e-01 9.998686806958272388e-01 9.999141108817907186e-01 9.999790695205283964e-01 9.999551587450737911e-01
9.999093134825314255e-01 9.999153959220382637e-01 9.999437334192894378e-01 9.996502883265415695e-01 9.999310258368517834e-01 9.998807486073347794e-01 9.999815162954003300e-01 9.999686833035535960e-01 9.999604732058320344e-01 9.997554424437410381e-01
9.999555795405749015e-01 9.999439163602698022e-01 9.998541537916584288e-01 9.999736574000990252e-01 9.999286216657793380e-01 9.999487494279369892e-01 9.998387804854799166e-01 9.999533201602525123e-01 9.999699364103787902e-01 9.998954248108037346e-01
9.996112470347404688e-01 9.999816952109285007e-01 9.999176388933868065e-01 9.999246124891176812e-01 9.999841073215234299e-01 9.998984814500680995e-01 9.999545769777733462e-01 9.999087503376807851e-01 9.998699668948135555e-01 9.999526827382700933e-01
9.999616255738534853e-01 9.999185087616723200e-01 9.998968818326826602e-01 9.999134085295580121e-01 9.999167362660471570e-01 9.999476199373213969e-01 9.999394361216105143e-01 9.998937661257113474e-01 9.999972597978401545e-01 9.998508830820229676e-01
9.998935488551083939e-01 9.998935788216616327e-01 9.999625191753097608e-01 9.998843551181759715e-01 9.999242275855377837e-01 9.999597444353195419e-01 9.999637228429599789e-01 9.999531543978601444e-01 9.999564902688298229e-01 9.999813086033791931e-01
9.999102895163629601e-01 9.999629139694110602e-01 9.999538489431787358e-01 9.999723387057333213e-01 9.999105855705734403e-01 9.999422818593783902e-01 9.999816935856243871e-01 9.999724752527033855e-01 9.999751921676670596e-01 9.998364453224100057e-01
9.999480340993607275e-01 9.999645356182503830e-01 9.998918009797901352e-01 9.999316303731193845e-01 9.999398668554808634e-01 9.998985967696875088e-01 9.999178405641272471e-01 9.999811283448236665e-01 9.999529922122331049e-01 9.999452761532874323e-01
9.998256997594564544e-01 9.998597410052937340e-01 9.998995997389310553e-01 9.998743483621588268e-01 9.998735162251503050e-01 9.999579550335467859e-01 9.999871648980378502e-01 9.999500420438931503e-01 9.999433012240829255e-01 9.998482589399079190e-01
9.999938716245112547e-01 9.999693802046476510e-01 9.999103925019591221e-01 9.999906662145500169e-01 9.998910447912282562e-01 9.998256709419727217e-01 9.999704683636826408e-01 9.997944741948333602e-01 9.999016027944008789e-01 9.999446227606825222e-01
9.999042408652788483e-01 9.998125926145569053e-01 9.998767863055514349e-01 9.998174110801154590e-01 9.997112273696119322e-01 9.999728424967080365e-01 9.999678954468714798e-01 9.999629886582702687e-01 9.999539383082253208e-01 9.999440868872250254e-01
9.998444133151705993e-01 9.999563789723052709e-01 9.999572546927818495e-01 9.998846837185754177e-01 9.999401612373748360e-01 9.999536263881475540e-01 9.997421561315540384e-01 9.998873222150469475e-01 9.998767376063355528e-01 9.999870586686278040e-01
9.998589574104455036e-01 9.999659801959084326e-01 9.999794814615571292e-01 9.999853419802471333e-01 9.999378264452919440e-01 9.999297475932490409e-01 9.999723471079575710e-01 9.998876189789522861e-01 9.998753227390010379e-01 9.999692724049027426e-01
9.999036133092944478e-01 9.998896633587597282e-01 9.999137480777792186e-01 9.999451222393318517e-01 9.999263741270445482e-01 9.999172414735719716e-01 9.998948516577151890e-01 9.998709328226792481e-01 9.998347299015311052e-01 9.999091516669992297e-01
9.999443569680280808e-01 9.999318377695785021e-01 9.998985926536821944e-01 9.999375319988698108e-01 9.999755615216916471e-01 9.999461734592368645e-01 9.999542054329048080e-01 9.999692610436127227e-01 9.999573422404997025e-01 9.999296616210854305e-01
9.999326940024380050e-01 9.997466063098451317e-01 9.998607499905388662e-01 9.998625404613702417e-01 9.999911850006119041e-01 9.999213876835879589e-01 9.999545016977883227e-01 9.999011231380666720e-01 9.998513682857329554e-01 9.999257261984789702e-01
9.999193877605067060e-01 9.996222179703396771e-01 9.999313504253146689e-01 9.999579344078465271e-01 9.997992935224203626e-01 9.998790590282482516e-01 9.999237709270323293e-01 9.999898349755099725e-01 9.997881999944411291e-01 9.999588680179195554e-01
9.999149039979766673e-01 9.999284038939411090e-01 9.999467187697509418e-01 9.999472827956032983e-01 9.999584513355075366e-01 9.999432503963013863e-01 9.999492218208777539e-01 9.999085920185867282e-01 9.997439159249916774e-01 9.998761140945298109e-01
9.999213037983233354e-01 9.998847472515588475e-01 9.999664905900972345e-01 9.999591376608272242e-01 9.998720546357509065e-01 9.999140596276188120e-01 9.999731079778477749e-01 9.999053811572257144e-01 9.999209968529114700e-01 9.999801524680713705e-01
9.998823417644857603e-01 9.999267296149784157e-01 9.998664752105382858e-01 9.998496886674956841e-01 9.999236745095076984e-01 9.999580092101074680e-01 9.999094682927582856e-01 9.998844252794671927e-01 9.999777581568273233e-01 9.996213695632669705e-01
9.999117636997175707e-01 9.998497893829898508e-01 9.999309066860307960e-01 9.999366212041445046e-01 9.999789939168473030e-01 9.999093257524456213e-01 9.999450389401961514e-01 9.997267187992452397e-01 9.999474701209033478e-01 9.998626292661779713e-01
9.997433198335536897e-01 9.999431121332629235e-01 9.999153384431903602e-01 9.999578896159369013e-01 9.999835293661057944e-01 9.999723733104299850e-01 9.999316356201977118e-01 9.999104417848033721e-01 9.999568900632244128e-01 9.998424495445142890e-01
9.998793025318871708e-01 9.998378163818651965e-01 9.999357037600229425e-01 9.995886665507127677e-01 9.999770126745307630e-01 9.999840368052568262e-01 9.999729534011572163e-01 9.999539220110919002e-01 9.999317070756074122e-01 9.999220010645233359e-01
9.999215325675601118e-01 9.998980470651425145e-01 9.999293091707813774e-01 9.998963810989298651e-01 9.998904947097126961e-01 9.998912272514471899e-01 9.998863841097560545e-01 9.998447272556071352e-01 9.999806619190168000e-01 9.998423841879859886e-01
9.999533053501071800e-01 9.998941887879854162e-01 9.998501155262206064e-01 9.999674687164196163e-01 9.999643582451067658e-01 9.999648023376227490e-01 9.999268631763786885e-01 9.999078056535718462e-01 9.999380228830501149e-01 9.999602826848523751e-01
9.999510497597756675e-01 9.999557328635182429e-01 9.999277646228234007e-01 9.998781913822166745e-01 9.999014533405670146e-01 9.998708503947177917e-01 9.999309660742388139e-01 9.997586390661331590e-01 9.998377022188771335e-01 9.996666960594726703e-01
9.999469486714863686e-01 9.998453369574702432e-01 9.999562742339729304e-01 9.999131238339133976e-01 9.998846871079382082e-01 9.999303464795956664e-01 9.999541828645951425e-01 9.999547503044007302e-01 9.999272185803882440e-01 9.999477943193930685e-01
9.999072749900651536e-01 9.999428791708235842e-01 9.999458772270040097e-01 9.997984321653191619e-01 9.999551528774826004e-01 9.998801558241505738e-01 9.998845861367856580e-01 9.999750609206929930e-01 9.999553032308482470e-01 9.998629736032333959e-01
9.999415207147229756e-01 9.999266152535353225e-01 9.999492917491787924e-01 9.999061807422090498e-01 9.999664504828599254e-01 9.999850594637107459e-01 9.998199108409767666e-01 9.999248791718247098e-01 9.999439643672263234e-01 9.998945522975658529e-01
9.998479770179740100e-01 9.997897233112083004e-01 9.996622086642732441e-01 9.999399848117745959e-01 9.998417284015028716e-01 9.999391680733870080e-01 9.999501496232173769e-01 9.999453036603387357e-01 9.998441119652652365e-01 9.998757974603712517e-01
9.999469436015010482e-01 9.999647185870638166e-01 9.998836295541669861e-01 9.998110674392519659e-01 9.998042099390938020e-01 9.999153541590347638e-01 9.999819546126416103e-01 9.999094715278017409e-01 9.999711511143922760e-01 9.999833193333591552e-01
9.999557041397008073e-01 9.998320218196060649e-01 9.999564100839605230e-01 9.998588694137610089e-01 9.999172062279508832e-01 9.998083526743495320e-01 9.999211756296476628e-01 9.999148573595728617e-01 9.999037655222353660e-01 9.999435742347920764e-01
9.999269042633378568e-01 9.998894947256368182e-01 9.999150761476595095e-01 9.999607887781688520e-01 9.999304876823646993e-01 9.998589430467169636e-01 9.999606482634129101e-01 9.999306591076799755e-01 9.999420493318625924e-01 9.998807236679616572e-01
9.999497390474630931e-01 9.999754191175284079e-01 9.999365918840753542e-01 9.999721249137311085e-01 9.999455424819924110e-01 9.999788362974594280e-01 9.998767261900941561e-01 9.997995728171451546e-01 9.998923814356737161e-01 9.999612019547121644e-01
9.999616557383969040e-01 9.998398088387308036e-01 9.999558311160386959e-01 9.999609270236358149e-01 9.997174204271778164e-01 9.999727392203934251e-01 9.999494868617977428e-01 9.999293545493619373e-01 9.999694460986595645e-01 9.999285316621090436e-01
9.999733648102723249e-01 9.999847105285161186e-01 9.999489438460837931e-01 9.999453253669241537e-01 9.999426966011270013e-01 9.999347801254043766e-01 9.999691933423240364e-01 9.999739582607347632e-01 9.999193323802842981e-01 9.999770223164695659e-01
9.998988053066487636e-01 9.997718179866716959e-01 9.999742564296092429e-01 9.998796048672353720e-01 9.998778493917770405e-01 9.998671714066525995e-01 9.998540788614334041e-01 9.999500229620309488e-01 9.999578545384767425e-01 9.999402613222931890e-01
9.997265373334034422e-01 9.999340708588837501e-01 9.999312025137733206e-01 9.998940699788096964e-01 9.999636944953285145e-01 9.999569822400073971e-01 9.999743302998992389e-01 9.999340618544498849e-01 9.999437977605015737e-01 9.998482533492524249e-01
