9.999442049732101268e-01 9.999019271165668910e-01 9.999376881236771153e-01 9.999021105489283023e-01 9.999417072341734158e-01 9.999394546081162849e-01 9.999316736725482047e-01 9.998816895509085034e-01 9.998880978725509516e-01 9.999109535840092766e-01
9.999309451813721550e-01 9.999206501574532391e-01 9.999582125748927020e-01 9.999479251924608958e-01 9.998926284003709641e-01 9.999165272939669613e-01 9.999281817160826646e-01 9.999408768151514249e-01 9.999108330710533288e-01 9.999128163454257257e-01
9.999322494010730589e-01 9.999313066687355311e-01 9.999169361658762911e-01 9.998731871365107438e-01 9.998583420500900543e-01 9.999176059121812621e-01 9.999369204375772036e-01 9.999087095278129667e-01 9.999055704580444015e-01 9.999208796061712645e-01
9.999396493055022761e-01 9.999504636731947338e-01 9.999509609841120694e-01 9.999342131693976787e-01 9.999614385051496246e-01 9.999085925747213111e-01 9.999492572398671619e-01 9.998895880523989144e-01 9.999297217989187025e-01 9.998845250170441679e-01
9.999534385468207276e-01 9.999052112637022427e-01 9.999684244670812294e-01 9.999391498809331313e-01 9.999245314519564776e-01 9.999176258734845391e-01 9.999295859835295452e-01 9.999392953244521376e-01 9.999183113193680361e-01 9.999204656877502817e-01
9.999299490512456590e-01 9.999056759742176448e-01 9.999509899420497838e-01 9.999002662339322445e-01 9.999281141308329346e-01 9.999448803293017329e-01 9.999302033050055938e-01 9.999266160689213034e-01 9.998893413685989717e-01 9.999102497642375909e-01
9.999596578594605045e-01 9.999603110357032643e-01 9.998720861640336688e-01 9.999169435235790715e-01 9.999194540013823795e-01 9.999018017665076696e-01 9.998856100209219111e-01 9.998997872014397936e-01 9.999366905463181743e-01 9.999196972485007162e-01
9.999273661092057397e-01 9.999344229454459887e-01 9.999255575223799930e-01 9.999256729270230570e-01 9.998725273310878903e-01 9.998910650572813141e-01 9.998869342420562134e-01 9.999509074715070556e-01 9.999187858493120418e-01 9.999271741109475586e-01
9.999250688412113508e-01 9.998889964834871691e-01 9.999435465955878177e-01 9.999337690060660089e-01 9.999355593221900262e-01 9.998936937741974562e-01 9.999450742654092394e-01 9.998776103962718764e-01 9.999236843531811303e-01 9.999459261579891622e-01
9.999483509439414108e-01 9.999143220016454281e-01 9.999457578924985102e-01 9.999455143868620777e-01 9.999169898538653456e-01 9.999669296963435983e-01 9.998860539897311828e-01 9.999036933614882106e-01 9.999228638393325985e-01 9.999273773675262378e-01
9.999072404743576392e-01 9.999696281947875187e-01 9.999122117248162578e-01 9.999402183247116938e-01 9.999081696770457661e-01 9.998812631679346863e-01 9.999198776431651448e-01 9.999401252294898290e-01 9.999107325357138309e-01 9.999344291548680763e-01
9.999339487936925730e-01 9.999121715462857551e-01 9.999109208221856893e-01 9.999235116680846858e-01 9.999077437357331011e-01 9.999272415771384148e-01 9.998987038064833799e-01 9.999329457511284547e-01 9.999321681170585396e-01 9.999276588945179567e-01
9.999160511705511567e-01 9.999359875280132703e-01 9.999562087989339876e-01 9.999411200681325163e-01 9.999111581699846596e-01 9.999282715360555684e-01 9.998812152073756065e-01 9.999093170403849928e-01 9.999277976578515581e-01 9.999258924075641319e-01
9.999266443952765648e-01 9.998403970558066289e-01 9.999264185024836493e-01 9.999153748337548109e-01 9.999163064261417100e-01 9.999304605651949673e-01 9.998548827351396717e-01 9.999269498400283895e-01 9.999059775896660396e-01 9.999160262373829600e-01
9.999037210528830544e-01 9.999392526260419967e-01 9.999270603719230266e-01 9.999058988437206086e-01 9.999089959321987298e-01 9.999190483107329719e-01 9.998752573446224590e-01 9.999106501203633979e-01 9.999483279666957491e-01 9.999024987042445245e-01
9.999107946582237449e-01 9.999490312743458675e-01 9.999412191300380837e-01 9.999130897970545107e-01 9.999391970611152258e-01 9.999289870660159618e-01 9.999097029687096239e-01 9.999364065326662443e-01 9.999257306714702809e-01 9.998931624822148256e-01
9.999340868073333111e-01 9.999512531098512236e-01 9.999056887415694872e-01 9.999326407305230147e-01 9.999526925333214189e-01 9.998946908949692958e-01 9.998845269707826722e-01 9.999282048344613205e-01 9.998738197593181054e-01 9.999378937946578061e-01
9.998972361909892470e-01 9.999457936022744242e-01 9.999227286074526821e-01 9.999335790385927014e-01 9.999439018524483025e-01 9.999231674108984835e-01 9.999113504873001768e-01 9.998895548813923062e-01 9.999271146169218527e-01 9.999121635375500805e-01
9.999035499634764124e-01 9.999122122923280731e-01 9.999340626881791927e-01 9.999308274509408623e-01 9.999216142234680360e-01 9.999149612669776532e-01 9.998775229799411468e-01 9.999260054067018455e-01 9.998977128600620157e-01 9.999165501646399834e-01
9.999151399098452631e-01 9.999335399553195280e-01 9.999367473930215189e-01 9.999203120306944248e-01 9.999123000485496959e-01 9.999462328159771651e-01 9.998684795259956681e-01 9.998501966255104456e-01 9.998475694596040686e-01 9.999071063101592216e-01
9.999616494577958647e-01 9.999487058333905720e-01 9.999371507524801306e-01 9.998964025933118061e-01 9.999366245761719396e-01 9.999021995784302952e-01 9.999092991534642705e-01 9.999221074869344417e-01 9.999277476947193710e-01 9.999376893205326189e-01
9.999229428602285363e-01 9.999245047223136451e-01 9.999483615021621530e-01 9.999358645952247659e-01 9.999323012272766098e-01 9.999376007452795978e-01 9.999248481410077938e-01 9.998546590830390546e-01 9.998836584254008342e-01 9.999415008060780208e-01
9.999258643176587302e-01 9.999414454304909050e-01 9.999458936540498444e-01 9.999359101651408288e-01 9.999296218268060032e-01 9.999200931979138618e-01 9.999430382534072459e-01 9.999467421033970682e-01 9.999197246864861555e-01 9.998611557221573909e-01
9.999092517811072334e-01 9.999483305114480469e-01 9.999301255968313651e-01 9.998703320919498649e-01 9.999367736830859776e-01 9.999303773749526059e-01 9.999252414033515945e-01 9.998680445560736985e-01 9.999197714362390021e-01 9.999069460540795928e-01
9.999306199643780424e-01 9.999035269172865670e-01 9.999449947959592189e-01 9.999292058660737004e-01 9.999281594421696173e-01 9.998909753600178085e-01 9.999634880977752438e-01 9.999233327051751941e-01 9.999297749455258177e-01 9.998894994809390813e-01
9.999214727923203538e-01 9.999240556946417113e-01 9.999118885707666271e-01 9.999334541068948257e-01 9.999279830034141225e-01 9.999403369245971618e-01 9.998309597218449918e-01 9.999285198634764171e-01 9.999369788216155852e-01 9.998906519010337668e-01
9.999188592451665469e-01 9.999294392660141861e-01 9.999426306575834866e-01 9.999485302780687368e-01 9.998819888161462055e-01 9.998674483242423472e-01 9.999553329778047006e-01 9.999591307663261430e-01 9.998971596668526640e-01 9.999474863421087267e-01
9.999007081563322519e-01 9.999104642334016857e-01 9.999341701733883703e-01 9.999352242886606623e-01 9.999259659785920684e-01 9.999209997420801521e-01 9.998932450754117740e-01 9.999352833954745501e-01 9.999607416676767890e-01 9.999249332191083584e-01
9.999234577190040385e-01 9.999419629578065738e-01 9.999309228966836161e-01 9.999495280546966125e-01 9.999114596808962308e-01 9.999401523914108747e-01 9.998917336447541437e-01 9.999398958779912583e-01 9.999467659945651121e-01 9.999339984289902228e-01
9.999251127536424866e-01 9.999143513142342288e-01 9.999204906790198910e-01 9.999484234934059579e-01 9.999529519941792177e-01 9.999246522154815464e-01 9.999079521556872852e-01 9.999560940663689834e-01 9.999212321313903917e-01 9.998984334577614153e-01
9.999214352555434449e-01 9.999254479227869252e-01 9.998947452330226859e-01 9.999163445961548602e-01 9.998800154747309321e-01 9.999536121611662942e-01 9.998694083365541330e-01 9.998590937262382683e-01 9.999033857232044742e-01 9.999127099348732450e-01
9.999287510149872382e-01 9.999383334684487368e-01 9.999099484016226169e-01 9.999292061786763108e-01 9.999039124334865303e-01 9.999307378224918663e-01 9.999358314058219843e-01 9.999303227262421601e-01 9.998946025928832082e-01 9.999710905149454820e-01
9.999417684721975119e-01 9.998930708852523663e-01 9.999350174860067719e-01 9.999394523363320797e-01 9.998990389452951932e-01 9.998639547832122165e-01 9.998786215950740131e-01 9.999450296143204131e-01 9.999441627466142402e-01 9.999282841855237081e-01
9.999496162333643134e-01 9.999349114932060134e-01 9.999271035732502089e-01 9.999218809866667890e-01 9.998951880727446895e-01 9.999342569226817856e-01 9.999320458986553639e-01 9.999053700780186071e-01 9.999410959238492769e-01 9.998839382144856236e-01
9.999381410096771505e-01 9.999181980961250327e-01 9.999305436679144510e-01 9.999468274070784091e-01 9.998997274748949726e-01 9.998779887163795621e-01 9.999451877380666209e-01 9.998572911685054132e-01 9.999044575398866597e-01 9.999457579771655613e-01
9.999337428708340303e-01 9.999506568885856428e-01 9.999423844067656386e-01 9.999285654362545239e-01 9.999001361513932817e-01 9.999360889676872644e-01 9.999341165495796435e-01 9.999267208771190907e-01 9.998747445911326803e-01 9.999303626926812072e-01
9.999166084404276233e-01 9.999494949538941801e-01 9.999270684208187987e-01 9.999063866143705903e-01 9.999488815390287222e-01 9.999621811891241663e-01 9.999149072503263902e-01 9.999391450508547941e-01 9.999220572556755116e-01 9.999339468452916879e-01
9.998987227313991255e-01 9.999031353675373879e-01 9.999426983403461033e-01 9.999143114914600394e-01 9.999505412300725427e-01 9.998833843262875387e-01 9.998928658864447705e-01 9.999217470051722234e-01 9.999110360278798959e-01 9.999098191522646228e-01
9.999210170671932740e-01 9.999228869084304527e-01 9.998961042385877684e-01 9.999264087033632453e-01 9.999206007966424670e-01 9.998898239075003636e-01 9.999147171868548734e-01 9.999197653931501950e-01 9.999384290222640415e-01 9.999219887280036412e-01
9.999240253989376548e-01 9.999247211967706717e-01 9.999438723500710946e-01 9.999353223227125387e-01 9.999425276466128443e-01 9.999291865597457196e-01 9.999338472889913731e-01 9.999538684568366476e-01 9.998909317107913530e-01 9.999351735986053979e-01
9.998399435037182981e-01 9.999395320249544472e-01 9.999372698728922204e-01 9.999494281161007692e-01 9.999372416051005574e-01 9.999086346408843085e-01 9.999231784312193616e-01 9.998954008662125359e-01 9.999027472436028408e-01 9.999440919879446499e-01
9.999528125885592811e-01 9.999370789770019030e-01 9.999103050780829838e-01 9.999487634081436482e-01 9.999134488904432017e-01 9.999134943784044882e-01 9.999423651496035514e-01 9.999101332558357758e-01 9.999328281250493555e-01 9.999342182355612785e-01
9.999013233149177671e-01 9.999522014279857984e-01 9.999189550098300794e-01 9.999514941967813098e-01 9.998566276976309508e-01 9.999485762025774882e-01 9.999577893582100030e-01 9.999065927352375205e-01 9.999249403616858878e-01 9.999269436252368193e-01
9.999389005860418456e-01 9.998886582394189704e-01 9.999454026395928619e-01 9.999246591916510774e-01 9.999489231449981697e-01 9.999447531770687680e-01 9.999179558091060294e-01 9.999505407980787686e-01 9.999082255109681405e-01 9.999660518416250143e-01
9.999124665184970784e-01 9.999012934576837486e-01 9.999450995365422035e-01 9.999659821763456913e-01 9.998966669581385025e-01 9.998947885319136031e-01 9.999475332577002495e-01 9.999322603112212882e-01 9.999111892953702618e-01 9.999362721828898293e-01
9.999079880222101480e-01 9.999218218124027446e-01 9.999186368974045669e-01 9.999099166825791141e-01 9.999497240767991624e-01 9.999235857967371244e-01 9.999569217504066243e-01 9.999523398253507001e-01 9.999106242226033503e-01 9.999099658231447307e-01
9.999410073043999425e-01 9.999317323022259840e-01 9.999520810744951804e-01 9.999005031188449300e-01 9.999094423001235743e-01 9.999161775413510922e-01 9.999292324206956462e-01 9.999436623651309919e-01 9.999539409511971622e-01 9.999312303312228867e-01
9.998960720348565312e-01 9.999321508336463937e-01 9.999157760861814292e-01 9.999424834394365913e-01 9.999362761714722936e-01 9.999422055905985429e-01 9.999050668171554079e-01 9.999056036879647724e-01 9.998890721712716534e-01 9.998608969115945211e-01
9.998599074785768925e-01 9.998679268285027844e-01 9.999323107186722792e-01 9.999121159899289069e-01 9.998686353609574917e-01 9.999092343582932640e-01 9.999318605381086744e-01 9.999085750500324998e-01 9.999446631212217662e-01 9.999173472946292218e-01
9.998955406498991616e-01 9.999155933436645327e-01 9.999365186292977770e-01 9.998844585258194195e-01 9.999479737705762039e-01 9.999148643458216634e-01 9.999202819061357994e-01 9.998731031576419959e-01 9.999338581665128123e-01 9.999295803495726886e-01
9.999310281273328105e-01 9.999590351065598126e-01 9.999062851077700209e-01 9.998883638517177541e-01 9.999368743309995367e-01 9.999410597441517057e-01 9.998964736278537213e-01 9.999024693713678413e-01 9.998987963914152122e-01 9.998934111876381925e-01
9.999368918351936308e-01 9.999151275511518611e-01 9.998714452638494121e-01 9.999470865768353978e-01 9.999344768175483233e-01 9.999012090529080243e-01 9.999321788758337437e-01 9.999538173311118827e-01 9.999019201773557963e-01 9.999444837084956461e-01
9.998799521155149472e-01 9.999319170704257242e-01 9.999107303963743476e-01 9.998940518304139102e-01 9.999251699308188135e-01 9.999245535266430007e-01 9.999412500497820711e-01 9.999048851931714443e-01 9.999099731971317073e-01 9.999274983502438596e-01
9.999241380592704953e-01 9.999371582371640033e-01 9.999146477961621260e-01 9.998814341405317663e-01 9.999043751909832967e-01 9.999188982690964123e-01 9.998963644731947431e-01 9.999280090999649317e-01 9.999092624298151488e-01 9.999097393441895854e-01
9.999271701885004138e-01 9.999296907647933219e-01 9.999100739912943903e-01 9.999530393412113805e-01 9.999412034030021879e-01 9.999045255696373813e-01 9.999036617506527058e-01 9.999033790191861337e-01 9.999335543023748496e-01 9.999523313431369909e-01
9.999363352400335581e-01 9.999190708473906231e-01 9.999153271052638736e-01 9.999179162227666007e-01 9.999417571830826468e-01 9.999080603390352318e-01 9.999578502118051659e-01 9.999180667552088897e-01 9.999407695090384296e-01 9.999225917467160496e-01
9.998887203071522567e-01 9.999361904987008609e-01 9.999039646740759402e-01 9.999282281252854787e-01 9.999294246836398781e-01 9.999080602695354925e-01 9.999412105786638083e-01 9.999292732296073405e-01 9.999371019083761469e-01 9.999499488484419052e-01
9.998925185163962670e-01 9.998926379760767480e-01 9.998917598675035601e-01 9.999588691347309766e-01 9.999146144650958856e-01 9.999048735329374438e-01 9.999344455724638037e-01 9.998920540941592661e-01 9.999497937092598487e-01 9.999369803739800444e-01
9.999040416396206554e-01 9.999230118472132167e-01 9.998740163327934916e-01 9.999393050650821069e-01 9.999251205328377745e-01 9.999233619415908159e-01 9.998858573468545341e-01 9.999276850174060316e-01 9.999129182415001926e-01 9.999473267230788442e-01
9.999204881158011426e-01 9.999630097376212001e-01 9.999214816592530974e-01 9.999208853446146517e-01 9.999285790833505327e-01 9.999157849150782651e-01 9.999379812907613907e-01 9.999229837855382330e-01 9.999394843803186550e-01 9.999320205709073539e-01
9.999170884056016728e-01 9.999159428667411253e-01 9.999317256625984696e-01 9.999318311958914629e-01 9.999264760654905659e-01 9.999002320807652833e-01 9.998995502958730741e-01 9.998781694720696445e-01 9.999426943327101025e-01 9.999434543999116132e-01
9.998989502414249442e-01 9.999531676621224996e-01 9.999344380987804648e-01 9.999135227649980084e-01 9.999073139619168993e-01 9.999218950729995559e-01 9.999311333475592312e-01 9.999458668927807548e-01 9.999143907677028320e-01 9.999074012207773698e-01
9.999251870977570178e-01 9.999459174566864839e-01 9.999154136546027916e-01 9.999179984124167975e-01 9.999383923544162833e-01 9.999075868972560066e-01 9.999258207986908564e-01 9.999540802608938295e-01 9.999491910611735257e-01 9.999107793106645214e-01
9.999342893691011147e-01 9.998913379382687872e-01 9.999499785575687305e-01 9.999335479360570433e-01 9.999232272753245665e-01 9.999088511940614765e-01 9.999117104650111498e-01 9.999507460802355974e-01 9.999255049807820317e-01 9.999273941112279962e-01
9.999354858276763292e-01 9.998976202106869549e-01 9.999109563084120911e-01 9.999189626771571859e-01 9.999413196219962829e-01 9.999185408790770557e-01 9.999615830761489077e-01 9.999371355696904384e-01 9.999374527043236593e-01 9.998762963177458829e-01
9.999288388784010051e-01 9.998992477949800728e-01 9.999243388917435915e-01 9.999560697641215468e-01 9.999489305912556691e-01 9.999043074639060169e-01 9.999385919573404724e-01 9.999217255890419098e-01 9.999424210491595355e-01 9.999290805146698879e-01
9.999479704172352656e-01 9.999297723737027299e-01 9.999528143135705260e-01 9.999340497972727393e-01 9.998930155939066422e-01 9.999481833214648452e-01 9.998855728656351749e-01 9.999034016166862271e-01 9.999348602350520698e-01 9.999316786535040746e-01
9.999177888479909848e-01 9.999095050997538481e-01 9.999465477760511867e-01 9.999503501816369155e-01 9.999434082566199811e-01 9.999196408278506754e-01 9.999091428629631739e-01 9.998871065933448987e-01 9.999318725846103595e-01 9.999071091204037032e-01
9.998569093174317635e-01 9.998821285348286070e-01 9.999344804347291005e-01 9.999408814780150756e-01 9.999597161408120272e-01 9.999483334535792523e-01 9.998723439985454098e-01 9.999152001216743413e-01 9.999530272989474167e-01 9.999516519361698608e-01
9.999201806156620131e-01 9.999494929024053125e-01 9.999355657102914074e-01 9.999273457823727451e-01 9.999684405814598387e-01 9.999190108055838744e-01 9.999389545130172863e-01 9.999127310974227356e-01 9.999175437949305856e-01 9.999314000563284122e-01
9.999389622324044158e-01 9.999009481671576882e-01 9.999441261831863992e-01 9.999405917146270140e-01 9.999040207508460565e-01 9.999402225663052146e-01 9.999329854675929052e-01 9.999224892495378603e-01 9.999576864494783557e-01 9.998776449936602750e-01
9.999022307924066988e-01 9.998932621974939705e-01 9.999278885763466240e-01 9.999520444443015244e-01 9.999056119758126249e-01 9.999217750578174302e-01 9.999437186321175064e-01 9.999540854283737179e-01 9.999425752061792405e-01 9.998995871095085475e-01
9.999466058405531710e-01 9.998987871350899503e-01 9.999287666099505589e-01 9.999463312013440186e-01 9.999120663542919729e-01 9.999096123396919999e-01 9.999301340569664021e-01 9.999201401615775975e-01 9.999099030858603632e-01 9.999222803003476878e-01
9.998833332103163052e-01 9.998784210230508007e-01 9.999090755943306208e-01 9.999403734733316451e-01 9.999445493383811723e-01 9.999325709633196668e-01 9.999215690698953773e-01 9.999630894826705418e-01 9.999289996633573541e-01 9.998885816215790090e-01
9.998554734996583093e-01 9.999473693255462869e-01 9.999579903983896179e-01 9.999301858001987675e-01 9.999250368987371296e-01 9.998945169256442389e-01 9.999553170989248230e-01 9.999232411645854190e-01 9.999166823286941286e-01 9.998936444383313971e-01
9.999013881479877908e-01 9.999148135015171190e-01 9.999124819322386948e-01 9.999235984443951564e-01 9.999564599302394052e-01 9.999445736843554089e-01 9.999214537180534101e-01 9.999043171734157687e-01 9.999248727724711072e-01 9.999437119448888467e-01
9.999462191724448612e-01 9.999090067460603137e-01 9.999579950530024242e-01 9.999024414816094497e-01 9.999518197557042409e-01 9.999040601722160027e-01 9.999370077668615631e-01 9.999501115403882645e-01 9.999354066980628009e-01 9.999328077870189846e-01
9.999411280805471369e-01 9.999346771408922363e-01 9.999137810780327484e-01 9.999033676947339799e-01 9.999511415020017058e-01 9.999393271739559497e-01 9.999249402912908646e-01 9.998503139739252088e-01 9.999677607842354377e-01 9.999130470752387589e-01
9.999324458818390493e-01 9.999243299816585884e-01 9.998924118141735429e-01 9.999439457112712093e-01 9.999392538301736799e-01 9.999201769084913316e-01 9.999225568191830726e-01 9.999260224648325313e-01 9.999195533839372318e-01 9.999003476243968347e-01
9.999069862571104972e-01 9.999026326993961655e-01 9.999220150667733620e-01 9.999122402724062164e-01 9.999283248099746224e-01 9.999339267659127506e-01 9.999284406079723686e-01 9.999506463043131843e-01 9.999148812811500253e-01 9.999269107023879277e-01
9.999338002791758884e-01 9.999571462236243047e-01 9.999120995660885081e-01 9.999309670654490390e-01 9.999051012699108343e-01 9.999497464308273464e-01 9.999197045374823567e-01 9.999227287819731913e-01 9.998993707387094920e-01 9.999284485632414787e-01
9.999373639422566296e-01 9.999209584757340341e-01 9.998835280798523684e-01 9.999204746126210130e-01 9.999463838290629791e-01 9.998960828201653994e-01 9.999584288570920743e-01 9.999470632540039539e-01 9.999485475643038468e-01 9.998876792428038618e-01
9.999276446514939742e-01 9.999341230322225105e-01 9.999293198140242200e-01 9.999160503083674989e-01 9.999175861108281493e-01 9.999014269862172011e-01 9.999486009190080571e-01 9.999288630543967660e-01 9.999419683811441306e-01 9.999024807889652644e-01
9.999175576364598417e-01 9.999087548297658223e-01 9.999118234943618067e-01 9.998347805159204515e-01 9.999282718885107446e-01 9.999247392353716180e-01 9.999041074556509479e-01 9.999398463922865021e-01 9.998730814088914176e-01 9.999281974848744925e-01
9.999234587830323484e-01 9.999023350866624860e-01 9.999050326319450788e-01 9.998949257616255304e-01 9.999213438730403247e-01 9.999329627650880292e-01 9.999379008495635768e-01 9.999343471760537838e-01 9.999358729566517612e-01 9.999501676816149320e-01
9.999074230914868355e-01 9.999253710733891909e-01 9.999117480823278559e-01 9.999491599284935361e-01 9.999315707410412202e-01 9.999176050545264260e-01 9.999257942583335002e-01 9.998891381597280192e-01 9.999198408415493899e-01 9.999185645868892136e-01
9.999269742151573048e-01 9.999192111360726276e-01 9.999140207875866215e-01 9.999326152820786628e-01 9.999256996890342197e-01 9.999387914786324050e-01 9.998964489706586578e-01 9.999001015570813111e-01 9.998947334313222912e-01 9.999113462126427709e-01
9.999302736344932718e-01 9.999306309149733618e-01 9.999177294729419962e-01 9.999167334016588748e-01 9.998942274274040809e-01 9.998889270486782666e-01 9.999099997428007036e-01 9.999401337291980996e-01 9.999318880937199117e-01 9.999204185097049224e-01
9.999271296879659321e-01 9.999356276556667922e-01 9.999058828380205100e-01 9.999233921256421853e-01 9.999335979135305363e-01 9.999059864147612497e-01 9.999359589701268813e-01 9.998888785021842196e-01 9.998978076642838220e-01 9.999382009452507658e-01
9.999349311420564490e-01 9.999186201840875032e-01 9.999306044697007234e-01 9.999308741083113850e-01 9.999435611053129058e-01 9.999489054333707827e-01 9.999389295203185979e-01 9.998875267371939435e-01 9.999513468359012558e-01 9.999337851499778829e-01
9.999390032380260918e-01 9.999323461032472160e-01 9.999293603799438435e-01 9.999270628116664339e-01 9.999303675520152535e-01 9.999333069699034571e-01 9.999391045461284433e-01 9.999655192133973802e-01 9.999467395273927695e-01 9.999373010501088066e-01
9.999464580671502123e-01 9.999327307761093353e-01 9.998879038027546073e-01 9.999380984862118460e-01 9.999106489481341953e-01 9.998649925925415793e-01 9.999267269317771989e-01 9.999162118291612389e-01 9.999069135549751852e-01 9.999552307838110998e-01
9.999204810399694443e-01 9.998693350817394743e-01 9.998571202275997605e-01 9.999480163517309173e-01 9.999126783029047560e-01 9.999345343089265370e-01 9.999387999602762367e-01 9.999473775906814188e-01 9.999278227421326548e-01 9.999469480638588648e-01
9.998350234184886220e-01 9.999020194146140961e-01 9.998407594527419784e-01 9.999393363925273004e-01 9.999440568016507713e-01 9.999095390187223709e-01 9.998676582843548655e-01 9.998825644886479846e-01 9.999125465275252589e-01 9.998897125343084724e-01
9.999512726120756145e-01 9.999269020905339200e-01 9.999131382585371153e-01 9.999214218031852175e-01 9.998985273035996268e-01 9.999178523785826611e-01 9.999356007305250094e-01 9.998979723917770235e-01 9.999061477785723406e-01 9.999123436994807879e-01
9.999097707987280037e-01 9.999392572686569558e-01 9.999397460099969104e-01 9.999341526377241163e-01 9.999129568801381485e-01 9.999154905659708437e-01 9.999102531081967005e-01 9.999197026720102466e-01 9.998607039846237887e-01 9.999066563907337279e-01
9.999053540701101639e-01 9.999230316869571755e-01 9.999370252863650776e-01 9.999207356198290819e-01 9.999227858359083232e-01 9.999155363942667796e-01 9.999184785624767313e-01 9.999046657021281037e-01 9.999561437643440520e-01 9.999126620843759028e-01
9.999108859915873948e-01 9.999459868387324812e-01 9.999613018044054558e-01 9.999046758316096906e-01 9.999201013492661216e-01 9.999211949714620351e-01 9.999404183642864874e-01 9.999404780750442701e-01 9.999366934925967287e-01 9.999262164353205362e-01
9.999567047821453780e-01 9.999496736634926330e-01 9.999088952212937809e-01 9.998762329521679870e-01 9.998964302792777703e-01 9.999590750459272925e-01 9.999178529696128859e-01 9.999229536091862602e-01 9.999507862232457356e-01 9.999106246387836627e-01
9.999273921442903834e-01 9.999157550619404144e-01 9.999277541495990018e-01 9.999089134953669245e-01 9.999542853791495434e-01 9.999328103436976312e-01 9.999372137917011960e-01 9.999312733519797325e-01 9.999072511362652182e-01 9.998995935660867085e-01
