9.999649272201710515e-01 9.999721502160086040e-01 9.999758786550886347e-01 9.999791396682157218e-01 9.999395322122418550e-01 9.999680681065924448e-01 9.999670368267854492e-01 9.999819366146963651e-01 9.999743519668560232e-01 9.999075265321794026e-01
9.999660740238485168e-01 9.999818018436514855e-01 9.999833880280308840e-01 9.999735698678398066e-01 9.999787582739666503e-01 9.999777874191733140e-01 9.999803470745001199e-01 9.999808994047578725e-01 9.999764854328198060e-01 9.999846794852029763e-01
9.999812144362856259e-01 9.999735156647171497e-01 9.999698092906746938e-01 9.999737595227362608e-01 9.999644985873438197e-01 9.999829109070333955e-01 9.999438714253742200e-01 9.999431384878668672e-01 9.999641400300571803e-01 9.999817111987531204e-01
9.999800432080369061e-01 9.999748103047574332e-01 9.999942658540408313e-01 9.999427062296140090e-01 9.999856508524804788e-01 9.998927198563518637e-01 9.999862083185852013e-01 9.999906895662826756e-01 9.999864124580567504e-01 9.999718139346339685e-01
9.999846745390983394e-01 9.999502146209939824e-01 9.999755835643381330e-01 9.999773826476886507e-01 9.999869265630918491e-01 9.999934811247530586e-01 9.999825299845831461e-01 9.999871118517034141e-01 9.999953045344531777e-01 9.999794733634222998e-01
9.999862964030180601e-01 9.999886246419837921e-01 9.999820307539825093e-01 9.999905137939990585e-01 9.999431028204874838e-01 9.999710348525254755e-01 9.999405128854025326e-01 9.999628426807849468e-01 9.999405438433718318e-01 9.999442078239636489e-01
9.999794112592453876e-01 9.999612718479911067e-01 9.999898030768442636e-01 9.999777206560214182e-01 9.999530338252865524e-01 9.999635241935426189e-01 9.999736292617611433e-01 9.999814683601637721e-01 9.999852030437873518e-01 9.999309313362865215e-01
9.999866821884578760e-01 9.999696146878411795e-01 9.999762249190694563e-01 9.999500679903357003e-01 9.999824818281007888e-01 9.999826421254369713e-01 9.999644050367419990e-01 9.999808500120014321e-01 9.999867783217395445e-01 9.999786537962512822e-01
9.999828765850108381e-01 9.999475449512471581e-01 9.999772482550260966e-01 9.999876068420762154e-01 9.999787627656280264e-01 9.999866589801931216e-01 9.999666963392578323e-01 9.999809997162043551e-01 9.999782756942086070e-01 9.999861324272700802e-01
9.999246835239020692e-01 9.999753860398380434e-01 9.999705150607119952e-01 9.999879309523506121e-01 9.999788901190951318e-01 9.999541992289392445e-01 9.999236128695065950e-01 9.999612669037998280e-01 9.999328928924688942e-01 9.999678368251387894e-01
9.999827222111876690e-01 9.999734789021903492e-01 9.999637620492349832e-01 9.999718600402470736e-01 9.999683270817414371e-01 9.999839454890846469e-01 9.999835890271011607e-01 9.999602335605836112e-01 9.999652825337642659e-01 9.999890159889037733e-01
9.999730999059899261e-01 9.999681221152574295e-01 9.999953846982114758e-01 9.999756218322528589e-01 9.999641736439984774e-01 9.999832171886989807e-01 9.999936825258829431e-01 9.999680989494764694e-01 9.999916875797856264e-01 9.999669148205794222e-01
9.999806816512725183e-01 9.999725999122693887e-01 9.999181466642711458e-01 9.999638288333757563e-01 9.999513914535201886e-01 9.999747188334024983e-01 9.999722013277344557e-01 9.999891074497073706e-01 9.999591932202194222e-01 9.999501571106739206e-01
9.999229480300446671e-01 9.999853532114376664e-01 9.999224019297296984e-01 9.999807768328281554e-01 9.999530216261947047e-01 9.999697316065770947e-01 9.998829481621220872e-01 9.999682565237781873e-01 9.999880906416093174e-01 9.999734451439220573e-01
9.999828135701082088e-01 9.999781525655836445e-01 9.999712125822259878e-01 9.999838178840004810e-01 9.999332063026037387e-01 9.999694110207316688e-01 9.999806800967745435e-01 9.999539837991947566e-01 9.999744013197464643e-01 9.999746258335444615e-01
9.999857715156739157e-01 9.999755184563483557e-01 9.999921521446251127e-01 9.999775313385882436e-01 9.999888542854697970e-01 9.999847689911732784e-01 9.999767514556916481e-01 9.999624626565201124e-01 9.999718826901176083e-01 9.999614172264543743e-01
9.999764902739257666e-01 9.999857975439866431e-01 9.999899825185200042e-01 9.999883943359335614e-01 9.999463124168428418e-01 9.999525982041784777e-01 9.999371916258008586e-01 9.999840583729723287e-01 9.999802630686188687e-01 9.999585370278106788e-01
9.999863163977735780e-01 9.999322745605646601e-01 9.999693770649616953e-01 9.999625234993047007e-01 9.999894368773978304e-01 9.999723370090334296e-01 9.999719732376974868e-01 9.999725323493896534e-01 9.999835721895989904e-01 9.999802445454460953e-01
9.999471116834134365e-01 9.999336233085958092e-01 9.999807325287590754e-01 9.999351087916714675e-01 9.999795705218249564e-01 9.999887036281754904e-01 9.999811430923190025e-01 9.998959270272179678e-01 9.999642758800187936e-01 9.999681740833884502e-01
9.999416135737354550e-01 9.999816048647408584e-01 9.999821115308578090e-01 9.999635476259248756e-01 9.999674613453742866e-01 9.999765917038070384e-01 9.999814003232671000e-01 9.999645302647934830e-01 9.999746930285559054e-01 9.999866582648785363e-01
9.999799551619501514e-01 9.999673590507167642e-01 9.999932166703962011e-01 9.999869437322954635e-01 9.999498998828002527e-01 9.999893115981198788e-01 9.999684135285871189e-01 9.999551057783306884e-01 9.999887266766480654e-01 9.999800427442447903e-01
9.999883240730187417e-01 9.999550077713066365e-01 9.999887473308668451e-01 9.999613046133563055e-01 9.999856039143343311e-01 9.999905819698835518e-01 9.999729179564800230e-01 9.999791488397574701e-01 9.999333128604691590e-01 9.999796922760317841e-01
9.999506798629358428e-01 9.999829375337850879e-01 9.999796750067218021e-01 9.999269245883706247e-01 9.999813086636293313e-01 9.999814478885418190e-01 9.999819769043755135e-01 9.999708089635781505e-01 9.999534334352333520e-01 9.999633829698535425e-01
9.999217761921203040e-01 9.998777245285656035e-01 9.999060458308859367e-01 9.999836969367525974e-01 9.999859329434221955e-01 9.999593055237779859e-01 9.999759538691209704e-01 9.999333587688966629e-01 9.998844337485695011e-01 9.999688438701563875e-01
9.999906120929804576e-01 9.999508315645871948e-01 9.999848080134229322e-01 9.999860172717862650e-01 9.999800360757695739e-01 9.999867370462294236e-01 9.999858263166662153e-01 9.999903024446679112e-01 9.999743054431928790e-01 9.999867172172461904e-01
9.999888529298786022e-01 9.998978944845461347e-01 9.999675780965168181e-01 9.999523048756009391e-01 9.999328351064661335e-01 9.999869797118691173e-01 9.999897380844552375e-01 9.999841707589227635e-01 9.999371161610883796e-01 9.999717117450149795e-01
9.999864071458957060e-01 9.999766781270778004e-01 9.999692636001552559e-01 9.999781393559411535e-01 9.999528943323622299e-01 9.999760765230545356e-01 9.999925749702590627e-01 9.999713405919298248e-01 9.999850852502989440e-01 9.999727113550732627e-01
9.999617725946317037e-01 9.999834014128835546e-01 9.999649676731291459e-01 9.999801749022578790e-01 9.999687073106133806e-01 9.999907928541987845e-01 9.999624107886078139e-01 9.999786936316977792e-01 9.999798398540238331e-01 9.999805352792197066e-01
9.999823946350528958e-01 9.999538729157645411e-01 9.999689199297433495e-01 9.999587014748764213e-01 9.999849626831754934e-01 9.999827376724005346e-01 9.999832917236468610e-01 9.999728916244122745e-01 9.999837015484591696e-01 9.999738713007635393e-01
9.999799064810261928e-01 9.999786377614655608e-01 9.999600117202901428e-01 9.999619393466939732e-01 9.999676443220532063e-01 9.999836918723332690e-01 9.999335554434221063e-01 9.999910102190346928e-01 9.999743528847997442e-01 9.999630683852407387e-01
9.999731339767053973e-01 9.999622336573644743e-01 9.999854592843121504e-01 9.999823739085605956e-01 9.999694051200418432e-01 9.999690633794801053e-01 9.999895909320041243e-01 9.999832952565427258e-01 9.999479169399484446e-01 9.999785521449465753e-01
9.999919015382138232e-01 9.999704464980678775e-01 9.999442042457268309e-01 9.999618227944303550e-01 9.999719328045721944e-01 9.999739175435272687e-01 9.999852275438885219e-01 9.999795632117585154e-01 9.999767474953406010e-01 9.999906904344391112e-01
9.999927099629872806e-01 9.999822776967943749e-01 9.999614637890565927e-01 9.999841902260501181e-01 9.999804210735837584e-01 9.999896333975932805e-01 9.999739918062429123e-01 9.999772932501044265e-01 9.999860003540212983e-01 9.999881900803064827e-01
9.999663026134911759e-01 9.999568562574984165e-01 9.999728292855377676e-01 9.999814470066908934e-01 9.999702331308106817e-01 9.999912049856983787e-01 9.999751753485576211e-01 9.999608552565902864e-01 9.999837310331189943e-01 9.999765113336498423e-01
9.999683841490892844e-01 9.999836129237168469e-01 9.999855781223370155e-01 9.999617386777444050e-01 9.999808122217955786e-01 9.999891310872293104e-01 9.999880756819674588e-01 9.999860918816672051e-01 9.999665680483695862e-01 9.999865915664304383e-01
9.999737906071022309e-01 9.999377265627308331e-01 9.999883458893187305e-01 9.999230225262438765e-01 9.999809299807611573e-01 9.999908503176664354e-01 9.999746248797126702e-01 9.999742292456971215e-01 9.999690038342343712e-01 9.999679883035497152e-01
9.999794379041733183e-01 9.999764730508112764e-01 9.999707453293041892e-01 9.999381142246007714e-01 9.999826559355741162e-01 9.999786045865627360e-01 9.999928018804774554e-01 9.999918993369164566e-01 9.999180348108004379e-01 9.999829312801282732e-01
9.999737794123284562e-01 9.999495825733657473e-01 9.999751581963906011e-01 9.999557726981924688e-01 9.999699019714572978e-01 9.999632300261259710e-01 9.999880196832764412e-01 9.999797230948482829e-01 9.999276607253225757e-01 9.999641679648823001e-01
9.999868589173351863e-01 9.999836733427251989e-01 9.999830162410779932e-01 9.999867449152242127e-01 9.999589814727977144e-01 9.999896561216614632e-01 9.999773681302666084e-01 9.999878953046383856e-01 9.999196980904508925e-01 9.999581840423164003e-01
9.999715477824386856e-01 9.999737130005705854e-01 9.999756367964297565e-01 9.999652304285524540e-01 9.999608040131401365e-01 9.999611678648804292e-01 9.999827873775783971e-01 9.999906776975862055e-01 9.999769703039920188e-01 9.999540852168791183e-01
9.999827659044997485e-01 9.999437388419879502e-01 9.999731408627654528e-01 9.999852778954775312e-01 9.999870873392140425e-01 9.999820684457654263e-01 9.999664853429629519e-01 9.999770685237467926e-01 9.999901406347049271e-01 9.999508540621118158e-01
9.999757794708792336e-01 9.999826525786293940e-01 9.999845921002329385e-01 9.999893605140013353e-01 9.999858068621935159e-01 9.999799907841923075e-01 9.999815901806055063e-01 9.999685231950750097e-01 9.999685189197820012e-01 9.999922764183434287e-01
9.999817780141668777e-01 9.999814524803729565e-01 9.998529005345420106e-01 9.999631782193916241e-01 9.999746576952249777e-01 9.999822392273566285e-01 9.999422117549884304e-01 9.999672719962904299e-01 9.999760359456300041e-01 9.999922770735931721e-01
9.999132471138348910e-01 9.999654154754860080e-01 9.998416666173447487e-01 9.999789039845419225e-01 9.999249678033402811e-01 9.999357272641863359e-01 9.999652127394696999e-01 9.999743220208890948e-01 9.999884015745068577e-01 9.999812017119061869e-01
9.999826905830994095e-01 9.999855030340591977e-01 9.999817406518977103e-01 9.999524760722553474e-01 9.999812008342826575e-01 9.999445747910417071e-01 9.999678524112071143e-01 9.999512520792738224e-01 9.999607413599675976e-01 9.999681458039749726e-01
9.999864089099368414e-01 9.999794818139791097e-01 9.999632654226899842e-01 9.999558329658205791e-01 9.999901808901243694e-01 9.999922877658484754e-01 9.999856007169229954e-01 9.999790668505930125e-01 9.999477850069455886e-01 9.999913187992184316e-01
9.999565495494212586e-01 9.999801449215851568e-01 9.999891032306517102e-01 9.999279309684844241e-01 9.999524103717791768e-01 9.999329411920697686e-01 9.999896748910704902e-01 9.999893975620788300e-01 9.999693240920521919e-01 9.999778150490495898e-01
9.999751320830472245e-01 9.999705657968820383e-01 9.999822059327904133e-01 9.999825345246445840e-01 9.999823812825288094e-01 9.999852649809946037e-01 9.999809778882257083e-01 9.999850334586478651e-01 9.999332634847590828e-01 9.999770393186875328e-01
9.999829766061245628e-01 9.999816645946636440e-01 9.999712390819697205e-01 9.999876886268669329e-01 9.999872825652033059e-01 9.999865609335948369e-01 9.999798959058100456e-01 9.999705028225284176e-01 9.999925779132119441e-01 9.999705343468087149e-01
9.999791282371838230e-01 9.999825611908118583e-01 9.999393670797653844e-01 9.999741486133078006e-01 9.999688456906815626e-01 9.999774032936851187e-01 9.999511472479013507e-01 9.999796868518544546e-01 9.999826841480737860e-01 9.999834657537535199e-01
9.999870936106238783e-01 9.999831745790670467e-01 9.999807065155167374e-01 9.999699075094723444e-01 9.999715111192692962e-01 9.999417300616153526e-01 9.999836417319464266e-01 9.999866970651883902e-01 9.999695007391297130e-01 9.999565314500726831e-01
9.999609940675115993e-01 9.999662711050530950e-01 9.999296564109290131e-01 9.999119562054673560e-01 9.999681882271026501e-01 9.999814909925828221e-01 9.999864692150149947e-01 9.999817662289161024e-01 9.999510510889998427e-01 9.999312562633279056e-01
9.999853681811849970e-01 9.999886888660062256e-01 9.999843138298926126e-01 9.999745502846224543e-01 9.999876456059163532e-01 9.999723038310168732e-01 9.999921214364180244e-01 9.999414687671625002e-01 9.999711418174110911e-01 9.999820824456578938e-01
9.999723772211944750e-01 9.999277900974834488e-01 9.999847265630993354e-01 9.999785733980862679e-01 9.999819186458609455e-01 9.999791043992592998e-01 9.999902384526024868e-01 9.999632685649897379e-01 9.999749997445565031e-01 9.999175636457878769e-01
9.999493830642032233e-01 9.999489980402130884e-01 9.999277074078702920e-01 9.999860423000846987e-01 9.999531689380897204e-01 9.999577277397905251e-01 9.999800043767009816e-01 9.999544866413692112e-01 9.999686419088130718e-01 9.999529285887491792e-01
9.999911955420263121e-01 9.999715447689766501e-01 9.999833264428299451e-01 9.999524291910678597e-01 9.999656668719839603e-01 9.999479941269159289e-01 9.999815565710147292e-01 9.999770042363927969e-01 9.999703122445537939e-01 9.999780629693392209e-01
9.999816138549627587e-01 9.999601976579957086e-01 9.999829595108739033e-01 9.999854434053204733e-01 9.999811527928963439e-01 9.999619914790974784e-01 9.999812452208779456e-01 9.999596464667364071e-01 9.999763524466408482e-01 9.999696989141022563e-01
9.999358548885259879e-01 9.999847956183240960e-01 9.999865385599704393e-01 9.999852176162993267e-01 9.999863694241054590e-01 9.999607272035299088e-01 9.999633616491697685e-01 9.999851379091212467e-01 9.999563094914778461e-01 9.999811655844017544e-01
9.999846816867596910e-01 9.999815614827070043e-01 9.999903323802973309e-01 9.999699470864020778e-01 9.999330330668232403e-01 9.999883539599943028e-01 9.999375710598769063e-01 9.999851084323871930e-01 9.999850077745411348e-01 9.999659583930158302e-01
9.999843383386654017e-01 9.999078191527677184e-01 9.999759778182694125e-01 9.999876079175834542e-01 9.999731227882507900e-01 9.999807469738341004e-01 9.999850455584113895e-01 9.999829797781351060e-01 9.999642105394813685e-01 9.999900843750516577e-01
9.999233221558392337e-01 9.999831738677156245e-01 9.999861599618102836e-01 9.999727014276215131e-01 9.999743640573183212e-01 9.999713789275290754e-01 9.999818580906639776e-01 9.999657637107085550e-01 9.999318700614993061e-01 9.999832295478627842e-01
9.999859992057846814e-01 9.998739765352451236e-01 9.999152800955687370e-01 9.999492568999187592e-01 9.998888476960637872e-01 9.999873048395728770e-01 9.999748622052930802e-01 9.999034902141603620e-01 9.999831649341334172e-01 9.999684602600377170e-01
9.999830041018507032e-01 9.999732555414702073e-01 9.999737471415185430e-01 9.999794501518235457e-01 9.999714479467936012e-01 9.999859917629735362e-01 9.999825239669724031e-01 9.999882167106374231e-01 9.999718390450690331e-01 9.999379390066754913e-01
9.999691108715516030e-01 9.995299185826508337e-01 9.999669783728828421e-01 9.999721394185854262e-01 9.999736297623256220e-01 9.999702550061074779e-01 9.999283470741988644e-01 9.999511296428229556e-01 9.999838336791702087e-01 9.999567927950301360e-01
9.999547187636618206e-01 9.998980546823208471e-01 9.997370313383083795e-01 9.999647788886013577e-01 9.999684307040993536e-01 9.999728333385510259e-01 9.999807646949644413e-01 9.999725179570939648e-01 9.999598741338746599e-01 9.999865183447805839e-01
9.999947976991269138e-01 9.999426288820962849e-01 9.999816509011705268e-01 9.999849180393950432e-01 9.999755361503459561e-01 9.999915862536552513e-01 9.999875169375836981e-01 9.999902145854367985e-01 9.999860210079261069e-01 9.999642195662578059e-01
9.999742677558142168e-01 9.999691616024315444e-01 9.999830642202616193e-01 9.999828907397758648e-01 9.999694546005037932e-01 9.999776772091224508e-01 9.999756973285411910e-01 9.999844231568765229e-01 9.999798642003578930e-01 9.999854163259656037e-01
9.999550348145627154e-01 9.999513812334123175e-01 9.999549681477551966e-01 9.999601088026974782e-01 9.999742397103102975e-01 9.999737256179243028e-01 9.999314200043423195e-01 9.999359263814002752e-01 9.999680950344316255e-01 9.999450640921222488e-01
9.999450421258720967e-01 9.999583823823164908e-01 9.999734531635844359e-01 9.999917235627597822e-01 9.999720606388168287e-01 9.999843211434121804e-01 9.999694861048789019e-01 9.999801367190168655e-01 9.999822541205597437e-01 9.999864631977803953e-01
9.999871476620095789e-01 9.997968110474640957e-01 9.999723885744754570e-01 9.999660339683194010e-01 9.999798568138045241e-01 9.999669625811514750e-01 9.999705329148674826e-01 9.999697635379406480e-01 9.999875656982130101e-01 9.999678209404145868e-01
9.999800486127943255e-01 9.999918458438855629e-01 9.999803836902925180e-01 9.999771209839950492e-01 9.999708035055911992e-01 9.999850625537491933e-01 9.999784320078655142e-01 9.999801292481939052e-01 9.999668060162445471e-01 9.999689628869434799e-01
9.999780074426329879e-01 9.999078020781787535e-01 9.999571002580709411e-01 9.999620139311066191e-01 9.999751211184154664e-01 9.999809812084452521e-01 9.999843909705005141e-01 9.999025975914738185e-01 9.999729958026718490e-01 9.999845450562425686e-01
9.999786376069521587e-01 9.999241619976946271e-01 9.999860562488167570e-01 9.999375637016558738e-01 9.999828321930975816e-01 9.999809965450466853e-01 9.999508779700913008e-01 9.999863301553134631e-01 9.999718256314290565e-01 9.999750021768635255e-01
9.999694970216379541e-01 9.999575027574518771e-01 9.999622376046235495e-01 9.999846831740573094e-01 9.999837633586038388e-01 9.999541169752285130e-01 9.999566824574435131e-01 9.999593412375807899e-01 9.999506325796199135e-01 9.999575009839085649e-01
9.999720296157831312e-01 9.999763792384049887e-01 9.999847288314606120e-01 9.999900541497815931e-01 9.999557954054840714e-01 9.999579917878047564e-01 9.999888398445605509e-01 9.999517719750713463e-01 9.999760095252899772e-01 9.999680688183983923e-01
9.999752695705460548e-01 9.999765891490186576e-01 9.999879509698057500e-01 9.999857221311356792e-01 9.999721834475709947e-01 9.999822637066030362e-01 9.999648142027786069e-01 9.999705432755365830e-01 9.999878599734538520e-01 9.999898240036545483e-01
9.999868947072148018e-01 9.999434783479770328e-01 9.999626463355711925e-01 9.999865660502006426e-01 9.999782792180460511e-01 9.999792341993438693e-01 9.999809692256905747e-01 9.999642907399804992e-01 9.999769905494487743e-01 9.999316943250357026e-01
9.999801446721438003e-01 9.999921858262972307e-01 9.999781402751269921e-01 9.999870860535743367e-01 9.999757226072956140e-01 9.999838072872020422e-01 9.999729066929068377e-01 9.999831992555960891e-01 9.999852391020876974e-01 9.999740226957944955e-01
9.999516375136956459e-01 9.999636488737166928e-01 9.999725532215253399e-01 9.999682615435335764e-01 9.999718766936497305e-01 9.999422135170348280e-01 9.999800231859632405e-01 9.999738583920964041e-01 9.999834573771161361e-01 9.999632283708682623e-01
9.999582674056421983e-01 9.999631820955787731e-01 9.999867536584572392e-01 9.999868408300230938e-01 9.999738052942380717e-01 9.999916945905734655e-01 9.999855996226006960e-01 9.999892949073000414e-01 9.999671827822964598e-01 9.999862170282407536e-01
9.998801887232404706e-01 9.999819763658296390e-01 9.999736132262145860e-01 9.999452057994074883e-01 9.999928869813232701e-01 9.999781417636315339e-01 9.999788317368714097e-01 9.999772990716242482e-01 9.999770135961252304e-01 9.999753328004375996e-01
9.999593178440164820e-01 9.999814873672269178e-01 9.999668428452083146e-01 9.999661248770717048e-01 9.999742726260281156e-01 9.999888817659750018e-01 9.999490113013645987e-01 9.999829511480354816e-01 9.999809765765866887e-01 9.999869308303700466e-01
9.999400810966708741e-01 9.999727258558271936e-01 9.999891768838237160e-01 9.999463139071571582e-01 9.999911515200644585e-01 9.999688303680044354e-01 9.999872067026857048e-01 9.999925634429338572e-01 9.999513701504090246e-01 9.999901828654479408e-01
9.999932371462968428e-01 9.999855941217290489e-01 9.999376901437408982e-01 9.999710875674731048e-01 9.999635274055431733e-01 9.999773216849280333e-01 9.999824571981178467e-01 9.999875789607554077e-01 9.999769318216937819e-01 9.999716340803167514e-01
9.999849599558658930e-01 9.999819180187029533e-01 9.999785853355430687e-01 9.999710738230453977e-01 9.999850146589254196e-01 9.999923312530623054e-01 9.999878142585422180e-01 9.999376446503787097e-01 9.999736464411113079e-01 9.999627393622712024e-01
9.999724071018696314e-01 9.999688587427038033e-01 9.999683739305571528e-01 9.999840259660970343e-01 9.999437275432541128e-01 9.999684576257280577e-01 9.998379820359839520e-01 9.999715571943480485e-01 9.999627690736110353e-01 9.999874718956440756e-01
9.999547898158192005e-01 9.999748961132766123e-01 9.999882180214515470e-01 9.999584486512704817e-01 9.999838716609550371e-01 9.999555766704905091e-01 9.999176872550571415e-01 9.999623416139727938e-01 9.999129412532022920e-01 9.999724673200126590e-01
9.999838705263587313e-01 9.999837441391856707e-01 9.999535745865375524e-01 9.999800867421014816e-01 9.999856827370166013e-01 9.999857338334104950e-01 9.999827069137285918e-01 9.999914860390877180e-01 9.999903527890375843e-01 9.999654291644320958e-01
9.999815563861585987e-01 9.999693700500090765e-01 9.999786907717448381e-01 9.999785694840006567e-01 9.999826000232899803e-01 9.999819787945938288e-01 9.999816847880433901e-01 9.999748526916215630e-01 9.999813176053690134e-01 9.999638547349415374e-01
9.999781151776784283e-01 9.999846226140336469e-01 9.999602839117686104e-01 9.999664962523882039e-01 9.999459037457334443e-01 9.999748609496073026e-01 9.999772983161631101e-01 9.999712927638727544e-01 9.999785387548196791e-01 9.999824941637083242e-01
9.999829931903981839e-01 9.999774595567845203e-01 9.999818683532376573e-01 9.999691317754497710e-01 9.999472847001864562e-01 9.999575547783212670e-01 9.999452854961190518e-01 9.999946976393987441e-01 9.999815776298702774e-01 9.999624454567649368e-01
9.999855726184161409e-01 9.999499874247130826e-01 9.999859390153803540e-01 9.999719306702569144e-01 9.999853046631594911e-01 9.998965155254635473e-01 9.999531527728292568e-01 9.999827217921855027e-01 9.999801469758357042e-01 9.999628311206386622e-01
9.999734819103359706e-01 9.999776507149901184e-01 9.999431975057427868e-01 9.999878718046306680e-01 9.999668698841862602e-01 9.999510223695016187e-01 9.999772515893772251e-01 9.999582457337250485e-01 9.999876550169809475e-01 9.999774754134614918e-01
9.999765539336243902e-01 9.999866887682188343e-01 9.999763365761095146e-01 9.999911940981334180e-01 9.999621655415823485e-01 9.999699254006069182e-01 9.999836846415532943e-01 9.999877249305174631e-01 9.999880245269537893e-01 9.998954471752102835e-01
9.999858653260604857e-01 9.999829745862439667e-01 9.999607533064100995e-01 9.999622419773150916e-01 9.999835942165289371e-01 9.999720480379227228e-01 9.999799235873140235e-01 9.999781697087321009e-01 9.999856769084893848e-01 9.999819750219904879e-01
9.999657683525594587e-01 9.999828911509758278e-01 9.999624486651553790e-01 9.999697773448120719e-01 9.999721673810657574e-01 9.999888797709839405e-01 9.999895369919165056e-01 9.999751893143016268e-01 9.999770263446297047e-01 9.999858892092817753e-01
9.999828348521196952e-01 9.999618321365856266e-01 9.999581897166566202e-01 9.999517774811744752e-01 9.999788210841120684e-01 9.999813194672461103e-01 9.999530157493922156e-01 9.999862363669460574e-01 9.999825711890386604e-01 9.999576796852017724e-01
9.999865884381289316e-01 9.999797028007804123e-01 9.999524291246859597e-01 9.999858956836664703e-01 9.999575203133884704e-01 9.999938240609939077e-01 9.999858915406344417e-01 9.999894814075700467e-01 9.999845787738639302e-01 9.999733184543125875e-01
9.999615627762774572e-01 9.999924324901404704e-01 9.999897663312089513e-01 9.999869558440399597e-01 9.999889285749034018e-01 9.999922734142984160e-01 9.999561203337353765e-01 9.999809084617244936e-01 9.999907075355836117e-01 9.999935276368925319e-01
9.999794744071638375e-01 9.999839164318103935e-01 9.999774845652157351e-01 9.999852173517791432e-01 9.999620402174101974e-01 9.999799376270541718e-01 9.999773451559293980e-01 9.999753586988326948e-01 9.999860956295997250e-01 9.999882678834696170e-01
